big_dataset_depth/000000000355-segment-10235335145367115211_5420_000_5440_000_with_camera_labels-150.png 0 1272 13
big_dataset_depth/000000000355-segment-10235335145367115211_5420_000_5440_000_with_camera_labels-150.png 8 1248 13
big_dataset_depth/000000000355-segment-10235335145367115211_5420_000_5440_000_with_camera_labels-150.png 16 1256 13
big_dataset_depth/000000000355-segment-10235335145367115211_5420_000_5440_000_with_camera_labels-150.png 24 1272 13
big_dataset_depth/000000000355-segment-10235335145367115211_5420_000_5440_000_with_camera_labels-150.png 32 1248 13
big_dataset_depth/000000000355-segment-10235335145367115211_5420_000_5440_000_with_camera_labels-150.png 40 1240 13
big_dataset_depth/000000000355-segment-10235335145367115211_5420_000_5440_000_with_camera_labels-150.png 48 1240 13
big_dataset_depth/000000000355-segment-10235335145367115211_5420_000_5440_000_with_camera_labels-150.png 56 1240 13
big_dataset_depth/000000000355-segment-10235335145367115211_5420_000_5440_000_with_camera_labels-150.png 64 1256 13
big_dataset_depth/000000000355-segment-10235335145367115211_5420_000_5440_000_with_camera_labels-150.png 72 1240 13
big_dataset_depth/000000000355-segment-10235335145367115211_5420_000_5440_000_with_camera_labels-150.png 80 1240 13
big_dataset_depth/000000000355-segment-10235335145367115211_5420_000_5440_000_with_camera_labels-150.png 88 696 83
big_dataset_depth/000000000355-segment-10235335145367115211_5420_000_5440_000_with_camera_labels-150.png 96 1240 13
big_dataset_depth/000000000355-segment-10235335145367115211_5420_000_5440_000_with_camera_labels-150.png 104 1064 37
big_dataset_depth/000000000355-segment-10235335145367115211_5420_000_5440_000_with_camera_labels-150.png 112 1240 13
big_dataset_depth/000000000355-segment-10235335145367115211_5420_000_5440_000_with_camera_labels-150.png 120 1056 37
big_dataset_depth/000000000355-segment-10235335145367115211_5420_000_5440_000_with_camera_labels-150.png 128 1240 13
big_dataset_depth/000000000355-segment-10235335145367115211_5420_000_5440_000_with_camera_labels-150.png 136 1240 14
big_dataset_depth/000000000355-segment-10235335145367115211_5420_000_5440_000_with_camera_labels-150.png 144 1240 14
big_dataset_depth/000000000355-segment-10235335145367115211_5420_000_5440_000_with_camera_labels-150.png 168 1200 14
big_dataset_depth/000000000355-segment-10235335145367115211_5420_000_5440_000_with_camera_labels-150.png 176 1192 14
big_dataset_depth/000000000355-segment-10235335145367115211_5420_000_5440_000_with_camera_labels-150.png 184 1192 14
big_dataset_depth/000000000355-segment-10235335145367115211_5420_000_5440_000_with_camera_labels-150.png 200 1168 15
big_dataset_depth/000000000355-segment-10235335145367115211_5420_000_5440_000_with_camera_labels-150.png 208 1168 15
big_dataset_depth/000000000355-segment-10235335145367115211_5420_000_5440_000_with_camera_labels-150.png 240 1120 16
big_dataset_depth/000000000355-segment-10235335145367115211_5420_000_5440_000_with_camera_labels-150.png 248 1120 16
big_dataset_depth/000000000355-segment-10235335145367115211_5420_000_5440_000_with_camera_labels-150.png 256 696 74
big_dataset_depth/000000000355-segment-10235335145367115211_5420_000_5440_000_with_camera_labels-150.png 264 1104 17
big_dataset_depth/000000000355-segment-10235335145367115211_5420_000_5440_000_with_camera_labels-150.png 272 1104 17
big_dataset_depth/000000000355-segment-10235335145367115211_5420_000_5440_000_with_camera_labels-150.png 288 896 44
big_dataset_depth/000000000355-segment-10235335145367115211_5420_000_5440_000_with_camera_labels-150.png 296 808 34
big_dataset_depth/000000000355-segment-10235335145367115211_5420_000_5440_000_with_camera_labels-150.png 304 840 34
big_dataset_depth/000000000355-segment-10235335145367115211_5420_000_5440_000_with_camera_labels-150.png 320 1040 19
big_dataset_depth/000000000355-segment-10235335145367115211_5420_000_5440_000_with_camera_labels-150.png 328 824 34
big_dataset_depth/000000000355-segment-10235335145367115211_5420_000_5440_000_with_camera_labels-150.png 336 824 34
big_dataset_depth/000000000355-segment-10235335145367115211_5420_000_5440_000_with_camera_labels-150.png 344 824 34
big_dataset_depth/000000000355-segment-10235335145367115211_5420_000_5440_000_with_camera_labels-150.png 352 824 35
big_dataset_depth/000000000355-segment-10235335145367115211_5420_000_5440_000_with_camera_labels-150.png 360 872 28
big_dataset_depth/000000000355-segment-10235335145367115211_5420_000_5440_000_with_camera_labels-150.png 416 672 107
big_dataset_depth/000000000355-segment-10235335145367115211_5420_000_5440_000_with_camera_labels-150.png 424 672 105
big_dataset_depth/000000000355-segment-10235335145367115211_5420_000_5440_000_with_camera_labels-150.png 440 760 49
big_dataset_depth/000000000355-segment-10235335145367115211_5420_000_5440_000_with_camera_labels-150.png 448 768 49
big_dataset_depth/000000000355-segment-10235335145367115211_5420_000_5440_000_with_camera_labels-150.png 456 736 47
big_dataset_depth/000000000355-segment-10235335145367115211_5420_000_5440_000_with_camera_labels-150.png 464 792 44
big_dataset_depth/000000000355-segment-10235335145367115211_5420_000_5440_000_with_camera_labels-150.png 472 784 45
big_dataset_depth/000000000355-segment-10235335145367115211_5420_000_5440_000_with_camera_labels-150.png 480 784 45
big_dataset_depth/000000000355-segment-10235335145367115211_5420_000_5440_000_with_camera_labels-150.png 488 768 44
big_dataset_depth/000000000355-segment-10235335145367115211_5420_000_5440_000_with_camera_labels-150.png 496 776 44
big_dataset_depth/000000000355-segment-10235335145367115211_5420_000_5440_000_with_camera_labels-150.png 504 792 44
big_dataset_depth/000000000355-segment-10235335145367115211_5420_000_5440_000_with_camera_labels-150.png 512 760 44
big_dataset_depth/000000000355-segment-10235335145367115211_5420_000_5440_000_with_camera_labels-150.png 520 776 43
big_dataset_depth/000000000355-segment-10235335145367115211_5420_000_5440_000_with_camera_labels-150.png 528 768 44
big_dataset_depth/000000000355-segment-10235335145367115211_5420_000_5440_000_with_camera_labels-150.png 536 760 44
big_dataset_depth/000000000355-segment-10235335145367115211_5420_000_5440_000_with_camera_labels-150.png 544 768 44
big_dataset_depth/000000000355-segment-10235335145367115211_5420_000_5440_000_with_camera_labels-150.png 552 784 44
big_dataset_depth/000000000355-segment-10235335145367115211_5420_000_5440_000_with_camera_labels-150.png 560 776 44
big_dataset_depth/000000000355-segment-10235335145367115211_5420_000_5440_000_with_camera_labels-150.png 568 760 44
big_dataset_depth/000000000355-segment-10235335145367115211_5420_000_5440_000_with_camera_labels-150.png 576 784 45
big_dataset_depth/000000000355-segment-10235335145367115211_5420_000_5440_000_with_camera_labels-150.png 584 784 45
big_dataset_depth/000000000355-segment-10235335145367115211_5420_000_5440_000_with_camera_labels-150.png 592 784 45
big_dataset_depth/000000000355-segment-10235335145367115211_5420_000_5440_000_with_camera_labels-150.png 608 728 59
big_dataset_depth/000000000355-segment-10235335145367115211_5420_000_5440_000_with_camera_labels-150.png 616 728 59
big_dataset_depth/000000000355-segment-10235335145367115211_5420_000_5440_000_with_camera_labels-150.png 624 736 58
big_dataset_depth/000000000355-segment-10235335145367115211_5420_000_5440_000_with_camera_labels-150.png 632 752 56
big_dataset_depth/000000000355-segment-10235335145367115211_5420_000_5440_000_with_camera_labels-150.png 640 736 55
big_dataset_depth/000000000355-segment-10235335145367115211_5420_000_5440_000_with_camera_labels-150.png 648 744 55
big_dataset_depth/000000000355-segment-10235335145367115211_5420_000_5440_000_with_camera_labels-150.png 656 736 54
big_dataset_depth/000000000355-segment-10235335145367115211_5420_000_5440_000_with_camera_labels-150.png 664 736 54
big_dataset_depth/000000000355-segment-10235335145367115211_5420_000_5440_000_with_camera_labels-150.png 672 744 54
big_dataset_depth/000000000355-segment-10235335145367115211_5420_000_5440_000_with_camera_labels-150.png 680 744 54
big_dataset_depth/000000000355-segment-10235335145367115211_5420_000_5440_000_with_camera_labels-150.png 688 744 54
big_dataset_depth/000000000355-segment-10235335145367115211_5420_000_5440_000_with_camera_labels-150.png 696 736 54
big_dataset_depth/000000000355-segment-10235335145367115211_5420_000_5440_000_with_camera_labels-150.png 704 648 86
big_dataset_depth/000000000355-segment-10235335145367115211_5420_000_5440_000_with_camera_labels-150.png 712 752 55
big_dataset_depth/000000000355-segment-10235335145367115211_5420_000_5440_000_with_camera_labels-150.png 720 752 55
big_dataset_depth/000000000355-segment-10235335145367115211_5420_000_5440_000_with_camera_labels-150.png 728 752 55
big_dataset_depth/000000000355-segment-10235335145367115211_5420_000_5440_000_with_camera_labels-150.png 736 736 56
big_dataset_depth/000000000355-segment-10235335145367115211_5420_000_5440_000_with_camera_labels-150.png 744 664 87
big_dataset_depth/000000000355-segment-10235335145367115211_5420_000_5440_000_with_camera_labels-150.png 752 736 57
big_dataset_depth/000000000355-segment-10235335145367115211_5420_000_5440_000_with_camera_labels-150.png 760 664 74
big_dataset_depth/000000000355-segment-10235335145367115211_5420_000_5440_000_with_camera_labels-150.png 768 656 69
big_dataset_depth/000000000355-segment-10235335145367115211_5420_000_5440_000_with_camera_labels-150.png 776 752 59
big_dataset_depth/000000000355-segment-10235335145367115211_5420_000_5440_000_with_camera_labels-150.png 784 752 59
big_dataset_depth/000000000355-segment-10235335145367115211_5420_000_5440_000_with_camera_labels-150.png 792 752 59
big_dataset_depth/000000000355-segment-10235335145367115211_5420_000_5440_000_with_camera_labels-150.png 800 680 76
big_dataset_depth/000000000355-segment-10235335145367115211_5420_000_5440_000_with_camera_labels-150.png 808 720 68
big_dataset_depth/000000000355-segment-10235335145367115211_5420_000_5440_000_with_camera_labels-150.png 816 704 74
big_dataset_depth/000000000355-segment-10235335145367115211_5420_000_5440_000_with_camera_labels-150.png 824 728 65
big_dataset_depth/000000000355-segment-10235335145367115211_5420_000_5440_000_with_camera_labels-150.png 832 720 70
big_dataset_depth/000000000355-segment-10235335145367115211_5420_000_5440_000_with_camera_labels-150.png 840 712 71
big_dataset_depth/000000000355-segment-10235335145367115211_5420_000_5440_000_with_camera_labels-150.png 848 736 64
big_dataset_depth/000000000355-segment-10235335145367115211_5420_000_5440_000_with_camera_labels-150.png 856 712 69
big_dataset_depth/000000000355-segment-10235335145367115211_5420_000_5440_000_with_camera_labels-150.png 864 728 62
big_dataset_depth/000000000355-segment-10235335145367115211_5420_000_5440_000_with_camera_labels-150.png 872 736 61
big_dataset_depth/000000000355-segment-10235335145367115211_5420_000_5440_000_with_camera_labels-150.png 880 744 61
big_dataset_depth/000000000355-segment-10235335145367115211_5420_000_5440_000_with_camera_labels-150.png 888 728 60
big_dataset_depth/000000000355-segment-10235335145367115211_5420_000_5440_000_with_camera_labels-150.png 896 744 59
big_dataset_depth/000000000355-segment-10235335145367115211_5420_000_5440_000_with_camera_labels-150.png 904 744 58
big_dataset_depth/000000000355-segment-10235335145367115211_5420_000_5440_000_with_camera_labels-150.png 912 752 58
big_dataset_depth/000000000355-segment-10235335145367115211_5420_000_5440_000_with_camera_labels-150.png 920 752 58
big_dataset_depth/000000000355-segment-10235335145367115211_5420_000_5440_000_with_camera_labels-150.png 928 744 56
big_dataset_depth/000000000355-segment-10235335145367115211_5420_000_5440_000_with_camera_labels-150.png 936 744 56
big_dataset_depth/000000000355-segment-10235335145367115211_5420_000_5440_000_with_camera_labels-150.png 944 744 55
big_dataset_depth/000000000355-segment-10235335145367115211_5420_000_5440_000_with_camera_labels-150.png 952 760 54
big_dataset_depth/000000000355-segment-10235335145367115211_5420_000_5440_000_with_camera_labels-150.png 960 752 54
big_dataset_depth/000000000355-segment-10235335145367115211_5420_000_5440_000_with_camera_labels-150.png 968 760 54
big_dataset_depth/000000000355-segment-10235335145367115211_5420_000_5440_000_with_camera_labels-150.png 976 760 54
big_dataset_depth/000000000355-segment-10235335145367115211_5420_000_5440_000_with_camera_labels-150.png 984 736 55
big_dataset_depth/000000000355-segment-10235335145367115211_5420_000_5440_000_with_camera_labels-150.png 992 752 54
big_dataset_depth/000000000355-segment-10235335145367115211_5420_000_5440_000_with_camera_labels-150.png 1000 752 53
big_dataset_depth/000000000355-segment-10235335145367115211_5420_000_5440_000_with_camera_labels-150.png 1008 792 46
big_dataset_depth/000000000355-segment-10235335145367115211_5420_000_5440_000_with_camera_labels-150.png 1016 848 31
big_dataset_depth/000000000355-segment-10235335145367115211_5420_000_5440_000_with_camera_labels-150.png 1024 864 31
big_dataset_depth/000000000355-segment-10235335145367115211_5420_000_5440_000_with_camera_labels-150.png 1032 864 31
big_dataset_depth/000000000355-segment-10235335145367115211_5420_000_5440_000_with_camera_labels-150.png 1040 848 31
big_dataset_depth/000000000355-segment-10235335145367115211_5420_000_5440_000_with_camera_labels-150.png 1048 840 30
big_dataset_depth/000000000355-segment-10235335145367115211_5420_000_5440_000_with_camera_labels-150.png 1056 872 30
big_dataset_depth/000000000355-segment-10235335145367115211_5420_000_5440_000_with_camera_labels-150.png 1064 864 31
big_dataset_depth/000000000355-segment-10235335145367115211_5420_000_5440_000_with_camera_labels-150.png 1072 840 30
big_dataset_depth/000000000355-segment-10235335145367115211_5420_000_5440_000_with_camera_labels-150.png 1080 856 30
big_dataset_depth/000000000355-segment-10235335145367115211_5420_000_5440_000_with_camera_labels-150.png 1088 840 30
big_dataset_depth/000000000355-segment-10235335145367115211_5420_000_5440_000_with_camera_labels-150.png 1096 848 30
big_dataset_depth/000000000355-segment-10235335145367115211_5420_000_5440_000_with_camera_labels-150.png 1104 848 30
big_dataset_depth/000000000355-segment-10235335145367115211_5420_000_5440_000_with_camera_labels-150.png 1112 848 30
big_dataset_depth/000000000355-segment-10235335145367115211_5420_000_5440_000_with_camera_labels-150.png 1120 848 30
big_dataset_depth/000000000355-segment-10235335145367115211_5420_000_5440_000_with_camera_labels-150.png 1128 856 30
big_dataset_depth/000000000355-segment-10235335145367115211_5420_000_5440_000_with_camera_labels-150.png 1136 840 30
big_dataset_depth/000000000355-segment-10235335145367115211_5420_000_5440_000_with_camera_labels-150.png 1144 848 30
big_dataset_depth/000000000355-segment-10235335145367115211_5420_000_5440_000_with_camera_labels-150.png 1152 848 30
big_dataset_depth/000000000355-segment-10235335145367115211_5420_000_5440_000_with_camera_labels-150.png 1160 864 25
big_dataset_depth/000000000355-segment-10235335145367115211_5420_000_5440_000_with_camera_labels-150.png 1168 880 25
big_dataset_depth/000000000355-segment-10235335145367115211_5420_000_5440_000_with_camera_labels-150.png 1176 912 26
big_dataset_depth/000000000355-segment-10235335145367115211_5420_000_5440_000_with_camera_labels-150.png 1184 920 25
big_dataset_depth/000000000355-segment-10235335145367115211_5420_000_5440_000_with_camera_labels-150.png 1192 912 26
big_dataset_depth/000000000355-segment-10235335145367115211_5420_000_5440_000_with_camera_labels-150.png 1200 864 24
big_dataset_depth/000000000355-segment-10235335145367115211_5420_000_5440_000_with_camera_labels-150.png 1208 912 26
big_dataset_depth/000000000355-segment-10235335145367115211_5420_000_5440_000_with_camera_labels-150.png 1216 912 27
big_dataset_depth/000000000355-segment-10235335145367115211_5420_000_5440_000_with_camera_labels-150.png 1224 904 25
big_dataset_depth/000000000355-segment-10235335145367115211_5420_000_5440_000_with_camera_labels-150.png 1232 888 25
big_dataset_depth/000000000355-segment-10235335145367115211_5420_000_5440_000_with_camera_labels-150.png 1240 904 25
big_dataset_depth/000000000355-segment-10235335145367115211_5420_000_5440_000_with_camera_labels-150.png 1248 880 24
big_dataset_depth/000000000355-segment-10235335145367115211_5420_000_5440_000_with_camera_labels-150.png 1256 872 24
big_dataset_depth/000000000355-segment-10235335145367115211_5420_000_5440_000_with_camera_labels-150.png 1264 928 25
big_dataset_depth/000000000355-segment-10235335145367115211_5420_000_5440_000_with_camera_labels-150.png 1272 880 24
big_dataset_depth/000000000355-segment-10235335145367115211_5420_000_5440_000_with_camera_labels-150.png 1280 904 25
big_dataset_depth/000000000355-segment-10235335145367115211_5420_000_5440_000_with_camera_labels-150.png 1288 880 24
big_dataset_depth/000000000355-segment-10235335145367115211_5420_000_5440_000_with_camera_labels-150.png 1296 888 24
big_dataset_depth/000000000355-segment-10235335145367115211_5420_000_5440_000_with_camera_labels-150.png 1304 904 25
big_dataset_depth/000000000355-segment-10235335145367115211_5420_000_5440_000_with_camera_labels-150.png 1312 880 24
big_dataset_depth/000000000355-segment-10235335145367115211_5420_000_5440_000_with_camera_labels-150.png 1320 864 24
big_dataset_depth/000000000355-segment-10235335145367115211_5420_000_5440_000_with_camera_labels-150.png 1328 896 24
big_dataset_depth/000000000355-segment-10235335145367115211_5420_000_5440_000_with_camera_labels-150.png 1336 896 24
big_dataset_depth/000000000355-segment-10235335145367115211_5420_000_5440_000_with_camera_labels-150.png 1344 880 24
big_dataset_depth/000000000355-segment-10235335145367115211_5420_000_5440_000_with_camera_labels-150.png 1352 896 24
big_dataset_depth/000000000355-segment-10235335145367115211_5420_000_5440_000_with_camera_labels-150.png 1360 880 24
big_dataset_depth/000000000355-segment-10235335145367115211_5420_000_5440_000_with_camera_labels-150.png 1368 904 25
big_dataset_depth/000000000355-segment-10235335145367115211_5420_000_5440_000_with_camera_labels-150.png 1376 936 25
big_dataset_depth/000000000355-segment-10235335145367115211_5420_000_5440_000_with_camera_labels-150.png 1384 928 25
big_dataset_depth/000000000355-segment-10235335145367115211_5420_000_5440_000_with_camera_labels-150.png 1392 928 25
big_dataset_depth/000000000355-segment-10235335145367115211_5420_000_5440_000_with_camera_labels-150.png 1400 920 25
big_dataset_depth/000000000355-segment-10235335145367115211_5420_000_5440_000_with_camera_labels-150.png 1408 928 25
big_dataset_depth/000000000355-segment-10235335145367115211_5420_000_5440_000_with_camera_labels-150.png 1416 920 26
big_dataset_depth/000000000355-segment-10235335145367115211_5420_000_5440_000_with_camera_labels-150.png 1424 904 26
big_dataset_depth/000000000355-segment-10235335145367115211_5420_000_5440_000_with_camera_labels-150.png 1432 896 27
big_dataset_depth/000000000355-segment-10235335145367115211_5420_000_5440_000_with_camera_labels-150.png 1456 896 21
big_dataset_depth/000000000355-segment-10235335145367115211_5420_000_5440_000_with_camera_labels-150.png 1464 928 21
big_dataset_depth/000000000355-segment-10235335145367115211_5420_000_5440_000_with_camera_labels-150.png 1472 968 21
big_dataset_depth/000000000355-segment-10235335145367115211_5420_000_5440_000_with_camera_labels-150.png 1480 984 21
big_dataset_depth/000000000355-segment-10235335145367115211_5420_000_5440_000_with_camera_labels-150.png 1488 984 21
big_dataset_depth/000000000355-segment-10235335145367115211_5420_000_5440_000_with_camera_labels-150.png 1496 984 21
big_dataset_depth/000000000355-segment-10235335145367115211_5420_000_5440_000_with_camera_labels-150.png 1504 968 21
big_dataset_depth/000000000355-segment-10235335145367115211_5420_000_5440_000_with_camera_labels-150.png 1512 952 21
big_dataset_depth/000000000355-segment-10235335145367115211_5420_000_5440_000_with_camera_labels-150.png 1520 984 21
big_dataset_depth/000000000355-segment-10235335145367115211_5420_000_5440_000_with_camera_labels-150.png 1528 960 21
big_dataset_depth/000000000355-segment-10235335145367115211_5420_000_5440_000_with_camera_labels-150.png 1536 968 21
big_dataset_depth/000000000355-segment-10235335145367115211_5420_000_5440_000_with_camera_labels-150.png 1544 984 21
big_dataset_depth/000000000355-segment-10235335145367115211_5420_000_5440_000_with_camera_labels-150.png 1552 944 20
big_dataset_depth/000000000355-segment-10235335145367115211_5420_000_5440_000_with_camera_labels-150.png 1560 960 20
big_dataset_depth/000000000355-segment-10235335145367115211_5420_000_5440_000_with_camera_labels-150.png 1568 1000 21
big_dataset_depth/000000000355-segment-10235335145367115211_5420_000_5440_000_with_camera_labels-150.png 1576 968 21
big_dataset_depth/000000000355-segment-10235335145367115211_5420_000_5440_000_with_camera_labels-150.png 1584 952 20
big_dataset_depth/000000000355-segment-10235335145367115211_5420_000_5440_000_with_camera_labels-150.png 1592 1000 21
big_dataset_depth/000000000355-segment-10235335145367115211_5420_000_5440_000_with_camera_labels-150.png 1600 952 20
big_dataset_depth/000000000355-segment-10235335145367115211_5420_000_5440_000_with_camera_labels-150.png 1608 944 20
big_dataset_depth/000000000355-segment-10235335145367115211_5420_000_5440_000_with_camera_labels-150.png 1616 1008 21
big_dataset_depth/000000000355-segment-10235335145367115211_5420_000_5440_000_with_camera_labels-150.png 1624 952 20
big_dataset_depth/000000000355-segment-10235335145367115211_5420_000_5440_000_with_camera_labels-150.png 1632 968 21
big_dataset_depth/000000000355-segment-10235335145367115211_5420_000_5440_000_with_camera_labels-150.png 1648 952 20
big_dataset_depth/000000000355-segment-10235335145367115211_5420_000_5440_000_with_camera_labels-150.png 1656 1008 21
big_dataset_depth/000000000355-segment-10235335145367115211_5420_000_5440_000_with_camera_labels-150.png 1664 936 20
big_dataset_depth/000000000355-segment-10235335145367115211_5420_000_5440_000_with_camera_labels-150.png 1672 952 20
big_dataset_depth/000000000355-segment-10235335145367115211_5420_000_5440_000_with_camera_labels-150.png 1680 952 20
big_dataset_depth/000000000355-segment-10235335145367115211_5420_000_5440_000_with_camera_labels-150.png 1688 984 20
big_dataset_depth/000000000355-segment-10235335145367115211_5420_000_5440_000_with_camera_labels-150.png 1696 952 20
big_dataset_depth/000000000355-segment-10235335145367115211_5420_000_5440_000_with_camera_labels-150.png 1704 960 20
big_dataset_depth/000000000355-segment-10235335145367115211_5420_000_5440_000_with_camera_labels-150.png 1712 992 21
big_dataset_depth/000000000355-segment-10235335145367115211_5420_000_5440_000_with_camera_labels-150.png 1720 1008 21
big_dataset_depth/000000000355-segment-10235335145367115211_5420_000_5440_000_with_camera_labels-150.png 1728 1008 21
big_dataset_depth/000000000355-segment-10235335145367115211_5420_000_5440_000_with_camera_labels-150.png 1736 1008 21
big_dataset_depth/000000000355-segment-10235335145367115211_5420_000_5440_000_with_camera_labels-150.png 1744 1016 21
big_dataset_depth/000000000355-segment-10235335145367115211_5420_000_5440_000_with_camera_labels-150.png 1752 1008 21
big_dataset_depth/000000000355-segment-10235335145367115211_5420_000_5440_000_with_camera_labels-150.png 1760 1016 21
big_dataset_depth/000000000355-segment-10235335145367115211_5420_000_5440_000_with_camera_labels-150.png 1768 968 23
big_dataset_depth/000000000355-segment-10235335145367115211_5420_000_5440_000_with_camera_labels-150.png 1776 984 24
big_dataset_depth/000000000355-segment-10235335145367115211_5420_000_5440_000_with_camera_labels-150.png 1784 976 25
big_dataset_depth/000000000355-segment-10235335145367115211_5420_000_5440_000_with_camera_labels-150.png 1792 976 25
big_dataset_depth/000000000355-segment-10235335145367115211_5420_000_5440_000_with_camera_labels-150.png 1800 968 25
big_dataset_depth/000000000355-segment-10235335145367115211_5420_000_5440_000_with_camera_labels-150.png 1808 960 25
big_dataset_depth/000000000355-segment-10235335145367115211_5420_000_5440_000_with_camera_labels-150.png 1816 904 29
big_dataset_depth/000000000355-segment-10235335145367115211_5420_000_5440_000_with_camera_labels-150.png 1824 896 29
big_dataset_depth/000000000355-segment-10235335145367115211_5420_000_5440_000_with_camera_labels-150.png 1832 896 29
big_dataset_depth/000000000355-segment-10235335145367115211_5420_000_5440_000_with_camera_labels-150.png 1840 896 29
big_dataset_depth/000000000355-segment-10235335145367115211_5420_000_5440_000_with_camera_labels-150.png 1848 984 25
big_dataset_depth/000000000355-segment-10235335145367115211_5420_000_5440_000_with_camera_labels-150.png 1856 912 29
big_dataset_depth/000000000355-segment-10235335145367115211_5420_000_5440_000_with_camera_labels-150.png 1864 896 29
big_dataset_depth/000000000355-segment-10235335145367115211_5420_000_5440_000_with_camera_labels-150.png 1872 912 28
big_dataset_depth/000000000355-segment-10235335145367115211_5420_000_5440_000_with_camera_labels-150.png 1880 912 28
big_dataset_depth/000000000355-segment-10235335145367115211_5420_000_5440_000_with_camera_labels-150.png 1888 920 28
big_dataset_depth/000000000355-segment-10235335145367115211_5420_000_5440_000_with_camera_labels-150.png 1896 928 28
big_dataset_depth/000000000355-segment-10235335145367115211_5420_000_5440_000_with_camera_labels-150.png 1904 832 31
big_dataset_depth/000000000355-segment-10235335145367115211_5420_000_5440_000_with_camera_labels-150.png 1912 840 34
