big_dataset_depth/000000000722-segment-10664823084372323928_4360_000_4380_000_with_camera_labels-20.png 0 984 20
big_dataset_depth/000000000722-segment-10664823084372323928_4360_000_4380_000_with_camera_labels-20.png 8 960 25
big_dataset_depth/000000000722-segment-10664823084372323928_4360_000_4380_000_with_camera_labels-20.png 16 784 38
big_dataset_depth/000000000722-segment-10664823084372323928_4360_000_4380_000_with_camera_labels-20.png 24 1056 21
big_dataset_depth/000000000722-segment-10664823084372323928_4360_000_4380_000_with_camera_labels-20.png 32 896 38
big_dataset_depth/000000000722-segment-10664823084372323928_4360_000_4380_000_with_camera_labels-20.png 40 976 25
big_dataset_depth/000000000722-segment-10664823084372323928_4360_000_4380_000_with_camera_labels-20.png 48 984 31
big_dataset_depth/000000000722-segment-10664823084372323928_4360_000_4380_000_with_camera_labels-20.png 56 1256 10
big_dataset_depth/000000000722-segment-10664823084372323928_4360_000_4380_000_with_camera_labels-20.png 64 968 31
big_dataset_depth/000000000722-segment-10664823084372323928_4360_000_4380_000_with_camera_labels-20.png 72 1264 10
big_dataset_depth/000000000722-segment-10664823084372323928_4360_000_4380_000_with_camera_labels-20.png 80 960 32
big_dataset_depth/000000000722-segment-10664823084372323928_4360_000_4380_000_with_camera_labels-20.png 88 1280 11
big_dataset_depth/000000000722-segment-10664823084372323928_4360_000_4380_000_with_camera_labels-20.png 96 1264 10
big_dataset_depth/000000000722-segment-10664823084372323928_4360_000_4380_000_with_camera_labels-20.png 104 1272 11
big_dataset_depth/000000000722-segment-10664823084372323928_4360_000_4380_000_with_camera_labels-20.png 112 992 33
big_dataset_depth/000000000722-segment-10664823084372323928_4360_000_4380_000_with_camera_labels-20.png 120 1048 34
big_dataset_depth/000000000722-segment-10664823084372323928_4360_000_4380_000_with_camera_labels-20.png 128 1272 11
big_dataset_depth/000000000722-segment-10664823084372323928_4360_000_4380_000_with_camera_labels-20.png 136 1272 11
big_dataset_depth/000000000722-segment-10664823084372323928_4360_000_4380_000_with_camera_labels-20.png 144 1272 11
big_dataset_depth/000000000722-segment-10664823084372323928_4360_000_4380_000_with_camera_labels-20.png 152 1272 11
big_dataset_depth/000000000722-segment-10664823084372323928_4360_000_4380_000_with_camera_labels-20.png 160 1272 11
big_dataset_depth/000000000722-segment-10664823084372323928_4360_000_4380_000_with_camera_labels-20.png 168 1248 11
big_dataset_depth/000000000722-segment-10664823084372323928_4360_000_4380_000_with_camera_labels-20.png 184 1256 11
big_dataset_depth/000000000722-segment-10664823084372323928_4360_000_4380_000_with_camera_labels-20.png 192 1272 11
big_dataset_depth/000000000722-segment-10664823084372323928_4360_000_4380_000_with_camera_labels-20.png 200 1256 11
big_dataset_depth/000000000722-segment-10664823084372323928_4360_000_4380_000_with_camera_labels-20.png 208 1272 11
big_dataset_depth/000000000722-segment-10664823084372323928_4360_000_4380_000_with_camera_labels-20.png 216 1272 11
big_dataset_depth/000000000722-segment-10664823084372323928_4360_000_4380_000_with_camera_labels-20.png 224 1272 11
big_dataset_depth/000000000722-segment-10664823084372323928_4360_000_4380_000_with_camera_labels-20.png 232 1216 12
big_dataset_depth/000000000722-segment-10664823084372323928_4360_000_4380_000_with_camera_labels-20.png 240 1216 12
big_dataset_depth/000000000722-segment-10664823084372323928_4360_000_4380_000_with_camera_labels-20.png 256 1152 12
big_dataset_depth/000000000722-segment-10664823084372323928_4360_000_4380_000_with_camera_labels-20.png 264 1152 12
big_dataset_depth/000000000722-segment-10664823084372323928_4360_000_4380_000_with_camera_labels-20.png 272 1240 13
big_dataset_depth/000000000722-segment-10664823084372323928_4360_000_4380_000_with_camera_labels-20.png 280 1128 13
big_dataset_depth/000000000722-segment-10664823084372323928_4360_000_4380_000_with_camera_labels-20.png 288 1128 13
big_dataset_depth/000000000722-segment-10664823084372323928_4360_000_4380_000_with_camera_labels-20.png 296 1128 13
big_dataset_depth/000000000722-segment-10664823084372323928_4360_000_4380_000_with_camera_labels-20.png 304 1112 13
big_dataset_depth/000000000722-segment-10664823084372323928_4360_000_4380_000_with_camera_labels-20.png 312 1112 13
big_dataset_depth/000000000722-segment-10664823084372323928_4360_000_4380_000_with_camera_labels-20.png 328 1088 13
big_dataset_depth/000000000722-segment-10664823084372323928_4360_000_4380_000_with_camera_labels-20.png 336 1088 13
big_dataset_depth/000000000722-segment-10664823084372323928_4360_000_4380_000_with_camera_labels-20.png 344 1064 13
big_dataset_depth/000000000722-segment-10664823084372323928_4360_000_4380_000_with_camera_labels-20.png 352 1064 13
big_dataset_depth/000000000722-segment-10664823084372323928_4360_000_4380_000_with_camera_labels-20.png 368 1088 14
big_dataset_depth/000000000722-segment-10664823084372323928_4360_000_4380_000_with_camera_labels-20.png 376 1096 14
big_dataset_depth/000000000722-segment-10664823084372323928_4360_000_4380_000_with_camera_labels-20.png 384 1064 14
big_dataset_depth/000000000722-segment-10664823084372323928_4360_000_4380_000_with_camera_labels-20.png 392 1024 14
big_dataset_depth/000000000722-segment-10664823084372323928_4360_000_4380_000_with_camera_labels-20.png 400 1024 14
big_dataset_depth/000000000722-segment-10664823084372323928_4360_000_4380_000_with_camera_labels-20.png 408 1128 15
big_dataset_depth/000000000722-segment-10664823084372323928_4360_000_4380_000_with_camera_labels-20.png 416 1128 15
big_dataset_depth/000000000722-segment-10664823084372323928_4360_000_4380_000_with_camera_labels-20.png 424 1128 15
big_dataset_depth/000000000722-segment-10664823084372323928_4360_000_4380_000_with_camera_labels-20.png 432 1104 15
big_dataset_depth/000000000722-segment-10664823084372323928_4360_000_4380_000_with_camera_labels-20.png 440 1128 15
big_dataset_depth/000000000722-segment-10664823084372323928_4360_000_4380_000_with_camera_labels-20.png 448 1112 15
big_dataset_depth/000000000722-segment-10664823084372323928_4360_000_4380_000_with_camera_labels-20.png 464 1096 16
big_dataset_depth/000000000722-segment-10664823084372323928_4360_000_4380_000_with_camera_labels-20.png 472 1080 16
big_dataset_depth/000000000722-segment-10664823084372323928_4360_000_4380_000_with_camera_labels-20.png 480 928 16
big_dataset_depth/000000000722-segment-10664823084372323928_4360_000_4380_000_with_camera_labels-20.png 520 880 28
big_dataset_depth/000000000722-segment-10664823084372323928_4360_000_4380_000_with_camera_labels-20.png 528 864 29
big_dataset_depth/000000000722-segment-10664823084372323928_4360_000_4380_000_with_camera_labels-20.png 536 880 28
big_dataset_depth/000000000722-segment-10664823084372323928_4360_000_4380_000_with_camera_labels-20.png 544 832 27
big_dataset_depth/000000000722-segment-10664823084372323928_4360_000_4380_000_with_camera_labels-20.png 552 856 28
big_dataset_depth/000000000722-segment-10664823084372323928_4360_000_4380_000_with_camera_labels-20.png 568 848 28
big_dataset_depth/000000000722-segment-10664823084372323928_4360_000_4380_000_with_camera_labels-20.png 584 840 27
big_dataset_depth/000000000722-segment-10664823084372323928_4360_000_4380_000_with_camera_labels-20.png 592 856 28
big_dataset_depth/000000000722-segment-10664823084372323928_4360_000_4380_000_with_camera_labels-20.png 600 832 27
big_dataset_depth/000000000722-segment-10664823084372323928_4360_000_4380_000_with_camera_labels-20.png 608 840 27
big_dataset_depth/000000000722-segment-10664823084372323928_4360_000_4380_000_with_camera_labels-20.png 624 840 27
big_dataset_depth/000000000722-segment-10664823084372323928_4360_000_4380_000_with_camera_labels-20.png 632 848 27
big_dataset_depth/000000000722-segment-10664823084372323928_4360_000_4380_000_with_camera_labels-20.png 640 832 27
big_dataset_depth/000000000722-segment-10664823084372323928_4360_000_4380_000_with_camera_labels-20.png 648 840 27
big_dataset_depth/000000000722-segment-10664823084372323928_4360_000_4380_000_with_camera_labels-20.png 656 872 28
big_dataset_depth/000000000722-segment-10664823084372323928_4360_000_4380_000_with_camera_labels-20.png 664 840 27
big_dataset_depth/000000000722-segment-10664823084372323928_4360_000_4380_000_with_camera_labels-20.png 672 832 27
big_dataset_depth/000000000722-segment-10664823084372323928_4360_000_4380_000_with_camera_labels-20.png 680 856 28
big_dataset_depth/000000000722-segment-10664823084372323928_4360_000_4380_000_with_camera_labels-20.png 688 880 27
big_dataset_depth/000000000722-segment-10664823084372323928_4360_000_4380_000_with_camera_labels-20.png 696 872 28
big_dataset_depth/000000000722-segment-10664823084372323928_4360_000_4380_000_with_camera_labels-20.png 704 880 27
big_dataset_depth/000000000722-segment-10664823084372323928_4360_000_4380_000_with_camera_labels-20.png 712 872 28
big_dataset_depth/000000000722-segment-10664823084372323928_4360_000_4380_000_with_camera_labels-20.png 720 856 29
big_dataset_depth/000000000722-segment-10664823084372323928_4360_000_4380_000_with_camera_labels-20.png 728 824 31
big_dataset_depth/000000000722-segment-10664823084372323928_4360_000_4380_000_with_camera_labels-20.png 736 880 25
big_dataset_depth/000000000722-segment-10664823084372323928_4360_000_4380_000_with_camera_labels-20.png 744 912 20
big_dataset_depth/000000000722-segment-10664823084372323928_4360_000_4380_000_with_camera_labels-20.png 752 912 21
big_dataset_depth/000000000722-segment-10664823084372323928_4360_000_4380_000_with_camera_labels-20.png 760 952 22
big_dataset_depth/000000000722-segment-10664823084372323928_4360_000_4380_000_with_camera_labels-20.png 768 952 22
big_dataset_depth/000000000722-segment-10664823084372323928_4360_000_4380_000_with_camera_labels-20.png 776 952 21
big_dataset_depth/000000000722-segment-10664823084372323928_4360_000_4380_000_with_camera_labels-20.png 784 944 22
big_dataset_depth/000000000722-segment-10664823084372323928_4360_000_4380_000_with_camera_labels-20.png 792 928 21
big_dataset_depth/000000000722-segment-10664823084372323928_4360_000_4380_000_with_camera_labels-20.png 800 928 21
big_dataset_depth/000000000722-segment-10664823084372323928_4360_000_4380_000_with_camera_labels-20.png 808 912 20
big_dataset_depth/000000000722-segment-10664823084372323928_4360_000_4380_000_with_camera_labels-20.png 816 912 20
big_dataset_depth/000000000722-segment-10664823084372323928_4360_000_4380_000_with_camera_labels-20.png 824 920 21
big_dataset_depth/000000000722-segment-10664823084372323928_4360_000_4380_000_with_camera_labels-20.png 832 912 20
big_dataset_depth/000000000722-segment-10664823084372323928_4360_000_4380_000_with_camera_labels-20.png 840 912 20
big_dataset_depth/000000000722-segment-10664823084372323928_4360_000_4380_000_with_camera_labels-20.png 848 912 20
big_dataset_depth/000000000722-segment-10664823084372323928_4360_000_4380_000_with_camera_labels-20.png 856 912 20
big_dataset_depth/000000000722-segment-10664823084372323928_4360_000_4380_000_with_camera_labels-20.png 864 952 22
big_dataset_depth/000000000722-segment-10664823084372323928_4360_000_4380_000_with_camera_labels-20.png 872 912 20
big_dataset_depth/000000000722-segment-10664823084372323928_4360_000_4380_000_with_camera_labels-20.png 880 912 20
big_dataset_depth/000000000722-segment-10664823084372323928_4360_000_4380_000_with_camera_labels-20.png 888 920 21
big_dataset_depth/000000000722-segment-10664823084372323928_4360_000_4380_000_with_camera_labels-20.png 896 928 20
big_dataset_depth/000000000722-segment-10664823084372323928_4360_000_4380_000_with_camera_labels-20.png 904 928 20
big_dataset_depth/000000000722-segment-10664823084372323928_4360_000_4380_000_with_camera_labels-20.png 912 936 20
big_dataset_depth/000000000722-segment-10664823084372323928_4360_000_4380_000_with_camera_labels-20.png 920 920 20
big_dataset_depth/000000000722-segment-10664823084372323928_4360_000_4380_000_with_camera_labels-20.png 928 1048 17
big_dataset_depth/000000000722-segment-10664823084372323928_4360_000_4380_000_with_camera_labels-20.png 936 912 20
big_dataset_depth/000000000722-segment-10664823084372323928_4360_000_4380_000_with_camera_labels-20.png 944 912 20
big_dataset_depth/000000000722-segment-10664823084372323928_4360_000_4380_000_with_camera_labels-20.png 952 912 20
big_dataset_depth/000000000722-segment-10664823084372323928_4360_000_4380_000_with_camera_labels-20.png 960 912 20
big_dataset_depth/000000000722-segment-10664823084372323928_4360_000_4380_000_with_camera_labels-20.png 968 912 20
big_dataset_depth/000000000722-segment-10664823084372323928_4360_000_4380_000_with_camera_labels-20.png 976 880 20
big_dataset_depth/000000000722-segment-10664823084372323928_4360_000_4380_000_with_camera_labels-20.png 984 896 20
big_dataset_depth/000000000722-segment-10664823084372323928_4360_000_4380_000_with_camera_labels-20.png 992 896 20
big_dataset_depth/000000000722-segment-10664823084372323928_4360_000_4380_000_with_camera_labels-20.png 1000 960 21
big_dataset_depth/000000000722-segment-10664823084372323928_4360_000_4380_000_with_camera_labels-20.png 1008 896 20
big_dataset_depth/000000000722-segment-10664823084372323928_4360_000_4380_000_with_camera_labels-20.png 1016 944 22
big_dataset_depth/000000000722-segment-10664823084372323928_4360_000_4380_000_with_camera_labels-20.png 1024 960 21
big_dataset_depth/000000000722-segment-10664823084372323928_4360_000_4380_000_with_camera_labels-20.png 1032 944 22
big_dataset_depth/000000000722-segment-10664823084372323928_4360_000_4380_000_with_camera_labels-20.png 1040 944 22
big_dataset_depth/000000000722-segment-10664823084372323928_4360_000_4380_000_with_camera_labels-20.png 1048 928 21
big_dataset_depth/000000000722-segment-10664823084372323928_4360_000_4380_000_with_camera_labels-20.png 1056 696 80
big_dataset_depth/000000000722-segment-10664823084372323928_4360_000_4380_000_with_camera_labels-20.png 1064 696 80
big_dataset_depth/000000000722-segment-10664823084372323928_4360_000_4380_000_with_camera_labels-20.png 1072 664 98
big_dataset_depth/000000000722-segment-10664823084372323928_4360_000_4380_000_with_camera_labels-20.png 1080 680 98
big_dataset_depth/000000000722-segment-10664823084372323928_4360_000_4380_000_with_camera_labels-20.png 1088 672 97
big_dataset_depth/000000000722-segment-10664823084372323928_4360_000_4380_000_with_camera_labels-20.png 1096 552 53
big_dataset_depth/000000000722-segment-10664823084372323928_4360_000_4380_000_with_camera_labels-20.png 1104 704 77
big_dataset_depth/000000000722-segment-10664823084372323928_4360_000_4380_000_with_camera_labels-20.png 1112 664 94
big_dataset_depth/000000000722-segment-10664823084372323928_4360_000_4380_000_with_camera_labels-20.png 1120 672 89
big_dataset_depth/000000000722-segment-10664823084372323928_4360_000_4380_000_with_camera_labels-20.png 1128 816 30
big_dataset_depth/000000000722-segment-10664823084372323928_4360_000_4380_000_with_camera_labels-20.png 1136 848 30
big_dataset_depth/000000000722-segment-10664823084372323928_4360_000_4380_000_with_camera_labels-20.png 1144 864 29
big_dataset_depth/000000000722-segment-10664823084372323928_4360_000_4380_000_with_camera_labels-20.png 1152 864 27
big_dataset_depth/000000000722-segment-10664823084372323928_4360_000_4380_000_with_camera_labels-20.png 1160 888 27
big_dataset_depth/000000000722-segment-10664823084372323928_4360_000_4380_000_with_camera_labels-20.png 1168 888 27
big_dataset_depth/000000000722-segment-10664823084372323928_4360_000_4380_000_with_camera_labels-20.png 1176 888 27
big_dataset_depth/000000000722-segment-10664823084372323928_4360_000_4380_000_with_camera_labels-20.png 1184 888 27
big_dataset_depth/000000000722-segment-10664823084372323928_4360_000_4380_000_with_camera_labels-20.png 1192 832 26
big_dataset_depth/000000000722-segment-10664823084372323928_4360_000_4380_000_with_camera_labels-20.png 1200 832 26
big_dataset_depth/000000000722-segment-10664823084372323928_4360_000_4380_000_with_camera_labels-20.png 1208 832 26
big_dataset_depth/000000000722-segment-10664823084372323928_4360_000_4380_000_with_camera_labels-20.png 1216 832 26
big_dataset_depth/000000000722-segment-10664823084372323928_4360_000_4380_000_with_camera_labels-20.png 1224 888 27
big_dataset_depth/000000000722-segment-10664823084372323928_4360_000_4380_000_with_camera_labels-20.png 1232 840 26
big_dataset_depth/000000000722-segment-10664823084372323928_4360_000_4380_000_with_camera_labels-20.png 1240 840 26
big_dataset_depth/000000000722-segment-10664823084372323928_4360_000_4380_000_with_camera_labels-20.png 1248 888 27
big_dataset_depth/000000000722-segment-10664823084372323928_4360_000_4380_000_with_camera_labels-20.png 1256 848 26
big_dataset_depth/000000000722-segment-10664823084372323928_4360_000_4380_000_with_camera_labels-20.png 1264 888 27
big_dataset_depth/000000000722-segment-10664823084372323928_4360_000_4380_000_with_camera_labels-20.png 1272 856 27
big_dataset_depth/000000000722-segment-10664823084372323928_4360_000_4380_000_with_camera_labels-20.png 1280 840 26
big_dataset_depth/000000000722-segment-10664823084372323928_4360_000_4380_000_with_camera_labels-20.png 1288 888 27
big_dataset_depth/000000000722-segment-10664823084372323928_4360_000_4380_000_with_camera_labels-20.png 1296 848 26
big_dataset_depth/000000000722-segment-10664823084372323928_4360_000_4380_000_with_camera_labels-20.png 1304 888 27
big_dataset_depth/000000000722-segment-10664823084372323928_4360_000_4380_000_with_camera_labels-20.png 1312 832 26
big_dataset_depth/000000000722-segment-10664823084372323928_4360_000_4380_000_with_camera_labels-20.png 1320 840 26
big_dataset_depth/000000000722-segment-10664823084372323928_4360_000_4380_000_with_camera_labels-20.png 1328 848 26
big_dataset_depth/000000000722-segment-10664823084372323928_4360_000_4380_000_with_camera_labels-20.png 1336 872 27
big_dataset_depth/000000000722-segment-10664823084372323928_4360_000_4380_000_with_camera_labels-20.png 1344 832 26
big_dataset_depth/000000000722-segment-10664823084372323928_4360_000_4380_000_with_camera_labels-20.png 1352 888 27
big_dataset_depth/000000000722-segment-10664823084372323928_4360_000_4380_000_with_camera_labels-20.png 1360 888 27
big_dataset_depth/000000000722-segment-10664823084372323928_4360_000_4380_000_with_camera_labels-20.png 1368 776 33
big_dataset_depth/000000000722-segment-10664823084372323928_4360_000_4380_000_with_camera_labels-20.png 1376 880 27
big_dataset_depth/000000000722-segment-10664823084372323928_4360_000_4380_000_with_camera_labels-20.png 1384 872 27
big_dataset_depth/000000000722-segment-10664823084372323928_4360_000_4380_000_with_camera_labels-20.png 1392 888 27
big_dataset_depth/000000000722-segment-10664823084372323928_4360_000_4380_000_with_camera_labels-20.png 1400 888 27
big_dataset_depth/000000000722-segment-10664823084372323928_4360_000_4380_000_with_camera_labels-20.png 1408 888 26
big_dataset_depth/000000000722-segment-10664823084372323928_4360_000_4380_000_with_camera_labels-20.png 1416 656 36
big_dataset_depth/000000000722-segment-10664823084372323928_4360_000_4380_000_with_camera_labels-20.png 1424 904 25
big_dataset_depth/000000000722-segment-10664823084372323928_4360_000_4380_000_with_camera_labels-20.png 1432 904 25
big_dataset_depth/000000000722-segment-10664823084372323928_4360_000_4380_000_with_camera_labels-20.png 1448 920 24
big_dataset_depth/000000000722-segment-10664823084372323928_4360_000_4380_000_with_camera_labels-20.png 1456 920 24
big_dataset_depth/000000000722-segment-10664823084372323928_4360_000_4380_000_with_camera_labels-20.png 1464 920 24
big_dataset_depth/000000000722-segment-10664823084372323928_4360_000_4380_000_with_camera_labels-20.png 1472 920 23
big_dataset_depth/000000000722-segment-10664823084372323928_4360_000_4380_000_with_camera_labels-20.png 1480 864 32
big_dataset_depth/000000000722-segment-10664823084372323928_4360_000_4380_000_with_camera_labels-20.png 1488 944 23
big_dataset_depth/000000000722-segment-10664823084372323928_4360_000_4380_000_with_camera_labels-20.png 1496 944 23
big_dataset_depth/000000000722-segment-10664823084372323928_4360_000_4380_000_with_camera_labels-20.png 1504 960 22
big_dataset_depth/000000000722-segment-10664823084372323928_4360_000_4380_000_with_camera_labels-20.png 1520 960 22
big_dataset_depth/000000000722-segment-10664823084372323928_4360_000_4380_000_with_camera_labels-20.png 1528 864 27
big_dataset_depth/000000000722-segment-10664823084372323928_4360_000_4380_000_with_camera_labels-20.png 1536 880 26
big_dataset_depth/000000000722-segment-10664823084372323928_4360_000_4380_000_with_camera_labels-20.png 1544 976 21
big_dataset_depth/000000000722-segment-10664823084372323928_4360_000_4380_000_with_camera_labels-20.png 1552 976 21
big_dataset_depth/000000000722-segment-10664823084372323928_4360_000_4380_000_with_camera_labels-20.png 1560 992 20
big_dataset_depth/000000000722-segment-10664823084372323928_4360_000_4380_000_with_camera_labels-20.png 1576 992 20
big_dataset_depth/000000000722-segment-10664823084372323928_4360_000_4380_000_with_camera_labels-20.png 1584 992 20
big_dataset_depth/000000000722-segment-10664823084372323928_4360_000_4380_000_with_camera_labels-20.png 1592 992 20
big_dataset_depth/000000000722-segment-10664823084372323928_4360_000_4380_000_with_camera_labels-20.png 1600 1016 19
big_dataset_depth/000000000722-segment-10664823084372323928_4360_000_4380_000_with_camera_labels-20.png 1608 1016 19
big_dataset_depth/000000000722-segment-10664823084372323928_4360_000_4380_000_with_camera_labels-20.png 1616 1016 19
big_dataset_depth/000000000722-segment-10664823084372323928_4360_000_4380_000_with_camera_labels-20.png 1624 1016 19
big_dataset_depth/000000000722-segment-10664823084372323928_4360_000_4380_000_with_camera_labels-20.png 1632 1016 19
big_dataset_depth/000000000722-segment-10664823084372323928_4360_000_4380_000_with_camera_labels-20.png 1640 1032 18
big_dataset_depth/000000000722-segment-10664823084372323928_4360_000_4380_000_with_camera_labels-20.png 1648 1032 18
big_dataset_depth/000000000722-segment-10664823084372323928_4360_000_4380_000_with_camera_labels-20.png 1656 1056 18
big_dataset_depth/000000000722-segment-10664823084372323928_4360_000_4380_000_with_camera_labels-20.png 1664 1056 18
big_dataset_depth/000000000722-segment-10664823084372323928_4360_000_4380_000_with_camera_labels-20.png 1672 1056 18
big_dataset_depth/000000000722-segment-10664823084372323928_4360_000_4380_000_with_camera_labels-20.png 1680 1056 18
big_dataset_depth/000000000722-segment-10664823084372323928_4360_000_4380_000_with_camera_labels-20.png 1688 1072 17
big_dataset_depth/000000000722-segment-10664823084372323928_4360_000_4380_000_with_camera_labels-20.png 1696 1072 17
big_dataset_depth/000000000722-segment-10664823084372323928_4360_000_4380_000_with_camera_labels-20.png 1704 1080 17
big_dataset_depth/000000000722-segment-10664823084372323928_4360_000_4380_000_with_camera_labels-20.png 1712 1080 17
big_dataset_depth/000000000722-segment-10664823084372323928_4360_000_4380_000_with_camera_labels-20.png 1720 1080 17
big_dataset_depth/000000000722-segment-10664823084372323928_4360_000_4380_000_with_camera_labels-20.png 1728 1080 17
big_dataset_depth/000000000722-segment-10664823084372323928_4360_000_4380_000_with_camera_labels-20.png 1736 1104 17
big_dataset_depth/000000000722-segment-10664823084372323928_4360_000_4380_000_with_camera_labels-20.png 1744 1104 16
big_dataset_depth/000000000722-segment-10664823084372323928_4360_000_4380_000_with_camera_labels-20.png 1752 1104 16
big_dataset_depth/000000000722-segment-10664823084372323928_4360_000_4380_000_with_camera_labels-20.png 1760 1104 16
big_dataset_depth/000000000722-segment-10664823084372323928_4360_000_4380_000_with_camera_labels-20.png 1768 1104 16
big_dataset_depth/000000000722-segment-10664823084372323928_4360_000_4380_000_with_camera_labels-20.png 1776 1120 16
big_dataset_depth/000000000722-segment-10664823084372323928_4360_000_4380_000_with_camera_labels-20.png 1792 1128 16
big_dataset_depth/000000000722-segment-10664823084372323928_4360_000_4380_000_with_camera_labels-20.png 1800 1128 16
big_dataset_depth/000000000722-segment-10664823084372323928_4360_000_4380_000_with_camera_labels-20.png 1808 1144 15
big_dataset_depth/000000000722-segment-10664823084372323928_4360_000_4380_000_with_camera_labels-20.png 1816 1152 15
big_dataset_depth/000000000722-segment-10664823084372323928_4360_000_4380_000_with_camera_labels-20.png 1824 1152 15
big_dataset_depth/000000000722-segment-10664823084372323928_4360_000_4380_000_with_camera_labels-20.png 1832 1152 15
big_dataset_depth/000000000722-segment-10664823084372323928_4360_000_4380_000_with_camera_labels-20.png 1840 1152 15
big_dataset_depth/000000000722-segment-10664823084372323928_4360_000_4380_000_with_camera_labels-20.png 1848 1152 15
big_dataset_depth/000000000722-segment-10664823084372323928_4360_000_4380_000_with_camera_labels-20.png 1856 1160 15
big_dataset_depth/000000000722-segment-10664823084372323928_4360_000_4380_000_with_camera_labels-20.png 1864 1176 15
big_dataset_depth/000000000722-segment-10664823084372323928_4360_000_4380_000_with_camera_labels-20.png 1872 888 23
big_dataset_depth/000000000722-segment-10664823084372323928_4360_000_4380_000_with_camera_labels-20.png 1880 1016 20
big_dataset_depth/000000000722-segment-10664823084372323928_4360_000_4380_000_with_camera_labels-20.png 1888 1200 14
big_dataset_depth/000000000722-segment-10664823084372323928_4360_000_4380_000_with_camera_labels-20.png 1896 1000 19
big_dataset_depth/000000000722-segment-10664823084372323928_4360_000_4380_000_with_camera_labels-20.png 1904 1032 19
big_dataset_depth/000000000722-segment-10664823084372323928_4360_000_4380_000_with_camera_labels-20.png 1912 984 22
