big_dataset_depth/000000001296-segment-11236550977973464715_3620_000_3640_000_with_camera_labels-170.png 0 816 28
big_dataset_depth/000000001296-segment-11236550977973464715_3620_000_3640_000_with_camera_labels-170.png 8 808 28
big_dataset_depth/000000001296-segment-11236550977973464715_3620_000_3640_000_with_camera_labels-170.png 16 800 28
big_dataset_depth/000000001296-segment-11236550977973464715_3620_000_3640_000_with_camera_labels-170.png 24 848 28
big_dataset_depth/000000001296-segment-11236550977973464715_3620_000_3640_000_with_camera_labels-170.png 32 856 27
big_dataset_depth/000000001296-segment-11236550977973464715_3620_000_3640_000_with_camera_labels-170.png 40 808 44
big_dataset_depth/000000001296-segment-11236550977973464715_3620_000_3640_000_with_camera_labels-170.png 48 944 28
big_dataset_depth/000000001296-segment-11236550977973464715_3620_000_3640_000_with_camera_labels-170.png 56 944 28
big_dataset_depth/000000001296-segment-11236550977973464715_3620_000_3640_000_with_camera_labels-170.png 64 960 27
big_dataset_depth/000000001296-segment-11236550977973464715_3620_000_3640_000_with_camera_labels-170.png 72 960 27
big_dataset_depth/000000001296-segment-11236550977973464715_3620_000_3640_000_with_camera_labels-170.png 80 896 27
big_dataset_depth/000000001296-segment-11236550977973464715_3620_000_3640_000_with_camera_labels-170.png 88 856 28
big_dataset_depth/000000001296-segment-11236550977973464715_3620_000_3640_000_with_camera_labels-170.png 104 936 27
big_dataset_depth/000000001296-segment-11236550977973464715_3620_000_3640_000_with_camera_labels-170.png 112 928 27
big_dataset_depth/000000001296-segment-11236550977973464715_3620_000_3640_000_with_camera_labels-170.png 120 944 27
big_dataset_depth/000000001296-segment-11236550977973464715_3620_000_3640_000_with_camera_labels-170.png 144 784 64
big_dataset_depth/000000001296-segment-11236550977973464715_3620_000_3640_000_with_camera_labels-170.png 160 776 66
big_dataset_depth/000000001296-segment-11236550977973464715_3620_000_3640_000_with_camera_labels-170.png 168 752 67
big_dataset_depth/000000001296-segment-11236550977973464715_3620_000_3640_000_with_camera_labels-170.png 176 832 49
big_dataset_depth/000000001296-segment-11236550977973464715_3620_000_3640_000_with_camera_labels-170.png 184 808 56
big_dataset_depth/000000001296-segment-11236550977973464715_3620_000_3640_000_with_camera_labels-170.png 192 896 31
big_dataset_depth/000000001296-segment-11236550977973464715_3620_000_3640_000_with_camera_labels-170.png 200 760 69
big_dataset_depth/000000001296-segment-11236550977973464715_3620_000_3640_000_with_camera_labels-170.png 208 808 55
big_dataset_depth/000000001296-segment-11236550977973464715_3620_000_3640_000_with_camera_labels-170.png 216 848 37
big_dataset_depth/000000001296-segment-11236550977973464715_3620_000_3640_000_with_camera_labels-170.png 224 864 31
big_dataset_depth/000000001296-segment-11236550977973464715_3620_000_3640_000_with_camera_labels-170.png 232 920 28
big_dataset_depth/000000001296-segment-11236550977973464715_3620_000_3640_000_with_camera_labels-170.png 240 960 28
big_dataset_depth/000000001296-segment-11236550977973464715_3620_000_3640_000_with_camera_labels-170.png 248 984 28
big_dataset_depth/000000001296-segment-11236550977973464715_3620_000_3640_000_with_camera_labels-170.png 256 888 29
big_dataset_depth/000000001296-segment-11236550977973464715_3620_000_3640_000_with_camera_labels-170.png 264 968 29
big_dataset_depth/000000001296-segment-11236550977973464715_3620_000_3640_000_with_camera_labels-170.png 272 904 28
big_dataset_depth/000000001296-segment-11236550977973464715_3620_000_3640_000_with_camera_labels-170.png 280 920 28
big_dataset_depth/000000001296-segment-11236550977973464715_3620_000_3640_000_with_camera_labels-170.png 288 904 28
big_dataset_depth/000000001296-segment-11236550977973464715_3620_000_3640_000_with_camera_labels-170.png 312 1048 19
big_dataset_depth/000000001296-segment-11236550977973464715_3620_000_3640_000_with_camera_labels-170.png 320 1040 19
big_dataset_depth/000000001296-segment-11236550977973464715_3620_000_3640_000_with_camera_labels-170.png 328 1056 19
big_dataset_depth/000000001296-segment-11236550977973464715_3620_000_3640_000_with_camera_labels-170.png 336 936 45
big_dataset_depth/000000001296-segment-11236550977973464715_3620_000_3640_000_with_camera_labels-170.png 344 920 51
big_dataset_depth/000000001296-segment-11236550977973464715_3620_000_3640_000_with_camera_labels-170.png 352 1064 19
big_dataset_depth/000000001296-segment-11236550977973464715_3620_000_3640_000_with_camera_labels-170.png 360 1064 19
big_dataset_depth/000000001296-segment-11236550977973464715_3620_000_3640_000_with_camera_labels-170.png 368 1064 19
big_dataset_depth/000000001296-segment-11236550977973464715_3620_000_3640_000_with_camera_labels-170.png 376 1064 19
big_dataset_depth/000000001296-segment-11236550977973464715_3620_000_3640_000_with_camera_labels-170.png 384 1056 19
big_dataset_depth/000000001296-segment-11236550977973464715_3620_000_3640_000_with_camera_labels-170.png 392 1064 19
big_dataset_depth/000000001296-segment-11236550977973464715_3620_000_3640_000_with_camera_labels-170.png 400 1064 19
big_dataset_depth/000000001296-segment-11236550977973464715_3620_000_3640_000_with_camera_labels-170.png 408 1056 19
big_dataset_depth/000000001296-segment-11236550977973464715_3620_000_3640_000_with_camera_labels-170.png 416 1064 19
big_dataset_depth/000000001296-segment-11236550977973464715_3620_000_3640_000_with_camera_labels-170.png 424 1272 13
big_dataset_depth/000000001296-segment-11236550977973464715_3620_000_3640_000_with_camera_labels-170.png 432 1272 13
big_dataset_depth/000000001296-segment-11236550977973464715_3620_000_3640_000_with_camera_labels-170.png 440 1272 13
big_dataset_depth/000000001296-segment-11236550977973464715_3620_000_3640_000_with_camera_labels-170.png 448 1272 13
big_dataset_depth/000000001296-segment-11236550977973464715_3620_000_3640_000_with_camera_labels-170.png 456 1272 13
big_dataset_depth/000000001296-segment-11236550977973464715_3620_000_3640_000_with_camera_labels-170.png 472 1224 14
big_dataset_depth/000000001296-segment-11236550977973464715_3620_000_3640_000_with_camera_labels-170.png 480 1088 25
big_dataset_depth/000000001296-segment-11236550977973464715_3620_000_3640_000_with_camera_labels-170.png 488 1224 14
big_dataset_depth/000000001296-segment-11236550977973464715_3620_000_3640_000_with_camera_labels-170.png 496 1224 14
big_dataset_depth/000000001296-segment-11236550977973464715_3620_000_3640_000_with_camera_labels-170.png 504 752 108
big_dataset_depth/000000001296-segment-11236550977973464715_3620_000_3640_000_with_camera_labels-170.png 512 1176 15
big_dataset_depth/000000001296-segment-11236550977973464715_3620_000_3640_000_with_camera_labels-170.png 520 1176 15
big_dataset_depth/000000001296-segment-11236550977973464715_3620_000_3640_000_with_camera_labels-170.png 528 1176 15
big_dataset_depth/000000001296-segment-11236550977973464715_3620_000_3640_000_with_camera_labels-170.png 536 1160 16
big_dataset_depth/000000001296-segment-11236550977973464715_3620_000_3640_000_with_camera_labels-170.png 544 1136 16
big_dataset_depth/000000001296-segment-11236550977973464715_3620_000_3640_000_with_camera_labels-170.png 552 1136 16
big_dataset_depth/000000001296-segment-11236550977973464715_3620_000_3640_000_with_camera_labels-170.png 584 752 61
big_dataset_depth/000000001296-segment-11236550977973464715_3620_000_3640_000_with_camera_labels-170.png 592 1096 18
big_dataset_depth/000000001296-segment-11236550977973464715_3620_000_3640_000_with_camera_labels-170.png 600 952 30
big_dataset_depth/000000001296-segment-11236550977973464715_3620_000_3640_000_with_camera_labels-170.png 608 1072 18
big_dataset_depth/000000001296-segment-11236550977973464715_3620_000_3640_000_with_camera_labels-170.png 616 824 45
big_dataset_depth/000000001296-segment-11236550977973464715_3620_000_3640_000_with_camera_labels-170.png 624 1056 19
big_dataset_depth/000000001296-segment-11236550977973464715_3620_000_3640_000_with_camera_labels-170.png 632 1040 20
big_dataset_depth/000000001296-segment-11236550977973464715_3620_000_3640_000_with_camera_labels-170.png 640 1040 20
big_dataset_depth/000000001296-segment-11236550977973464715_3620_000_3640_000_with_camera_labels-170.png 656 1016 21
big_dataset_depth/000000001296-segment-11236550977973464715_3620_000_3640_000_with_camera_labels-170.png 664 1160 16
big_dataset_depth/000000001296-segment-11236550977973464715_3620_000_3640_000_with_camera_labels-170.png 672 1256 10
big_dataset_depth/000000001296-segment-11236550977973464715_3620_000_3640_000_with_camera_labels-170.png 680 1256 10
big_dataset_depth/000000001296-segment-11236550977973464715_3620_000_3640_000_with_camera_labels-170.png 688 1256 10
big_dataset_depth/000000001296-segment-11236550977973464715_3620_000_3640_000_with_camera_labels-170.png 696 1168 19
big_dataset_depth/000000001296-segment-11236550977973464715_3620_000_3640_000_with_camera_labels-170.png 704 1136 22
big_dataset_depth/000000001296-segment-11236550977973464715_3620_000_3640_000_with_camera_labels-170.png 712 1280 10
big_dataset_depth/000000001296-segment-11236550977973464715_3620_000_3640_000_with_camera_labels-170.png 720 1256 10
big_dataset_depth/000000001296-segment-11236550977973464715_3620_000_3640_000_with_camera_labels-170.png 728 1240 10
big_dataset_depth/000000001296-segment-11236550977973464715_3620_000_3640_000_with_camera_labels-170.png 736 1264 10
big_dataset_depth/000000001296-segment-11236550977973464715_3620_000_3640_000_with_camera_labels-170.png 744 1256 10
big_dataset_depth/000000001296-segment-11236550977973464715_3620_000_3640_000_with_camera_labels-170.png 752 1256 10
big_dataset_depth/000000001296-segment-11236550977973464715_3620_000_3640_000_with_camera_labels-170.png 760 1264 10
big_dataset_depth/000000001296-segment-11236550977973464715_3620_000_3640_000_with_camera_labels-170.png 768 1264 10
big_dataset_depth/000000001296-segment-11236550977973464715_3620_000_3640_000_with_camera_labels-170.png 776 1248 10
big_dataset_depth/000000001296-segment-11236550977973464715_3620_000_3640_000_with_camera_labels-170.png 784 1248 10
big_dataset_depth/000000001296-segment-11236550977973464715_3620_000_3640_000_with_camera_labels-170.png 792 1248 10
big_dataset_depth/000000001296-segment-11236550977973464715_3620_000_3640_000_with_camera_labels-170.png 800 1272 10
big_dataset_depth/000000001296-segment-11236550977973464715_3620_000_3640_000_with_camera_labels-170.png 808 1264 10
big_dataset_depth/000000001296-segment-11236550977973464715_3620_000_3640_000_with_camera_labels-170.png 816 1272 10
big_dataset_depth/000000001296-segment-11236550977973464715_3620_000_3640_000_with_camera_labels-170.png 824 1272 10
big_dataset_depth/000000001296-segment-11236550977973464715_3620_000_3640_000_with_camera_labels-170.png 832 1248 10
big_dataset_depth/000000001296-segment-11236550977973464715_3620_000_3640_000_with_camera_labels-170.png 840 1248 10
big_dataset_depth/000000001296-segment-11236550977973464715_3620_000_3640_000_with_camera_labels-170.png 848 1264 10
big_dataset_depth/000000001296-segment-11236550977973464715_3620_000_3640_000_with_camera_labels-170.png 856 1264 10
big_dataset_depth/000000001296-segment-11236550977973464715_3620_000_3640_000_with_camera_labels-170.png 864 1248 10
big_dataset_depth/000000001296-segment-11236550977973464715_3620_000_3640_000_with_camera_labels-170.png 872 1264 10
big_dataset_depth/000000001296-segment-11236550977973464715_3620_000_3640_000_with_camera_labels-170.png 880 1248 10
big_dataset_depth/000000001296-segment-11236550977973464715_3620_000_3640_000_with_camera_labels-170.png 888 1272 10
big_dataset_depth/000000001296-segment-11236550977973464715_3620_000_3640_000_with_camera_labels-170.png 896 1272 10
big_dataset_depth/000000001296-segment-11236550977973464715_3620_000_3640_000_with_camera_labels-170.png 904 1248 10
big_dataset_depth/000000001296-segment-11236550977973464715_3620_000_3640_000_with_camera_labels-170.png 912 1264 10
big_dataset_depth/000000001296-segment-11236550977973464715_3620_000_3640_000_with_camera_labels-170.png 920 1272 10
big_dataset_depth/000000001296-segment-11236550977973464715_3620_000_3640_000_with_camera_labels-170.png 928 1272 10
big_dataset_depth/000000001296-segment-11236550977973464715_3620_000_3640_000_with_camera_labels-170.png 936 1272 10
big_dataset_depth/000000001296-segment-11236550977973464715_3620_000_3640_000_with_camera_labels-170.png 944 1272 10
big_dataset_depth/000000001296-segment-11236550977973464715_3620_000_3640_000_with_camera_labels-170.png 952 1272 10
big_dataset_depth/000000001296-segment-11236550977973464715_3620_000_3640_000_with_camera_labels-170.png 960 1248 10
big_dataset_depth/000000001296-segment-11236550977973464715_3620_000_3640_000_with_camera_labels-170.png 968 1272 10
big_dataset_depth/000000001296-segment-11236550977973464715_3620_000_3640_000_with_camera_labels-170.png 976 1272 10
big_dataset_depth/000000001296-segment-11236550977973464715_3620_000_3640_000_with_camera_labels-170.png 984 1264 10
big_dataset_depth/000000001296-segment-11236550977973464715_3620_000_3640_000_with_camera_labels-170.png 992 1248 10
big_dataset_depth/000000001296-segment-11236550977973464715_3620_000_3640_000_with_camera_labels-170.png 1000 1248 10
big_dataset_depth/000000001296-segment-11236550977973464715_3620_000_3640_000_with_camera_labels-170.png 1008 1264 10
big_dataset_depth/000000001296-segment-11236550977973464715_3620_000_3640_000_with_camera_labels-170.png 1016 1272 10
big_dataset_depth/000000001296-segment-11236550977973464715_3620_000_3640_000_with_camera_labels-170.png 1024 1264 10
big_dataset_depth/000000001296-segment-11236550977973464715_3620_000_3640_000_with_camera_labels-170.png 1032 1272 10
big_dataset_depth/000000001296-segment-11236550977973464715_3620_000_3640_000_with_camera_labels-170.png 1040 1272 10
big_dataset_depth/000000001296-segment-11236550977973464715_3620_000_3640_000_with_camera_labels-170.png 1048 1272 10
big_dataset_depth/000000001296-segment-11236550977973464715_3620_000_3640_000_with_camera_labels-170.png 1056 1248 10
big_dataset_depth/000000001296-segment-11236550977973464715_3620_000_3640_000_with_camera_labels-170.png 1064 1272 10
big_dataset_depth/000000001296-segment-11236550977973464715_3620_000_3640_000_with_camera_labels-170.png 1072 1264 10
big_dataset_depth/000000001296-segment-11236550977973464715_3620_000_3640_000_with_camera_labels-170.png 1080 1272 10
big_dataset_depth/000000001296-segment-11236550977973464715_3620_000_3640_000_with_camera_labels-170.png 1088 1272 10
big_dataset_depth/000000001296-segment-11236550977973464715_3620_000_3640_000_with_camera_labels-170.png 1096 1264 10
big_dataset_depth/000000001296-segment-11236550977973464715_3620_000_3640_000_with_camera_labels-170.png 1104 1248 10
big_dataset_depth/000000001296-segment-11236550977973464715_3620_000_3640_000_with_camera_labels-170.png 1112 1272 10
big_dataset_depth/000000001296-segment-11236550977973464715_3620_000_3640_000_with_camera_labels-170.png 1120 1248 10
big_dataset_depth/000000001296-segment-11236550977973464715_3620_000_3640_000_with_camera_labels-170.png 1128 1248 10
big_dataset_depth/000000001296-segment-11236550977973464715_3620_000_3640_000_with_camera_labels-170.png 1136 1272 10
big_dataset_depth/000000001296-segment-11236550977973464715_3620_000_3640_000_with_camera_labels-170.png 1144 1272 10
big_dataset_depth/000000001296-segment-11236550977973464715_3620_000_3640_000_with_camera_labels-170.png 1152 1264 10
big_dataset_depth/000000001296-segment-11236550977973464715_3620_000_3640_000_with_camera_labels-170.png 1160 1256 10
big_dataset_depth/000000001296-segment-11236550977973464715_3620_000_3640_000_with_camera_labels-170.png 1168 1248 10
big_dataset_depth/000000001296-segment-11236550977973464715_3620_000_3640_000_with_camera_labels-170.png 1176 1248 10
big_dataset_depth/000000001296-segment-11236550977973464715_3620_000_3640_000_with_camera_labels-170.png 1184 1248 10
big_dataset_depth/000000001296-segment-11236550977973464715_3620_000_3640_000_with_camera_labels-170.png 1192 1248 10
big_dataset_depth/000000001296-segment-11236550977973464715_3620_000_3640_000_with_camera_labels-170.png 1200 1256 10
big_dataset_depth/000000001296-segment-11236550977973464715_3620_000_3640_000_with_camera_labels-170.png 1208 1256 10
big_dataset_depth/000000001296-segment-11236550977973464715_3620_000_3640_000_with_camera_labels-170.png 1216 1264 10
big_dataset_depth/000000001296-segment-11236550977973464715_3620_000_3640_000_with_camera_labels-170.png 1224 1256 10
big_dataset_depth/000000001296-segment-11236550977973464715_3620_000_3640_000_with_camera_labels-170.png 1232 1280 10
big_dataset_depth/000000001296-segment-11236550977973464715_3620_000_3640_000_with_camera_labels-170.png 1240 1256 10
big_dataset_depth/000000001296-segment-11236550977973464715_3620_000_3640_000_with_camera_labels-170.png 1248 1280 10
big_dataset_depth/000000001296-segment-11236550977973464715_3620_000_3640_000_with_camera_labels-170.png 1256 1280 10
big_dataset_depth/000000001296-segment-11236550977973464715_3620_000_3640_000_with_camera_labels-170.png 1264 1264 10
big_dataset_depth/000000001296-segment-11236550977973464715_3620_000_3640_000_with_camera_labels-170.png 1272 1280 10
big_dataset_depth/000000001296-segment-11236550977973464715_3620_000_3640_000_with_camera_labels-170.png 1280 1256 10
big_dataset_depth/000000001296-segment-11236550977973464715_3620_000_3640_000_with_camera_labels-170.png 1288 1280 10
big_dataset_depth/000000001296-segment-11236550977973464715_3620_000_3640_000_with_camera_labels-170.png 1296 1168 15
big_dataset_depth/000000001296-segment-11236550977973464715_3620_000_3640_000_with_camera_labels-170.png 1304 1280 10
big_dataset_depth/000000001296-segment-11236550977973464715_3620_000_3640_000_with_camera_labels-170.png 1312 952 22
big_dataset_depth/000000001296-segment-11236550977973464715_3620_000_3640_000_with_camera_labels-170.png 1320 1248 10
big_dataset_depth/000000001296-segment-11236550977973464715_3620_000_3640_000_with_camera_labels-170.png 1328 984 21
big_dataset_depth/000000001296-segment-11236550977973464715_3620_000_3640_000_with_camera_labels-170.png 1336 1256 10
big_dataset_depth/000000001296-segment-11236550977973464715_3620_000_3640_000_with_camera_labels-170.png 1344 880 26
big_dataset_depth/000000001296-segment-11236550977973464715_3620_000_3640_000_with_camera_labels-170.png 1352 888 27
big_dataset_depth/000000001296-segment-11236550977973464715_3620_000_3640_000_with_camera_labels-170.png 1360 912 26
big_dataset_depth/000000001296-segment-11236550977973464715_3620_000_3640_000_with_camera_labels-170.png 1368 824 49
big_dataset_depth/000000001296-segment-11236550977973464715_3620_000_3640_000_with_camera_labels-170.png 1376 856 48
big_dataset_depth/000000001296-segment-11236550977973464715_3620_000_3640_000_with_camera_labels-170.png 1384 728 73
big_dataset_depth/000000001296-segment-11236550977973464715_3620_000_3640_000_with_camera_labels-170.png 1392 720 95
big_dataset_depth/000000001296-segment-11236550977973464715_3620_000_3640_000_with_camera_labels-170.png 1400 624 106
big_dataset_depth/000000001296-segment-11236550977973464715_3620_000_3640_000_with_camera_labels-170.png 1456 1176 15
big_dataset_depth/000000001296-segment-11236550977973464715_3620_000_3640_000_with_camera_labels-170.png 1480 1200 14
big_dataset_depth/000000001296-segment-11236550977973464715_3620_000_3640_000_with_camera_labels-170.png 1488 1208 14
big_dataset_depth/000000001296-segment-11236550977973464715_3620_000_3640_000_with_camera_labels-170.png 1496 1224 14
big_dataset_depth/000000001296-segment-11236550977973464715_3620_000_3640_000_with_camera_labels-170.png 1504 1224 14
big_dataset_depth/000000001296-segment-11236550977973464715_3620_000_3640_000_with_camera_labels-170.png 1512 1224 14
big_dataset_depth/000000001296-segment-11236550977973464715_3620_000_3640_000_with_camera_labels-170.png 1520 1232 14
big_dataset_depth/000000001296-segment-11236550977973464715_3620_000_3640_000_with_camera_labels-170.png 1528 1200 14
big_dataset_depth/000000001296-segment-11236550977973464715_3620_000_3640_000_with_camera_labels-170.png 1536 1184 14
big_dataset_depth/000000001296-segment-11236550977973464715_3620_000_3640_000_with_camera_labels-170.png 1544 1184 14
big_dataset_depth/000000001296-segment-11236550977973464715_3620_000_3640_000_with_camera_labels-170.png 1552 1248 14
big_dataset_depth/000000001296-segment-11236550977973464715_3620_000_3640_000_with_camera_labels-170.png 1560 1248 14
big_dataset_depth/000000001296-segment-11236550977973464715_3620_000_3640_000_with_camera_labels-170.png 1568 1248 13
big_dataset_depth/000000001296-segment-11236550977973464715_3620_000_3640_000_with_camera_labels-170.png 1576 1224 13
big_dataset_depth/000000001296-segment-11236550977973464715_3620_000_3640_000_with_camera_labels-170.png 1584 1248 13
big_dataset_depth/000000001296-segment-11236550977973464715_3620_000_3640_000_with_camera_labels-170.png 1592 1224 13
big_dataset_depth/000000001296-segment-11236550977973464715_3620_000_3640_000_with_camera_labels-170.png 1600 1224 13
big_dataset_depth/000000001296-segment-11236550977973464715_3620_000_3640_000_with_camera_labels-170.png 1608 1224 13
big_dataset_depth/000000001296-segment-11236550977973464715_3620_000_3640_000_with_camera_labels-170.png 1616 1272 13
big_dataset_depth/000000001296-segment-11236550977973464715_3620_000_3640_000_with_camera_labels-170.png 1624 1280 12
big_dataset_depth/000000001296-segment-11236550977973464715_3620_000_3640_000_with_camera_labels-170.png 1632 1280 12
big_dataset_depth/000000001296-segment-11236550977973464715_3620_000_3640_000_with_camera_labels-170.png 1640 1248 12
big_dataset_depth/000000001296-segment-11236550977973464715_3620_000_3640_000_with_camera_labels-170.png 1648 1280 12
big_dataset_depth/000000001296-segment-11236550977973464715_3620_000_3640_000_with_camera_labels-170.png 1656 1264 12
big_dataset_depth/000000001296-segment-11236550977973464715_3620_000_3640_000_with_camera_labels-170.png 1664 1280 12
big_dataset_depth/000000001296-segment-11236550977973464715_3620_000_3640_000_with_camera_labels-170.png 1672 1264 12
big_dataset_depth/000000001296-segment-11236550977973464715_3620_000_3640_000_with_camera_labels-170.png 1680 1280 12
big_dataset_depth/000000001296-segment-11236550977973464715_3620_000_3640_000_with_camera_labels-170.png 1688 1280 11
big_dataset_depth/000000001296-segment-11236550977973464715_3620_000_3640_000_with_camera_labels-170.png 1696 1280 11
big_dataset_depth/000000001296-segment-11236550977973464715_3620_000_3640_000_with_camera_labels-170.png 1704 1264 11
big_dataset_depth/000000001296-segment-11236550977973464715_3620_000_3640_000_with_camera_labels-170.png 1720 1224 11
big_dataset_depth/000000001296-segment-11236550977973464715_3620_000_3640_000_with_camera_labels-170.png 1728 1256 11
big_dataset_depth/000000001296-segment-11236550977973464715_3620_000_3640_000_with_camera_labels-170.png 1736 1256 11
big_dataset_depth/000000001296-segment-11236550977973464715_3620_000_3640_000_with_camera_labels-170.png 1744 1256 11
big_dataset_depth/000000001296-segment-11236550977973464715_3620_000_3640_000_with_camera_labels-170.png 1752 1256 11
big_dataset_depth/000000001296-segment-11236550977973464715_3620_000_3640_000_with_camera_labels-170.png 1760 1080 28
big_dataset_depth/000000001296-segment-11236550977973464715_3620_000_3640_000_with_camera_labels-170.png 1768 1256 11
big_dataset_depth/000000001296-segment-11236550977973464715_3620_000_3640_000_with_camera_labels-170.png 1776 992 36
big_dataset_depth/000000001296-segment-11236550977973464715_3620_000_3640_000_with_camera_labels-170.png 1784 1232 11
big_dataset_depth/000000001296-segment-11236550977973464715_3620_000_3640_000_with_camera_labels-170.png 1792 776 61
big_dataset_depth/000000001296-segment-11236550977973464715_3620_000_3640_000_with_camera_labels-170.png 1800 1248 10
big_dataset_depth/000000001296-segment-11236550977973464715_3620_000_3640_000_with_camera_labels-170.png 1816 1248 10
big_dataset_depth/000000001296-segment-11236550977973464715_3620_000_3640_000_with_camera_labels-170.png 1824 1240 10
big_dataset_depth/000000001296-segment-11236550977973464715_3620_000_3640_000_with_camera_labels-170.png 1832 1248 10
big_dataset_depth/000000001296-segment-11236550977973464715_3620_000_3640_000_with_camera_labels-170.png 1840 1216 10
big_dataset_depth/000000001296-segment-11236550977973464715_3620_000_3640_000_with_camera_labels-170.png 1848 1240 12
big_dataset_depth/000000001296-segment-11236550977973464715_3620_000_3640_000_with_camera_labels-170.png 1856 1120 19
big_dataset_depth/000000001296-segment-11236550977973464715_3620_000_3640_000_with_camera_labels-170.png 1864 992 33
big_dataset_depth/000000001296-segment-11236550977973464715_3620_000_3640_000_with_camera_labels-170.png 1872 1032 28
big_dataset_depth/000000001296-segment-11236550977973464715_3620_000_3640_000_with_camera_labels-170.png 1880 944 34
big_dataset_depth/000000001296-segment-11236550977973464715_3620_000_3640_000_with_camera_labels-170.png 1888 1240 10
big_dataset_depth/000000001296-segment-11236550977973464715_3620_000_3640_000_with_camera_labels-170.png 1896 952 41
big_dataset_depth/000000001296-segment-11236550977973464715_3620_000_3640_000_with_camera_labels-170.png 1904 1104 25
big_dataset_depth/000000001296-segment-11236550977973464715_3620_000_3640_000_with_camera_labels-170.png 1912 1008 29
