big_dataset_depth/000000000488-segment-1051897962568538022_238_170_258_170_with_camera_labels-80.png 0 720 79
big_dataset_depth/000000000488-segment-1051897962568538022_238_170_258_170_with_camera_labels-80.png 8 720 92
big_dataset_depth/000000000488-segment-1051897962568538022_238_170_258_170_with_camera_labels-80.png 16 736 74
big_dataset_depth/000000000488-segment-1051897962568538022_238_170_258_170_with_camera_labels-80.png 24 736 74
big_dataset_depth/000000000488-segment-1051897962568538022_238_170_258_170_with_camera_labels-80.png 32 744 75
big_dataset_depth/000000000488-segment-1051897962568538022_238_170_258_170_with_camera_labels-80.png 40 744 74
big_dataset_depth/000000000488-segment-1051897962568538022_238_170_258_170_with_camera_labels-80.png 48 736 75
big_dataset_depth/000000000488-segment-1051897962568538022_238_170_258_170_with_camera_labels-80.png 56 736 75
big_dataset_depth/000000000488-segment-1051897962568538022_238_170_258_170_with_camera_labels-80.png 64 720 105
big_dataset_depth/000000000488-segment-1051897962568538022_238_170_258_170_with_camera_labels-80.png 72 880 32
big_dataset_depth/000000000488-segment-1051897962568538022_238_170_258_170_with_camera_labels-80.png 80 832 57
big_dataset_depth/000000000488-segment-1051897962568538022_238_170_258_170_with_camera_labels-80.png 88 880 32
big_dataset_depth/000000000488-segment-1051897962568538022_238_170_258_170_with_camera_labels-80.png 96 816 61
big_dataset_depth/000000000488-segment-1051897962568538022_238_170_258_170_with_camera_labels-80.png 104 880 31
big_dataset_depth/000000000488-segment-1051897962568538022_238_170_258_170_with_camera_labels-80.png 112 824 56
big_dataset_depth/000000000488-segment-1051897962568538022_238_170_258_170_with_camera_labels-80.png 120 888 32
big_dataset_depth/000000000488-segment-1051897962568538022_238_170_258_170_with_camera_labels-80.png 128 880 31
big_dataset_depth/000000000488-segment-1051897962568538022_238_170_258_170_with_camera_labels-80.png 136 896 31
big_dataset_depth/000000000488-segment-1051897962568538022_238_170_258_170_with_camera_labels-80.png 144 880 31
big_dataset_depth/000000000488-segment-1051897962568538022_238_170_258_170_with_camera_labels-80.png 152 896 31
big_dataset_depth/000000000488-segment-1051897962568538022_238_170_258_170_with_camera_labels-80.png 160 888 32
big_dataset_depth/000000000488-segment-1051897962568538022_238_170_258_170_with_camera_labels-80.png 168 880 31
big_dataset_depth/000000000488-segment-1051897962568538022_238_170_258_170_with_camera_labels-80.png 176 896 32
big_dataset_depth/000000000488-segment-1051897962568538022_238_170_258_170_with_camera_labels-80.png 184 880 31
big_dataset_depth/000000000488-segment-1051897962568538022_238_170_258_170_with_camera_labels-80.png 192 896 31
big_dataset_depth/000000000488-segment-1051897962568538022_238_170_258_170_with_camera_labels-80.png 200 888 32
big_dataset_depth/000000000488-segment-1051897962568538022_238_170_258_170_with_camera_labels-80.png 208 888 31
big_dataset_depth/000000000488-segment-1051897962568538022_238_170_258_170_with_camera_labels-80.png 216 872 31
big_dataset_depth/000000000488-segment-1051897962568538022_238_170_258_170_with_camera_labels-80.png 224 880 31
big_dataset_depth/000000000488-segment-1051897962568538022_238_170_258_170_with_camera_labels-80.png 232 888 31
big_dataset_depth/000000000488-segment-1051897962568538022_238_170_258_170_with_camera_labels-80.png 240 864 31
big_dataset_depth/000000000488-segment-1051897962568538022_238_170_258_170_with_camera_labels-80.png 248 896 31
big_dataset_depth/000000000488-segment-1051897962568538022_238_170_258_170_with_camera_labels-80.png 256 888 32
big_dataset_depth/000000000488-segment-1051897962568538022_238_170_258_170_with_camera_labels-80.png 264 896 31
big_dataset_depth/000000000488-segment-1051897962568538022_238_170_258_170_with_camera_labels-80.png 272 872 32
big_dataset_depth/000000000488-segment-1051897962568538022_238_170_258_170_with_camera_labels-80.png 280 888 32
big_dataset_depth/000000000488-segment-1051897962568538022_238_170_258_170_with_camera_labels-80.png 288 864 33
big_dataset_depth/000000000488-segment-1051897962568538022_238_170_258_170_with_camera_labels-80.png 296 864 33
big_dataset_depth/000000000488-segment-1051897962568538022_238_170_258_170_with_camera_labels-80.png 304 864 36
big_dataset_depth/000000000488-segment-1051897962568538022_238_170_258_170_with_camera_labels-80.png 312 872 34
big_dataset_depth/000000000488-segment-1051897962568538022_238_170_258_170_with_camera_labels-80.png 320 848 34
big_dataset_depth/000000000488-segment-1051897962568538022_238_170_258_170_with_camera_labels-80.png 328 872 34
big_dataset_depth/000000000488-segment-1051897962568538022_238_170_258_170_with_camera_labels-80.png 336 864 35
big_dataset_depth/000000000488-segment-1051897962568538022_238_170_258_170_with_camera_labels-80.png 344 856 35
big_dataset_depth/000000000488-segment-1051897962568538022_238_170_258_170_with_camera_labels-80.png 352 864 35
big_dataset_depth/000000000488-segment-1051897962568538022_238_170_258_170_with_camera_labels-80.png 360 856 36
big_dataset_depth/000000000488-segment-1051897962568538022_238_170_258_170_with_camera_labels-80.png 368 848 39
big_dataset_depth/000000000488-segment-1051897962568538022_238_170_258_170_with_camera_labels-80.png 376 848 39
big_dataset_depth/000000000488-segment-1051897962568538022_238_170_258_170_with_camera_labels-80.png 384 832 40
big_dataset_depth/000000000488-segment-1051897962568538022_238_170_258_170_with_camera_labels-80.png 392 848 39
big_dataset_depth/000000000488-segment-1051897962568538022_238_170_258_170_with_camera_labels-80.png 400 832 40
big_dataset_depth/000000000488-segment-1051897962568538022_238_170_258_170_with_camera_labels-80.png 408 832 39
big_dataset_depth/000000000488-segment-1051897962568538022_238_170_258_170_with_camera_labels-80.png 416 832 39
big_dataset_depth/000000000488-segment-1051897962568538022_238_170_258_170_with_camera_labels-80.png 424 824 39
big_dataset_depth/000000000488-segment-1051897962568538022_238_170_258_170_with_camera_labels-80.png 432 824 41
big_dataset_depth/000000000488-segment-1051897962568538022_238_170_258_170_with_camera_labels-80.png 440 808 41
big_dataset_depth/000000000488-segment-1051897962568538022_238_170_258_170_with_camera_labels-80.png 448 832 41
big_dataset_depth/000000000488-segment-1051897962568538022_238_170_258_170_with_camera_labels-80.png 456 800 41
big_dataset_depth/000000000488-segment-1051897962568538022_238_170_258_170_with_camera_labels-80.png 464 808 43
big_dataset_depth/000000000488-segment-1051897962568538022_238_170_258_170_with_camera_labels-80.png 472 824 43
big_dataset_depth/000000000488-segment-1051897962568538022_238_170_258_170_with_camera_labels-80.png 480 808 43
big_dataset_depth/000000000488-segment-1051897962568538022_238_170_258_170_with_camera_labels-80.png 488 816 45
big_dataset_depth/000000000488-segment-1051897962568538022_238_170_258_170_with_camera_labels-80.png 496 808 47
big_dataset_depth/000000000488-segment-1051897962568538022_238_170_258_170_with_camera_labels-80.png 504 808 47
big_dataset_depth/000000000488-segment-1051897962568538022_238_170_258_170_with_camera_labels-80.png 512 792 47
big_dataset_depth/000000000488-segment-1051897962568538022_238_170_258_170_with_camera_labels-80.png 520 800 47
big_dataset_depth/000000000488-segment-1051897962568538022_238_170_258_170_with_camera_labels-80.png 536 784 48
big_dataset_depth/000000000488-segment-1051897962568538022_238_170_258_170_with_camera_labels-80.png 544 768 49
big_dataset_depth/000000000488-segment-1051897962568538022_238_170_258_170_with_camera_labels-80.png 552 776 49
big_dataset_depth/000000000488-segment-1051897962568538022_238_170_258_170_with_camera_labels-80.png 560 792 51
big_dataset_depth/000000000488-segment-1051897962568538022_238_170_258_170_with_camera_labels-80.png 568 792 51
big_dataset_depth/000000000488-segment-1051897962568538022_238_170_258_170_with_camera_labels-80.png 576 792 52
big_dataset_depth/000000000488-segment-1051897962568538022_238_170_258_170_with_camera_labels-80.png 584 680 98
big_dataset_depth/000000000488-segment-1051897962568538022_238_170_258_170_with_camera_labels-80.png 592 736 83
big_dataset_depth/000000000488-segment-1051897962568538022_238_170_258_170_with_camera_labels-80.png 600 720 84
big_dataset_depth/000000000488-segment-1051897962568538022_238_170_258_170_with_camera_labels-80.png 608 664 79
big_dataset_depth/000000000488-segment-1051897962568538022_238_170_258_170_with_camera_labels-80.png 616 664 90
big_dataset_depth/000000000488-segment-1051897962568538022_238_170_258_170_with_camera_labels-80.png 624 720 99
big_dataset_depth/000000000488-segment-1051897962568538022_238_170_258_170_with_camera_labels-80.png 632 720 99
big_dataset_depth/000000000488-segment-1051897962568538022_238_170_258_170_with_camera_labels-80.png 640 688 86
big_dataset_depth/000000000488-segment-1051897962568538022_238_170_258_170_with_camera_labels-80.png 648 672 73
big_dataset_depth/000000000488-segment-1051897962568538022_238_170_258_170_with_camera_labels-80.png 656 720 99
big_dataset_depth/000000000488-segment-1051897962568538022_238_170_258_170_with_camera_labels-80.png 664 720 99
big_dataset_depth/000000000488-segment-1051897962568538022_238_170_258_170_with_camera_labels-80.png 672 720 99
big_dataset_depth/000000000488-segment-1051897962568538022_238_170_258_170_with_camera_labels-80.png 680 640 67
big_dataset_depth/000000000488-segment-1051897962568538022_238_170_258_170_with_camera_labels-80.png 688 640 66
big_dataset_depth/000000000488-segment-1051897962568538022_238_170_258_170_with_camera_labels-80.png 696 640 65
big_dataset_depth/000000000488-segment-1051897962568538022_238_170_258_170_with_camera_labels-80.png 704 648 65
big_dataset_depth/000000000488-segment-1051897962568538022_238_170_258_170_with_camera_labels-80.png 712 632 66
big_dataset_depth/000000000488-segment-1051897962568538022_238_170_258_170_with_camera_labels-80.png 720 616 66
big_dataset_depth/000000000488-segment-1051897962568538022_238_170_258_170_with_camera_labels-80.png 728 696 73
big_dataset_depth/000000000488-segment-1051897962568538022_238_170_258_170_with_camera_labels-80.png 736 592 63
big_dataset_depth/000000000488-segment-1051897962568538022_238_170_258_170_with_camera_labels-80.png 744 624 74
big_dataset_depth/000000000488-segment-1051897962568538022_238_170_258_170_with_camera_labels-80.png 752 616 73
big_dataset_depth/000000000488-segment-1051897962568538022_238_170_258_170_with_camera_labels-80.png 760 752 71
big_dataset_depth/000000000488-segment-1051897962568538022_238_170_258_170_with_camera_labels-80.png 768 592 70
big_dataset_depth/000000000488-segment-1051897962568538022_238_170_258_170_with_camera_labels-80.png 776 744 77
big_dataset_depth/000000000488-segment-1051897962568538022_238_170_258_170_with_camera_labels-80.png 784 752 70
big_dataset_depth/000000000488-segment-1051897962568538022_238_170_258_170_with_camera_labels-80.png 792 744 77
big_dataset_depth/000000000488-segment-1051897962568538022_238_170_258_170_with_camera_labels-80.png 800 760 64
big_dataset_depth/000000000488-segment-1051897962568538022_238_170_258_170_with_camera_labels-80.png 808 744 76
big_dataset_depth/000000000488-segment-1051897962568538022_238_170_258_170_with_camera_labels-80.png 816 752 72
big_dataset_depth/000000000488-segment-1051897962568538022_238_170_258_170_with_camera_labels-80.png 824 744 75
big_dataset_depth/000000000488-segment-1051897962568538022_238_170_258_170_with_camera_labels-80.png 832 752 69
big_dataset_depth/000000000488-segment-1051897962568538022_238_170_258_170_with_camera_labels-80.png 840 752 69
big_dataset_depth/000000000488-segment-1051897962568538022_238_170_258_170_with_camera_labels-80.png 856 752 69
big_dataset_depth/000000000488-segment-1051897962568538022_238_170_258_170_with_camera_labels-80.png 864 752 69
big_dataset_depth/000000000488-segment-1051897962568538022_238_170_258_170_with_camera_labels-80.png 1088 720 63
big_dataset_depth/000000000488-segment-1051897962568538022_238_170_258_170_with_camera_labels-80.png 1096 768 60
big_dataset_depth/000000000488-segment-1051897962568538022_238_170_258_170_with_camera_labels-80.png 1104 760 60
big_dataset_depth/000000000488-segment-1051897962568538022_238_170_258_170_with_camera_labels-80.png 1112 776 55
big_dataset_depth/000000000488-segment-1051897962568538022_238_170_258_170_with_camera_labels-80.png 1120 776 52
big_dataset_depth/000000000488-segment-1051897962568538022_238_170_258_170_with_camera_labels-80.png 1128 792 51
big_dataset_depth/000000000488-segment-1051897962568538022_238_170_258_170_with_camera_labels-80.png 1136 784 51
big_dataset_depth/000000000488-segment-1051897962568538022_238_170_258_170_with_camera_labels-80.png 1144 776 50
big_dataset_depth/000000000488-segment-1051897962568538022_238_170_258_170_with_camera_labels-80.png 1152 792 51
big_dataset_depth/000000000488-segment-1051897962568538022_238_170_258_170_with_camera_labels-80.png 1160 784 51
big_dataset_depth/000000000488-segment-1051897962568538022_238_170_258_170_with_camera_labels-80.png 1168 776 50
big_dataset_depth/000000000488-segment-1051897962568538022_238_170_258_170_with_camera_labels-80.png 1176 784 51
big_dataset_depth/000000000488-segment-1051897962568538022_238_170_258_170_with_camera_labels-80.png 1184 792 51
big_dataset_depth/000000000488-segment-1051897962568538022_238_170_258_170_with_camera_labels-80.png 1192 792 51
big_dataset_depth/000000000488-segment-1051897962568538022_238_170_258_170_with_camera_labels-80.png 1200 792 52
big_dataset_depth/000000000488-segment-1051897962568538022_238_170_258_170_with_camera_labels-80.png 1208 864 32
big_dataset_depth/000000000488-segment-1051897962568538022_238_170_258_170_with_camera_labels-80.png 1216 888 31
big_dataset_depth/000000000488-segment-1051897962568538022_238_170_258_170_with_camera_labels-80.png 1224 864 30
big_dataset_depth/000000000488-segment-1051897962568538022_238_170_258_170_with_camera_labels-80.png 1232 904 29
big_dataset_depth/000000000488-segment-1051897962568538022_238_170_258_170_with_camera_labels-80.png 1240 912 28
big_dataset_depth/000000000488-segment-1051897962568538022_238_170_258_170_with_camera_labels-80.png 1248 920 28
big_dataset_depth/000000000488-segment-1051897962568538022_238_170_258_170_with_camera_labels-80.png 1256 920 28
big_dataset_depth/000000000488-segment-1051897962568538022_238_170_258_170_with_camera_labels-80.png 1264 912 27
big_dataset_depth/000000000488-segment-1051897962568538022_238_170_258_170_with_camera_labels-80.png 1272 920 28
big_dataset_depth/000000000488-segment-1051897962568538022_238_170_258_170_with_camera_labels-80.png 1280 912 27
big_dataset_depth/000000000488-segment-1051897962568538022_238_170_258_170_with_camera_labels-80.png 1288 888 27
big_dataset_depth/000000000488-segment-1051897962568538022_238_170_258_170_with_camera_labels-80.png 1296 904 27
big_dataset_depth/000000000488-segment-1051897962568538022_238_170_258_170_with_camera_labels-80.png 1304 912 27
big_dataset_depth/000000000488-segment-1051897962568538022_238_170_258_170_with_camera_labels-80.png 1312 888 26
big_dataset_depth/000000000488-segment-1051897962568538022_238_170_258_170_with_camera_labels-80.png 1320 920 27
big_dataset_depth/000000000488-segment-1051897962568538022_238_170_258_170_with_camera_labels-80.png 1328 888 26
big_dataset_depth/000000000488-segment-1051897962568538022_238_170_258_170_with_camera_labels-80.png 1336 888 26
big_dataset_depth/000000000488-segment-1051897962568538022_238_170_258_170_with_camera_labels-80.png 1344 936 27
big_dataset_depth/000000000488-segment-1051897962568538022_238_170_258_170_with_camera_labels-80.png 1352 896 27
big_dataset_depth/000000000488-segment-1051897962568538022_238_170_258_170_with_camera_labels-80.png 1360 904 27
big_dataset_depth/000000000488-segment-1051897962568538022_238_170_258_170_with_camera_labels-80.png 1368 912 27
big_dataset_depth/000000000488-segment-1051897962568538022_238_170_258_170_with_camera_labels-80.png 1376 904 27
big_dataset_depth/000000000488-segment-1051897962568538022_238_170_258_170_with_camera_labels-80.png 1384 936 27
big_dataset_depth/000000000488-segment-1051897962568538022_238_170_258_170_with_camera_labels-80.png 1392 896 27
big_dataset_depth/000000000488-segment-1051897962568538022_238_170_258_170_with_camera_labels-80.png 1400 896 27
big_dataset_depth/000000000488-segment-1051897962568538022_238_170_258_170_with_camera_labels-80.png 1408 904 27
big_dataset_depth/000000000488-segment-1051897962568538022_238_170_258_170_with_camera_labels-80.png 1416 896 27
big_dataset_depth/000000000488-segment-1051897962568538022_238_170_258_170_with_camera_labels-80.png 1424 912 28
big_dataset_depth/000000000488-segment-1051897962568538022_238_170_258_170_with_camera_labels-80.png 1432 920 28
big_dataset_depth/000000000488-segment-1051897962568538022_238_170_258_170_with_camera_labels-80.png 1440 928 28
big_dataset_depth/000000000488-segment-1051897962568538022_238_170_258_170_with_camera_labels-80.png 1448 904 27
big_dataset_depth/000000000488-segment-1051897962568538022_238_170_258_170_with_camera_labels-80.png 1456 824 41
big_dataset_depth/000000000488-segment-1051897962568538022_238_170_258_170_with_camera_labels-80.png 1464 928 28
big_dataset_depth/000000000488-segment-1051897962568538022_238_170_258_170_with_camera_labels-80.png 1472 768 59
big_dataset_depth/000000000488-segment-1051897962568538022_238_170_258_170_with_camera_labels-80.png 1480 776 58
big_dataset_depth/000000000488-segment-1051897962568538022_238_170_258_170_with_camera_labels-80.png 1488 944 27
big_dataset_depth/000000000488-segment-1051897962568538022_238_170_258_170_with_camera_labels-80.png 1512 872 36
big_dataset_depth/000000000488-segment-1051897962568538022_238_170_258_170_with_camera_labels-80.png 1520 960 26
big_dataset_depth/000000000488-segment-1051897962568538022_238_170_258_170_with_camera_labels-80.png 1528 960 25
big_dataset_depth/000000000488-segment-1051897962568538022_238_170_258_170_with_camera_labels-80.png 1536 784 47
big_dataset_depth/000000000488-segment-1051897962568538022_238_170_258_170_with_camera_labels-80.png 1544 976 25
big_dataset_depth/000000000488-segment-1051897962568538022_238_170_258_170_with_camera_labels-80.png 1552 976 24
big_dataset_depth/000000000488-segment-1051897962568538022_238_170_258_170_with_camera_labels-80.png 1560 976 24
big_dataset_depth/000000000488-segment-1051897962568538022_238_170_258_170_with_camera_labels-80.png 1568 992 24
big_dataset_depth/000000000488-segment-1051897962568538022_238_170_258_170_with_camera_labels-80.png 1576 992 23
big_dataset_depth/000000000488-segment-1051897962568538022_238_170_258_170_with_camera_labels-80.png 1584 992 23
big_dataset_depth/000000000488-segment-1051897962568538022_238_170_258_170_with_camera_labels-80.png 1592 992 23
big_dataset_depth/000000000488-segment-1051897962568538022_238_170_258_170_with_camera_labels-80.png 1600 936 30
big_dataset_depth/000000000488-segment-1051897962568538022_238_170_258_170_with_camera_labels-80.png 1608 1008 22
big_dataset_depth/000000000488-segment-1051897962568538022_238_170_258_170_with_camera_labels-80.png 1616 768 61
big_dataset_depth/000000000488-segment-1051897962568538022_238_170_258_170_with_camera_labels-80.png 1624 1008 22
big_dataset_depth/000000000488-segment-1051897962568538022_238_170_258_170_with_camera_labels-80.png 1632 784 61
big_dataset_depth/000000000488-segment-1051897962568538022_238_170_258_170_with_camera_labels-80.png 1640 1032 21
big_dataset_depth/000000000488-segment-1051897962568538022_238_170_258_170_with_camera_labels-80.png 1648 1032 21
big_dataset_depth/000000000488-segment-1051897962568538022_238_170_258_170_with_camera_labels-80.png 1664 1048 21
big_dataset_depth/000000000488-segment-1051897962568538022_238_170_258_170_with_camera_labels-80.png 1688 1048 20
big_dataset_depth/000000000488-segment-1051897962568538022_238_170_258_170_with_camera_labels-80.png 1704 944 30
big_dataset_depth/000000000488-segment-1051897962568538022_238_170_258_170_with_camera_labels-80.png 1712 1064 20
big_dataset_depth/000000000488-segment-1051897962568538022_238_170_258_170_with_camera_labels-80.png 1720 1064 20
big_dataset_depth/000000000488-segment-1051897962568538022_238_170_258_170_with_camera_labels-80.png 1728 1064 19
big_dataset_depth/000000000488-segment-1051897962568538022_238_170_258_170_with_camera_labels-80.png 1736 1088 19
big_dataset_depth/000000000488-segment-1051897962568538022_238_170_258_170_with_camera_labels-80.png 1752 1088 19
big_dataset_depth/000000000488-segment-1051897962568538022_238_170_258_170_with_camera_labels-80.png 1760 1088 19
big_dataset_depth/000000000488-segment-1051897962568538022_238_170_258_170_with_camera_labels-80.png 1768 1088 19
big_dataset_depth/000000000488-segment-1051897962568538022_238_170_258_170_with_camera_labels-80.png 1776 1112 18
big_dataset_depth/000000000488-segment-1051897962568538022_238_170_258_170_with_camera_labels-80.png 1792 1112 18
big_dataset_depth/000000000488-segment-1051897962568538022_238_170_258_170_with_camera_labels-80.png 1800 1112 18
big_dataset_depth/000000000488-segment-1051897962568538022_238_170_258_170_with_camera_labels-80.png 1808 1128 18
big_dataset_depth/000000000488-segment-1051897962568538022_238_170_258_170_with_camera_labels-80.png 1816 1128 18
big_dataset_depth/000000000488-segment-1051897962568538022_238_170_258_170_with_camera_labels-80.png 1824 1128 18
big_dataset_depth/000000000488-segment-1051897962568538022_238_170_258_170_with_camera_labels-80.png 1832 1128 18
big_dataset_depth/000000000488-segment-1051897962568538022_238_170_258_170_with_camera_labels-80.png 1840 1128 17
big_dataset_depth/000000000488-segment-1051897962568538022_238_170_258_170_with_camera_labels-80.png 1848 1016 25
big_dataset_depth/000000000488-segment-1051897962568538022_238_170_258_170_with_camera_labels-80.png 1856 1128 17
big_dataset_depth/000000000488-segment-1051897962568538022_238_170_258_170_with_camera_labels-80.png 1864 1024 25
big_dataset_depth/000000000488-segment-1051897962568538022_238_170_258_170_with_camera_labels-80.png 1872 992 25
big_dataset_depth/000000000488-segment-1051897962568538022_238_170_258_170_with_camera_labels-80.png 1880 1152 17
big_dataset_depth/000000000488-segment-1051897962568538022_238_170_258_170_with_camera_labels-80.png 1888 1016 25
big_dataset_depth/000000000488-segment-1051897962568538022_238_170_258_170_with_camera_labels-80.png 1896 976 27
big_dataset_depth/000000000488-segment-1051897962568538022_238_170_258_170_with_camera_labels-80.png 1904 872 37
big_dataset_depth/000000000488-segment-1051897962568538022_238_170_258_170_with_camera_labels-80.png 1912 1040 24
