big_dataset_depth/000000002797-segment-13142190313715360621_3888_090_3908_090_with_camera_labels-0.png 0 784 50
big_dataset_depth/000000002797-segment-13142190313715360621_3888_090_3908_090_with_camera_labels-0.png 8 792 51
big_dataset_depth/000000002797-segment-13142190313715360621_3888_090_3908_090_with_camera_labels-0.png 16 824 41
big_dataset_depth/000000002797-segment-13142190313715360621_3888_090_3908_090_with_camera_labels-0.png 24 848 42
big_dataset_depth/000000002797-segment-13142190313715360621_3888_090_3908_090_with_camera_labels-0.png 32 848 42
big_dataset_depth/000000002797-segment-13142190313715360621_3888_090_3908_090_with_camera_labels-0.png 40 848 42
big_dataset_depth/000000002797-segment-13142190313715360621_3888_090_3908_090_with_camera_labels-0.png 48 840 43
big_dataset_depth/000000002797-segment-13142190313715360621_3888_090_3908_090_with_camera_labels-0.png 56 848 42
big_dataset_depth/000000002797-segment-13142190313715360621_3888_090_3908_090_with_camera_labels-0.png 64 824 44
big_dataset_depth/000000002797-segment-13142190313715360621_3888_090_3908_090_with_camera_labels-0.png 72 816 44
big_dataset_depth/000000002797-segment-13142190313715360621_3888_090_3908_090_with_camera_labels-0.png 80 832 45
big_dataset_depth/000000002797-segment-13142190313715360621_3888_090_3908_090_with_camera_labels-0.png 88 832 45
big_dataset_depth/000000002797-segment-13142190313715360621_3888_090_3908_090_with_camera_labels-0.png 96 832 45
big_dataset_depth/000000002797-segment-13142190313715360621_3888_090_3908_090_with_camera_labels-0.png 104 816 45
big_dataset_depth/000000002797-segment-13142190313715360621_3888_090_3908_090_with_camera_labels-0.png 112 816 45
big_dataset_depth/000000002797-segment-13142190313715360621_3888_090_3908_090_with_camera_labels-0.png 120 824 45
big_dataset_depth/000000002797-segment-13142190313715360621_3888_090_3908_090_with_camera_labels-0.png 128 816 45
big_dataset_depth/000000002797-segment-13142190313715360621_3888_090_3908_090_with_camera_labels-0.png 136 824 46
big_dataset_depth/000000002797-segment-13142190313715360621_3888_090_3908_090_with_camera_labels-0.png 144 816 45
big_dataset_depth/000000002797-segment-13142190313715360621_3888_090_3908_090_with_camera_labels-0.png 152 824 47
big_dataset_depth/000000002797-segment-13142190313715360621_3888_090_3908_090_with_camera_labels-0.png 160 808 47
big_dataset_depth/000000002797-segment-13142190313715360621_3888_090_3908_090_with_camera_labels-0.png 168 832 47
big_dataset_depth/000000002797-segment-13142190313715360621_3888_090_3908_090_with_camera_labels-0.png 176 824 47
big_dataset_depth/000000002797-segment-13142190313715360621_3888_090_3908_090_with_camera_labels-0.png 184 832 47
big_dataset_depth/000000002797-segment-13142190313715360621_3888_090_3908_090_with_camera_labels-0.png 192 832 48
big_dataset_depth/000000002797-segment-13142190313715360621_3888_090_3908_090_with_camera_labels-0.png 200 824 49
big_dataset_depth/000000002797-segment-13142190313715360621_3888_090_3908_090_with_camera_labels-0.png 208 824 49
big_dataset_depth/000000002797-segment-13142190313715360621_3888_090_3908_090_with_camera_labels-0.png 216 824 50
big_dataset_depth/000000002797-segment-13142190313715360621_3888_090_3908_090_with_camera_labels-0.png 224 816 50
big_dataset_depth/000000002797-segment-13142190313715360621_3888_090_3908_090_with_camera_labels-0.png 232 816 51
big_dataset_depth/000000002797-segment-13142190313715360621_3888_090_3908_090_with_camera_labels-0.png 240 784 51
big_dataset_depth/000000002797-segment-13142190313715360621_3888_090_3908_090_with_camera_labels-0.png 248 928 28
big_dataset_depth/000000002797-segment-13142190313715360621_3888_090_3908_090_with_camera_labels-0.png 256 872 34
big_dataset_depth/000000002797-segment-13142190313715360621_3888_090_3908_090_with_camera_labels-0.png 264 848 40
big_dataset_depth/000000002797-segment-13142190313715360621_3888_090_3908_090_with_camera_labels-0.png 272 880 36
big_dataset_depth/000000002797-segment-13142190313715360621_3888_090_3908_090_with_camera_labels-0.png 280 912 27
big_dataset_depth/000000002797-segment-13142190313715360621_3888_090_3908_090_with_camera_labels-0.png 288 904 27
big_dataset_depth/000000002797-segment-13142190313715360621_3888_090_3908_090_with_camera_labels-0.png 296 912 27
big_dataset_depth/000000002797-segment-13142190313715360621_3888_090_3908_090_with_camera_labels-0.png 304 912 27
big_dataset_depth/000000002797-segment-13142190313715360621_3888_090_3908_090_with_camera_labels-0.png 312 920 28
big_dataset_depth/000000002797-segment-13142190313715360621_3888_090_3908_090_with_camera_labels-0.png 320 912 27
big_dataset_depth/000000002797-segment-13142190313715360621_3888_090_3908_090_with_camera_labels-0.png 328 912 27
big_dataset_depth/000000002797-segment-13142190313715360621_3888_090_3908_090_with_camera_labels-0.png 336 920 28
big_dataset_depth/000000002797-segment-13142190313715360621_3888_090_3908_090_with_camera_labels-0.png 344 912 27
big_dataset_depth/000000002797-segment-13142190313715360621_3888_090_3908_090_with_camera_labels-0.png 352 912 27
big_dataset_depth/000000002797-segment-13142190313715360621_3888_090_3908_090_with_camera_labels-0.png 360 920 28
big_dataset_depth/000000002797-segment-13142190313715360621_3888_090_3908_090_with_camera_labels-0.png 368 912 27
big_dataset_depth/000000002797-segment-13142190313715360621_3888_090_3908_090_with_camera_labels-0.png 376 920 28
big_dataset_depth/000000002797-segment-13142190313715360621_3888_090_3908_090_with_camera_labels-0.png 384 912 27
big_dataset_depth/000000002797-segment-13142190313715360621_3888_090_3908_090_with_camera_labels-0.png 392 920 28
big_dataset_depth/000000002797-segment-13142190313715360621_3888_090_3908_090_with_camera_labels-0.png 400 912 27
big_dataset_depth/000000002797-segment-13142190313715360621_3888_090_3908_090_with_camera_labels-0.png 408 912 27
big_dataset_depth/000000002797-segment-13142190313715360621_3888_090_3908_090_with_camera_labels-0.png 416 912 27
big_dataset_depth/000000002797-segment-13142190313715360621_3888_090_3908_090_with_camera_labels-0.png 424 912 27
big_dataset_depth/000000002797-segment-13142190313715360621_3888_090_3908_090_with_camera_labels-0.png 432 912 27
big_dataset_depth/000000002797-segment-13142190313715360621_3888_090_3908_090_with_camera_labels-0.png 440 920 28
big_dataset_depth/000000002797-segment-13142190313715360621_3888_090_3908_090_with_camera_labels-0.png 448 904 27
big_dataset_depth/000000002797-segment-13142190313715360621_3888_090_3908_090_with_camera_labels-0.png 456 904 27
big_dataset_depth/000000002797-segment-13142190313715360621_3888_090_3908_090_with_camera_labels-0.png 464 904 27
big_dataset_depth/000000002797-segment-13142190313715360621_3888_090_3908_090_with_camera_labels-0.png 472 920 27
big_dataset_depth/000000002797-segment-13142190313715360621_3888_090_3908_090_with_camera_labels-0.png 480 920 28
big_dataset_depth/000000002797-segment-13142190313715360621_3888_090_3908_090_with_camera_labels-0.png 488 920 28
big_dataset_depth/000000002797-segment-13142190313715360621_3888_090_3908_090_with_camera_labels-0.png 496 920 28
big_dataset_depth/000000002797-segment-13142190313715360621_3888_090_3908_090_with_camera_labels-0.png 504 896 28
big_dataset_depth/000000002797-segment-13142190313715360621_3888_090_3908_090_with_camera_labels-0.png 512 888 29
big_dataset_depth/000000002797-segment-13142190313715360621_3888_090_3908_090_with_camera_labels-0.png 520 896 29
big_dataset_depth/000000002797-segment-13142190313715360621_3888_090_3908_090_with_camera_labels-0.png 528 872 30
big_dataset_depth/000000002797-segment-13142190313715360621_3888_090_3908_090_with_camera_labels-0.png 536 864 30
big_dataset_depth/000000002797-segment-13142190313715360621_3888_090_3908_090_with_camera_labels-0.png 544 864 30
big_dataset_depth/000000002797-segment-13142190313715360621_3888_090_3908_090_with_camera_labels-0.png 552 888 32
big_dataset_depth/000000002797-segment-13142190313715360621_3888_090_3908_090_with_camera_labels-0.png 560 864 31
big_dataset_depth/000000002797-segment-13142190313715360621_3888_090_3908_090_with_camera_labels-0.png 568 880 32
big_dataset_depth/000000002797-segment-13142190313715360621_3888_090_3908_090_with_camera_labels-0.png 576 864 33
big_dataset_depth/000000002797-segment-13142190313715360621_3888_090_3908_090_with_camera_labels-0.png 600 816 54
big_dataset_depth/000000002797-segment-13142190313715360621_3888_090_3908_090_with_camera_labels-0.png 608 744 99
big_dataset_depth/000000002797-segment-13142190313715360621_3888_090_3908_090_with_camera_labels-0.png 616 736 100
big_dataset_depth/000000002797-segment-13142190313715360621_3888_090_3908_090_with_camera_labels-0.png 624 736 100
big_dataset_depth/000000002797-segment-13142190313715360621_3888_090_3908_090_with_camera_labels-0.png 632 736 100
big_dataset_depth/000000002797-segment-13142190313715360621_3888_090_3908_090_with_camera_labels-0.png 640 744 99
big_dataset_depth/000000002797-segment-13142190313715360621_3888_090_3908_090_with_camera_labels-0.png 680 736 104
big_dataset_depth/000000002797-segment-13142190313715360621_3888_090_3908_090_with_camera_labels-0.png 712 760 96
big_dataset_depth/000000002797-segment-13142190313715360621_3888_090_3908_090_with_camera_labels-0.png 720 760 96
big_dataset_depth/000000002797-segment-13142190313715360621_3888_090_3908_090_with_camera_labels-0.png 728 760 96
big_dataset_depth/000000002797-segment-13142190313715360621_3888_090_3908_090_with_camera_labels-0.png 1048 608 107
big_dataset_depth/000000002797-segment-13142190313715360621_3888_090_3908_090_with_camera_labels-0.png 1056 608 107
big_dataset_depth/000000002797-segment-13142190313715360621_3888_090_3908_090_with_camera_labels-0.png 1064 616 107
big_dataset_depth/000000002797-segment-13142190313715360621_3888_090_3908_090_with_camera_labels-0.png 1072 608 106
big_dataset_depth/000000002797-segment-13142190313715360621_3888_090_3908_090_with_camera_labels-0.png 1080 720 101
big_dataset_depth/000000002797-segment-13142190313715360621_3888_090_3908_090_with_camera_labels-0.png 1088 720 100
big_dataset_depth/000000002797-segment-13142190313715360621_3888_090_3908_090_with_camera_labels-0.png 1096 728 101
big_dataset_depth/000000002797-segment-13142190313715360621_3888_090_3908_090_with_camera_labels-0.png 1104 728 100
big_dataset_depth/000000002797-segment-13142190313715360621_3888_090_3908_090_with_camera_labels-0.png 1112 728 100
big_dataset_depth/000000002797-segment-13142190313715360621_3888_090_3908_090_with_camera_labels-0.png 1120 728 100
big_dataset_depth/000000002797-segment-13142190313715360621_3888_090_3908_090_with_camera_labels-0.png 1128 720 100
big_dataset_depth/000000002797-segment-13142190313715360621_3888_090_3908_090_with_camera_labels-0.png 1136 728 100
big_dataset_depth/000000002797-segment-13142190313715360621_3888_090_3908_090_with_camera_labels-0.png 1144 736 102
big_dataset_depth/000000002797-segment-13142190313715360621_3888_090_3908_090_with_camera_labels-0.png 1152 712 106
big_dataset_depth/000000002797-segment-13142190313715360621_3888_090_3908_090_with_camera_labels-0.png 1160 744 100
big_dataset_depth/000000002797-segment-13142190313715360621_3888_090_3908_090_with_camera_labels-0.png 1168 744 101
big_dataset_depth/000000002797-segment-13142190313715360621_3888_090_3908_090_with_camera_labels-0.png 1176 752 92
big_dataset_depth/000000002797-segment-13142190313715360621_3888_090_3908_090_with_camera_labels-0.png 1184 744 101
big_dataset_depth/000000002797-segment-13142190313715360621_3888_090_3908_090_with_camera_labels-0.png 1192 712 104
big_dataset_depth/000000002797-segment-13142190313715360621_3888_090_3908_090_with_camera_labels-0.png 1200 736 101
big_dataset_depth/000000002797-segment-13142190313715360621_3888_090_3908_090_with_camera_labels-0.png 1208 736 101
big_dataset_depth/000000002797-segment-13142190313715360621_3888_090_3908_090_with_camera_labels-0.png 1216 744 98
big_dataset_depth/000000002797-segment-13142190313715360621_3888_090_3908_090_with_camera_labels-0.png 1224 728 98
big_dataset_depth/000000002797-segment-13142190313715360621_3888_090_3908_090_with_camera_labels-0.png 1232 728 96
big_dataset_depth/000000002797-segment-13142190313715360621_3888_090_3908_090_with_camera_labels-0.png 1240 720 83
big_dataset_depth/000000002797-segment-13142190313715360621_3888_090_3908_090_with_camera_labels-0.png 1248 736 95
big_dataset_depth/000000002797-segment-13142190313715360621_3888_090_3908_090_with_camera_labels-0.png 1256 720 77
big_dataset_depth/000000002797-segment-13142190313715360621_3888_090_3908_090_with_camera_labels-0.png 1264 736 95
big_dataset_depth/000000002797-segment-13142190313715360621_3888_090_3908_090_with_camera_labels-0.png 1272 720 77
big_dataset_depth/000000002797-segment-13142190313715360621_3888_090_3908_090_with_camera_labels-0.png 1280 736 95
big_dataset_depth/000000002797-segment-13142190313715360621_3888_090_3908_090_with_camera_labels-0.png 1288 720 83
big_dataset_depth/000000002797-segment-13142190313715360621_3888_090_3908_090_with_camera_labels-0.png 1296 736 96
big_dataset_depth/000000002797-segment-13142190313715360621_3888_090_3908_090_with_camera_labels-0.png 1304 736 96
big_dataset_depth/000000002797-segment-13142190313715360621_3888_090_3908_090_with_camera_labels-0.png 1312 728 96
big_dataset_depth/000000002797-segment-13142190313715360621_3888_090_3908_090_with_camera_labels-0.png 1320 760 80
big_dataset_depth/000000002797-segment-13142190313715360621_3888_090_3908_090_with_camera_labels-0.png 1328 776 70
big_dataset_depth/000000002797-segment-13142190313715360621_3888_090_3908_090_with_camera_labels-0.png 1336 728 64
big_dataset_depth/000000002797-segment-13142190313715360621_3888_090_3908_090_with_camera_labels-0.png 1344 736 93
big_dataset_depth/000000002797-segment-13142190313715360621_3888_090_3908_090_with_camera_labels-0.png 1352 728 80
big_dataset_depth/000000002797-segment-13142190313715360621_3888_090_3908_090_with_camera_labels-0.png 1360 744 92
big_dataset_depth/000000002797-segment-13142190313715360621_3888_090_3908_090_with_camera_labels-0.png 1368 728 80
big_dataset_depth/000000002797-segment-13142190313715360621_3888_090_3908_090_with_camera_labels-0.png 1376 744 92
big_dataset_depth/000000002797-segment-13142190313715360621_3888_090_3908_090_with_camera_labels-0.png 1384 744 92
big_dataset_depth/000000002797-segment-13142190313715360621_3888_090_3908_090_with_camera_labels-0.png 1392 744 92
big_dataset_depth/000000002797-segment-13142190313715360621_3888_090_3908_090_with_camera_labels-0.png 1400 736 92
big_dataset_depth/000000002797-segment-13142190313715360621_3888_090_3908_090_with_camera_labels-0.png 1408 776 53
big_dataset_depth/000000002797-segment-13142190313715360621_3888_090_3908_090_with_camera_labels-0.png 1416 792 53
big_dataset_depth/000000002797-segment-13142190313715360621_3888_090_3908_090_with_camera_labels-0.png 1432 840 42
big_dataset_depth/000000002797-segment-13142190313715360621_3888_090_3908_090_with_camera_labels-0.png 1440 840 41
big_dataset_depth/000000002797-segment-13142190313715360621_3888_090_3908_090_with_camera_labels-0.png 1448 792 50
big_dataset_depth/000000002797-segment-13142190313715360621_3888_090_3908_090_with_camera_labels-0.png 1456 808 49
big_dataset_depth/000000002797-segment-13142190313715360621_3888_090_3908_090_with_camera_labels-0.png 1464 808 48
big_dataset_depth/000000002797-segment-13142190313715360621_3888_090_3908_090_with_camera_labels-0.png 1472 808 48
big_dataset_depth/000000002797-segment-13142190313715360621_3888_090_3908_090_with_camera_labels-0.png 1480 808 47
big_dataset_depth/000000002797-segment-13142190313715360621_3888_090_3908_090_with_camera_labels-0.png 1488 808 46
big_dataset_depth/000000002797-segment-13142190313715360621_3888_090_3908_090_with_camera_labels-0.png 1496 816 46
big_dataset_depth/000000002797-segment-13142190313715360621_3888_090_3908_090_with_camera_labels-0.png 1504 872 37
big_dataset_depth/000000002797-segment-13142190313715360621_3888_090_3908_090_with_camera_labels-0.png 1512 920 28
big_dataset_depth/000000002797-segment-13142190313715360621_3888_090_3908_090_with_camera_labels-0.png 1520 824 44
big_dataset_depth/000000002797-segment-13142190313715360621_3888_090_3908_090_with_camera_labels-0.png 1536 816 43
big_dataset_depth/000000002797-segment-13142190313715360621_3888_090_3908_090_with_camera_labels-0.png 1552 896 32
big_dataset_depth/000000002797-segment-13142190313715360621_3888_090_3908_090_with_camera_labels-0.png 1560 888 34
big_dataset_depth/000000002797-segment-13142190313715360621_3888_090_3908_090_with_camera_labels-0.png 1568 888 34
big_dataset_depth/000000002797-segment-13142190313715360621_3888_090_3908_090_with_camera_labels-0.png 1584 832 40
big_dataset_depth/000000002797-segment-13142190313715360621_3888_090_3908_090_with_camera_labels-0.png 1592 904 32
big_dataset_depth/000000002797-segment-13142190313715360621_3888_090_3908_090_with_camera_labels-0.png 1600 960 25
big_dataset_depth/000000002797-segment-13142190313715360621_3888_090_3908_090_with_camera_labels-0.png 1608 840 39
big_dataset_depth/000000002797-segment-13142190313715360621_3888_090_3908_090_with_camera_labels-0.png 1632 912 31
big_dataset_depth/000000002797-segment-13142190313715360621_3888_090_3908_090_with_camera_labels-0.png 1640 976 24
big_dataset_depth/000000002797-segment-13142190313715360621_3888_090_3908_090_with_camera_labels-0.png 1648 920 30
big_dataset_depth/000000002797-segment-13142190313715360621_3888_090_3908_090_with_camera_labels-0.png 1656 976 23
big_dataset_depth/000000002797-segment-13142190313715360621_3888_090_3908_090_with_camera_labels-0.png 1680 992 22
big_dataset_depth/000000002797-segment-13142190313715360621_3888_090_3908_090_with_camera_labels-0.png 1688 936 28
big_dataset_depth/000000002797-segment-13142190313715360621_3888_090_3908_090_with_camera_labels-0.png 1696 992 22
big_dataset_depth/000000002797-segment-13142190313715360621_3888_090_3908_090_with_camera_labels-0.png 1712 992 22
big_dataset_depth/000000002797-segment-13142190313715360621_3888_090_3908_090_with_camera_labels-0.png 1720 1016 21
big_dataset_depth/000000002797-segment-13142190313715360621_3888_090_3908_090_with_camera_labels-0.png 1728 968 25
big_dataset_depth/000000002797-segment-13142190313715360621_3888_090_3908_090_with_camera_labels-0.png 1736 1016 21
big_dataset_depth/000000002797-segment-13142190313715360621_3888_090_3908_090_with_camera_labels-0.png 1744 1016 21
big_dataset_depth/000000002797-segment-13142190313715360621_3888_090_3908_090_with_camera_labels-0.png 1752 1016 21
big_dataset_depth/000000002797-segment-13142190313715360621_3888_090_3908_090_with_camera_labels-0.png 1776 1032 20
big_dataset_depth/000000002797-segment-13142190313715360621_3888_090_3908_090_with_camera_labels-0.png 1784 1032 20
big_dataset_depth/000000002797-segment-13142190313715360621_3888_090_3908_090_with_camera_labels-0.png 1792 1032 20
big_dataset_depth/000000002797-segment-13142190313715360621_3888_090_3908_090_with_camera_labels-0.png 1800 1040 20
big_dataset_depth/000000002797-segment-13142190313715360621_3888_090_3908_090_with_camera_labels-0.png 1808 1056 20
big_dataset_depth/000000002797-segment-13142190313715360621_3888_090_3908_090_with_camera_labels-0.png 1816 1056 19
big_dataset_depth/000000002797-segment-13142190313715360621_3888_090_3908_090_with_camera_labels-0.png 1824 1056 19
big_dataset_depth/000000002797-segment-13142190313715360621_3888_090_3908_090_with_camera_labels-0.png 1832 1056 19
big_dataset_depth/000000002797-segment-13142190313715360621_3888_090_3908_090_with_camera_labels-0.png 1840 1056 19
big_dataset_depth/000000002797-segment-13142190313715360621_3888_090_3908_090_with_camera_labels-0.png 1848 1056 19
big_dataset_depth/000000002797-segment-13142190313715360621_3888_090_3908_090_with_camera_labels-0.png 1856 1072 19
big_dataset_depth/000000002797-segment-13142190313715360621_3888_090_3908_090_with_camera_labels-0.png 1864 1016 22
big_dataset_depth/000000002797-segment-13142190313715360621_3888_090_3908_090_with_camera_labels-0.png 1872 1072 19
big_dataset_depth/000000002797-segment-13142190313715360621_3888_090_3908_090_with_camera_labels-0.png 1880 1016 22
big_dataset_depth/000000002797-segment-13142190313715360621_3888_090_3908_090_with_camera_labels-0.png 1888 984 24
big_dataset_depth/000000002797-segment-13142190313715360621_3888_090_3908_090_with_camera_labels-0.png 1896 800 36
big_dataset_depth/000000002797-segment-13142190313715360621_3888_090_3908_090_with_camera_labels-0.png 1904 1096 18
big_dataset_depth/000000002797-segment-13142190313715360621_3888_090_3908_090_with_camera_labels-0.png 1912 792 37
