big_dataset_depth/000000003417-segment-13807633218762107566_6625_000_6645_000_with_camera_labels-0.png 0 752 63
big_dataset_depth/000000003417-segment-13807633218762107566_6625_000_6645_000_with_camera_labels-0.png 8 760 74
big_dataset_depth/000000003417-segment-13807633218762107566_6625_000_6645_000_with_camera_labels-0.png 16 776 62
big_dataset_depth/000000003417-segment-13807633218762107566_6625_000_6645_000_with_camera_labels-0.png 24 968 22
big_dataset_depth/000000003417-segment-13807633218762107566_6625_000_6645_000_with_camera_labels-0.png 32 768 75
big_dataset_depth/000000003417-segment-13807633218762107566_6625_000_6645_000_with_camera_labels-0.png 40 864 49
big_dataset_depth/000000003417-segment-13807633218762107566_6625_000_6645_000_with_camera_labels-0.png 48 864 46
big_dataset_depth/000000003417-segment-13807633218762107566_6625_000_6645_000_with_camera_labels-0.png 56 968 23
big_dataset_depth/000000003417-segment-13807633218762107566_6625_000_6645_000_with_camera_labels-0.png 64 776 70
big_dataset_depth/000000003417-segment-13807633218762107566_6625_000_6645_000_with_camera_labels-0.png 72 960 23
big_dataset_depth/000000003417-segment-13807633218762107566_6625_000_6645_000_with_camera_labels-0.png 80 952 23
big_dataset_depth/000000003417-segment-13807633218762107566_6625_000_6645_000_with_camera_labels-0.png 88 960 23
big_dataset_depth/000000003417-segment-13807633218762107566_6625_000_6645_000_with_camera_labels-0.png 96 944 23
big_dataset_depth/000000003417-segment-13807633218762107566_6625_000_6645_000_with_camera_labels-0.png 104 944 23
big_dataset_depth/000000003417-segment-13807633218762107566_6625_000_6645_000_with_camera_labels-0.png 112 944 23
big_dataset_depth/000000003417-segment-13807633218762107566_6625_000_6645_000_with_camera_labels-0.png 120 944 23
big_dataset_depth/000000003417-segment-13807633218762107566_6625_000_6645_000_with_camera_labels-0.png 128 944 23
big_dataset_depth/000000003417-segment-13807633218762107566_6625_000_6645_000_with_camera_labels-0.png 136 944 23
big_dataset_depth/000000003417-segment-13807633218762107566_6625_000_6645_000_with_camera_labels-0.png 144 944 24
big_dataset_depth/000000003417-segment-13807633218762107566_6625_000_6645_000_with_camera_labels-0.png 152 928 24
big_dataset_depth/000000003417-segment-13807633218762107566_6625_000_6645_000_with_camera_labels-0.png 168 912 25
big_dataset_depth/000000003417-segment-13807633218762107566_6625_000_6645_000_with_camera_labels-0.png 176 944 24
big_dataset_depth/000000003417-segment-13807633218762107566_6625_000_6645_000_with_camera_labels-0.png 184 944 24
big_dataset_depth/000000003417-segment-13807633218762107566_6625_000_6645_000_with_camera_labels-0.png 192 896 25
big_dataset_depth/000000003417-segment-13807633218762107566_6625_000_6645_000_with_camera_labels-0.png 200 928 24
big_dataset_depth/000000003417-segment-13807633218762107566_6625_000_6645_000_with_camera_labels-0.png 208 944 24
big_dataset_depth/000000003417-segment-13807633218762107566_6625_000_6645_000_with_camera_labels-0.png 216 944 24
big_dataset_depth/000000003417-segment-13807633218762107566_6625_000_6645_000_with_camera_labels-0.png 224 928 25
big_dataset_depth/000000003417-segment-13807633218762107566_6625_000_6645_000_with_camera_labels-0.png 240 944 24
big_dataset_depth/000000003417-segment-13807633218762107566_6625_000_6645_000_with_camera_labels-0.png 248 896 25
big_dataset_depth/000000003417-segment-13807633218762107566_6625_000_6645_000_with_camera_labels-0.png 256 928 25
big_dataset_depth/000000003417-segment-13807633218762107566_6625_000_6645_000_with_camera_labels-0.png 264 920 25
big_dataset_depth/000000003417-segment-13807633218762107566_6625_000_6645_000_with_camera_labels-0.png 272 896 25
big_dataset_depth/000000003417-segment-13807633218762107566_6625_000_6645_000_with_camera_labels-0.png 280 920 25
big_dataset_depth/000000003417-segment-13807633218762107566_6625_000_6645_000_with_camera_labels-0.png 288 920 25
big_dataset_depth/000000003417-segment-13807633218762107566_6625_000_6645_000_with_camera_labels-0.png 296 904 26
big_dataset_depth/000000003417-segment-13807633218762107566_6625_000_6645_000_with_camera_labels-0.png 304 920 25
big_dataset_depth/000000003417-segment-13807633218762107566_6625_000_6645_000_with_camera_labels-0.png 312 920 25
big_dataset_depth/000000003417-segment-13807633218762107566_6625_000_6645_000_with_camera_labels-0.png 320 880 27
big_dataset_depth/000000003417-segment-13807633218762107566_6625_000_6645_000_with_camera_labels-0.png 328 904 26
big_dataset_depth/000000003417-segment-13807633218762107566_6625_000_6645_000_with_camera_labels-0.png 336 920 25
big_dataset_depth/000000003417-segment-13807633218762107566_6625_000_6645_000_with_camera_labels-0.png 344 896 26
big_dataset_depth/000000003417-segment-13807633218762107566_6625_000_6645_000_with_camera_labels-0.png 352 896 26
big_dataset_depth/000000003417-segment-13807633218762107566_6625_000_6645_000_with_camera_labels-0.png 360 864 27
big_dataset_depth/000000003417-segment-13807633218762107566_6625_000_6645_000_with_camera_labels-0.png 368 872 27
big_dataset_depth/000000003417-segment-13807633218762107566_6625_000_6645_000_with_camera_labels-0.png 376 904 26
big_dataset_depth/000000003417-segment-13807633218762107566_6625_000_6645_000_with_camera_labels-0.png 384 888 27
big_dataset_depth/000000003417-segment-13807633218762107566_6625_000_6645_000_with_camera_labels-0.png 400 896 27
big_dataset_depth/000000003417-segment-13807633218762107566_6625_000_6645_000_with_camera_labels-0.png 408 888 27
big_dataset_depth/000000003417-segment-13807633218762107566_6625_000_6645_000_with_camera_labels-0.png 416 872 28
big_dataset_depth/000000003417-segment-13807633218762107566_6625_000_6645_000_with_camera_labels-0.png 424 888 27
big_dataset_depth/000000003417-segment-13807633218762107566_6625_000_6645_000_with_camera_labels-0.png 432 904 27
big_dataset_depth/000000003417-segment-13807633218762107566_6625_000_6645_000_with_camera_labels-0.png 440 872 28
big_dataset_depth/000000003417-segment-13807633218762107566_6625_000_6645_000_with_camera_labels-0.png 448 888 27
big_dataset_depth/000000003417-segment-13807633218762107566_6625_000_6645_000_with_camera_labels-0.png 456 904 27
big_dataset_depth/000000003417-segment-13807633218762107566_6625_000_6645_000_with_camera_labels-0.png 464 872 28
big_dataset_depth/000000003417-segment-13807633218762107566_6625_000_6645_000_with_camera_labels-0.png 472 856 29
big_dataset_depth/000000003417-segment-13807633218762107566_6625_000_6645_000_with_camera_labels-0.png 480 904 27
big_dataset_depth/000000003417-segment-13807633218762107566_6625_000_6645_000_with_camera_labels-0.png 488 904 27
big_dataset_depth/000000003417-segment-13807633218762107566_6625_000_6645_000_with_camera_labels-0.png 496 888 28
big_dataset_depth/000000003417-segment-13807633218762107566_6625_000_6645_000_with_camera_labels-0.png 504 888 28
big_dataset_depth/000000003417-segment-13807633218762107566_6625_000_6645_000_with_camera_labels-0.png 512 864 29
big_dataset_depth/000000003417-segment-13807633218762107566_6625_000_6645_000_with_camera_labels-0.png 520 888 28
big_dataset_depth/000000003417-segment-13807633218762107566_6625_000_6645_000_with_camera_labels-0.png 528 888 28
big_dataset_depth/000000003417-segment-13807633218762107566_6625_000_6645_000_with_camera_labels-0.png 536 784 38
big_dataset_depth/000000003417-segment-13807633218762107566_6625_000_6645_000_with_camera_labels-0.png 544 888 28
big_dataset_depth/000000003417-segment-13807633218762107566_6625_000_6645_000_with_camera_labels-0.png 552 816 31
big_dataset_depth/000000003417-segment-13807633218762107566_6625_000_6645_000_with_camera_labels-0.png 560 888 29
big_dataset_depth/000000003417-segment-13807633218762107566_6625_000_6645_000_with_camera_labels-0.png 568 808 31
big_dataset_depth/000000003417-segment-13807633218762107566_6625_000_6645_000_with_camera_labels-0.png 576 832 32
big_dataset_depth/000000003417-segment-13807633218762107566_6625_000_6645_000_with_camera_labels-0.png 584 816 32
big_dataset_depth/000000003417-segment-13807633218762107566_6625_000_6645_000_with_camera_labels-0.png 592 872 29
big_dataset_depth/000000003417-segment-13807633218762107566_6625_000_6645_000_with_camera_labels-0.png 600 840 31
big_dataset_depth/000000003417-segment-13807633218762107566_6625_000_6645_000_with_camera_labels-0.png 608 872 30
big_dataset_depth/000000003417-segment-13807633218762107566_6625_000_6645_000_with_camera_labels-0.png 616 872 30
big_dataset_depth/000000003417-segment-13807633218762107566_6625_000_6645_000_with_camera_labels-0.png 624 848 31
big_dataset_depth/000000003417-segment-13807633218762107566_6625_000_6645_000_with_camera_labels-0.png 632 872 30
big_dataset_depth/000000003417-segment-13807633218762107566_6625_000_6645_000_with_camera_labels-0.png 640 872 30
big_dataset_depth/000000003417-segment-13807633218762107566_6625_000_6645_000_with_camera_labels-0.png 648 872 30
big_dataset_depth/000000003417-segment-13807633218762107566_6625_000_6645_000_with_camera_labels-0.png 664 872 31
big_dataset_depth/000000003417-segment-13807633218762107566_6625_000_6645_000_with_camera_labels-0.png 672 872 31
big_dataset_depth/000000003417-segment-13807633218762107566_6625_000_6645_000_with_camera_labels-0.png 680 872 31
big_dataset_depth/000000003417-segment-13807633218762107566_6625_000_6645_000_with_camera_labels-0.png 688 784 39
big_dataset_depth/000000003417-segment-13807633218762107566_6625_000_6645_000_with_camera_labels-0.png 696 800 37
big_dataset_depth/000000003417-segment-13807633218762107566_6625_000_6645_000_with_camera_labels-0.png 704 856 32
big_dataset_depth/000000003417-segment-13807633218762107566_6625_000_6645_000_with_camera_labels-0.png 712 856 32
big_dataset_depth/000000003417-segment-13807633218762107566_6625_000_6645_000_with_camera_labels-0.png 720 808 37
big_dataset_depth/000000003417-segment-13807633218762107566_6625_000_6645_000_with_camera_labels-0.png 728 856 32
big_dataset_depth/000000003417-segment-13807633218762107566_6625_000_6645_000_with_camera_labels-0.png 736 856 32
big_dataset_depth/000000003417-segment-13807633218762107566_6625_000_6645_000_with_camera_labels-0.png 744 832 35
big_dataset_depth/000000003417-segment-13807633218762107566_6625_000_6645_000_with_camera_labels-0.png 752 856 33
big_dataset_depth/000000003417-segment-13807633218762107566_6625_000_6645_000_with_camera_labels-0.png 760 824 35
big_dataset_depth/000000003417-segment-13807633218762107566_6625_000_6645_000_with_camera_labels-0.png 768 856 33
big_dataset_depth/000000003417-segment-13807633218762107566_6625_000_6645_000_with_camera_labels-0.png 776 776 37
big_dataset_depth/000000003417-segment-13807633218762107566_6625_000_6645_000_with_camera_labels-0.png 784 768 45
big_dataset_depth/000000003417-segment-13807633218762107566_6625_000_6645_000_with_camera_labels-0.png 792 784 39
big_dataset_depth/000000003417-segment-13807633218762107566_6625_000_6645_000_with_camera_labels-0.png 800 816 36
big_dataset_depth/000000003417-segment-13807633218762107566_6625_000_6645_000_with_camera_labels-0.png 808 840 34
big_dataset_depth/000000003417-segment-13807633218762107566_6625_000_6645_000_with_camera_labels-0.png 816 840 34
big_dataset_depth/000000003417-segment-13807633218762107566_6625_000_6645_000_with_camera_labels-0.png 824 840 35
big_dataset_depth/000000003417-segment-13807633218762107566_6625_000_6645_000_with_camera_labels-0.png 832 792 39
big_dataset_depth/000000003417-segment-13807633218762107566_6625_000_6645_000_with_camera_labels-0.png 840 840 35
big_dataset_depth/000000003417-segment-13807633218762107566_6625_000_6645_000_with_camera_labels-0.png 848 776 40
big_dataset_depth/000000003417-segment-13807633218762107566_6625_000_6645_000_with_camera_labels-0.png 856 752 45
big_dataset_depth/000000003417-segment-13807633218762107566_6625_000_6645_000_with_camera_labels-0.png 864 792 40
big_dataset_depth/000000003417-segment-13807633218762107566_6625_000_6645_000_with_camera_labels-0.png 872 776 43
big_dataset_depth/000000003417-segment-13807633218762107566_6625_000_6645_000_with_camera_labels-0.png 880 808 39
big_dataset_depth/000000003417-segment-13807633218762107566_6625_000_6645_000_with_camera_labels-0.png 888 792 40
big_dataset_depth/000000003417-segment-13807633218762107566_6625_000_6645_000_with_camera_labels-0.png 896 760 47
big_dataset_depth/000000003417-segment-13807633218762107566_6625_000_6645_000_with_camera_labels-0.png 904 752 47
big_dataset_depth/000000003417-segment-13807633218762107566_6625_000_6645_000_with_camera_labels-0.png 912 784 42
big_dataset_depth/000000003417-segment-13807633218762107566_6625_000_6645_000_with_camera_labels-0.png 920 784 42
big_dataset_depth/000000003417-segment-13807633218762107566_6625_000_6645_000_with_camera_labels-0.png 928 792 42
big_dataset_depth/000000003417-segment-13807633218762107566_6625_000_6645_000_with_camera_labels-0.png 936 632 55
big_dataset_depth/000000003417-segment-13807633218762107566_6625_000_6645_000_with_camera_labels-0.png 944 712 49
big_dataset_depth/000000003417-segment-13807633218762107566_6625_000_6645_000_with_camera_labels-0.png 952 768 44
big_dataset_depth/000000003417-segment-13807633218762107566_6625_000_6645_000_with_camera_labels-0.png 960 784 44
big_dataset_depth/000000003417-segment-13807633218762107566_6625_000_6645_000_with_camera_labels-0.png 968 816 40
big_dataset_depth/000000003417-segment-13807633218762107566_6625_000_6645_000_with_camera_labels-0.png 976 800 42
big_dataset_depth/000000003417-segment-13807633218762107566_6625_000_6645_000_with_camera_labels-0.png 984 816 40
big_dataset_depth/000000003417-segment-13807633218762107566_6625_000_6645_000_with_camera_labels-0.png 992 792 43
big_dataset_depth/000000003417-segment-13807633218762107566_6625_000_6645_000_with_camera_labels-0.png 1000 792 43
big_dataset_depth/000000003417-segment-13807633218762107566_6625_000_6645_000_with_camera_labels-0.png 1008 760 49
big_dataset_depth/000000003417-segment-13807633218762107566_6625_000_6645_000_with_camera_labels-0.png 1016 776 46
big_dataset_depth/000000003417-segment-13807633218762107566_6625_000_6645_000_with_camera_labels-0.png 1024 728 50
big_dataset_depth/000000003417-segment-13807633218762107566_6625_000_6645_000_with_camera_labels-0.png 1032 728 57
big_dataset_depth/000000003417-segment-13807633218762107566_6625_000_6645_000_with_camera_labels-0.png 1040 744 56
big_dataset_depth/000000003417-segment-13807633218762107566_6625_000_6645_000_with_camera_labels-0.png 1048 752 56
big_dataset_depth/000000003417-segment-13807633218762107566_6625_000_6645_000_with_camera_labels-0.png 1056 776 50
big_dataset_depth/000000003417-segment-13807633218762107566_6625_000_6645_000_with_camera_labels-0.png 1064 776 49
big_dataset_depth/000000003417-segment-13807633218762107566_6625_000_6645_000_with_camera_labels-0.png 1072 752 54
big_dataset_depth/000000003417-segment-13807633218762107566_6625_000_6645_000_with_camera_labels-0.png 1080 752 51
big_dataset_depth/000000003417-segment-13807633218762107566_6625_000_6645_000_with_camera_labels-0.png 1088 712 56
big_dataset_depth/000000003417-segment-13807633218762107566_6625_000_6645_000_with_camera_labels-0.png 1096 752 54
big_dataset_depth/000000003417-segment-13807633218762107566_6625_000_6645_000_with_camera_labels-0.png 1104 752 54
big_dataset_depth/000000003417-segment-13807633218762107566_6625_000_6645_000_with_camera_labels-0.png 1112 744 54
big_dataset_depth/000000003417-segment-13807633218762107566_6625_000_6645_000_with_camera_labels-0.png 1120 744 54
big_dataset_depth/000000003417-segment-13807633218762107566_6625_000_6645_000_with_camera_labels-0.png 1128 744 54
big_dataset_depth/000000003417-segment-13807633218762107566_6625_000_6645_000_with_camera_labels-0.png 1136 744 54
big_dataset_depth/000000003417-segment-13807633218762107566_6625_000_6645_000_with_camera_labels-0.png 1144 744 54
big_dataset_depth/000000003417-segment-13807633218762107566_6625_000_6645_000_with_camera_labels-0.png 1152 752 54
big_dataset_depth/000000003417-segment-13807633218762107566_6625_000_6645_000_with_camera_labels-0.png 1160 744 54
big_dataset_depth/000000003417-segment-13807633218762107566_6625_000_6645_000_with_camera_labels-0.png 1168 752 55
big_dataset_depth/000000003417-segment-13807633218762107566_6625_000_6645_000_with_camera_labels-0.png 1176 736 55
big_dataset_depth/000000003417-segment-13807633218762107566_6625_000_6645_000_with_camera_labels-0.png 1184 744 56
big_dataset_depth/000000003417-segment-13807633218762107566_6625_000_6645_000_with_camera_labels-0.png 1192 760 53
big_dataset_depth/000000003417-segment-13807633218762107566_6625_000_6645_000_with_camera_labels-0.png 1200 736 54
big_dataset_depth/000000003417-segment-13807633218762107566_6625_000_6645_000_with_camera_labels-0.png 1208 736 55
big_dataset_depth/000000003417-segment-13807633218762107566_6625_000_6645_000_with_camera_labels-0.png 1216 736 58
big_dataset_depth/000000003417-segment-13807633218762107566_6625_000_6645_000_with_camera_labels-0.png 1224 752 59
big_dataset_depth/000000003417-segment-13807633218762107566_6625_000_6645_000_with_camera_labels-0.png 1232 744 59
big_dataset_depth/000000003417-segment-13807633218762107566_6625_000_6645_000_with_camera_labels-0.png 1240 752 59
big_dataset_depth/000000003417-segment-13807633218762107566_6625_000_6645_000_with_camera_labels-0.png 1248 752 59
big_dataset_depth/000000003417-segment-13807633218762107566_6625_000_6645_000_with_camera_labels-0.png 1256 744 62
big_dataset_depth/000000003417-segment-13807633218762107566_6625_000_6645_000_with_camera_labels-0.png 1264 744 62
big_dataset_depth/000000003417-segment-13807633218762107566_6625_000_6645_000_with_camera_labels-0.png 1272 744 62
big_dataset_depth/000000003417-segment-13807633218762107566_6625_000_6645_000_with_camera_labels-0.png 1280 736 66
big_dataset_depth/000000003417-segment-13807633218762107566_6625_000_6645_000_with_camera_labels-0.png 1288 752 63
big_dataset_depth/000000003417-segment-13807633218762107566_6625_000_6645_000_with_camera_labels-0.png 1296 736 66
big_dataset_depth/000000003417-segment-13807633218762107566_6625_000_6645_000_with_camera_labels-0.png 1304 728 71
big_dataset_depth/000000003417-segment-13807633218762107566_6625_000_6645_000_with_camera_labels-0.png 1312 736 72
big_dataset_depth/000000003417-segment-13807633218762107566_6625_000_6645_000_with_camera_labels-0.png 1320 728 77
big_dataset_depth/000000003417-segment-13807633218762107566_6625_000_6645_000_with_camera_labels-0.png 1328 728 77
big_dataset_depth/000000003417-segment-13807633218762107566_6625_000_6645_000_with_camera_labels-0.png 1336 728 77
big_dataset_depth/000000003417-segment-13807633218762107566_6625_000_6645_000_with_camera_labels-0.png 1344 728 77
big_dataset_depth/000000003417-segment-13807633218762107566_6625_000_6645_000_with_camera_labels-0.png 1360 736 75
big_dataset_depth/000000003417-segment-13807633218762107566_6625_000_6645_000_with_camera_labels-0.png 1368 728 79
big_dataset_depth/000000003417-segment-13807633218762107566_6625_000_6645_000_with_camera_labels-0.png 1376 704 86
big_dataset_depth/000000003417-segment-13807633218762107566_6625_000_6645_000_with_camera_labels-0.png 1384 704 86
big_dataset_depth/000000003417-segment-13807633218762107566_6625_000_6645_000_with_camera_labels-0.png 1392 664 88
big_dataset_depth/000000003417-segment-13807633218762107566_6625_000_6645_000_with_camera_labels-0.png 1400 664 87
big_dataset_depth/000000003417-segment-13807633218762107566_6625_000_6645_000_with_camera_labels-0.png 1408 712 89
big_dataset_depth/000000003417-segment-13807633218762107566_6625_000_6645_000_with_camera_labels-0.png 1424 720 88
big_dataset_depth/000000003417-segment-13807633218762107566_6625_000_6645_000_with_camera_labels-0.png 1432 728 85
big_dataset_depth/000000003417-segment-13807633218762107566_6625_000_6645_000_with_camera_labels-0.png 1440 728 85
big_dataset_depth/000000003417-segment-13807633218762107566_6625_000_6645_000_with_camera_labels-0.png 1448 728 85
big_dataset_depth/000000003417-segment-13807633218762107566_6625_000_6645_000_with_camera_labels-0.png 1456 712 95
big_dataset_depth/000000003417-segment-13807633218762107566_6625_000_6645_000_with_camera_labels-0.png 1464 712 97
big_dataset_depth/000000003417-segment-13807633218762107566_6625_000_6645_000_with_camera_labels-0.png 1472 720 97
big_dataset_depth/000000003417-segment-13807633218762107566_6625_000_6645_000_with_camera_labels-0.png 1480 712 98
big_dataset_depth/000000003417-segment-13807633218762107566_6625_000_6645_000_with_camera_labels-0.png 1488 712 99
big_dataset_depth/000000003417-segment-13807633218762107566_6625_000_6645_000_with_camera_labels-0.png 1504 720 106
big_dataset_depth/000000003417-segment-13807633218762107566_6625_000_6645_000_with_camera_labels-0.png 1512 720 106
big_dataset_depth/000000003417-segment-13807633218762107566_6625_000_6645_000_with_camera_labels-0.png 1552 768 69
