big_dataset_depth/000000000154-segment-10075870402459732738_1060_000_1080_000_with_camera_labels-140.png 0 752 34
big_dataset_depth/000000000154-segment-10075870402459732738_1060_000_1080_000_with_camera_labels-140.png 8 840 32
big_dataset_depth/000000000154-segment-10075870402459732738_1060_000_1080_000_with_camera_labels-140.png 24 872 29
big_dataset_depth/000000000154-segment-10075870402459732738_1060_000_1080_000_with_camera_labels-140.png 32 736 36
big_dataset_depth/000000000154-segment-10075870402459732738_1060_000_1080_000_with_camera_labels-140.png 40 752 34
big_dataset_depth/000000000154-segment-10075870402459732738_1060_000_1080_000_with_camera_labels-140.png 48 768 32
big_dataset_depth/000000000154-segment-10075870402459732738_1060_000_1080_000_with_camera_labels-140.png 56 800 32
big_dataset_depth/000000000154-segment-10075870402459732738_1060_000_1080_000_with_camera_labels-140.png 64 840 30
big_dataset_depth/000000000154-segment-10075870402459732738_1060_000_1080_000_with_camera_labels-140.png 72 840 31
big_dataset_depth/000000000154-segment-10075870402459732738_1060_000_1080_000_with_camera_labels-140.png 80 824 30
big_dataset_depth/000000000154-segment-10075870402459732738_1060_000_1080_000_with_camera_labels-140.png 88 824 30
big_dataset_depth/000000000154-segment-10075870402459732738_1060_000_1080_000_with_camera_labels-140.png 96 824 30
big_dataset_depth/000000000154-segment-10075870402459732738_1060_000_1080_000_with_camera_labels-140.png 104 840 30
big_dataset_depth/000000000154-segment-10075870402459732738_1060_000_1080_000_with_camera_labels-140.png 112 832 30
big_dataset_depth/000000000154-segment-10075870402459732738_1060_000_1080_000_with_camera_labels-140.png 120 840 30
big_dataset_depth/000000000154-segment-10075870402459732738_1060_000_1080_000_with_camera_labels-140.png 128 824 30
big_dataset_depth/000000000154-segment-10075870402459732738_1060_000_1080_000_with_camera_labels-140.png 136 840 30
big_dataset_depth/000000000154-segment-10075870402459732738_1060_000_1080_000_with_camera_labels-140.png 144 832 30
big_dataset_depth/000000000154-segment-10075870402459732738_1060_000_1080_000_with_camera_labels-140.png 152 840 30
big_dataset_depth/000000000154-segment-10075870402459732738_1060_000_1080_000_with_camera_labels-140.png 160 840 30
big_dataset_depth/000000000154-segment-10075870402459732738_1060_000_1080_000_with_camera_labels-140.png 168 808 30
big_dataset_depth/000000000154-segment-10075870402459732738_1060_000_1080_000_with_camera_labels-140.png 176 840 29
big_dataset_depth/000000000154-segment-10075870402459732738_1060_000_1080_000_with_camera_labels-140.png 184 824 30
big_dataset_depth/000000000154-segment-10075870402459732738_1060_000_1080_000_with_camera_labels-140.png 192 824 30
big_dataset_depth/000000000154-segment-10075870402459732738_1060_000_1080_000_with_camera_labels-140.png 200 824 30
big_dataset_depth/000000000154-segment-10075870402459732738_1060_000_1080_000_with_camera_labels-140.png 208 816 30
big_dataset_depth/000000000154-segment-10075870402459732738_1060_000_1080_000_with_camera_labels-140.png 216 824 30
big_dataset_depth/000000000154-segment-10075870402459732738_1060_000_1080_000_with_camera_labels-140.png 224 824 30
big_dataset_depth/000000000154-segment-10075870402459732738_1060_000_1080_000_with_camera_labels-140.png 232 824 30
big_dataset_depth/000000000154-segment-10075870402459732738_1060_000_1080_000_with_camera_labels-140.png 240 824 29
big_dataset_depth/000000000154-segment-10075870402459732738_1060_000_1080_000_with_camera_labels-140.png 248 816 29
big_dataset_depth/000000000154-segment-10075870402459732738_1060_000_1080_000_with_camera_labels-140.png 256 824 29
big_dataset_depth/000000000154-segment-10075870402459732738_1060_000_1080_000_with_camera_labels-140.png 264 832 30
big_dataset_depth/000000000154-segment-10075870402459732738_1060_000_1080_000_with_camera_labels-140.png 272 824 29
big_dataset_depth/000000000154-segment-10075870402459732738_1060_000_1080_000_with_camera_labels-140.png 280 824 29
big_dataset_depth/000000000154-segment-10075870402459732738_1060_000_1080_000_with_camera_labels-140.png 288 824 29
big_dataset_depth/000000000154-segment-10075870402459732738_1060_000_1080_000_with_camera_labels-140.png 296 824 29
big_dataset_depth/000000000154-segment-10075870402459732738_1060_000_1080_000_with_camera_labels-140.png 304 816 29
big_dataset_depth/000000000154-segment-10075870402459732738_1060_000_1080_000_with_camera_labels-140.png 312 824 29
big_dataset_depth/000000000154-segment-10075870402459732738_1060_000_1080_000_with_camera_labels-140.png 320 824 29
big_dataset_depth/000000000154-segment-10075870402459732738_1060_000_1080_000_with_camera_labels-140.png 328 824 29
big_dataset_depth/000000000154-segment-10075870402459732738_1060_000_1080_000_with_camera_labels-140.png 336 824 29
big_dataset_depth/000000000154-segment-10075870402459732738_1060_000_1080_000_with_camera_labels-140.png 344 824 29
big_dataset_depth/000000000154-segment-10075870402459732738_1060_000_1080_000_with_camera_labels-140.png 352 824 29
big_dataset_depth/000000000154-segment-10075870402459732738_1060_000_1080_000_with_camera_labels-140.png 360 824 30
big_dataset_depth/000000000154-segment-10075870402459732738_1060_000_1080_000_with_camera_labels-140.png 368 824 29
big_dataset_depth/000000000154-segment-10075870402459732738_1060_000_1080_000_with_camera_labels-140.png 376 824 29
big_dataset_depth/000000000154-segment-10075870402459732738_1060_000_1080_000_with_camera_labels-140.png 384 824 29
big_dataset_depth/000000000154-segment-10075870402459732738_1060_000_1080_000_with_camera_labels-140.png 392 816 29
big_dataset_depth/000000000154-segment-10075870402459732738_1060_000_1080_000_with_camera_labels-140.png 400 816 29
big_dataset_depth/000000000154-segment-10075870402459732738_1060_000_1080_000_with_camera_labels-140.png 408 816 29
big_dataset_depth/000000000154-segment-10075870402459732738_1060_000_1080_000_with_camera_labels-140.png 416 824 29
big_dataset_depth/000000000154-segment-10075870402459732738_1060_000_1080_000_with_camera_labels-140.png 424 832 29
big_dataset_depth/000000000154-segment-10075870402459732738_1060_000_1080_000_with_camera_labels-140.png 432 832 29
big_dataset_depth/000000000154-segment-10075870402459732738_1060_000_1080_000_with_camera_labels-140.png 440 840 29
big_dataset_depth/000000000154-segment-10075870402459732738_1060_000_1080_000_with_camera_labels-140.png 448 832 29
big_dataset_depth/000000000154-segment-10075870402459732738_1060_000_1080_000_with_camera_labels-140.png 456 832 29
big_dataset_depth/000000000154-segment-10075870402459732738_1060_000_1080_000_with_camera_labels-140.png 464 816 29
big_dataset_depth/000000000154-segment-10075870402459732738_1060_000_1080_000_with_camera_labels-140.png 472 816 29
big_dataset_depth/000000000154-segment-10075870402459732738_1060_000_1080_000_with_camera_labels-140.png 480 792 29
big_dataset_depth/000000000154-segment-10075870402459732738_1060_000_1080_000_with_camera_labels-140.png 488 832 30
big_dataset_depth/000000000154-segment-10075870402459732738_1060_000_1080_000_with_camera_labels-140.png 496 800 29
big_dataset_depth/000000000154-segment-10075870402459732738_1060_000_1080_000_with_camera_labels-140.png 504 816 29
big_dataset_depth/000000000154-segment-10075870402459732738_1060_000_1080_000_with_camera_labels-140.png 512 808 29
big_dataset_depth/000000000154-segment-10075870402459732738_1060_000_1080_000_with_camera_labels-140.png 520 808 30
big_dataset_depth/000000000154-segment-10075870402459732738_1060_000_1080_000_with_camera_labels-140.png 528 800 29
big_dataset_depth/000000000154-segment-10075870402459732738_1060_000_1080_000_with_camera_labels-140.png 544 800 29
big_dataset_depth/000000000154-segment-10075870402459732738_1060_000_1080_000_with_camera_labels-140.png 552 792 29
big_dataset_depth/000000000154-segment-10075870402459732738_1060_000_1080_000_with_camera_labels-140.png 560 744 30
big_dataset_depth/000000000154-segment-10075870402459732738_1060_000_1080_000_with_camera_labels-140.png 576 712 41
big_dataset_depth/000000000154-segment-10075870402459732738_1060_000_1080_000_with_camera_labels-140.png 584 704 41
big_dataset_depth/000000000154-segment-10075870402459732738_1060_000_1080_000_with_camera_labels-140.png 592 720 41
big_dataset_depth/000000000154-segment-10075870402459732738_1060_000_1080_000_with_camera_labels-140.png 600 752 38
big_dataset_depth/000000000154-segment-10075870402459732738_1060_000_1080_000_with_camera_labels-140.png 608 752 35
big_dataset_depth/000000000154-segment-10075870402459732738_1060_000_1080_000_with_camera_labels-140.png 616 768 40
big_dataset_depth/000000000154-segment-10075870402459732738_1060_000_1080_000_with_camera_labels-140.png 624 760 41
big_dataset_depth/000000000154-segment-10075870402459732738_1060_000_1080_000_with_camera_labels-140.png 632 736 41
big_dataset_depth/000000000154-segment-10075870402459732738_1060_000_1080_000_with_camera_labels-140.png 640 736 41
big_dataset_depth/000000000154-segment-10075870402459732738_1060_000_1080_000_with_camera_labels-140.png 648 768 40
big_dataset_depth/000000000154-segment-10075870402459732738_1060_000_1080_000_with_camera_labels-140.png 656 736 41
big_dataset_depth/000000000154-segment-10075870402459732738_1060_000_1080_000_with_camera_labels-140.png 664 744 40
big_dataset_depth/000000000154-segment-10075870402459732738_1060_000_1080_000_with_camera_labels-140.png 672 736 41
big_dataset_depth/000000000154-segment-10075870402459732738_1060_000_1080_000_with_camera_labels-140.png 688 648 52
big_dataset_depth/000000000154-segment-10075870402459732738_1060_000_1080_000_with_camera_labels-140.png 696 536 54
big_dataset_depth/000000000154-segment-10075870402459732738_1060_000_1080_000_with_camera_labels-140.png 704 728 59
big_dataset_depth/000000000154-segment-10075870402459732738_1060_000_1080_000_with_camera_labels-140.png 712 712 71
big_dataset_depth/000000000154-segment-10075870402459732738_1060_000_1080_000_with_camera_labels-140.png 720 744 47
big_dataset_depth/000000000154-segment-10075870402459732738_1060_000_1080_000_with_camera_labels-140.png 728 544 55
big_dataset_depth/000000000154-segment-10075870402459732738_1060_000_1080_000_with_camera_labels-140.png 736 712 71
big_dataset_depth/000000000154-segment-10075870402459732738_1060_000_1080_000_with_camera_labels-140.png 744 712 71
big_dataset_depth/000000000154-segment-10075870402459732738_1060_000_1080_000_with_camera_labels-140.png 752 528 56
big_dataset_depth/000000000154-segment-10075870402459732738_1060_000_1080_000_with_camera_labels-140.png 760 520 56
big_dataset_depth/000000000154-segment-10075870402459732738_1060_000_1080_000_with_camera_labels-140.png 768 536 60
big_dataset_depth/000000000154-segment-10075870402459732738_1060_000_1080_000_with_camera_labels-140.png 776 520 57
big_dataset_depth/000000000154-segment-10075870402459732738_1060_000_1080_000_with_camera_labels-140.png 784 728 56
big_dataset_depth/000000000154-segment-10075870402459732738_1060_000_1080_000_with_camera_labels-140.png 792 744 47
big_dataset_depth/000000000154-segment-10075870402459732738_1060_000_1080_000_with_camera_labels-140.png 976 720 67
big_dataset_depth/000000000154-segment-10075870402459732738_1060_000_1080_000_with_camera_labels-140.png 1000 712 62
big_dataset_depth/000000000154-segment-10075870402459732738_1060_000_1080_000_with_camera_labels-140.png 1008 712 62
big_dataset_depth/000000000154-segment-10075870402459732738_1060_000_1080_000_with_camera_labels-140.png 1016 720 62
big_dataset_depth/000000000154-segment-10075870402459732738_1060_000_1080_000_with_camera_labels-140.png 1024 720 62
big_dataset_depth/000000000154-segment-10075870402459732738_1060_000_1080_000_with_camera_labels-140.png 1032 720 62
big_dataset_depth/000000000154-segment-10075870402459732738_1060_000_1080_000_with_camera_labels-140.png 1040 720 62
big_dataset_depth/000000000154-segment-10075870402459732738_1060_000_1080_000_with_camera_labels-140.png 1048 720 62
big_dataset_depth/000000000154-segment-10075870402459732738_1060_000_1080_000_with_camera_labels-140.png 1056 720 62
big_dataset_depth/000000000154-segment-10075870402459732738_1060_000_1080_000_with_camera_labels-140.png 1064 720 62
big_dataset_depth/000000000154-segment-10075870402459732738_1060_000_1080_000_with_camera_labels-140.png 1072 720 62
big_dataset_depth/000000000154-segment-10075870402459732738_1060_000_1080_000_with_camera_labels-140.png 1080 720 62
big_dataset_depth/000000000154-segment-10075870402459732738_1060_000_1080_000_with_camera_labels-140.png 1088 720 62
big_dataset_depth/000000000154-segment-10075870402459732738_1060_000_1080_000_with_camera_labels-140.png 1096 720 62
big_dataset_depth/000000000154-segment-10075870402459732738_1060_000_1080_000_with_camera_labels-140.png 1104 720 62
big_dataset_depth/000000000154-segment-10075870402459732738_1060_000_1080_000_with_camera_labels-140.png 1112 720 62
big_dataset_depth/000000000154-segment-10075870402459732738_1060_000_1080_000_with_camera_labels-140.png 1120 720 62
big_dataset_depth/000000000154-segment-10075870402459732738_1060_000_1080_000_with_camera_labels-140.png 1128 752 50
big_dataset_depth/000000000154-segment-10075870402459732738_1060_000_1080_000_with_camera_labels-140.png 1136 784 38
big_dataset_depth/000000000154-segment-10075870402459732738_1060_000_1080_000_with_camera_labels-140.png 1144 752 36
big_dataset_depth/000000000154-segment-10075870402459732738_1060_000_1080_000_with_camera_labels-140.png 1152 784 34
big_dataset_depth/000000000154-segment-10075870402459732738_1060_000_1080_000_with_camera_labels-140.png 1160 816 34
big_dataset_depth/000000000154-segment-10075870402459732738_1060_000_1080_000_with_camera_labels-140.png 1168 784 34
big_dataset_depth/000000000154-segment-10075870402459732738_1060_000_1080_000_with_camera_labels-140.png 1176 816 34
big_dataset_depth/000000000154-segment-10075870402459732738_1060_000_1080_000_with_camera_labels-140.png 1184 760 32
big_dataset_depth/000000000154-segment-10075870402459732738_1060_000_1080_000_with_camera_labels-140.png 1192 768 33
big_dataset_depth/000000000154-segment-10075870402459732738_1060_000_1080_000_with_camera_labels-140.png 1200 856 29
big_dataset_depth/000000000154-segment-10075870402459732738_1060_000_1080_000_with_camera_labels-140.png 1208 840 29
big_dataset_depth/000000000154-segment-10075870402459732738_1060_000_1080_000_with_camera_labels-140.png 1216 816 28
big_dataset_depth/000000000154-segment-10075870402459732738_1060_000_1080_000_with_camera_labels-140.png 1224 864 28
big_dataset_depth/000000000154-segment-10075870402459732738_1060_000_1080_000_with_camera_labels-140.png 1232 800 27
big_dataset_depth/000000000154-segment-10075870402459732738_1060_000_1080_000_with_camera_labels-140.png 1240 832 27
big_dataset_depth/000000000154-segment-10075870402459732738_1060_000_1080_000_with_camera_labels-140.png 1248 800 26
big_dataset_depth/000000000154-segment-10075870402459732738_1060_000_1080_000_with_camera_labels-140.png 1256 848 25
big_dataset_depth/000000000154-segment-10075870402459732738_1060_000_1080_000_with_camera_labels-140.png 1264 904 25
big_dataset_depth/000000000154-segment-10075870402459732738_1060_000_1080_000_with_camera_labels-140.png 1272 888 24
big_dataset_depth/000000000154-segment-10075870402459732738_1060_000_1080_000_with_camera_labels-140.png 1280 896 24
big_dataset_depth/000000000154-segment-10075870402459732738_1060_000_1080_000_with_camera_labels-140.png 1288 904 25
big_dataset_depth/000000000154-segment-10075870402459732738_1060_000_1080_000_with_camera_labels-140.png 1296 888 24
big_dataset_depth/000000000154-segment-10075870402459732738_1060_000_1080_000_with_camera_labels-140.png 1304 872 24
big_dataset_depth/000000000154-segment-10075870402459732738_1060_000_1080_000_with_camera_labels-140.png 1312 856 24
big_dataset_depth/000000000154-segment-10075870402459732738_1060_000_1080_000_with_camera_labels-140.png 1320 880 24
big_dataset_depth/000000000154-segment-10075870402459732738_1060_000_1080_000_with_camera_labels-140.png 1336 840 23
big_dataset_depth/000000000154-segment-10075870402459732738_1060_000_1080_000_with_camera_labels-140.png 1344 848 23
big_dataset_depth/000000000154-segment-10075870402459732738_1060_000_1080_000_with_camera_labels-140.png 1352 848 23
big_dataset_depth/000000000154-segment-10075870402459732738_1060_000_1080_000_with_camera_labels-140.png 1360 856 23
big_dataset_depth/000000000154-segment-10075870402459732738_1060_000_1080_000_with_camera_labels-140.png 1368 848 23
big_dataset_depth/000000000154-segment-10075870402459732738_1060_000_1080_000_with_camera_labels-140.png 1376 880 24
big_dataset_depth/000000000154-segment-10075870402459732738_1060_000_1080_000_with_camera_labels-140.png 1384 856 23
big_dataset_depth/000000000154-segment-10075870402459732738_1060_000_1080_000_with_camera_labels-140.png 1392 880 24
big_dataset_depth/000000000154-segment-10075870402459732738_1060_000_1080_000_with_camera_labels-140.png 1400 664 62
big_dataset_depth/000000000154-segment-10075870402459732738_1060_000_1080_000_with_camera_labels-140.png 1408 864 23
big_dataset_depth/000000000154-segment-10075870402459732738_1060_000_1080_000_with_camera_labels-140.png 1416 872 23
big_dataset_depth/000000000154-segment-10075870402459732738_1060_000_1080_000_with_camera_labels-140.png 1424 880 23
big_dataset_depth/000000000154-segment-10075870402459732738_1060_000_1080_000_with_camera_labels-140.png 1432 880 23
big_dataset_depth/000000000154-segment-10075870402459732738_1060_000_1080_000_with_camera_labels-140.png 1440 928 24
big_dataset_depth/000000000154-segment-10075870402459732738_1060_000_1080_000_with_camera_labels-140.png 1448 864 23
big_dataset_depth/000000000154-segment-10075870402459732738_1060_000_1080_000_with_camera_labels-140.png 1456 880 24
big_dataset_depth/000000000154-segment-10075870402459732738_1060_000_1080_000_with_camera_labels-140.png 1464 912 25
big_dataset_depth/000000000154-segment-10075870402459732738_1060_000_1080_000_with_camera_labels-140.png 1472 888 24
big_dataset_depth/000000000154-segment-10075870402459732738_1060_000_1080_000_with_camera_labels-140.png 1480 912 25
big_dataset_depth/000000000154-segment-10075870402459732738_1060_000_1080_000_with_camera_labels-140.png 1488 912 25
big_dataset_depth/000000000154-segment-10075870402459732738_1060_000_1080_000_with_camera_labels-140.png 1496 920 25
big_dataset_depth/000000000154-segment-10075870402459732738_1060_000_1080_000_with_camera_labels-140.png 1504 912 25
big_dataset_depth/000000000154-segment-10075870402459732738_1060_000_1080_000_with_camera_labels-140.png 1512 840 24
big_dataset_depth/000000000154-segment-10075870402459732738_1060_000_1080_000_with_camera_labels-140.png 1520 840 24
big_dataset_depth/000000000154-segment-10075870402459732738_1060_000_1080_000_with_camera_labels-140.png 1528 848 23
big_dataset_depth/000000000154-segment-10075870402459732738_1060_000_1080_000_with_camera_labels-140.png 1536 856 24
big_dataset_depth/000000000154-segment-10075870402459732738_1060_000_1080_000_with_camera_labels-140.png 1544 808 29
big_dataset_depth/000000000154-segment-10075870402459732738_1060_000_1080_000_with_camera_labels-140.png 1552 848 24
big_dataset_depth/000000000154-segment-10075870402459732738_1060_000_1080_000_with_camera_labels-140.png 1560 800 33
big_dataset_depth/000000000154-segment-10075870402459732738_1060_000_1080_000_with_camera_labels-140.png 1568 776 38
big_dataset_depth/000000000154-segment-10075870402459732738_1060_000_1080_000_with_camera_labels-140.png 1576 776 38
big_dataset_depth/000000000154-segment-10075870402459732738_1060_000_1080_000_with_camera_labels-140.png 1584 776 38
big_dataset_depth/000000000154-segment-10075870402459732738_1060_000_1080_000_with_camera_labels-140.png 1592 792 36
big_dataset_depth/000000000154-segment-10075870402459732738_1060_000_1080_000_with_camera_labels-140.png 1600 776 36
big_dataset_depth/000000000154-segment-10075870402459732738_1060_000_1080_000_with_camera_labels-140.png 1608 792 36
big_dataset_depth/000000000154-segment-10075870402459732738_1060_000_1080_000_with_camera_labels-140.png 1616 792 35
big_dataset_depth/000000000154-segment-10075870402459732738_1060_000_1080_000_with_camera_labels-140.png 1624 800 35
big_dataset_depth/000000000154-segment-10075870402459732738_1060_000_1080_000_with_camera_labels-140.png 1632 800 34
big_dataset_depth/000000000154-segment-10075870402459732738_1060_000_1080_000_with_camera_labels-140.png 1640 784 34
big_dataset_depth/000000000154-segment-10075870402459732738_1060_000_1080_000_with_camera_labels-140.png 1648 808 34
big_dataset_depth/000000000154-segment-10075870402459732738_1060_000_1080_000_with_camera_labels-140.png 1656 808 34
big_dataset_depth/000000000154-segment-10075870402459732738_1060_000_1080_000_with_camera_labels-140.png 1664 784 34
big_dataset_depth/000000000154-segment-10075870402459732738_1060_000_1080_000_with_camera_labels-140.png 1672 808 33
big_dataset_depth/000000000154-segment-10075870402459732738_1060_000_1080_000_with_camera_labels-140.png 1680 808 33
big_dataset_depth/000000000154-segment-10075870402459732738_1060_000_1080_000_with_camera_labels-140.png 1688 808 33
big_dataset_depth/000000000154-segment-10075870402459732738_1060_000_1080_000_with_camera_labels-140.png 1696 792 32
big_dataset_depth/000000000154-segment-10075870402459732738_1060_000_1080_000_with_camera_labels-140.png 1704 824 32
big_dataset_depth/000000000154-segment-10075870402459732738_1060_000_1080_000_with_camera_labels-140.png 1712 824 32
big_dataset_depth/000000000154-segment-10075870402459732738_1060_000_1080_000_with_camera_labels-140.png 1744 1056 19
big_dataset_depth/000000000154-segment-10075870402459732738_1060_000_1080_000_with_camera_labels-140.png 1752 944 24
big_dataset_depth/000000000154-segment-10075870402459732738_1060_000_1080_000_with_camera_labels-140.png 1760 1056 19
big_dataset_depth/000000000154-segment-10075870402459732738_1060_000_1080_000_with_camera_labels-140.png 1768 840 30
big_dataset_depth/000000000154-segment-10075870402459732738_1060_000_1080_000_with_camera_labels-140.png 1776 944 24
big_dataset_depth/000000000154-segment-10075870402459732738_1060_000_1080_000_with_camera_labels-140.png 1784 944 24
big_dataset_depth/000000000154-segment-10075870402459732738_1060_000_1080_000_with_camera_labels-140.png 1792 840 29
big_dataset_depth/000000000154-segment-10075870402459732738_1060_000_1080_000_with_camera_labels-140.png 1800 840 29
big_dataset_depth/000000000154-segment-10075870402459732738_1060_000_1080_000_with_camera_labels-140.png 1808 856 29
big_dataset_depth/000000000154-segment-10075870402459732738_1060_000_1080_000_with_camera_labels-140.png 1816 856 29
big_dataset_depth/000000000154-segment-10075870402459732738_1060_000_1080_000_with_camera_labels-140.png 1824 856 28
big_dataset_depth/000000000154-segment-10075870402459732738_1060_000_1080_000_with_camera_labels-140.png 1832 856 28
big_dataset_depth/000000000154-segment-10075870402459732738_1060_000_1080_000_with_camera_labels-140.png 1840 856 28
big_dataset_depth/000000000154-segment-10075870402459732738_1060_000_1080_000_with_camera_labels-140.png 1848 864 28
big_dataset_depth/000000000154-segment-10075870402459732738_1060_000_1080_000_with_camera_labels-140.png 1856 872 28
big_dataset_depth/000000000154-segment-10075870402459732738_1060_000_1080_000_with_camera_labels-140.png 1864 1264 11
big_dataset_depth/000000000154-segment-10075870402459732738_1060_000_1080_000_with_camera_labels-140.png 1872 1112 16
big_dataset_depth/000000000154-segment-10075870402459732738_1060_000_1080_000_with_camera_labels-140.png 1880 864 27
big_dataset_depth/000000000154-segment-10075870402459732738_1060_000_1080_000_with_camera_labels-140.png 1888 872 27
big_dataset_depth/000000000154-segment-10075870402459732738_1060_000_1080_000_with_camera_labels-140.png 1896 872 27
big_dataset_depth/000000000154-segment-10075870402459732738_1060_000_1080_000_with_camera_labels-140.png 1904 888 26
big_dataset_depth/000000000154-segment-10075870402459732738_1060_000_1080_000_with_camera_labels-140.png 1912 816 28
