big_dataset_depth/000000001620-segment-11623618970700582562_2840_367_2860_367_with_camera_labels-10.png 0 744 65
big_dataset_depth/000000001620-segment-11623618970700582562_2840_367_2860_367_with_camera_labels-10.png 8 760 64
big_dataset_depth/000000001620-segment-11623618970700582562_2840_367_2860_367_with_camera_labels-10.png 16 752 65
big_dataset_depth/000000001620-segment-11623618970700582562_2840_367_2860_367_with_camera_labels-10.png 24 752 65
big_dataset_depth/000000001620-segment-11623618970700582562_2840_367_2860_367_with_camera_labels-10.png 32 752 65
big_dataset_depth/000000001620-segment-11623618970700582562_2840_367_2860_367_with_camera_labels-10.png 40 752 65
big_dataset_depth/000000001620-segment-11623618970700582562_2840_367_2860_367_with_camera_labels-10.png 48 752 65
big_dataset_depth/000000001620-segment-11623618970700582562_2840_367_2860_367_with_camera_labels-10.png 56 752 64
big_dataset_depth/000000001620-segment-11623618970700582562_2840_367_2860_367_with_camera_labels-10.png 64 760 64
big_dataset_depth/000000001620-segment-11623618970700582562_2840_367_2860_367_with_camera_labels-10.png 72 752 64
big_dataset_depth/000000001620-segment-11623618970700582562_2840_367_2860_367_with_camera_labels-10.png 80 752 64
big_dataset_depth/000000001620-segment-11623618970700582562_2840_367_2860_367_with_camera_labels-10.png 88 752 64
big_dataset_depth/000000001620-segment-11623618970700582562_2840_367_2860_367_with_camera_labels-10.png 96 752 64
big_dataset_depth/000000001620-segment-11623618970700582562_2840_367_2860_367_with_camera_labels-10.png 104 728 67
big_dataset_depth/000000001620-segment-11623618970700582562_2840_367_2860_367_with_camera_labels-10.png 112 752 63
big_dataset_depth/000000001620-segment-11623618970700582562_2840_367_2860_367_with_camera_labels-10.png 120 744 64
big_dataset_depth/000000001620-segment-11623618970700582562_2840_367_2860_367_with_camera_labels-10.png 128 744 63
big_dataset_depth/000000001620-segment-11623618970700582562_2840_367_2860_367_with_camera_labels-10.png 136 752 62
big_dataset_depth/000000001620-segment-11623618970700582562_2840_367_2860_367_with_camera_labels-10.png 144 744 62
big_dataset_depth/000000001620-segment-11623618970700582562_2840_367_2860_367_with_camera_labels-10.png 152 752 62
big_dataset_depth/000000001620-segment-11623618970700582562_2840_367_2860_367_with_camera_labels-10.png 160 744 62
big_dataset_depth/000000001620-segment-11623618970700582562_2840_367_2860_367_with_camera_labels-10.png 168 752 62
big_dataset_depth/000000001620-segment-11623618970700582562_2840_367_2860_367_with_camera_labels-10.png 176 760 60
big_dataset_depth/000000001620-segment-11623618970700582562_2840_367_2860_367_with_camera_labels-10.png 184 752 62
big_dataset_depth/000000001620-segment-11623618970700582562_2840_367_2860_367_with_camera_labels-10.png 192 744 60
big_dataset_depth/000000001620-segment-11623618970700582562_2840_367_2860_367_with_camera_labels-10.png 200 752 62
big_dataset_depth/000000001620-segment-11623618970700582562_2840_367_2860_367_with_camera_labels-10.png 208 752 62
big_dataset_depth/000000001620-segment-11623618970700582562_2840_367_2860_367_with_camera_labels-10.png 216 752 63
big_dataset_depth/000000001620-segment-11623618970700582562_2840_367_2860_367_with_camera_labels-10.png 224 752 63
big_dataset_depth/000000001620-segment-11623618970700582562_2840_367_2860_367_with_camera_labels-10.png 232 736 64
big_dataset_depth/000000001620-segment-11623618970700582562_2840_367_2860_367_with_camera_labels-10.png 240 760 61
big_dataset_depth/000000001620-segment-11623618970700582562_2840_367_2860_367_with_camera_labels-10.png 248 752 58
big_dataset_depth/000000001620-segment-11623618970700582562_2840_367_2860_367_with_camera_labels-10.png 256 800 49
big_dataset_depth/000000001620-segment-11623618970700582562_2840_367_2860_367_with_camera_labels-10.png 264 792 50
big_dataset_depth/000000001620-segment-11623618970700582562_2840_367_2860_367_with_camera_labels-10.png 272 792 50
big_dataset_depth/000000001620-segment-11623618970700582562_2840_367_2860_367_with_camera_labels-10.png 280 776 50
big_dataset_depth/000000001620-segment-11623618970700582562_2840_367_2860_367_with_camera_labels-10.png 288 760 57
big_dataset_depth/000000001620-segment-11623618970700582562_2840_367_2860_367_with_camera_labels-10.png 296 776 53
big_dataset_depth/000000001620-segment-11623618970700582562_2840_367_2860_367_with_camera_labels-10.png 304 760 57
big_dataset_depth/000000001620-segment-11623618970700582562_2840_367_2860_367_with_camera_labels-10.png 312 776 53
big_dataset_depth/000000001620-segment-11623618970700582562_2840_367_2860_367_with_camera_labels-10.png 320 776 53
big_dataset_depth/000000001620-segment-11623618970700582562_2840_367_2860_367_with_camera_labels-10.png 328 776 53
big_dataset_depth/000000001620-segment-11623618970700582562_2840_367_2860_367_with_camera_labels-10.png 336 768 55
big_dataset_depth/000000001620-segment-11623618970700582562_2840_367_2860_367_with_camera_labels-10.png 344 760 56
big_dataset_depth/000000001620-segment-11623618970700582562_2840_367_2860_367_with_camera_labels-10.png 352 760 57
big_dataset_depth/000000001620-segment-11623618970700582562_2840_367_2860_367_with_camera_labels-10.png 360 760 57
big_dataset_depth/000000001620-segment-11623618970700582562_2840_367_2860_367_with_camera_labels-10.png 368 760 57
big_dataset_depth/000000001620-segment-11623618970700582562_2840_367_2860_367_with_camera_labels-10.png 376 736 71
big_dataset_depth/000000001620-segment-11623618970700582562_2840_367_2860_367_with_camera_labels-10.png 384 752 57
big_dataset_depth/000000001620-segment-11623618970700582562_2840_367_2860_367_with_camera_labels-10.png 392 720 89
big_dataset_depth/000000001620-segment-11623618970700582562_2840_367_2860_367_with_camera_labels-10.png 400 760 59
big_dataset_depth/000000001620-segment-11623618970700582562_2840_367_2860_367_with_camera_labels-10.png 408 760 59
big_dataset_depth/000000001620-segment-11623618970700582562_2840_367_2860_367_with_camera_labels-10.png 416 736 72
big_dataset_depth/000000001620-segment-11623618970700582562_2840_367_2860_367_with_camera_labels-10.png 424 744 61
big_dataset_depth/000000001620-segment-11623618970700582562_2840_367_2860_367_with_camera_labels-10.png 432 712 61
big_dataset_depth/000000001620-segment-11623618970700582562_2840_367_2860_367_with_camera_labels-10.png 440 712 74
big_dataset_depth/000000001620-segment-11623618970700582562_2840_367_2860_367_with_camera_labels-10.png 448 720 70
big_dataset_depth/000000001620-segment-11623618970700582562_2840_367_2860_367_with_camera_labels-10.png 456 712 81
big_dataset_depth/000000001620-segment-11623618970700582562_2840_367_2860_367_with_camera_labels-10.png 464 760 53
big_dataset_depth/000000001620-segment-11623618970700582562_2840_367_2860_367_with_camera_labels-10.png 472 776 53
big_dataset_depth/000000001620-segment-11623618970700582562_2840_367_2860_367_with_camera_labels-10.png 480 776 52
big_dataset_depth/000000001620-segment-11623618970700582562_2840_367_2860_367_with_camera_labels-10.png 488 728 54
big_dataset_depth/000000001620-segment-11623618970700582562_2840_367_2860_367_with_camera_labels-10.png 496 752 63
big_dataset_depth/000000001620-segment-11623618970700582562_2840_367_2860_367_with_camera_labels-10.png 504 736 63
big_dataset_depth/000000001620-segment-11623618970700582562_2840_367_2860_367_with_camera_labels-10.png 512 752 63
big_dataset_depth/000000001620-segment-11623618970700582562_2840_367_2860_367_with_camera_labels-10.png 520 736 63
big_dataset_depth/000000001620-segment-11623618970700582562_2840_367_2860_367_with_camera_labels-10.png 528 736 63
big_dataset_depth/000000001620-segment-11623618970700582562_2840_367_2860_367_with_camera_labels-10.png 536 744 63
big_dataset_depth/000000001620-segment-11623618970700582562_2840_367_2860_367_with_camera_labels-10.png 544 688 74
big_dataset_depth/000000001620-segment-11623618970700582562_2840_367_2860_367_with_camera_labels-10.png 552 736 72
big_dataset_depth/000000001620-segment-11623618970700582562_2840_367_2860_367_with_camera_labels-10.png 560 736 74
big_dataset_depth/000000001620-segment-11623618970700582562_2840_367_2860_367_with_camera_labels-10.png 568 736 74
big_dataset_depth/000000001620-segment-11623618970700582562_2840_367_2860_367_with_camera_labels-10.png 576 736 74
big_dataset_depth/000000001620-segment-11623618970700582562_2840_367_2860_367_with_camera_labels-10.png 584 736 74
big_dataset_depth/000000001620-segment-11623618970700582562_2840_367_2860_367_with_camera_labels-10.png 592 736 74
big_dataset_depth/000000001620-segment-11623618970700582562_2840_367_2860_367_with_camera_labels-10.png 600 736 74
big_dataset_depth/000000001620-segment-11623618970700582562_2840_367_2860_367_with_camera_labels-10.png 608 728 68
big_dataset_depth/000000001620-segment-11623618970700582562_2840_367_2860_367_with_camera_labels-10.png 616 744 63
big_dataset_depth/000000001620-segment-11623618970700582562_2840_367_2860_367_with_camera_labels-10.png 624 752 61
big_dataset_depth/000000001620-segment-11623618970700582562_2840_367_2860_367_with_camera_labels-10.png 632 744 63
big_dataset_depth/000000001620-segment-11623618970700582562_2840_367_2860_367_with_camera_labels-10.png 640 760 59
big_dataset_depth/000000001620-segment-11623618970700582562_2840_367_2860_367_with_camera_labels-10.png 648 744 64
big_dataset_depth/000000001620-segment-11623618970700582562_2840_367_2860_367_with_camera_labels-10.png 656 744 63
big_dataset_depth/000000001620-segment-11623618970700582562_2840_367_2860_367_with_camera_labels-10.png 664 744 63
big_dataset_depth/000000001620-segment-11623618970700582562_2840_367_2860_367_with_camera_labels-10.png 672 752 62
big_dataset_depth/000000001620-segment-11623618970700582562_2840_367_2860_367_with_camera_labels-10.png 680 744 63
big_dataset_depth/000000001620-segment-11623618970700582562_2840_367_2860_367_with_camera_labels-10.png 688 752 62
big_dataset_depth/000000001620-segment-11623618970700582562_2840_367_2860_367_with_camera_labels-10.png 696 744 63
big_dataset_depth/000000001620-segment-11623618970700582562_2840_367_2860_367_with_camera_labels-10.png 704 752 61
big_dataset_depth/000000001620-segment-11623618970700582562_2840_367_2860_367_with_camera_labels-10.png 712 744 63
big_dataset_depth/000000001620-segment-11623618970700582562_2840_367_2860_367_with_camera_labels-10.png 720 760 59
big_dataset_depth/000000001620-segment-11623618970700582562_2840_367_2860_367_with_camera_labels-10.png 728 744 63
big_dataset_depth/000000001620-segment-11623618970700582562_2840_367_2860_367_with_camera_labels-10.png 736 744 63
big_dataset_depth/000000001620-segment-11623618970700582562_2840_367_2860_367_with_camera_labels-10.png 744 744 63
big_dataset_depth/000000001620-segment-11623618970700582562_2840_367_2860_367_with_camera_labels-10.png 752 728 62
big_dataset_depth/000000001620-segment-11623618970700582562_2840_367_2860_367_with_camera_labels-10.png 760 744 63
big_dataset_depth/000000001620-segment-11623618970700582562_2840_367_2860_367_with_camera_labels-10.png 768 760 59
big_dataset_depth/000000001620-segment-11623618970700582562_2840_367_2860_367_with_camera_labels-10.png 776 752 60
big_dataset_depth/000000001620-segment-11623618970700582562_2840_367_2860_367_with_camera_labels-10.png 784 760 57
big_dataset_depth/000000001620-segment-11623618970700582562_2840_367_2860_367_with_camera_labels-10.png 792 752 59
big_dataset_depth/000000001620-segment-11623618970700582562_2840_367_2860_367_with_camera_labels-10.png 800 760 56
big_dataset_depth/000000001620-segment-11623618970700582562_2840_367_2860_367_with_camera_labels-10.png 808 752 59
big_dataset_depth/000000001620-segment-11623618970700582562_2840_367_2860_367_with_camera_labels-10.png 816 744 61
big_dataset_depth/000000001620-segment-11623618970700582562_2840_367_2860_367_with_camera_labels-10.png 824 736 63
big_dataset_depth/000000001620-segment-11623618970700582562_2840_367_2860_367_with_camera_labels-10.png 832 752 58
big_dataset_depth/000000001620-segment-11623618970700582562_2840_367_2860_367_with_camera_labels-10.png 840 744 60
big_dataset_depth/000000001620-segment-11623618970700582562_2840_367_2860_367_with_camera_labels-10.png 848 752 59
big_dataset_depth/000000001620-segment-11623618970700582562_2840_367_2860_367_with_camera_labels-10.png 856 752 59
big_dataset_depth/000000001620-segment-11623618970700582562_2840_367_2860_367_with_camera_labels-10.png 864 776 54
big_dataset_depth/000000001620-segment-11623618970700582562_2840_367_2860_367_with_camera_labels-10.png 872 824 41
big_dataset_depth/000000001620-segment-11623618970700582562_2840_367_2860_367_with_camera_labels-10.png 880 752 59
big_dataset_depth/000000001620-segment-11623618970700582562_2840_367_2860_367_with_camera_labels-10.png 888 752 60
big_dataset_depth/000000001620-segment-11623618970700582562_2840_367_2860_367_with_camera_labels-10.png 896 752 59
big_dataset_depth/000000001620-segment-11623618970700582562_2840_367_2860_367_with_camera_labels-10.png 904 752 59
big_dataset_depth/000000001620-segment-11623618970700582562_2840_367_2860_367_with_camera_labels-10.png 912 776 52
big_dataset_depth/000000001620-segment-11623618970700582562_2840_367_2860_367_with_camera_labels-10.png 920 736 62
big_dataset_depth/000000001620-segment-11623618970700582562_2840_367_2860_367_with_camera_labels-10.png 928 744 60
big_dataset_depth/000000001620-segment-11623618970700582562_2840_367_2860_367_with_camera_labels-10.png 936 744 61
big_dataset_depth/000000001620-segment-11623618970700582562_2840_367_2860_367_with_camera_labels-10.png 944 760 55
big_dataset_depth/000000001620-segment-11623618970700582562_2840_367_2860_367_with_camera_labels-10.png 952 792 50
big_dataset_depth/000000001620-segment-11623618970700582562_2840_367_2860_367_with_camera_labels-10.png 960 776 50
big_dataset_depth/000000001620-segment-11623618970700582562_2840_367_2860_367_with_camera_labels-10.png 968 816 46
big_dataset_depth/000000001620-segment-11623618970700582562_2840_367_2860_367_with_camera_labels-10.png 976 816 46
big_dataset_depth/000000001620-segment-11623618970700582562_2840_367_2860_367_with_camera_labels-10.png 984 816 46
big_dataset_depth/000000001620-segment-11623618970700582562_2840_367_2860_367_with_camera_labels-10.png 992 816 46
big_dataset_depth/000000001620-segment-11623618970700582562_2840_367_2860_367_with_camera_labels-10.png 1000 816 46
big_dataset_depth/000000001620-segment-11623618970700582562_2840_367_2860_367_with_camera_labels-10.png 1008 816 46
big_dataset_depth/000000001620-segment-11623618970700582562_2840_367_2860_367_with_camera_labels-10.png 1016 816 46
big_dataset_depth/000000001620-segment-11623618970700582562_2840_367_2860_367_with_camera_labels-10.png 1024 816 46
big_dataset_depth/000000001620-segment-11623618970700582562_2840_367_2860_367_with_camera_labels-10.png 1032 816 46
big_dataset_depth/000000001620-segment-11623618970700582562_2840_367_2860_367_with_camera_labels-10.png 1040 816 46
big_dataset_depth/000000001620-segment-11623618970700582562_2840_367_2860_367_with_camera_labels-10.png 1048 744 60
big_dataset_depth/000000001620-segment-11623618970700582562_2840_367_2860_367_with_camera_labels-10.png 1056 744 60
big_dataset_depth/000000001620-segment-11623618970700582562_2840_367_2860_367_with_camera_labels-10.png 1064 736 59
big_dataset_depth/000000001620-segment-11623618970700582562_2840_367_2860_367_with_camera_labels-10.png 1072 728 57
big_dataset_depth/000000001620-segment-11623618970700582562_2840_367_2860_367_with_camera_labels-10.png 1080 752 55
big_dataset_depth/000000001620-segment-11623618970700582562_2840_367_2860_367_with_camera_labels-10.png 1088 744 57
big_dataset_depth/000000001620-segment-11623618970700582562_2840_367_2860_367_with_camera_labels-10.png 1096 736 58
big_dataset_depth/000000001620-segment-11623618970700582562_2840_367_2860_367_with_camera_labels-10.png 1104 760 53
big_dataset_depth/000000001620-segment-11623618970700582562_2840_367_2860_367_with_camera_labels-10.png 1112 768 53
big_dataset_depth/000000001620-segment-11623618970700582562_2840_367_2860_367_with_camera_labels-10.png 1120 760 56
big_dataset_depth/000000001620-segment-11623618970700582562_2840_367_2860_367_with_camera_labels-10.png 1128 736 61
big_dataset_depth/000000001620-segment-11623618970700582562_2840_367_2860_367_with_camera_labels-10.png 1136 744 61
big_dataset_depth/000000001620-segment-11623618970700582562_2840_367_2860_367_with_camera_labels-10.png 1144 744 59
big_dataset_depth/000000001620-segment-11623618970700582562_2840_367_2860_367_with_camera_labels-10.png 1152 752 59
big_dataset_depth/000000001620-segment-11623618970700582562_2840_367_2860_367_with_camera_labels-10.png 1160 744 62
big_dataset_depth/000000001620-segment-11623618970700582562_2840_367_2860_367_with_camera_labels-10.png 1168 736 61
big_dataset_depth/000000001620-segment-11623618970700582562_2840_367_2860_367_with_camera_labels-10.png 1176 744 61
big_dataset_depth/000000001620-segment-11623618970700582562_2840_367_2860_367_with_camera_labels-10.png 1184 736 62
big_dataset_depth/000000001620-segment-11623618970700582562_2840_367_2860_367_with_camera_labels-10.png 1192 736 62
big_dataset_depth/000000001620-segment-11623618970700582562_2840_367_2860_367_with_camera_labels-10.png 1200 744 62
big_dataset_depth/000000001620-segment-11623618970700582562_2840_367_2860_367_with_camera_labels-10.png 1208 744 62
big_dataset_depth/000000001620-segment-11623618970700582562_2840_367_2860_367_with_camera_labels-10.png 1216 744 61
big_dataset_depth/000000001620-segment-11623618970700582562_2840_367_2860_367_with_camera_labels-10.png 1224 736 61
big_dataset_depth/000000001620-segment-11623618970700582562_2840_367_2860_367_with_camera_labels-10.png 1232 728 61
big_dataset_depth/000000001620-segment-11623618970700582562_2840_367_2860_367_with_camera_labels-10.png 1240 736 62
big_dataset_depth/000000001620-segment-11623618970700582562_2840_367_2860_367_with_camera_labels-10.png 1248 744 61
big_dataset_depth/000000001620-segment-11623618970700582562_2840_367_2860_367_with_camera_labels-10.png 1256 752 57
big_dataset_depth/000000001620-segment-11623618970700582562_2840_367_2860_367_with_camera_labels-10.png 1264 744 61
big_dataset_depth/000000001620-segment-11623618970700582562_2840_367_2860_367_with_camera_labels-10.png 1272 744 61
big_dataset_depth/000000001620-segment-11623618970700582562_2840_367_2860_367_with_camera_labels-10.png 1280 744 61
big_dataset_depth/000000001620-segment-11623618970700582562_2840_367_2860_367_with_camera_labels-10.png 1288 744 61
big_dataset_depth/000000001620-segment-11623618970700582562_2840_367_2860_367_with_camera_labels-10.png 1296 736 61
big_dataset_depth/000000001620-segment-11623618970700582562_2840_367_2860_367_with_camera_labels-10.png 1304 744 62
big_dataset_depth/000000001620-segment-11623618970700582562_2840_367_2860_367_with_camera_labels-10.png 1312 680 73
big_dataset_depth/000000001620-segment-11623618970700582562_2840_367_2860_367_with_camera_labels-10.png 1320 920 33
big_dataset_depth/000000001620-segment-11623618970700582562_2840_367_2860_367_with_camera_labels-10.png 1328 880 38
big_dataset_depth/000000001620-segment-11623618970700582562_2840_367_2860_367_with_camera_labels-10.png 1336 808 47
big_dataset_depth/000000001620-segment-11623618970700582562_2840_367_2860_367_with_camera_labels-10.png 1344 784 55
big_dataset_depth/000000001620-segment-11623618970700582562_2840_367_2860_367_with_camera_labels-10.png 1360 808 47
big_dataset_depth/000000001620-segment-11623618970700582562_2840_367_2860_367_with_camera_labels-10.png 1368 808 47
big_dataset_depth/000000001620-segment-11623618970700582562_2840_367_2860_367_with_camera_labels-10.png 1376 808 47
big_dataset_depth/000000001620-segment-11623618970700582562_2840_367_2860_367_with_camera_labels-10.png 1384 808 47
big_dataset_depth/000000001620-segment-11623618970700582562_2840_367_2860_367_with_camera_labels-10.png 1392 736 66
big_dataset_depth/000000001620-segment-11623618970700582562_2840_367_2860_367_with_camera_labels-10.png 1400 720 59
big_dataset_depth/000000001620-segment-11623618970700582562_2840_367_2860_367_with_camera_labels-10.png 1408 736 66
big_dataset_depth/000000001620-segment-11623618970700582562_2840_367_2860_367_with_camera_labels-10.png 1416 744 61
big_dataset_depth/000000001620-segment-11623618970700582562_2840_367_2860_367_with_camera_labels-10.png 1424 736 57
big_dataset_depth/000000001620-segment-11623618970700582562_2840_367_2860_367_with_camera_labels-10.png 1432 744 61
big_dataset_depth/000000001620-segment-11623618970700582562_2840_367_2860_367_with_camera_labels-10.png 1440 744 61
big_dataset_depth/000000001620-segment-11623618970700582562_2840_367_2860_367_with_camera_labels-10.png 1448 712 57
big_dataset_depth/000000001620-segment-11623618970700582562_2840_367_2860_367_with_camera_labels-10.png 1456 712 57
big_dataset_depth/000000001620-segment-11623618970700582562_2840_367_2860_367_with_camera_labels-10.png 1464 712 56
big_dataset_depth/000000001620-segment-11623618970700582562_2840_367_2860_367_with_camera_labels-10.png 1472 728 63
big_dataset_depth/000000001620-segment-11623618970700582562_2840_367_2860_367_with_camera_labels-10.png 1480 728 58
big_dataset_depth/000000001620-segment-11623618970700582562_2840_367_2860_367_with_camera_labels-10.png 1488 720 58
big_dataset_depth/000000001620-segment-11623618970700582562_2840_367_2860_367_with_camera_labels-10.png 1496 728 54
big_dataset_depth/000000001620-segment-11623618970700582562_2840_367_2860_367_with_camera_labels-10.png 1504 744 54
big_dataset_depth/000000001620-segment-11623618970700582562_2840_367_2860_367_with_camera_labels-10.png 1512 736 54
big_dataset_depth/000000001620-segment-11623618970700582562_2840_367_2860_367_with_camera_labels-10.png 1520 768 54
big_dataset_depth/000000001620-segment-11623618970700582562_2840_367_2860_367_with_camera_labels-10.png 1528 768 22
big_dataset_depth/000000001620-segment-11623618970700582562_2840_367_2860_367_with_camera_labels-10.png 1544 808 24
big_dataset_depth/000000001620-segment-11623618970700582562_2840_367_2860_367_with_camera_labels-10.png 1560 792 24
big_dataset_depth/000000001620-segment-11623618970700582562_2840_367_2860_367_with_camera_labels-10.png 1568 896 24
big_dataset_depth/000000001620-segment-11623618970700582562_2840_367_2860_367_with_camera_labels-10.png 1576 848 24
big_dataset_depth/000000001620-segment-11623618970700582562_2840_367_2860_367_with_camera_labels-10.png 1584 960 22
big_dataset_depth/000000001620-segment-11623618970700582562_2840_367_2860_367_with_camera_labels-10.png 1592 960 22
big_dataset_depth/000000001620-segment-11623618970700582562_2840_367_2860_367_with_camera_labels-10.png 1600 952 22
big_dataset_depth/000000001620-segment-11623618970700582562_2840_367_2860_367_with_camera_labels-10.png 1608 952 22
big_dataset_depth/000000001620-segment-11623618970700582562_2840_367_2860_367_with_camera_labels-10.png 1616 944 22
big_dataset_depth/000000001620-segment-11623618970700582562_2840_367_2860_367_with_camera_labels-10.png 1624 976 22
big_dataset_depth/000000001620-segment-11623618970700582562_2840_367_2860_367_with_camera_labels-10.png 1632 976 22
big_dataset_depth/000000001620-segment-11623618970700582562_2840_367_2860_367_with_camera_labels-10.png 1640 968 22
big_dataset_depth/000000001620-segment-11623618970700582562_2840_367_2860_367_with_camera_labels-10.png 1648 976 22
big_dataset_depth/000000001620-segment-11623618970700582562_2840_367_2860_367_with_camera_labels-10.png 1656 936 20
big_dataset_depth/000000001620-segment-11623618970700582562_2840_367_2860_367_with_camera_labels-10.png 1664 944 20
big_dataset_depth/000000001620-segment-11623618970700582562_2840_367_2860_367_with_camera_labels-10.png 1672 944 20
big_dataset_depth/000000001620-segment-11623618970700582562_2840_367_2860_367_with_camera_labels-10.png 1680 952 20
big_dataset_depth/000000001620-segment-11623618970700582562_2840_367_2860_367_with_camera_labels-10.png 1688 952 20
big_dataset_depth/000000001620-segment-11623618970700582562_2840_367_2860_367_with_camera_labels-10.png 1696 936 20
big_dataset_depth/000000001620-segment-11623618970700582562_2840_367_2860_367_with_camera_labels-10.png 1704 952 20
big_dataset_depth/000000001620-segment-11623618970700582562_2840_367_2860_367_with_camera_labels-10.png 1712 952 20
big_dataset_depth/000000001620-segment-11623618970700582562_2840_367_2860_367_with_camera_labels-10.png 1720 952 20
big_dataset_depth/000000001620-segment-11623618970700582562_2840_367_2860_367_with_camera_labels-10.png 1728 952 20
big_dataset_depth/000000001620-segment-11623618970700582562_2840_367_2860_367_with_camera_labels-10.png 1736 952 20
big_dataset_depth/000000001620-segment-11623618970700582562_2840_367_2860_367_with_camera_labels-10.png 1744 960 21
big_dataset_depth/000000001620-segment-11623618970700582562_2840_367_2860_367_with_camera_labels-10.png 1752 976 20
big_dataset_depth/000000001620-segment-11623618970700582562_2840_367_2860_367_with_camera_labels-10.png 1760 952 21
big_dataset_depth/000000001620-segment-11623618970700582562_2840_367_2860_367_with_camera_labels-10.png 1768 920 21
big_dataset_depth/000000001620-segment-11623618970700582562_2840_367_2860_367_with_camera_labels-10.png 1776 1112 17
big_dataset_depth/000000001620-segment-11623618970700582562_2840_367_2860_367_with_camera_labels-10.png 1784 1112 17
big_dataset_depth/000000001620-segment-11623618970700582562_2840_367_2860_367_with_camera_labels-10.png 1792 1112 17
big_dataset_depth/000000001620-segment-11623618970700582562_2840_367_2860_367_with_camera_labels-10.png 1800 1112 17
big_dataset_depth/000000001620-segment-11623618970700582562_2840_367_2860_367_with_camera_labels-10.png 1808 1128 17
big_dataset_depth/000000001620-segment-11623618970700582562_2840_367_2860_367_with_camera_labels-10.png 1816 1136 16
big_dataset_depth/000000001620-segment-11623618970700582562_2840_367_2860_367_with_camera_labels-10.png 1824 1136 16
big_dataset_depth/000000001620-segment-11623618970700582562_2840_367_2860_367_with_camera_labels-10.png 1832 1136 16
big_dataset_depth/000000001620-segment-11623618970700582562_2840_367_2860_367_with_camera_labels-10.png 1840 1136 16
big_dataset_depth/000000001620-segment-11623618970700582562_2840_367_2860_367_with_camera_labels-10.png 1848 1136 16
big_dataset_depth/000000001620-segment-11623618970700582562_2840_367_2860_367_with_camera_labels-10.png 1856 1136 16
big_dataset_depth/000000001620-segment-11623618970700582562_2840_367_2860_367_with_camera_labels-10.png 1864 976 18
big_dataset_depth/000000001620-segment-11623618970700582562_2840_367_2860_367_with_camera_labels-10.png 1872 976 18
big_dataset_depth/000000001620-segment-11623618970700582562_2840_367_2860_367_with_camera_labels-10.png 1880 664 71
big_dataset_depth/000000001620-segment-11623618970700582562_2840_367_2860_367_with_camera_labels-10.png 1888 664 71
big_dataset_depth/000000001620-segment-11623618970700582562_2840_367_2860_367_with_camera_labels-10.png 1896 896 29
big_dataset_depth/000000001620-segment-11623618970700582562_2840_367_2860_367_with_camera_labels-10.png 1904 1096 17
big_dataset_depth/000000001620-segment-11623618970700582562_2840_367_2860_367_with_camera_labels-10.png 1912 960 21
