big_dataset_depth/000000000397-segment-10275144660749673822_5755_561_5775_561_with_camera_labels-170.png 0 712 57
big_dataset_depth/000000000397-segment-10275144660749673822_5755_561_5775_561_with_camera_labels-170.png 8 800 50
big_dataset_depth/000000000397-segment-10275144660749673822_5755_561_5775_561_with_camera_labels-170.png 16 792 51
big_dataset_depth/000000000397-segment-10275144660749673822_5755_561_5775_561_with_camera_labels-170.png 24 800 51
big_dataset_depth/000000000397-segment-10275144660749673822_5755_561_5775_561_with_camera_labels-170.png 32 800 52
big_dataset_depth/000000000397-segment-10275144660749673822_5755_561_5775_561_with_camera_labels-170.png 40 792 52
big_dataset_depth/000000000397-segment-10275144660749673822_5755_561_5775_561_with_camera_labels-170.png 48 792 53
big_dataset_depth/000000000397-segment-10275144660749673822_5755_561_5775_561_with_camera_labels-170.png 56 792 54
big_dataset_depth/000000000397-segment-10275144660749673822_5755_561_5775_561_with_camera_labels-170.png 64 792 53
big_dataset_depth/000000000397-segment-10275144660749673822_5755_561_5775_561_with_camera_labels-170.png 72 784 55
big_dataset_depth/000000000397-segment-10275144660749673822_5755_561_5775_561_with_camera_labels-170.png 80 784 55
big_dataset_depth/000000000397-segment-10275144660749673822_5755_561_5775_561_with_camera_labels-170.png 88 752 56
big_dataset_depth/000000000397-segment-10275144660749673822_5755_561_5775_561_with_camera_labels-170.png 96 776 57
big_dataset_depth/000000000397-segment-10275144660749673822_5755_561_5775_561_with_camera_labels-170.png 104 776 58
big_dataset_depth/000000000397-segment-10275144660749673822_5755_561_5775_561_with_camera_labels-170.png 112 768 58
big_dataset_depth/000000000397-segment-10275144660749673822_5755_561_5775_561_with_camera_labels-170.png 120 776 59
big_dataset_depth/000000000397-segment-10275144660749673822_5755_561_5775_561_with_camera_labels-170.png 128 776 60
big_dataset_depth/000000000397-segment-10275144660749673822_5755_561_5775_561_with_camera_labels-170.png 136 776 60
big_dataset_depth/000000000397-segment-10275144660749673822_5755_561_5775_561_with_camera_labels-170.png 144 776 61
big_dataset_depth/000000000397-segment-10275144660749673822_5755_561_5775_561_with_camera_labels-170.png 152 768 60
big_dataset_depth/000000000397-segment-10275144660749673822_5755_561_5775_561_with_camera_labels-170.png 160 768 61
big_dataset_depth/000000000397-segment-10275144660749673822_5755_561_5775_561_with_camera_labels-170.png 168 768 61
big_dataset_depth/000000000397-segment-10275144660749673822_5755_561_5775_561_with_camera_labels-170.png 176 744 61
big_dataset_depth/000000000397-segment-10275144660749673822_5755_561_5775_561_with_camera_labels-170.png 192 720 85
big_dataset_depth/000000000397-segment-10275144660749673822_5755_561_5775_561_with_camera_labels-170.png 200 648 79
big_dataset_depth/000000000397-segment-10275144660749673822_5755_561_5775_561_with_camera_labels-170.png 208 704 88
big_dataset_depth/000000000397-segment-10275144660749673822_5755_561_5775_561_with_camera_labels-170.png 216 696 85
big_dataset_depth/000000000397-segment-10275144660749673822_5755_561_5775_561_with_camera_labels-170.png 224 696 88
big_dataset_depth/000000000397-segment-10275144660749673822_5755_561_5775_561_with_camera_labels-170.png 232 696 88
big_dataset_depth/000000000397-segment-10275144660749673822_5755_561_5775_561_with_camera_labels-170.png 240 696 87
big_dataset_depth/000000000397-segment-10275144660749673822_5755_561_5775_561_with_camera_labels-170.png 248 688 83
big_dataset_depth/000000000397-segment-10275144660749673822_5755_561_5775_561_with_camera_labels-170.png 256 696 86
big_dataset_depth/000000000397-segment-10275144660749673822_5755_561_5775_561_with_camera_labels-170.png 264 672 80
big_dataset_depth/000000000397-segment-10275144660749673822_5755_561_5775_561_with_camera_labels-170.png 272 696 86
big_dataset_depth/000000000397-segment-10275144660749673822_5755_561_5775_561_with_camera_labels-170.png 280 696 85
big_dataset_depth/000000000397-segment-10275144660749673822_5755_561_5775_561_with_camera_labels-170.png 288 680 83
big_dataset_depth/000000000397-segment-10275144660749673822_5755_561_5775_561_with_camera_labels-170.png 296 712 84
big_dataset_depth/000000000397-segment-10275144660749673822_5755_561_5775_561_with_camera_labels-170.png 304 744 84
big_dataset_depth/000000000397-segment-10275144660749673822_5755_561_5775_561_with_camera_labels-170.png 312 736 82
big_dataset_depth/000000000397-segment-10275144660749673822_5755_561_5775_561_with_camera_labels-170.png 320 760 71
big_dataset_depth/000000000397-segment-10275144660749673822_5755_561_5775_561_with_camera_labels-170.png 328 760 65
big_dataset_depth/000000000397-segment-10275144660749673822_5755_561_5775_561_with_camera_labels-170.png 336 776 65
big_dataset_depth/000000000397-segment-10275144660749673822_5755_561_5775_561_with_camera_labels-170.png 344 760 65
big_dataset_depth/000000000397-segment-10275144660749673822_5755_561_5775_561_with_camera_labels-170.png 352 760 65
big_dataset_depth/000000000397-segment-10275144660749673822_5755_561_5775_561_with_camera_labels-170.png 360 760 65
big_dataset_depth/000000000397-segment-10275144660749673822_5755_561_5775_561_with_camera_labels-170.png 368 760 65
big_dataset_depth/000000000397-segment-10275144660749673822_5755_561_5775_561_with_camera_labels-170.png 376 760 65
big_dataset_depth/000000000397-segment-10275144660749673822_5755_561_5775_561_with_camera_labels-170.png 384 760 65
big_dataset_depth/000000000397-segment-10275144660749673822_5755_561_5775_561_with_camera_labels-170.png 392 752 65
big_dataset_depth/000000000397-segment-10275144660749673822_5755_561_5775_561_with_camera_labels-170.png 400 776 65
big_dataset_depth/000000000397-segment-10275144660749673822_5755_561_5775_561_with_camera_labels-170.png 408 776 66
big_dataset_depth/000000000397-segment-10275144660749673822_5755_561_5775_561_with_camera_labels-170.png 416 760 69
big_dataset_depth/000000000397-segment-10275144660749673822_5755_561_5775_561_with_camera_labels-170.png 424 760 69
big_dataset_depth/000000000397-segment-10275144660749673822_5755_561_5775_561_with_camera_labels-170.png 656 704 105
big_dataset_depth/000000000397-segment-10275144660749673822_5755_561_5775_561_with_camera_labels-170.png 664 704 105
big_dataset_depth/000000000397-segment-10275144660749673822_5755_561_5775_561_with_camera_labels-170.png 672 704 105
big_dataset_depth/000000000397-segment-10275144660749673822_5755_561_5775_561_with_camera_labels-170.png 680 712 104
big_dataset_depth/000000000397-segment-10275144660749673822_5755_561_5775_561_with_camera_labels-170.png 688 712 104
big_dataset_depth/000000000397-segment-10275144660749673822_5755_561_5775_561_with_camera_labels-170.png 696 704 104
big_dataset_depth/000000000397-segment-10275144660749673822_5755_561_5775_561_with_camera_labels-170.png 704 712 105
big_dataset_depth/000000000397-segment-10275144660749673822_5755_561_5775_561_with_camera_labels-170.png 712 704 106
big_dataset_depth/000000000397-segment-10275144660749673822_5755_561_5775_561_with_camera_labels-170.png 728 720 104
big_dataset_depth/000000000397-segment-10275144660749673822_5755_561_5775_561_with_camera_labels-170.png 736 720 104
big_dataset_depth/000000000397-segment-10275144660749673822_5755_561_5775_561_with_camera_labels-170.png 744 720 104
big_dataset_depth/000000000397-segment-10275144660749673822_5755_561_5775_561_with_camera_labels-170.png 752 720 104
big_dataset_depth/000000000397-segment-10275144660749673822_5755_561_5775_561_with_camera_labels-170.png 760 720 104
big_dataset_depth/000000000397-segment-10275144660749673822_5755_561_5775_561_with_camera_labels-170.png 768 712 106
big_dataset_depth/000000000397-segment-10275144660749673822_5755_561_5775_561_with_camera_labels-170.png 776 712 106
big_dataset_depth/000000000397-segment-10275144660749673822_5755_561_5775_561_with_camera_labels-170.png 784 712 106
big_dataset_depth/000000000397-segment-10275144660749673822_5755_561_5775_561_with_camera_labels-170.png 824 648 65
big_dataset_depth/000000000397-segment-10275144660749673822_5755_561_5775_561_with_camera_labels-170.png 832 648 65
big_dataset_depth/000000000397-segment-10275144660749673822_5755_561_5775_561_with_camera_labels-170.png 840 640 65
big_dataset_depth/000000000397-segment-10275144660749673822_5755_561_5775_561_with_camera_labels-170.png 848 656 65
big_dataset_depth/000000000397-segment-10275144660749673822_5755_561_5775_561_with_camera_labels-170.png 856 720 62
big_dataset_depth/000000000397-segment-10275144660749673822_5755_561_5775_561_with_camera_labels-170.png 864 656 65
big_dataset_depth/000000000397-segment-10275144660749673822_5755_561_5775_561_with_camera_labels-170.png 872 600 61
big_dataset_depth/000000000397-segment-10275144660749673822_5755_561_5775_561_with_camera_labels-170.png 880 704 108
big_dataset_depth/000000000397-segment-10275144660749673822_5755_561_5775_561_with_camera_labels-170.png 888 704 108
big_dataset_depth/000000000397-segment-10275144660749673822_5755_561_5775_561_with_camera_labels-170.png 896 704 107
big_dataset_depth/000000000397-segment-10275144660749673822_5755_561_5775_561_with_camera_labels-170.png 904 704 107
big_dataset_depth/000000000397-segment-10275144660749673822_5755_561_5775_561_with_camera_labels-170.png 912 704 106
big_dataset_depth/000000000397-segment-10275144660749673822_5755_561_5775_561_with_camera_labels-170.png 920 704 105
big_dataset_depth/000000000397-segment-10275144660749673822_5755_561_5775_561_with_camera_labels-170.png 928 704 105
big_dataset_depth/000000000397-segment-10275144660749673822_5755_561_5775_561_with_camera_labels-170.png 936 704 104
big_dataset_depth/000000000397-segment-10275144660749673822_5755_561_5775_561_with_camera_labels-170.png 944 704 103
big_dataset_depth/000000000397-segment-10275144660749673822_5755_561_5775_561_with_camera_labels-170.png 952 704 103
big_dataset_depth/000000000397-segment-10275144660749673822_5755_561_5775_561_with_camera_labels-170.png 960 704 103
big_dataset_depth/000000000397-segment-10275144660749673822_5755_561_5775_561_with_camera_labels-170.png 968 744 58
big_dataset_depth/000000000397-segment-10275144660749673822_5755_561_5775_561_with_camera_labels-170.png 976 744 58
big_dataset_depth/000000000397-segment-10275144660749673822_5755_561_5775_561_with_camera_labels-170.png 984 744 57
big_dataset_depth/000000000397-segment-10275144660749673822_5755_561_5775_561_with_camera_labels-170.png 992 760 57
big_dataset_depth/000000000397-segment-10275144660749673822_5755_561_5775_561_with_camera_labels-170.png 1000 760 57
big_dataset_depth/000000000397-segment-10275144660749673822_5755_561_5775_561_with_camera_labels-170.png 1008 736 57
big_dataset_depth/000000000397-segment-10275144660749673822_5755_561_5775_561_with_camera_labels-170.png 1016 752 57
big_dataset_depth/000000000397-segment-10275144660749673822_5755_561_5775_561_with_camera_labels-170.png 1024 744 58
big_dataset_depth/000000000397-segment-10275144660749673822_5755_561_5775_561_with_camera_labels-170.png 1032 744 58
big_dataset_depth/000000000397-segment-10275144660749673822_5755_561_5775_561_with_camera_labels-170.png 1040 752 57
big_dataset_depth/000000000397-segment-10275144660749673822_5755_561_5775_561_with_camera_labels-170.png 1048 752 58
big_dataset_depth/000000000397-segment-10275144660749673822_5755_561_5775_561_with_camera_labels-170.png 1056 752 57
big_dataset_depth/000000000397-segment-10275144660749673822_5755_561_5775_561_with_camera_labels-170.png 1064 752 56
big_dataset_depth/000000000397-segment-10275144660749673822_5755_561_5775_561_with_camera_labels-170.png 1072 752 56
big_dataset_depth/000000000397-segment-10275144660749673822_5755_561_5775_561_with_camera_labels-170.png 1080 744 56
big_dataset_depth/000000000397-segment-10275144660749673822_5755_561_5775_561_with_camera_labels-170.png 1088 744 56
big_dataset_depth/000000000397-segment-10275144660749673822_5755_561_5775_561_with_camera_labels-170.png 1096 744 56
big_dataset_depth/000000000397-segment-10275144660749673822_5755_561_5775_561_with_camera_labels-170.png 1104 752 57
big_dataset_depth/000000000397-segment-10275144660749673822_5755_561_5775_561_with_camera_labels-170.png 1112 752 57
big_dataset_depth/000000000397-segment-10275144660749673822_5755_561_5775_561_with_camera_labels-170.png 1120 752 57
big_dataset_depth/000000000397-segment-10275144660749673822_5755_561_5775_561_with_camera_labels-170.png 1128 744 57
big_dataset_depth/000000000397-segment-10275144660749673822_5755_561_5775_561_with_camera_labels-170.png 1136 752 56
big_dataset_depth/000000000397-segment-10275144660749673822_5755_561_5775_561_with_camera_labels-170.png 1144 744 56
big_dataset_depth/000000000397-segment-10275144660749673822_5755_561_5775_561_with_camera_labels-170.png 1152 744 56
big_dataset_depth/000000000397-segment-10275144660749673822_5755_561_5775_561_with_camera_labels-170.png 1160 752 55
big_dataset_depth/000000000397-segment-10275144660749673822_5755_561_5775_561_with_camera_labels-170.png 1168 744 56
big_dataset_depth/000000000397-segment-10275144660749673822_5755_561_5775_561_with_camera_labels-170.png 1176 736 55
big_dataset_depth/000000000397-segment-10275144660749673822_5755_561_5775_561_with_camera_labels-170.png 1184 752 55
big_dataset_depth/000000000397-segment-10275144660749673822_5755_561_5775_561_with_camera_labels-170.png 1192 752 55
big_dataset_depth/000000000397-segment-10275144660749673822_5755_561_5775_561_with_camera_labels-170.png 1200 752 54
big_dataset_depth/000000000397-segment-10275144660749673822_5755_561_5775_561_with_camera_labels-170.png 1208 744 55
big_dataset_depth/000000000397-segment-10275144660749673822_5755_561_5775_561_with_camera_labels-170.png 1216 752 55
big_dataset_depth/000000000397-segment-10275144660749673822_5755_561_5775_561_with_camera_labels-170.png 1224 744 53
big_dataset_depth/000000000397-segment-10275144660749673822_5755_561_5775_561_with_camera_labels-170.png 1232 752 56
big_dataset_depth/000000000397-segment-10275144660749673822_5755_561_5775_561_with_camera_labels-170.png 1240 744 56
big_dataset_depth/000000000397-segment-10275144660749673822_5755_561_5775_561_with_camera_labels-170.png 1248 736 56
big_dataset_depth/000000000397-segment-10275144660749673822_5755_561_5775_561_with_camera_labels-170.png 1256 720 61
big_dataset_depth/000000000397-segment-10275144660749673822_5755_561_5775_561_with_camera_labels-170.png 1264 736 57
big_dataset_depth/000000000397-segment-10275144660749673822_5755_561_5775_561_with_camera_labels-170.png 1272 760 55
big_dataset_depth/000000000397-segment-10275144660749673822_5755_561_5775_561_with_camera_labels-170.png 1280 744 55
big_dataset_depth/000000000397-segment-10275144660749673822_5755_561_5775_561_with_camera_labels-170.png 1288 712 56
big_dataset_depth/000000000397-segment-10275144660749673822_5755_561_5775_561_with_camera_labels-170.png 1296 720 62
big_dataset_depth/000000000397-segment-10275144660749673822_5755_561_5775_561_with_camera_labels-170.png 1304 728 55
big_dataset_depth/000000000397-segment-10275144660749673822_5755_561_5775_561_with_camera_labels-170.png 1312 760 54
big_dataset_depth/000000000397-segment-10275144660749673822_5755_561_5775_561_with_camera_labels-170.png 1320 744 61
big_dataset_depth/000000000397-segment-10275144660749673822_5755_561_5775_561_with_camera_labels-170.png 1328 728 63
big_dataset_depth/000000000397-segment-10275144660749673822_5755_561_5775_561_with_camera_labels-170.png 1336 720 69
big_dataset_depth/000000000397-segment-10275144660749673822_5755_561_5775_561_with_camera_labels-170.png 1344 712 69
big_dataset_depth/000000000397-segment-10275144660749673822_5755_561_5775_561_with_camera_labels-170.png 1352 720 68
big_dataset_depth/000000000397-segment-10275144660749673822_5755_561_5775_561_with_camera_labels-170.png 1360 728 66
big_dataset_depth/000000000397-segment-10275144660749673822_5755_561_5775_561_with_camera_labels-170.png 1368 712 61
big_dataset_depth/000000000397-segment-10275144660749673822_5755_561_5775_561_with_camera_labels-170.png 1376 728 57
big_dataset_depth/000000000397-segment-10275144660749673822_5755_561_5775_561_with_camera_labels-170.png 1384 720 56
big_dataset_depth/000000000397-segment-10275144660749673822_5755_561_5775_561_with_camera_labels-170.png 1392 728 56
big_dataset_depth/000000000397-segment-10275144660749673822_5755_561_5775_561_with_camera_labels-170.png 1400 736 56
big_dataset_depth/000000000397-segment-10275144660749673822_5755_561_5775_561_with_camera_labels-170.png 1408 728 55
big_dataset_depth/000000000397-segment-10275144660749673822_5755_561_5775_561_with_camera_labels-170.png 1416 752 55
big_dataset_depth/000000000397-segment-10275144660749673822_5755_561_5775_561_with_camera_labels-170.png 1424 744 56
big_dataset_depth/000000000397-segment-10275144660749673822_5755_561_5775_561_with_camera_labels-170.png 1432 736 55
big_dataset_depth/000000000397-segment-10275144660749673822_5755_561_5775_561_with_camera_labels-170.png 1440 720 55
big_dataset_depth/000000000397-segment-10275144660749673822_5755_561_5775_561_with_camera_labels-170.png 1448 704 55
big_dataset_depth/000000000397-segment-10275144660749673822_5755_561_5775_561_with_camera_labels-170.png 1456 776 29
big_dataset_depth/000000000397-segment-10275144660749673822_5755_561_5775_561_with_camera_labels-170.png 1464 800 31
big_dataset_depth/000000000397-segment-10275144660749673822_5755_561_5775_561_with_camera_labels-170.png 1472 808 30
big_dataset_depth/000000000397-segment-10275144660749673822_5755_561_5775_561_with_camera_labels-170.png 1480 840 29
big_dataset_depth/000000000397-segment-10275144660749673822_5755_561_5775_561_with_camera_labels-170.png 1488 832 30
big_dataset_depth/000000000397-segment-10275144660749673822_5755_561_5775_561_with_camera_labels-170.png 1496 848 29
big_dataset_depth/000000000397-segment-10275144660749673822_5755_561_5775_561_with_camera_labels-170.png 1504 848 27
big_dataset_depth/000000000397-segment-10275144660749673822_5755_561_5775_561_with_camera_labels-170.png 1512 832 29
big_dataset_depth/000000000397-segment-10275144660749673822_5755_561_5775_561_with_camera_labels-170.png 1520 872 28
big_dataset_depth/000000000397-segment-10275144660749673822_5755_561_5775_561_with_camera_labels-170.png 1528 872 27
big_dataset_depth/000000000397-segment-10275144660749673822_5755_561_5775_561_with_camera_labels-170.png 1536 872 27
big_dataset_depth/000000000397-segment-10275144660749673822_5755_561_5775_561_with_camera_labels-170.png 1544 872 27
big_dataset_depth/000000000397-segment-10275144660749673822_5755_561_5775_561_with_camera_labels-170.png 1552 872 27
big_dataset_depth/000000000397-segment-10275144660749673822_5755_561_5775_561_with_camera_labels-170.png 1560 832 28
big_dataset_depth/000000000397-segment-10275144660749673822_5755_561_5775_561_with_camera_labels-170.png 1568 856 27
big_dataset_depth/000000000397-segment-10275144660749673822_5755_561_5775_561_with_camera_labels-170.png 1576 680 26
big_dataset_depth/000000000397-segment-10275144660749673822_5755_561_5775_561_with_camera_labels-170.png 1584 864 26
big_dataset_depth/000000000397-segment-10275144660749673822_5755_561_5775_561_with_camera_labels-170.png 1592 808 28
big_dataset_depth/000000000397-segment-10275144660749673822_5755_561_5775_561_with_camera_labels-170.png 1600 664 27
big_dataset_depth/000000000397-segment-10275144660749673822_5755_561_5775_561_with_camera_labels-170.png 1608 848 26
big_dataset_depth/000000000397-segment-10275144660749673822_5755_561_5775_561_with_camera_labels-170.png 1616 832 25
big_dataset_depth/000000000397-segment-10275144660749673822_5755_561_5775_561_with_camera_labels-170.png 1624 816 26
big_dataset_depth/000000000397-segment-10275144660749673822_5755_561_5775_561_with_camera_labels-170.png 1632 864 25
big_dataset_depth/000000000397-segment-10275144660749673822_5755_561_5775_561_with_camera_labels-170.png 1640 840 26
big_dataset_depth/000000000397-segment-10275144660749673822_5755_561_5775_561_with_camera_labels-170.png 1648 880 25
big_dataset_depth/000000000397-segment-10275144660749673822_5755_561_5775_561_with_camera_labels-170.png 1656 880 25
big_dataset_depth/000000000397-segment-10275144660749673822_5755_561_5775_561_with_camera_labels-170.png 1664 872 25
big_dataset_depth/000000000397-segment-10275144660749673822_5755_561_5775_561_with_camera_labels-170.png 1672 856 25
big_dataset_depth/000000000397-segment-10275144660749673822_5755_561_5775_561_with_camera_labels-170.png 1680 864 25
big_dataset_depth/000000000397-segment-10275144660749673822_5755_561_5775_561_with_camera_labels-170.png 1688 848 25
big_dataset_depth/000000000397-segment-10275144660749673822_5755_561_5775_561_with_camera_labels-170.png 1696 824 25
big_dataset_depth/000000000397-segment-10275144660749673822_5755_561_5775_561_with_camera_labels-170.png 1712 848 24
big_dataset_depth/000000000397-segment-10275144660749673822_5755_561_5775_561_with_camera_labels-170.png 1720 896 24
big_dataset_depth/000000000397-segment-10275144660749673822_5755_561_5775_561_with_camera_labels-170.png 1728 864 24
big_dataset_depth/000000000397-segment-10275144660749673822_5755_561_5775_561_with_camera_labels-170.png 1736 840 25
big_dataset_depth/000000000397-segment-10275144660749673822_5755_561_5775_561_with_camera_labels-170.png 1744 840 25
big_dataset_depth/000000000397-segment-10275144660749673822_5755_561_5775_561_with_camera_labels-170.png 1752 848 25
big_dataset_depth/000000000397-segment-10275144660749673822_5755_561_5775_561_with_camera_labels-170.png 1760 864 25
big_dataset_depth/000000000397-segment-10275144660749673822_5755_561_5775_561_with_camera_labels-170.png 1768 840 25
big_dataset_depth/000000000397-segment-10275144660749673822_5755_561_5775_561_with_camera_labels-170.png 1776 824 24
big_dataset_depth/000000000397-segment-10275144660749673822_5755_561_5775_561_with_camera_labels-170.png 1784 824 24
big_dataset_depth/000000000397-segment-10275144660749673822_5755_561_5775_561_with_camera_labels-170.png 1792 840 26
big_dataset_depth/000000000397-segment-10275144660749673822_5755_561_5775_561_with_camera_labels-170.png 1800 776 27
big_dataset_depth/000000000397-segment-10275144660749673822_5755_561_5775_561_with_camera_labels-170.png 1816 832 25
big_dataset_depth/000000000397-segment-10275144660749673822_5755_561_5775_561_with_camera_labels-170.png 1824 856 25
big_dataset_depth/000000000397-segment-10275144660749673822_5755_561_5775_561_with_camera_labels-170.png 1832 856 25
big_dataset_depth/000000000397-segment-10275144660749673822_5755_561_5775_561_with_camera_labels-170.png 1840 840 25
big_dataset_depth/000000000397-segment-10275144660749673822_5755_561_5775_561_with_camera_labels-170.png 1848 808 26
big_dataset_depth/000000000397-segment-10275144660749673822_5755_561_5775_561_with_camera_labels-170.png 1864 856 27
big_dataset_depth/000000000397-segment-10275144660749673822_5755_561_5775_561_with_camera_labels-170.png 1872 856 27
big_dataset_depth/000000000397-segment-10275144660749673822_5755_561_5775_561_with_camera_labels-170.png 1888 840 26
big_dataset_depth/000000000397-segment-10275144660749673822_5755_561_5775_561_with_camera_labels-170.png 1896 712 25
big_dataset_depth/000000000397-segment-10275144660749673822_5755_561_5775_561_with_camera_labels-170.png 1904 824 26
big_dataset_depth/000000000397-segment-10275144660749673822_5755_561_5775_561_with_camera_labels-170.png 1912 768 28
