big_dataset_depth/000000003145-segment-13363977648531075793_343_000_363_000_with_camera_labels-80.png 40 960 24
big_dataset_depth/000000003145-segment-13363977648531075793_343_000_363_000_with_camera_labels-80.png 64 960 24
big_dataset_depth/000000003145-segment-13363977648531075793_343_000_363_000_with_camera_labels-80.png 88 752 61
big_dataset_depth/000000003145-segment-13363977648531075793_343_000_363_000_with_camera_labels-80.png 104 808 38
big_dataset_depth/000000003145-segment-13363977648531075793_343_000_363_000_with_camera_labels-80.png 112 816 38
big_dataset_depth/000000003145-segment-13363977648531075793_343_000_363_000_with_camera_labels-80.png 120 816 38
big_dataset_depth/000000003145-segment-13363977648531075793_343_000_363_000_with_camera_labels-80.png 128 768 38
big_dataset_depth/000000003145-segment-13363977648531075793_343_000_363_000_with_camera_labels-80.png 136 840 34
big_dataset_depth/000000003145-segment-13363977648531075793_343_000_363_000_with_camera_labels-80.png 144 888 27
big_dataset_depth/000000003145-segment-13363977648531075793_343_000_363_000_with_camera_labels-80.png 152 808 38
big_dataset_depth/000000003145-segment-13363977648531075793_343_000_363_000_with_camera_labels-80.png 160 896 26
big_dataset_depth/000000003145-segment-13363977648531075793_343_000_363_000_with_camera_labels-80.png 168 888 26
big_dataset_depth/000000003145-segment-13363977648531075793_343_000_363_000_with_camera_labels-80.png 176 896 26
big_dataset_depth/000000003145-segment-13363977648531075793_343_000_363_000_with_camera_labels-80.png 184 888 26
big_dataset_depth/000000003145-segment-13363977648531075793_343_000_363_000_with_camera_labels-80.png 192 896 26
big_dataset_depth/000000003145-segment-13363977648531075793_343_000_363_000_with_camera_labels-80.png 200 888 26
big_dataset_depth/000000003145-segment-13363977648531075793_343_000_363_000_with_camera_labels-80.png 208 896 26
big_dataset_depth/000000003145-segment-13363977648531075793_343_000_363_000_with_camera_labels-80.png 216 896 26
big_dataset_depth/000000003145-segment-13363977648531075793_343_000_363_000_with_camera_labels-80.png 224 888 26
big_dataset_depth/000000003145-segment-13363977648531075793_343_000_363_000_with_camera_labels-80.png 232 896 26
big_dataset_depth/000000003145-segment-13363977648531075793_343_000_363_000_with_camera_labels-80.png 240 888 26
big_dataset_depth/000000003145-segment-13363977648531075793_343_000_363_000_with_camera_labels-80.png 248 888 26
big_dataset_depth/000000003145-segment-13363977648531075793_343_000_363_000_with_camera_labels-80.png 256 888 26
big_dataset_depth/000000003145-segment-13363977648531075793_343_000_363_000_with_camera_labels-80.png 264 888 26
big_dataset_depth/000000003145-segment-13363977648531075793_343_000_363_000_with_camera_labels-80.png 272 888 26
big_dataset_depth/000000003145-segment-13363977648531075793_343_000_363_000_with_camera_labels-80.png 280 888 26
big_dataset_depth/000000003145-segment-13363977648531075793_343_000_363_000_with_camera_labels-80.png 288 888 26
big_dataset_depth/000000003145-segment-13363977648531075793_343_000_363_000_with_camera_labels-80.png 296 888 26
big_dataset_depth/000000003145-segment-13363977648531075793_343_000_363_000_with_camera_labels-80.png 304 880 26
big_dataset_depth/000000003145-segment-13363977648531075793_343_000_363_000_with_camera_labels-80.png 312 888 26
big_dataset_depth/000000003145-segment-13363977648531075793_343_000_363_000_with_camera_labels-80.png 320 888 26
big_dataset_depth/000000003145-segment-13363977648531075793_343_000_363_000_with_camera_labels-80.png 328 888 26
big_dataset_depth/000000003145-segment-13363977648531075793_343_000_363_000_with_camera_labels-80.png 336 888 26
big_dataset_depth/000000003145-segment-13363977648531075793_343_000_363_000_with_camera_labels-80.png 344 888 26
big_dataset_depth/000000003145-segment-13363977648531075793_343_000_363_000_with_camera_labels-80.png 352 888 26
big_dataset_depth/000000003145-segment-13363977648531075793_343_000_363_000_with_camera_labels-80.png 360 880 26
big_dataset_depth/000000003145-segment-13363977648531075793_343_000_363_000_with_camera_labels-80.png 368 888 26
big_dataset_depth/000000003145-segment-13363977648531075793_343_000_363_000_with_camera_labels-80.png 376 888 26
big_dataset_depth/000000003145-segment-13363977648531075793_343_000_363_000_with_camera_labels-80.png 384 880 26
big_dataset_depth/000000003145-segment-13363977648531075793_343_000_363_000_with_camera_labels-80.png 392 888 26
big_dataset_depth/000000003145-segment-13363977648531075793_343_000_363_000_with_camera_labels-80.png 400 880 26
big_dataset_depth/000000003145-segment-13363977648531075793_343_000_363_000_with_camera_labels-80.png 408 888 26
big_dataset_depth/000000003145-segment-13363977648531075793_343_000_363_000_with_camera_labels-80.png 416 888 26
big_dataset_depth/000000003145-segment-13363977648531075793_343_000_363_000_with_camera_labels-80.png 424 880 26
big_dataset_depth/000000003145-segment-13363977648531075793_343_000_363_000_with_camera_labels-80.png 432 888 26
big_dataset_depth/000000003145-segment-13363977648531075793_343_000_363_000_with_camera_labels-80.png 440 888 26
big_dataset_depth/000000003145-segment-13363977648531075793_343_000_363_000_with_camera_labels-80.png 448 880 26
big_dataset_depth/000000003145-segment-13363977648531075793_343_000_363_000_with_camera_labels-80.png 456 888 26
big_dataset_depth/000000003145-segment-13363977648531075793_343_000_363_000_with_camera_labels-80.png 464 888 26
big_dataset_depth/000000003145-segment-13363977648531075793_343_000_363_000_with_camera_labels-80.png 472 888 26
big_dataset_depth/000000003145-segment-13363977648531075793_343_000_363_000_with_camera_labels-80.png 480 888 26
big_dataset_depth/000000003145-segment-13363977648531075793_343_000_363_000_with_camera_labels-80.png 488 888 26
big_dataset_depth/000000003145-segment-13363977648531075793_343_000_363_000_with_camera_labels-80.png 496 888 26
big_dataset_depth/000000003145-segment-13363977648531075793_343_000_363_000_with_camera_labels-80.png 504 880 26
big_dataset_depth/000000003145-segment-13363977648531075793_343_000_363_000_with_camera_labels-80.png 512 888 26
big_dataset_depth/000000003145-segment-13363977648531075793_343_000_363_000_with_camera_labels-80.png 520 880 26
big_dataset_depth/000000003145-segment-13363977648531075793_343_000_363_000_with_camera_labels-80.png 528 880 26
big_dataset_depth/000000003145-segment-13363977648531075793_343_000_363_000_with_camera_labels-80.png 536 880 26
big_dataset_depth/000000003145-segment-13363977648531075793_343_000_363_000_with_camera_labels-80.png 544 880 26
big_dataset_depth/000000003145-segment-13363977648531075793_343_000_363_000_with_camera_labels-80.png 552 880 26
big_dataset_depth/000000003145-segment-13363977648531075793_343_000_363_000_with_camera_labels-80.png 560 880 26
big_dataset_depth/000000003145-segment-13363977648531075793_343_000_363_000_with_camera_labels-80.png 568 880 26
big_dataset_depth/000000003145-segment-13363977648531075793_343_000_363_000_with_camera_labels-80.png 576 880 26
big_dataset_depth/000000003145-segment-13363977648531075793_343_000_363_000_with_camera_labels-80.png 584 872 26
big_dataset_depth/000000003145-segment-13363977648531075793_343_000_363_000_with_camera_labels-80.png 592 880 26
big_dataset_depth/000000003145-segment-13363977648531075793_343_000_363_000_with_camera_labels-80.png 600 888 26
big_dataset_depth/000000003145-segment-13363977648531075793_343_000_363_000_with_camera_labels-80.png 608 880 27
big_dataset_depth/000000003145-segment-13363977648531075793_343_000_363_000_with_camera_labels-80.png 616 888 26
big_dataset_depth/000000003145-segment-13363977648531075793_343_000_363_000_with_camera_labels-80.png 624 880 27
big_dataset_depth/000000003145-segment-13363977648531075793_343_000_363_000_with_camera_labels-80.png 632 880 27
big_dataset_depth/000000003145-segment-13363977648531075793_343_000_363_000_with_camera_labels-80.png 640 880 27
big_dataset_depth/000000003145-segment-13363977648531075793_343_000_363_000_with_camera_labels-80.png 648 896 26
big_dataset_depth/000000003145-segment-13363977648531075793_343_000_363_000_with_camera_labels-80.png 656 928 24
big_dataset_depth/000000003145-segment-13363977648531075793_343_000_363_000_with_camera_labels-80.png 664 944 24
big_dataset_depth/000000003145-segment-13363977648531075793_343_000_363_000_with_camera_labels-80.png 672 944 24
big_dataset_depth/000000003145-segment-13363977648531075793_343_000_363_000_with_camera_labels-80.png 680 880 27
big_dataset_depth/000000003145-segment-13363977648531075793_343_000_363_000_with_camera_labels-80.png 688 880 27
big_dataset_depth/000000003145-segment-13363977648531075793_343_000_363_000_with_camera_labels-80.png 696 912 25
big_dataset_depth/000000003145-segment-13363977648531075793_343_000_363_000_with_camera_labels-80.png 704 912 25
big_dataset_depth/000000003145-segment-13363977648531075793_343_000_363_000_with_camera_labels-80.png 712 944 24
big_dataset_depth/000000003145-segment-13363977648531075793_343_000_363_000_with_camera_labels-80.png 720 944 24
big_dataset_depth/000000003145-segment-13363977648531075793_343_000_363_000_with_camera_labels-80.png 728 880 27
big_dataset_depth/000000003145-segment-13363977648531075793_343_000_363_000_with_camera_labels-80.png 736 880 27
big_dataset_depth/000000003145-segment-13363977648531075793_343_000_363_000_with_camera_labels-80.png 744 880 27
big_dataset_depth/000000003145-segment-13363977648531075793_343_000_363_000_with_camera_labels-80.png 752 872 27
big_dataset_depth/000000003145-segment-13363977648531075793_343_000_363_000_with_camera_labels-80.png 760 880 27
big_dataset_depth/000000003145-segment-13363977648531075793_343_000_363_000_with_camera_labels-80.png 768 872 27
big_dataset_depth/000000003145-segment-13363977648531075793_343_000_363_000_with_camera_labels-80.png 776 880 27
big_dataset_depth/000000003145-segment-13363977648531075793_343_000_363_000_with_camera_labels-80.png 784 880 27
big_dataset_depth/000000003145-segment-13363977648531075793_343_000_363_000_with_camera_labels-80.png 792 872 27
big_dataset_depth/000000003145-segment-13363977648531075793_343_000_363_000_with_camera_labels-80.png 800 880 27
big_dataset_depth/000000003145-segment-13363977648531075793_343_000_363_000_with_camera_labels-80.png 808 872 27
big_dataset_depth/000000003145-segment-13363977648531075793_343_000_363_000_with_camera_labels-80.png 816 880 27
big_dataset_depth/000000003145-segment-13363977648531075793_343_000_363_000_with_camera_labels-80.png 824 880 27
big_dataset_depth/000000003145-segment-13363977648531075793_343_000_363_000_with_camera_labels-80.png 832 872 27
big_dataset_depth/000000003145-segment-13363977648531075793_343_000_363_000_with_camera_labels-80.png 848 872 27
big_dataset_depth/000000003145-segment-13363977648531075793_343_000_363_000_with_camera_labels-80.png 856 888 27
big_dataset_depth/000000003145-segment-13363977648531075793_343_000_363_000_with_camera_labels-80.png 864 880 27
big_dataset_depth/000000003145-segment-13363977648531075793_343_000_363_000_with_camera_labels-80.png 872 920 25
big_dataset_depth/000000003145-segment-13363977648531075793_343_000_363_000_with_camera_labels-80.png 880 920 25
big_dataset_depth/000000003145-segment-13363977648531075793_343_000_363_000_with_camera_labels-80.png 888 912 26
big_dataset_depth/000000003145-segment-13363977648531075793_343_000_363_000_with_camera_labels-80.png 896 904 26
big_dataset_depth/000000003145-segment-13363977648531075793_343_000_363_000_with_camera_labels-80.png 904 920 25
big_dataset_depth/000000003145-segment-13363977648531075793_343_000_363_000_with_camera_labels-80.png 912 920 25
big_dataset_depth/000000003145-segment-13363977648531075793_343_000_363_000_with_camera_labels-80.png 920 904 26
big_dataset_depth/000000003145-segment-13363977648531075793_343_000_363_000_with_camera_labels-80.png 928 920 25
big_dataset_depth/000000003145-segment-13363977648531075793_343_000_363_000_with_camera_labels-80.png 936 920 25
big_dataset_depth/000000003145-segment-13363977648531075793_343_000_363_000_with_camera_labels-80.png 944 912 26
big_dataset_depth/000000003145-segment-13363977648531075793_343_000_363_000_with_camera_labels-80.png 952 920 25
big_dataset_depth/000000003145-segment-13363977648531075793_343_000_363_000_with_camera_labels-80.png 960 920 25
big_dataset_depth/000000003145-segment-13363977648531075793_343_000_363_000_with_camera_labels-80.png 968 904 26
big_dataset_depth/000000003145-segment-13363977648531075793_343_000_363_000_with_camera_labels-80.png 976 920 25
big_dataset_depth/000000003145-segment-13363977648531075793_343_000_363_000_with_camera_labels-80.png 984 864 27
big_dataset_depth/000000003145-segment-13363977648531075793_343_000_363_000_with_camera_labels-80.png 992 880 27
big_dataset_depth/000000003145-segment-13363977648531075793_343_000_363_000_with_camera_labels-80.png 1000 880 27
big_dataset_depth/000000003145-segment-13363977648531075793_343_000_363_000_with_camera_labels-80.png 1008 872 27
big_dataset_depth/000000003145-segment-13363977648531075793_343_000_363_000_with_camera_labels-80.png 1016 880 27
big_dataset_depth/000000003145-segment-13363977648531075793_343_000_363_000_with_camera_labels-80.png 1024 880 28
big_dataset_depth/000000003145-segment-13363977648531075793_343_000_363_000_with_camera_labels-80.png 1032 880 28
big_dataset_depth/000000003145-segment-13363977648531075793_343_000_363_000_with_camera_labels-80.png 1040 872 28
big_dataset_depth/000000003145-segment-13363977648531075793_343_000_363_000_with_camera_labels-80.png 1048 880 28
big_dataset_depth/000000003145-segment-13363977648531075793_343_000_363_000_with_camera_labels-80.png 1056 880 28
big_dataset_depth/000000003145-segment-13363977648531075793_343_000_363_000_with_camera_labels-80.png 1064 880 28
big_dataset_depth/000000003145-segment-13363977648531075793_343_000_363_000_with_camera_labels-80.png 1072 880 28
big_dataset_depth/000000003145-segment-13363977648531075793_343_000_363_000_with_camera_labels-80.png 1080 688 46
big_dataset_depth/000000003145-segment-13363977648531075793_343_000_363_000_with_camera_labels-80.png 1088 880 28
big_dataset_depth/000000003145-segment-13363977648531075793_343_000_363_000_with_camera_labels-80.png 1096 912 26
big_dataset_depth/000000003145-segment-13363977648531075793_343_000_363_000_with_camera_labels-80.png 1104 912 26
big_dataset_depth/000000003145-segment-13363977648531075793_343_000_363_000_with_camera_labels-80.png 1112 912 26
big_dataset_depth/000000003145-segment-13363977648531075793_343_000_363_000_with_camera_labels-80.png 1120 912 27
big_dataset_depth/000000003145-segment-13363977648531075793_343_000_363_000_with_camera_labels-80.png 1128 896 27
big_dataset_depth/000000003145-segment-13363977648531075793_343_000_363_000_with_camera_labels-80.png 1136 880 28
big_dataset_depth/000000003145-segment-13363977648531075793_343_000_363_000_with_camera_labels-80.png 1144 880 28
big_dataset_depth/000000003145-segment-13363977648531075793_343_000_363_000_with_camera_labels-80.png 1152 880 28
big_dataset_depth/000000003145-segment-13363977648531075793_343_000_363_000_with_camera_labels-80.png 1160 880 28
big_dataset_depth/000000003145-segment-13363977648531075793_343_000_363_000_with_camera_labels-80.png 1168 880 28
big_dataset_depth/000000003145-segment-13363977648531075793_343_000_363_000_with_camera_labels-80.png 1176 880 28
big_dataset_depth/000000003145-segment-13363977648531075793_343_000_363_000_with_camera_labels-80.png 1184 880 28
big_dataset_depth/000000003145-segment-13363977648531075793_343_000_363_000_with_camera_labels-80.png 1192 800 36
big_dataset_depth/000000003145-segment-13363977648531075793_343_000_363_000_with_camera_labels-80.png 1200 832 37
big_dataset_depth/000000003145-segment-13363977648531075793_343_000_363_000_with_camera_labels-80.png 1208 832 40
big_dataset_depth/000000003145-segment-13363977648531075793_343_000_363_000_with_camera_labels-80.png 1216 832 39
big_dataset_depth/000000003145-segment-13363977648531075793_343_000_363_000_with_camera_labels-80.png 1224 832 39
big_dataset_depth/000000003145-segment-13363977648531075793_343_000_363_000_with_camera_labels-80.png 1232 824 48
big_dataset_depth/000000003145-segment-13363977648531075793_343_000_363_000_with_camera_labels-80.png 1240 896 28
big_dataset_depth/000000003145-segment-13363977648531075793_343_000_363_000_with_camera_labels-80.png 1248 896 28
big_dataset_depth/000000003145-segment-13363977648531075793_343_000_363_000_with_camera_labels-80.png 1256 856 42
big_dataset_depth/000000003145-segment-13363977648531075793_343_000_363_000_with_camera_labels-80.png 1264 896 28
big_dataset_depth/000000003145-segment-13363977648531075793_343_000_363_000_with_camera_labels-80.png 1272 896 28
big_dataset_depth/000000003145-segment-13363977648531075793_343_000_363_000_with_camera_labels-80.png 1280 896 28
big_dataset_depth/000000003145-segment-13363977648531075793_343_000_363_000_with_camera_labels-80.png 1288 896 28
