big_dataset_depth/000000000177-segment-10082223140073588526_6140_000_6160_000_with_camera_labels-170.png 0 776 52
big_dataset_depth/000000000177-segment-10082223140073588526_6140_000_6160_000_with_camera_labels-170.png 8 760 53
big_dataset_depth/000000000177-segment-10082223140073588526_6140_000_6160_000_with_camera_labels-170.png 16 776 52
big_dataset_depth/000000000177-segment-10082223140073588526_6140_000_6160_000_with_camera_labels-170.png 24 776 53
big_dataset_depth/000000000177-segment-10082223140073588526_6140_000_6160_000_with_camera_labels-170.png 32 776 53
big_dataset_depth/000000000177-segment-10082223140073588526_6140_000_6160_000_with_camera_labels-170.png 40 776 54
big_dataset_depth/000000000177-segment-10082223140073588526_6140_000_6160_000_with_camera_labels-170.png 48 872 34
big_dataset_depth/000000000177-segment-10082223140073588526_6140_000_6160_000_with_camera_labels-170.png 56 808 45
big_dataset_depth/000000000177-segment-10082223140073588526_6140_000_6160_000_with_camera_labels-170.png 64 840 36
big_dataset_depth/000000000177-segment-10082223140073588526_6140_000_6160_000_with_camera_labels-170.png 72 840 36
big_dataset_depth/000000000177-segment-10082223140073588526_6140_000_6160_000_with_camera_labels-170.png 80 840 36
big_dataset_depth/000000000177-segment-10082223140073588526_6140_000_6160_000_with_camera_labels-170.png 88 832 37
big_dataset_depth/000000000177-segment-10082223140073588526_6140_000_6160_000_with_camera_labels-170.png 96 800 38
big_dataset_depth/000000000177-segment-10082223140073588526_6140_000_6160_000_with_camera_labels-170.png 104 808 37
big_dataset_depth/000000000177-segment-10082223140073588526_6140_000_6160_000_with_camera_labels-170.png 112 816 38
big_dataset_depth/000000000177-segment-10082223140073588526_6140_000_6160_000_with_camera_labels-170.png 120 824 38
big_dataset_depth/000000000177-segment-10082223140073588526_6140_000_6160_000_with_camera_labels-170.png 128 832 37
big_dataset_depth/000000000177-segment-10082223140073588526_6140_000_6160_000_with_camera_labels-170.png 136 816 38
big_dataset_depth/000000000177-segment-10082223140073588526_6140_000_6160_000_with_camera_labels-170.png 144 824 40
big_dataset_depth/000000000177-segment-10082223140073588526_6140_000_6160_000_with_camera_labels-170.png 152 824 40
big_dataset_depth/000000000177-segment-10082223140073588526_6140_000_6160_000_with_camera_labels-170.png 160 824 40
big_dataset_depth/000000000177-segment-10082223140073588526_6140_000_6160_000_with_camera_labels-170.png 168 824 40
big_dataset_depth/000000000177-segment-10082223140073588526_6140_000_6160_000_with_camera_labels-170.png 176 824 40
big_dataset_depth/000000000177-segment-10082223140073588526_6140_000_6160_000_with_camera_labels-170.png 184 824 40
big_dataset_depth/000000000177-segment-10082223140073588526_6140_000_6160_000_with_camera_labels-170.png 192 808 40
big_dataset_depth/000000000177-segment-10082223140073588526_6140_000_6160_000_with_camera_labels-170.png 200 768 47
big_dataset_depth/000000000177-segment-10082223140073588526_6140_000_6160_000_with_camera_labels-170.png 208 752 47
big_dataset_depth/000000000177-segment-10082223140073588526_6140_000_6160_000_with_camera_labels-170.png 216 800 41
big_dataset_depth/000000000177-segment-10082223140073588526_6140_000_6160_000_with_camera_labels-170.png 224 832 38
big_dataset_depth/000000000177-segment-10082223140073588526_6140_000_6160_000_with_camera_labels-170.png 232 840 38
big_dataset_depth/000000000177-segment-10082223140073588526_6140_000_6160_000_with_camera_labels-170.png 240 816 38
big_dataset_depth/000000000177-segment-10082223140073588526_6140_000_6160_000_with_camera_labels-170.png 248 800 37
big_dataset_depth/000000000177-segment-10082223140073588526_6140_000_6160_000_with_camera_labels-170.png 256 808 37
big_dataset_depth/000000000177-segment-10082223140073588526_6140_000_6160_000_with_camera_labels-170.png 264 808 37
big_dataset_depth/000000000177-segment-10082223140073588526_6140_000_6160_000_with_camera_labels-170.png 272 840 37
big_dataset_depth/000000000177-segment-10082223140073588526_6140_000_6160_000_with_camera_labels-170.png 280 808 38
big_dataset_depth/000000000177-segment-10082223140073588526_6140_000_6160_000_with_camera_labels-170.png 288 800 37
big_dataset_depth/000000000177-segment-10082223140073588526_6140_000_6160_000_with_camera_labels-170.png 296 808 38
big_dataset_depth/000000000177-segment-10082223140073588526_6140_000_6160_000_with_camera_labels-170.png 304 808 37
big_dataset_depth/000000000177-segment-10082223140073588526_6140_000_6160_000_with_camera_labels-170.png 312 808 38
big_dataset_depth/000000000177-segment-10082223140073588526_6140_000_6160_000_with_camera_labels-170.png 320 800 37
big_dataset_depth/000000000177-segment-10082223140073588526_6140_000_6160_000_with_camera_labels-170.png 328 808 37
big_dataset_depth/000000000177-segment-10082223140073588526_6140_000_6160_000_with_camera_labels-170.png 336 800 37
big_dataset_depth/000000000177-segment-10082223140073588526_6140_000_6160_000_with_camera_labels-170.png 344 824 37
big_dataset_depth/000000000177-segment-10082223140073588526_6140_000_6160_000_with_camera_labels-170.png 352 824 38
big_dataset_depth/000000000177-segment-10082223140073588526_6140_000_6160_000_with_camera_labels-170.png 360 824 38
big_dataset_depth/000000000177-segment-10082223140073588526_6140_000_6160_000_with_camera_labels-170.png 368 832 37
big_dataset_depth/000000000177-segment-10082223140073588526_6140_000_6160_000_with_camera_labels-170.png 376 824 38
big_dataset_depth/000000000177-segment-10082223140073588526_6140_000_6160_000_with_camera_labels-170.png 384 816 38
big_dataset_depth/000000000177-segment-10082223140073588526_6140_000_6160_000_with_camera_labels-170.png 392 792 39
big_dataset_depth/000000000177-segment-10082223140073588526_6140_000_6160_000_with_camera_labels-170.png 400 784 40
big_dataset_depth/000000000177-segment-10082223140073588526_6140_000_6160_000_with_camera_labels-170.png 408 808 42
big_dataset_depth/000000000177-segment-10082223140073588526_6140_000_6160_000_with_camera_labels-170.png 416 808 41
big_dataset_depth/000000000177-segment-10082223140073588526_6140_000_6160_000_with_camera_labels-170.png 424 808 41
big_dataset_depth/000000000177-segment-10082223140073588526_6140_000_6160_000_with_camera_labels-170.png 432 792 42
big_dataset_depth/000000000177-segment-10082223140073588526_6140_000_6160_000_with_camera_labels-170.png 440 800 45
big_dataset_depth/000000000177-segment-10082223140073588526_6140_000_6160_000_with_camera_labels-170.png 448 776 48
big_dataset_depth/000000000177-segment-10082223140073588526_6140_000_6160_000_with_camera_labels-170.png 456 792 46
big_dataset_depth/000000000177-segment-10082223140073588526_6140_000_6160_000_with_camera_labels-170.png 464 784 46
big_dataset_depth/000000000177-segment-10082223140073588526_6140_000_6160_000_with_camera_labels-170.png 472 784 46
big_dataset_depth/000000000177-segment-10082223140073588526_6140_000_6160_000_with_camera_labels-170.png 480 768 48
big_dataset_depth/000000000177-segment-10082223140073588526_6140_000_6160_000_with_camera_labels-170.png 488 776 49
big_dataset_depth/000000000177-segment-10082223140073588526_6140_000_6160_000_with_camera_labels-170.png 496 784 50
big_dataset_depth/000000000177-segment-10082223140073588526_6140_000_6160_000_with_camera_labels-170.png 504 784 50
big_dataset_depth/000000000177-segment-10082223140073588526_6140_000_6160_000_with_camera_labels-170.png 512 744 54
big_dataset_depth/000000000177-segment-10082223140073588526_6140_000_6160_000_with_camera_labels-170.png 520 744 58
big_dataset_depth/000000000177-segment-10082223140073588526_6140_000_6160_000_with_camera_labels-170.png 528 752 58
big_dataset_depth/000000000177-segment-10082223140073588526_6140_000_6160_000_with_camera_labels-170.png 536 744 58
big_dataset_depth/000000000177-segment-10082223140073588526_6140_000_6160_000_with_camera_labels-170.png 544 752 58
big_dataset_depth/000000000177-segment-10082223140073588526_6140_000_6160_000_with_camera_labels-170.png 552 752 59
big_dataset_depth/000000000177-segment-10082223140073588526_6140_000_6160_000_with_camera_labels-170.png 560 752 59
big_dataset_depth/000000000177-segment-10082223140073588526_6140_000_6160_000_with_camera_labels-170.png 568 760 59
big_dataset_depth/000000000177-segment-10082223140073588526_6140_000_6160_000_with_camera_labels-170.png 576 760 59
big_dataset_depth/000000000177-segment-10082223140073588526_6140_000_6160_000_with_camera_labels-170.png 584 752 60
big_dataset_depth/000000000177-segment-10082223140073588526_6140_000_6160_000_with_camera_labels-170.png 592 744 62
big_dataset_depth/000000000177-segment-10082223140073588526_6140_000_6160_000_with_camera_labels-170.png 600 728 66
big_dataset_depth/000000000177-segment-10082223140073588526_6140_000_6160_000_with_camera_labels-170.png 608 736 66
big_dataset_depth/000000000177-segment-10082223140073588526_6140_000_6160_000_with_camera_labels-170.png 616 744 66
big_dataset_depth/000000000177-segment-10082223140073588526_6140_000_6160_000_with_camera_labels-170.png 624 744 67
big_dataset_depth/000000000177-segment-10082223140073588526_6140_000_6160_000_with_camera_labels-170.png 632 744 67
big_dataset_depth/000000000177-segment-10082223140073588526_6140_000_6160_000_with_camera_labels-170.png 640 728 69
big_dataset_depth/000000000177-segment-10082223140073588526_6140_000_6160_000_with_camera_labels-170.png 648 688 84
big_dataset_depth/000000000177-segment-10082223140073588526_6140_000_6160_000_with_camera_labels-170.png 656 744 71
big_dataset_depth/000000000177-segment-10082223140073588526_6140_000_6160_000_with_camera_labels-170.png 664 744 71
big_dataset_depth/000000000177-segment-10082223140073588526_6140_000_6160_000_with_camera_labels-170.png 672 712 87
big_dataset_depth/000000000177-segment-10082223140073588526_6140_000_6160_000_with_camera_labels-170.png 680 712 87
big_dataset_depth/000000000177-segment-10082223140073588526_6140_000_6160_000_with_camera_labels-170.png 688 720 90
big_dataset_depth/000000000177-segment-10082223140073588526_6140_000_6160_000_with_camera_labels-170.png 696 720 88
big_dataset_depth/000000000177-segment-10082223140073588526_6140_000_6160_000_with_camera_labels-170.png 704 712 92
big_dataset_depth/000000000177-segment-10082223140073588526_6140_000_6160_000_with_camera_labels-170.png 976 576 102
big_dataset_depth/000000000177-segment-10082223140073588526_6140_000_6160_000_with_camera_labels-170.png 984 712 87
big_dataset_depth/000000000177-segment-10082223140073588526_6140_000_6160_000_with_camera_labels-170.png 992 720 83
big_dataset_depth/000000000177-segment-10082223140073588526_6140_000_6160_000_with_camera_labels-170.png 1000 728 78
big_dataset_depth/000000000177-segment-10082223140073588526_6140_000_6160_000_with_camera_labels-170.png 1008 608 81
big_dataset_depth/000000000177-segment-10082223140073588526_6140_000_6160_000_with_camera_labels-170.png 1016 608 80
big_dataset_depth/000000000177-segment-10082223140073588526_6140_000_6160_000_with_camera_labels-170.png 1024 712 95
big_dataset_depth/000000000177-segment-10082223140073588526_6140_000_6160_000_with_camera_labels-170.png 1032 696 90
big_dataset_depth/000000000177-segment-10082223140073588526_6140_000_6160_000_with_camera_labels-170.png 1040 712 89
big_dataset_depth/000000000177-segment-10082223140073588526_6140_000_6160_000_with_camera_labels-170.png 1048 720 77
big_dataset_depth/000000000177-segment-10082223140073588526_6140_000_6160_000_with_camera_labels-170.png 1056 728 75
big_dataset_depth/000000000177-segment-10082223140073588526_6140_000_6160_000_with_camera_labels-170.png 1064 728 69
big_dataset_depth/000000000177-segment-10082223140073588526_6140_000_6160_000_with_camera_labels-170.png 1072 728 66
big_dataset_depth/000000000177-segment-10082223140073588526_6140_000_6160_000_with_camera_labels-170.png 1080 728 66
big_dataset_depth/000000000177-segment-10082223140073588526_6140_000_6160_000_with_camera_labels-170.png 1088 728 66
big_dataset_depth/000000000177-segment-10082223140073588526_6140_000_6160_000_with_camera_labels-170.png 1096 736 66
big_dataset_depth/000000000177-segment-10082223140073588526_6140_000_6160_000_with_camera_labels-170.png 1104 752 57
big_dataset_depth/000000000177-segment-10082223140073588526_6140_000_6160_000_with_camera_labels-170.png 1112 736 56
big_dataset_depth/000000000177-segment-10082223140073588526_6140_000_6160_000_with_camera_labels-170.png 1120 752 51
big_dataset_depth/000000000177-segment-10082223140073588526_6140_000_6160_000_with_camera_labels-170.png 1128 760 49
big_dataset_depth/000000000177-segment-10082223140073588526_6140_000_6160_000_with_camera_labels-170.png 1136 768 47
big_dataset_depth/000000000177-segment-10082223140073588526_6140_000_6160_000_with_camera_labels-170.png 1144 776 46
big_dataset_depth/000000000177-segment-10082223140073588526_6140_000_6160_000_with_camera_labels-170.png 1152 752 46
big_dataset_depth/000000000177-segment-10082223140073588526_6140_000_6160_000_with_camera_labels-170.png 1160 768 46
big_dataset_depth/000000000177-segment-10082223140073588526_6140_000_6160_000_with_camera_labels-170.png 1168 784 41
big_dataset_depth/000000000177-segment-10082223140073588526_6140_000_6160_000_with_camera_labels-170.png 1176 800 41
big_dataset_depth/000000000177-segment-10082223140073588526_6140_000_6160_000_with_camera_labels-170.png 1184 784 39
big_dataset_depth/000000000177-segment-10082223140073588526_6140_000_6160_000_with_camera_labels-170.png 1192 808 37
big_dataset_depth/000000000177-segment-10082223140073588526_6140_000_6160_000_with_camera_labels-170.png 1200 824 37
big_dataset_depth/000000000177-segment-10082223140073588526_6140_000_6160_000_with_camera_labels-170.png 1208 824 37
big_dataset_depth/000000000177-segment-10082223140073588526_6140_000_6160_000_with_camera_labels-170.png 1216 808 37
big_dataset_depth/000000000177-segment-10082223140073588526_6140_000_6160_000_with_camera_labels-170.png 1224 792 36
big_dataset_depth/000000000177-segment-10082223140073588526_6140_000_6160_000_with_camera_labels-170.png 1232 784 36
big_dataset_depth/000000000177-segment-10082223140073588526_6140_000_6160_000_with_camera_labels-170.png 1240 800 36
big_dataset_depth/000000000177-segment-10082223140073588526_6140_000_6160_000_with_camera_labels-170.png 1248 800 36
big_dataset_depth/000000000177-segment-10082223140073588526_6140_000_6160_000_with_camera_labels-170.png 1256 800 36
big_dataset_depth/000000000177-segment-10082223140073588526_6140_000_6160_000_with_camera_labels-170.png 1264 808 38
big_dataset_depth/000000000177-segment-10082223140073588526_6140_000_6160_000_with_camera_labels-170.png 1272 800 36
big_dataset_depth/000000000177-segment-10082223140073588526_6140_000_6160_000_with_camera_labels-170.png 1280 800 36
big_dataset_depth/000000000177-segment-10082223140073588526_6140_000_6160_000_with_camera_labels-170.png 1288 800 36
big_dataset_depth/000000000177-segment-10082223140073588526_6140_000_6160_000_with_camera_labels-170.png 1296 816 38
big_dataset_depth/000000000177-segment-10082223140073588526_6140_000_6160_000_with_camera_labels-170.png 1304 824 38
big_dataset_depth/000000000177-segment-10082223140073588526_6140_000_6160_000_with_camera_labels-170.png 1312 808 37
big_dataset_depth/000000000177-segment-10082223140073588526_6140_000_6160_000_with_camera_labels-170.png 1320 824 38
big_dataset_depth/000000000177-segment-10082223140073588526_6140_000_6160_000_with_camera_labels-170.png 1328 816 37
big_dataset_depth/000000000177-segment-10082223140073588526_6140_000_6160_000_with_camera_labels-170.png 1336 816 37
big_dataset_depth/000000000177-segment-10082223140073588526_6140_000_6160_000_with_camera_labels-170.png 1344 808 40
big_dataset_depth/000000000177-segment-10082223140073588526_6140_000_6160_000_with_camera_labels-170.png 1352 768 44
big_dataset_depth/000000000177-segment-10082223140073588526_6140_000_6160_000_with_camera_labels-170.png 1360 792 43
big_dataset_depth/000000000177-segment-10082223140073588526_6140_000_6160_000_with_camera_labels-170.png 1368 792 43
big_dataset_depth/000000000177-segment-10082223140073588526_6140_000_6160_000_with_camera_labels-170.png 1376 784 43
big_dataset_depth/000000000177-segment-10082223140073588526_6140_000_6160_000_with_camera_labels-170.png 1384 816 37
big_dataset_depth/000000000177-segment-10082223140073588526_6140_000_6160_000_with_camera_labels-170.png 1392 816 37
big_dataset_depth/000000000177-segment-10082223140073588526_6140_000_6160_000_with_camera_labels-170.png 1400 816 36
big_dataset_depth/000000000177-segment-10082223140073588526_6140_000_6160_000_with_camera_labels-170.png 1408 824 36
big_dataset_depth/000000000177-segment-10082223140073588526_6140_000_6160_000_with_camera_labels-170.png 1416 816 36
big_dataset_depth/000000000177-segment-10082223140073588526_6140_000_6160_000_with_camera_labels-170.png 1424 816 35
big_dataset_depth/000000000177-segment-10082223140073588526_6140_000_6160_000_with_camera_labels-170.png 1432 824 36
big_dataset_depth/000000000177-segment-10082223140073588526_6140_000_6160_000_with_camera_labels-170.png 1440 832 35
big_dataset_depth/000000000177-segment-10082223140073588526_6140_000_6160_000_with_camera_labels-170.png 1448 824 34
big_dataset_depth/000000000177-segment-10082223140073588526_6140_000_6160_000_with_camera_labels-170.png 1456 832 34
big_dataset_depth/000000000177-segment-10082223140073588526_6140_000_6160_000_with_camera_labels-170.png 1464 840 33
big_dataset_depth/000000000177-segment-10082223140073588526_6140_000_6160_000_with_camera_labels-170.png 1472 792 35
big_dataset_depth/000000000177-segment-10082223140073588526_6140_000_6160_000_with_camera_labels-170.png 1480 832 35
big_dataset_depth/000000000177-segment-10082223140073588526_6140_000_6160_000_with_camera_labels-170.png 1488 832 35
big_dataset_depth/000000000177-segment-10082223140073588526_6140_000_6160_000_with_camera_labels-170.png 1496 832 35
big_dataset_depth/000000000177-segment-10082223140073588526_6140_000_6160_000_with_camera_labels-170.png 1504 816 35
big_dataset_depth/000000000177-segment-10082223140073588526_6140_000_6160_000_with_camera_labels-170.png 1512 808 36
big_dataset_depth/000000000177-segment-10082223140073588526_6140_000_6160_000_with_camera_labels-170.png 1520 824 35
big_dataset_depth/000000000177-segment-10082223140073588526_6140_000_6160_000_with_camera_labels-170.png 1528 872 32
big_dataset_depth/000000000177-segment-10082223140073588526_6140_000_6160_000_with_camera_labels-170.png 1536 856 33
big_dataset_depth/000000000177-segment-10082223140073588526_6140_000_6160_000_with_camera_labels-170.png 1552 872 32
big_dataset_depth/000000000177-segment-10082223140073588526_6140_000_6160_000_with_camera_labels-170.png 1560 872 32
big_dataset_depth/000000000177-segment-10082223140073588526_6140_000_6160_000_with_camera_labels-170.png 1568 872 32
big_dataset_depth/000000000177-segment-10082223140073588526_6140_000_6160_000_with_camera_labels-170.png 1576 880 32
big_dataset_depth/000000000177-segment-10082223140073588526_6140_000_6160_000_with_camera_labels-170.png 1584 880 32
big_dataset_depth/000000000177-segment-10082223140073588526_6140_000_6160_000_with_camera_labels-170.png 1592 880 32
big_dataset_depth/000000000177-segment-10082223140073588526_6140_000_6160_000_with_camera_labels-170.png 1600 880 32
big_dataset_depth/000000000177-segment-10082223140073588526_6140_000_6160_000_with_camera_labels-170.png 1608 880 32
big_dataset_depth/000000000177-segment-10082223140073588526_6140_000_6160_000_with_camera_labels-170.png 1616 880 32
big_dataset_depth/000000000177-segment-10082223140073588526_6140_000_6160_000_with_camera_labels-170.png 1624 752 49
big_dataset_depth/000000000177-segment-10082223140073588526_6140_000_6160_000_with_camera_labels-170.png 1632 832 38
big_dataset_depth/000000000177-segment-10082223140073588526_6140_000_6160_000_with_camera_labels-170.png 1640 816 40
big_dataset_depth/000000000177-segment-10082223140073588526_6140_000_6160_000_with_camera_labels-170.png 1648 768 49
big_dataset_depth/000000000177-segment-10082223140073588526_6140_000_6160_000_with_camera_labels-170.png 1656 768 48
big_dataset_depth/000000000177-segment-10082223140073588526_6140_000_6160_000_with_camera_labels-170.png 1664 768 47
big_dataset_depth/000000000177-segment-10082223140073588526_6140_000_6160_000_with_camera_labels-170.png 1672 768 47
big_dataset_depth/000000000177-segment-10082223140073588526_6140_000_6160_000_with_camera_labels-170.png 1680 776 47
big_dataset_depth/000000000177-segment-10082223140073588526_6140_000_6160_000_with_camera_labels-170.png 1688 776 46
big_dataset_depth/000000000177-segment-10082223140073588526_6140_000_6160_000_with_camera_labels-170.png 1696 776 46
big_dataset_depth/000000000177-segment-10082223140073588526_6140_000_6160_000_with_camera_labels-170.png 1704 776 44
big_dataset_depth/000000000177-segment-10082223140073588526_6140_000_6160_000_with_camera_labels-170.png 1720 784 43
big_dataset_depth/000000000177-segment-10082223140073588526_6140_000_6160_000_with_camera_labels-170.png 1728 776 44
big_dataset_depth/000000000177-segment-10082223140073588526_6140_000_6160_000_with_camera_labels-170.png 1736 752 43
big_dataset_depth/000000000177-segment-10082223140073588526_6140_000_6160_000_with_camera_labels-170.png 1744 776 43
big_dataset_depth/000000000177-segment-10082223140073588526_6140_000_6160_000_with_camera_labels-170.png 1752 784 42
big_dataset_depth/000000000177-segment-10082223140073588526_6140_000_6160_000_with_camera_labels-170.png 1760 776 43
big_dataset_depth/000000000177-segment-10082223140073588526_6140_000_6160_000_with_camera_labels-170.png 1768 776 42
big_dataset_depth/000000000177-segment-10082223140073588526_6140_000_6160_000_with_camera_labels-170.png 1776 792 42
big_dataset_depth/000000000177-segment-10082223140073588526_6140_000_6160_000_with_camera_labels-170.png 1784 792 42
big_dataset_depth/000000000177-segment-10082223140073588526_6140_000_6160_000_with_camera_labels-170.png 1792 792 42
big_dataset_depth/000000000177-segment-10082223140073588526_6140_000_6160_000_with_camera_labels-170.png 1800 776 41
big_dataset_depth/000000000177-segment-10082223140073588526_6140_000_6160_000_with_camera_labels-170.png 1808 792 41
big_dataset_depth/000000000177-segment-10082223140073588526_6140_000_6160_000_with_camera_labels-170.png 1816 792 40
big_dataset_depth/000000000177-segment-10082223140073588526_6140_000_6160_000_with_camera_labels-170.png 1824 792 40
big_dataset_depth/000000000177-segment-10082223140073588526_6140_000_6160_000_with_camera_labels-170.png 1832 800 40
big_dataset_depth/000000000177-segment-10082223140073588526_6140_000_6160_000_with_camera_labels-170.png 1840 808 38
big_dataset_depth/000000000177-segment-10082223140073588526_6140_000_6160_000_with_camera_labels-170.png 1848 808 39
big_dataset_depth/000000000177-segment-10082223140073588526_6140_000_6160_000_with_camera_labels-170.png 1856 808 39
big_dataset_depth/000000000177-segment-10082223140073588526_6140_000_6160_000_with_camera_labels-170.png 1864 792 39
big_dataset_depth/000000000177-segment-10082223140073588526_6140_000_6160_000_with_camera_labels-170.png 1872 808 39
big_dataset_depth/000000000177-segment-10082223140073588526_6140_000_6160_000_with_camera_labels-170.png 1880 800 38
big_dataset_depth/000000000177-segment-10082223140073588526_6140_000_6160_000_with_camera_labels-170.png 1888 808 38
big_dataset_depth/000000000177-segment-10082223140073588526_6140_000_6160_000_with_camera_labels-170.png 1896 808 38
big_dataset_depth/000000000177-segment-10082223140073588526_6140_000_6160_000_with_camera_labels-170.png 1904 808 38
big_dataset_depth/000000000177-segment-10082223140073588526_6140_000_6160_000_with_camera_labels-170.png 1912 816 38
