big_dataset_depth/000000001322-segment-11318901554551149504_520_000_540_000_with_camera_labels-30.png 0 1264 9
big_dataset_depth/000000001322-segment-11318901554551149504_520_000_540_000_with_camera_labels-30.png 8 944 55
big_dataset_depth/000000001322-segment-11318901554551149504_520_000_540_000_with_camera_labels-30.png 16 952 55
big_dataset_depth/000000001322-segment-11318901554551149504_520_000_540_000_with_camera_labels-30.png 24 1224 10
big_dataset_depth/000000001322-segment-11318901554551149504_520_000_540_000_with_camera_labels-30.png 32 1216 10
big_dataset_depth/000000001322-segment-11318901554551149504_520_000_540_000_with_camera_labels-30.png 40 1024 40
big_dataset_depth/000000001322-segment-11318901554551149504_520_000_540_000_with_camera_labels-30.png 56 1224 10
big_dataset_depth/000000001322-segment-11318901554551149504_520_000_540_000_with_camera_labels-30.png 64 1256 10
big_dataset_depth/000000001322-segment-11318901554551149504_520_000_540_000_with_camera_labels-30.png 72 1256 10
big_dataset_depth/000000001322-segment-11318901554551149504_520_000_540_000_with_camera_labels-30.png 80 1256 10
big_dataset_depth/000000001322-segment-11318901554551149504_520_000_540_000_with_camera_labels-30.png 88 1232 10
big_dataset_depth/000000001322-segment-11318901554551149504_520_000_540_000_with_camera_labels-30.png 96 1256 10
big_dataset_depth/000000001322-segment-11318901554551149504_520_000_540_000_with_camera_labels-30.png 104 1232 10
big_dataset_depth/000000001322-segment-11318901554551149504_520_000_540_000_with_camera_labels-30.png 120 1280 10
big_dataset_depth/000000001322-segment-11318901554551149504_520_000_540_000_with_camera_labels-30.png 128 1256 10
big_dataset_depth/000000001322-segment-11318901554551149504_520_000_540_000_with_camera_labels-30.png 136 1256 10
big_dataset_depth/000000001322-segment-11318901554551149504_520_000_540_000_with_camera_labels-30.png 144 1256 10
big_dataset_depth/000000001322-segment-11318901554551149504_520_000_540_000_with_camera_labels-30.png 152 1240 10
big_dataset_depth/000000001322-segment-11318901554551149504_520_000_540_000_with_camera_labels-30.png 160 1224 10
big_dataset_depth/000000001322-segment-11318901554551149504_520_000_540_000_with_camera_labels-30.png 168 1224 10
big_dataset_depth/000000001322-segment-11318901554551149504_520_000_540_000_with_camera_labels-30.png 176 1224 10
big_dataset_depth/000000001322-segment-11318901554551149504_520_000_540_000_with_camera_labels-30.png 192 1184 11
big_dataset_depth/000000001322-segment-11318901554551149504_520_000_540_000_with_camera_labels-30.png 200 1008 41
big_dataset_depth/000000001322-segment-11318901554551149504_520_000_540_000_with_camera_labels-30.png 208 1176 11
big_dataset_depth/000000001322-segment-11318901554551149504_520_000_540_000_with_camera_labels-30.png 216 1176 11
big_dataset_depth/000000001322-segment-11318901554551149504_520_000_540_000_with_camera_labels-30.png 224 1176 11
big_dataset_depth/000000001322-segment-11318901554551149504_520_000_540_000_with_camera_labels-30.png 232 1136 11
big_dataset_depth/000000001322-segment-11318901554551149504_520_000_540_000_with_camera_labels-30.png 248 1096 12
big_dataset_depth/000000001322-segment-11318901554551149504_520_000_540_000_with_camera_labels-30.png 288 1168 14
big_dataset_depth/000000001322-segment-11318901554551149504_520_000_540_000_with_camera_labels-30.png 296 1192 14
big_dataset_depth/000000001322-segment-11318901554551149504_520_000_540_000_with_camera_labels-30.png 304 1176 14
big_dataset_depth/000000001322-segment-11318901554551149504_520_000_540_000_with_camera_labels-30.png 312 1200 14
big_dataset_depth/000000001322-segment-11318901554551149504_520_000_540_000_with_camera_labels-30.png 320 1184 14
big_dataset_depth/000000001322-segment-11318901554551149504_520_000_540_000_with_camera_labels-30.png 328 1200 14
big_dataset_depth/000000001322-segment-11318901554551149504_520_000_540_000_with_camera_labels-30.png 336 1192 14
big_dataset_depth/000000001322-segment-11318901554551149504_520_000_540_000_with_camera_labels-30.png 344 1176 14
big_dataset_depth/000000001322-segment-11318901554551149504_520_000_540_000_with_camera_labels-30.png 352 1176 14
big_dataset_depth/000000001322-segment-11318901554551149504_520_000_540_000_with_camera_labels-30.png 360 1176 14
big_dataset_depth/000000001322-segment-11318901554551149504_520_000_540_000_with_camera_labels-30.png 368 1160 14
big_dataset_depth/000000001322-segment-11318901554551149504_520_000_540_000_with_camera_labels-30.png 376 1152 15
big_dataset_depth/000000001322-segment-11318901554551149504_520_000_540_000_with_camera_labels-30.png 384 968 15
big_dataset_depth/000000001322-segment-11318901554551149504_520_000_540_000_with_camera_labels-30.png 448 704 55
big_dataset_depth/000000001322-segment-11318901554551149504_520_000_540_000_with_camera_labels-30.png 464 720 55
big_dataset_depth/000000001322-segment-11318901554551149504_520_000_540_000_with_camera_labels-30.png 472 720 55
big_dataset_depth/000000001322-segment-11318901554551149504_520_000_540_000_with_camera_labels-30.png 480 712 55
big_dataset_depth/000000001322-segment-11318901554551149504_520_000_540_000_with_camera_labels-30.png 488 712 55
big_dataset_depth/000000001322-segment-11318901554551149504_520_000_540_000_with_camera_labels-30.png 496 680 77
big_dataset_depth/000000001322-segment-11318901554551149504_520_000_540_000_with_camera_labels-30.png 504 696 56
big_dataset_depth/000000001322-segment-11318901554551149504_520_000_540_000_with_camera_labels-30.png 512 672 92
big_dataset_depth/000000001322-segment-11318901554551149504_520_000_540_000_with_camera_labels-30.png 520 664 99
big_dataset_depth/000000001322-segment-11318901554551149504_520_000_540_000_with_camera_labels-30.png 528 672 90
big_dataset_depth/000000001322-segment-11318901554551149504_520_000_540_000_with_camera_labels-30.png 536 664 100
big_dataset_depth/000000001322-segment-11318901554551149504_520_000_540_000_with_camera_labels-30.png 544 664 96
big_dataset_depth/000000001322-segment-11318901554551149504_520_000_540_000_with_camera_labels-30.png 552 584 98
big_dataset_depth/000000001322-segment-11318901554551149504_520_000_540_000_with_camera_labels-30.png 616 1264 12
big_dataset_depth/000000001322-segment-11318901554551149504_520_000_540_000_with_camera_labels-30.png 624 1272 12
big_dataset_depth/000000001322-segment-11318901554551149504_520_000_540_000_with_camera_labels-30.png 632 1272 12
big_dataset_depth/000000001322-segment-11318901554551149504_520_000_540_000_with_camera_labels-30.png 640 1264 12
big_dataset_depth/000000001322-segment-11318901554551149504_520_000_540_000_with_camera_labels-30.png 648 1272 12
big_dataset_depth/000000001322-segment-11318901554551149504_520_000_540_000_with_camera_labels-30.png 656 1272 12
big_dataset_depth/000000001322-segment-11318901554551149504_520_000_540_000_with_camera_labels-30.png 664 1272 12
big_dataset_depth/000000001322-segment-11318901554551149504_520_000_540_000_with_camera_labels-30.png 672 1272 12
big_dataset_depth/000000001322-segment-11318901554551149504_520_000_540_000_with_camera_labels-30.png 680 1272 12
big_dataset_depth/000000001322-segment-11318901554551149504_520_000_540_000_with_camera_labels-30.png 688 1272 12
big_dataset_depth/000000001322-segment-11318901554551149504_520_000_540_000_with_camera_labels-30.png 696 1256 12
big_dataset_depth/000000001322-segment-11318901554551149504_520_000_540_000_with_camera_labels-30.png 704 1224 11
big_dataset_depth/000000001322-segment-11318901554551149504_520_000_540_000_with_camera_labels-30.png 712 1272 12
big_dataset_depth/000000001322-segment-11318901554551149504_520_000_540_000_with_camera_labels-30.png 720 1240 11
big_dataset_depth/000000001322-segment-11318901554551149504_520_000_540_000_with_camera_labels-30.png 728 1216 11
big_dataset_depth/000000001322-segment-11318901554551149504_520_000_540_000_with_camera_labels-30.png 736 1232 11
big_dataset_depth/000000001322-segment-11318901554551149504_520_000_540_000_with_camera_labels-30.png 744 1240 11
big_dataset_depth/000000001322-segment-11318901554551149504_520_000_540_000_with_camera_labels-30.png 752 1240 11
big_dataset_depth/000000001322-segment-11318901554551149504_520_000_540_000_with_camera_labels-30.png 760 1232 11
big_dataset_depth/000000001322-segment-11318901554551149504_520_000_540_000_with_camera_labels-30.png 768 1240 11
big_dataset_depth/000000001322-segment-11318901554551149504_520_000_540_000_with_camera_labels-30.png 776 1240 11
big_dataset_depth/000000001322-segment-11318901554551149504_520_000_540_000_with_camera_labels-30.png 784 1240 11
big_dataset_depth/000000001322-segment-11318901554551149504_520_000_540_000_with_camera_labels-30.png 792 1240 11
big_dataset_depth/000000001322-segment-11318901554551149504_520_000_540_000_with_camera_labels-30.png 800 1240 11
big_dataset_depth/000000001322-segment-11318901554551149504_520_000_540_000_with_camera_labels-30.png 808 1256 12
big_dataset_depth/000000001322-segment-11318901554551149504_520_000_540_000_with_camera_labels-30.png 816 1240 11
big_dataset_depth/000000001322-segment-11318901554551149504_520_000_540_000_with_camera_labels-30.png 824 1240 11
big_dataset_depth/000000001322-segment-11318901554551149504_520_000_540_000_with_camera_labels-30.png 832 1240 11
big_dataset_depth/000000001322-segment-11318901554551149504_520_000_540_000_with_camera_labels-30.png 840 1240 11
big_dataset_depth/000000001322-segment-11318901554551149504_520_000_540_000_with_camera_labels-30.png 848 1240 11
big_dataset_depth/000000001322-segment-11318901554551149504_520_000_540_000_with_camera_labels-30.png 856 1232 11
big_dataset_depth/000000001322-segment-11318901554551149504_520_000_540_000_with_camera_labels-30.png 864 1240 11
big_dataset_depth/000000001322-segment-11318901554551149504_520_000_540_000_with_camera_labels-30.png 872 1240 11
big_dataset_depth/000000001322-segment-11318901554551149504_520_000_540_000_with_camera_labels-30.png 880 1240 11
big_dataset_depth/000000001322-segment-11318901554551149504_520_000_540_000_with_camera_labels-30.png 888 1240 11
big_dataset_depth/000000001322-segment-11318901554551149504_520_000_540_000_with_camera_labels-30.png 896 1240 11
big_dataset_depth/000000001322-segment-11318901554551149504_520_000_540_000_with_camera_labels-30.png 904 1248 11
big_dataset_depth/000000001322-segment-11318901554551149504_520_000_540_000_with_camera_labels-30.png 912 1240 11
big_dataset_depth/000000001322-segment-11318901554551149504_520_000_540_000_with_camera_labels-30.png 920 1240 11
big_dataset_depth/000000001322-segment-11318901554551149504_520_000_540_000_with_camera_labels-30.png 928 1240 11
big_dataset_depth/000000001322-segment-11318901554551149504_520_000_540_000_with_camera_labels-30.png 936 1240 11
big_dataset_depth/000000001322-segment-11318901554551149504_520_000_540_000_with_camera_labels-30.png 944 1240 11
big_dataset_depth/000000001322-segment-11318901554551149504_520_000_540_000_with_camera_labels-30.png 952 1240 11
big_dataset_depth/000000001322-segment-11318901554551149504_520_000_540_000_with_camera_labels-30.png 960 1256 12
big_dataset_depth/000000001322-segment-11318901554551149504_520_000_540_000_with_camera_labels-30.png 968 1240 11
big_dataset_depth/000000001322-segment-11318901554551149504_520_000_540_000_with_camera_labels-30.png 976 1240 11
big_dataset_depth/000000001322-segment-11318901554551149504_520_000_540_000_with_camera_labels-30.png 984 1240 11
big_dataset_depth/000000001322-segment-11318901554551149504_520_000_540_000_with_camera_labels-30.png 992 1240 11
big_dataset_depth/000000001322-segment-11318901554551149504_520_000_540_000_with_camera_labels-30.png 1000 1240 11
big_dataset_depth/000000001322-segment-11318901554551149504_520_000_540_000_with_camera_labels-30.png 1008 1240 12
big_dataset_depth/000000001322-segment-11318901554551149504_520_000_540_000_with_camera_labels-30.png 1016 1264 12
big_dataset_depth/000000001322-segment-11318901554551149504_520_000_540_000_with_camera_labels-30.png 1024 1240 12
big_dataset_depth/000000001322-segment-11318901554551149504_520_000_540_000_with_camera_labels-30.png 1032 1216 11
big_dataset_depth/000000001322-segment-11318901554551149504_520_000_540_000_with_camera_labels-30.png 1040 1216 11
big_dataset_depth/000000001322-segment-11318901554551149504_520_000_540_000_with_camera_labels-30.png 1048 1216 11
big_dataset_depth/000000001322-segment-11318901554551149504_520_000_540_000_with_camera_labels-30.png 1056 1200 11
big_dataset_depth/000000001322-segment-11318901554551149504_520_000_540_000_with_camera_labels-30.png 1064 1216 11
big_dataset_depth/000000001322-segment-11318901554551149504_520_000_540_000_with_camera_labels-30.png 1072 1216 11
big_dataset_depth/000000001322-segment-11318901554551149504_520_000_540_000_with_camera_labels-30.png 1080 1216 11
big_dataset_depth/000000001322-segment-11318901554551149504_520_000_540_000_with_camera_labels-30.png 1088 1264 12
big_dataset_depth/000000001322-segment-11318901554551149504_520_000_540_000_with_camera_labels-30.png 1096 1264 12
big_dataset_depth/000000001322-segment-11318901554551149504_520_000_540_000_with_camera_labels-30.png 1104 1264 12
big_dataset_depth/000000001322-segment-11318901554551149504_520_000_540_000_with_camera_labels-30.png 1112 1264 12
big_dataset_depth/000000001322-segment-11318901554551149504_520_000_540_000_with_camera_labels-30.png 1120 1264 12
big_dataset_depth/000000001322-segment-11318901554551149504_520_000_540_000_with_camera_labels-30.png 1128 1264 12
big_dataset_depth/000000001322-segment-11318901554551149504_520_000_540_000_with_camera_labels-30.png 1136 1256 12
big_dataset_depth/000000001322-segment-11318901554551149504_520_000_540_000_with_camera_labels-30.png 1144 1072 37
big_dataset_depth/000000001322-segment-11318901554551149504_520_000_540_000_with_camera_labels-30.png 1152 1072 37
big_dataset_depth/000000001322-segment-11318901554551149504_520_000_540_000_with_camera_labels-30.png 1160 1048 37
big_dataset_depth/000000001322-segment-11318901554551149504_520_000_540_000_with_camera_labels-30.png 1168 856 65
big_dataset_depth/000000001322-segment-11318901554551149504_520_000_540_000_with_camera_labels-30.png 1176 672 89
big_dataset_depth/000000001322-segment-11318901554551149504_520_000_540_000_with_camera_labels-30.png 1184 672 89
big_dataset_depth/000000001322-segment-11318901554551149504_520_000_540_000_with_camera_labels-30.png 1192 672 89
big_dataset_depth/000000001322-segment-11318901554551149504_520_000_540_000_with_camera_labels-30.png 1200 672 89
big_dataset_depth/000000001322-segment-11318901554551149504_520_000_540_000_with_camera_labels-30.png 1208 672 89
big_dataset_depth/000000001322-segment-11318901554551149504_520_000_540_000_with_camera_labels-30.png 1216 672 86
big_dataset_depth/000000001322-segment-11318901554551149504_520_000_540_000_with_camera_labels-30.png 1224 672 89
big_dataset_depth/000000001322-segment-11318901554551149504_520_000_540_000_with_camera_labels-30.png 1232 672 89
big_dataset_depth/000000001322-segment-11318901554551149504_520_000_540_000_with_camera_labels-30.png 1240 672 90
big_dataset_depth/000000001322-segment-11318901554551149504_520_000_540_000_with_camera_labels-30.png 1248 672 90
big_dataset_depth/000000001322-segment-11318901554551149504_520_000_540_000_with_camera_labels-30.png 1256 672 90
big_dataset_depth/000000001322-segment-11318901554551149504_520_000_540_000_with_camera_labels-30.png 1264 672 90
big_dataset_depth/000000001322-segment-11318901554551149504_520_000_540_000_with_camera_labels-30.png 1288 672 91
big_dataset_depth/000000001322-segment-11318901554551149504_520_000_540_000_with_camera_labels-30.png 1296 672 92
big_dataset_depth/000000001322-segment-11318901554551149504_520_000_540_000_with_camera_labels-30.png 1304 672 92
big_dataset_depth/000000001322-segment-11318901554551149504_520_000_540_000_with_camera_labels-30.png 1312 656 92
big_dataset_depth/000000001322-segment-11318901554551149504_520_000_540_000_with_camera_labels-30.png 1320 656 90
big_dataset_depth/000000001322-segment-11318901554551149504_520_000_540_000_with_camera_labels-30.png 1400 704 61
big_dataset_depth/000000001322-segment-11318901554551149504_520_000_540_000_with_camera_labels-30.png 1408 704 60
big_dataset_depth/000000001322-segment-11318901554551149504_520_000_540_000_with_camera_labels-30.png 1416 704 60
big_dataset_depth/000000001322-segment-11318901554551149504_520_000_540_000_with_camera_labels-30.png 1424 648 107
big_dataset_depth/000000001322-segment-11318901554551149504_520_000_540_000_with_camera_labels-30.png 1432 688 75
big_dataset_depth/000000001322-segment-11318901554551149504_520_000_540_000_with_camera_labels-30.png 1440 672 91
big_dataset_depth/000000001322-segment-11318901554551149504_520_000_540_000_with_camera_labels-30.png 1448 672 76
big_dataset_depth/000000001322-segment-11318901554551149504_520_000_540_000_with_camera_labels-30.png 1456 720 57
big_dataset_depth/000000001322-segment-11318901554551149504_520_000_540_000_with_camera_labels-30.png 1464 720 57
big_dataset_depth/000000001322-segment-11318901554551149504_520_000_540_000_with_camera_labels-30.png 1472 712 58
big_dataset_depth/000000001322-segment-11318901554551149504_520_000_540_000_with_camera_labels-30.png 1480 720 56
big_dataset_depth/000000001322-segment-11318901554551149504_520_000_540_000_with_camera_labels-30.png 1488 720 56
big_dataset_depth/000000001322-segment-11318901554551149504_520_000_540_000_with_camera_labels-30.png 1496 664 95
big_dataset_depth/000000001322-segment-11318901554551149504_520_000_540_000_with_camera_labels-30.png 1504 664 95
big_dataset_depth/000000001322-segment-11318901554551149504_520_000_540_000_with_camera_labels-30.png 1520 776 45
big_dataset_depth/000000001322-segment-11318901554551149504_520_000_540_000_with_camera_labels-30.png 1528 880 25
big_dataset_depth/000000001322-segment-11318901554551149504_520_000_540_000_with_camera_labels-30.png 1536 880 25
big_dataset_depth/000000001322-segment-11318901554551149504_520_000_540_000_with_camera_labels-30.png 1544 816 38
big_dataset_depth/000000001322-segment-11318901554551149504_520_000_540_000_with_camera_labels-30.png 1560 816 38
big_dataset_depth/000000001322-segment-11318901554551149504_520_000_540_000_with_camera_labels-30.png 1576 880 25
big_dataset_depth/000000001322-segment-11318901554551149504_520_000_540_000_with_camera_labels-30.png 1584 880 25
big_dataset_depth/000000001322-segment-11318901554551149504_520_000_540_000_with_camera_labels-30.png 1592 880 25
big_dataset_depth/000000001322-segment-11318901554551149504_520_000_540_000_with_camera_labels-30.png 1600 880 25
big_dataset_depth/000000001322-segment-11318901554551149504_520_000_540_000_with_camera_labels-30.png 1608 880 25
big_dataset_depth/000000001322-segment-11318901554551149504_520_000_540_000_with_camera_labels-30.png 1616 880 25
big_dataset_depth/000000001322-segment-11318901554551149504_520_000_540_000_with_camera_labels-30.png 1624 936 22
big_dataset_depth/000000001322-segment-11318901554551149504_520_000_540_000_with_camera_labels-30.png 1640 936 22
big_dataset_depth/000000001322-segment-11318901554551149504_520_000_540_000_with_camera_labels-30.png 1648 944 21
big_dataset_depth/000000001322-segment-11318901554551149504_520_000_540_000_with_camera_labels-30.png 1656 944 21
big_dataset_depth/000000001322-segment-11318901554551149504_520_000_540_000_with_camera_labels-30.png 1664 944 21
big_dataset_depth/000000001322-segment-11318901554551149504_520_000_540_000_with_camera_labels-30.png 1672 880 25
big_dataset_depth/000000001322-segment-11318901554551149504_520_000_540_000_with_camera_labels-30.png 1680 960 21
big_dataset_depth/000000001322-segment-11318901554551149504_520_000_540_000_with_camera_labels-30.png 1688 960 21
big_dataset_depth/000000001322-segment-11318901554551149504_520_000_540_000_with_camera_labels-30.png 1696 960 20
big_dataset_depth/000000001322-segment-11318901554551149504_520_000_540_000_with_camera_labels-30.png 1704 960 20
big_dataset_depth/000000001322-segment-11318901554551149504_520_000_540_000_with_camera_labels-30.png 1712 984 20
big_dataset_depth/000000001322-segment-11318901554551149504_520_000_540_000_with_camera_labels-30.png 1720 848 32
big_dataset_depth/000000001322-segment-11318901554551149504_520_000_540_000_with_camera_labels-30.png 1728 984 20
big_dataset_depth/000000001322-segment-11318901554551149504_520_000_540_000_with_camera_labels-30.png 1736 984 20
big_dataset_depth/000000001322-segment-11318901554551149504_520_000_540_000_with_camera_labels-30.png 1744 992 20
big_dataset_depth/000000001322-segment-11318901554551149504_520_000_540_000_with_camera_labels-30.png 1752 1000 19
big_dataset_depth/000000001322-segment-11318901554551149504_520_000_540_000_with_camera_labels-30.png 1760 1000 19
big_dataset_depth/000000001322-segment-11318901554551149504_520_000_540_000_with_camera_labels-30.png 1768 1000 19
big_dataset_depth/000000001322-segment-11318901554551149504_520_000_540_000_with_camera_labels-30.png 1776 1000 19
big_dataset_depth/000000001322-segment-11318901554551149504_520_000_540_000_with_camera_labels-30.png 1792 1000 19
big_dataset_depth/000000001322-segment-11318901554551149504_520_000_540_000_with_camera_labels-30.png 1800 1000 19
big_dataset_depth/000000001322-segment-11318901554551149504_520_000_540_000_with_camera_labels-30.png 1808 1024 19
big_dataset_depth/000000001322-segment-11318901554551149504_520_000_540_000_with_camera_labels-30.png 1816 1024 18
big_dataset_depth/000000001322-segment-11318901554551149504_520_000_540_000_with_camera_labels-30.png 1824 1024 18
big_dataset_depth/000000001322-segment-11318901554551149504_520_000_540_000_with_camera_labels-30.png 1832 792 20
big_dataset_depth/000000001322-segment-11318901554551149504_520_000_540_000_with_camera_labels-30.png 1848 976 21
big_dataset_depth/000000001322-segment-11318901554551149504_520_000_540_000_with_camera_labels-30.png 1856 848 48
big_dataset_depth/000000001322-segment-11318901554551149504_520_000_540_000_with_camera_labels-30.png 1864 848 48
big_dataset_depth/000000001322-segment-11318901554551149504_520_000_540_000_with_camera_labels-30.png 1872 1048 18
big_dataset_depth/000000001322-segment-11318901554551149504_520_000_540_000_with_camera_labels-30.png 1880 1048 18
big_dataset_depth/000000001322-segment-11318901554551149504_520_000_540_000_with_camera_labels-30.png 1888 1048 18
big_dataset_depth/000000001322-segment-11318901554551149504_520_000_540_000_with_camera_labels-30.png 1896 1048 17
big_dataset_depth/000000001322-segment-11318901554551149504_520_000_540_000_with_camera_labels-30.png 1904 1008 19
big_dataset_depth/000000001322-segment-11318901554551149504_520_000_540_000_with_camera_labels-30.png 1912 1064 17
