big_dataset_depth/000000001506-segment-1191788760630624072_3880_000_3900_000_with_camera_labels-70.png 0 824 59
big_dataset_depth/000000001506-segment-1191788760630624072_3880_000_3900_000_with_camera_labels-70.png 8 824 56
big_dataset_depth/000000001506-segment-1191788760630624072_3880_000_3900_000_with_camera_labels-70.png 16 832 53
big_dataset_depth/000000001506-segment-1191788760630624072_3880_000_3900_000_with_camera_labels-70.png 24 848 53
big_dataset_depth/000000001506-segment-1191788760630624072_3880_000_3900_000_with_camera_labels-70.png 32 832 54
big_dataset_depth/000000001506-segment-1191788760630624072_3880_000_3900_000_with_camera_labels-70.png 40 832 57
big_dataset_depth/000000001506-segment-1191788760630624072_3880_000_3900_000_with_camera_labels-70.png 48 832 55
big_dataset_depth/000000001506-segment-1191788760630624072_3880_000_3900_000_with_camera_labels-70.png 56 792 53
big_dataset_depth/000000001506-segment-1191788760630624072_3880_000_3900_000_with_camera_labels-70.png 64 824 56
big_dataset_depth/000000001506-segment-1191788760630624072_3880_000_3900_000_with_camera_labels-70.png 72 848 53
big_dataset_depth/000000001506-segment-1191788760630624072_3880_000_3900_000_with_camera_labels-70.png 80 776 62
big_dataset_depth/000000001506-segment-1191788760630624072_3880_000_3900_000_with_camera_labels-70.png 88 792 59
big_dataset_depth/000000001506-segment-1191788760630624072_3880_000_3900_000_with_camera_labels-70.png 96 832 57
big_dataset_depth/000000001506-segment-1191788760630624072_3880_000_3900_000_with_camera_labels-70.png 104 832 57
big_dataset_depth/000000001506-segment-1191788760630624072_3880_000_3900_000_with_camera_labels-70.png 112 816 57
big_dataset_depth/000000001506-segment-1191788760630624072_3880_000_3900_000_with_camera_labels-70.png 120 832 57
big_dataset_depth/000000001506-segment-1191788760630624072_3880_000_3900_000_with_camera_labels-70.png 128 816 57
big_dataset_depth/000000001506-segment-1191788760630624072_3880_000_3900_000_with_camera_labels-70.png 136 832 57
big_dataset_depth/000000001506-segment-1191788760630624072_3880_000_3900_000_with_camera_labels-70.png 144 832 58
big_dataset_depth/000000001506-segment-1191788760630624072_3880_000_3900_000_with_camera_labels-70.png 152 832 58
big_dataset_depth/000000001506-segment-1191788760630624072_3880_000_3900_000_with_camera_labels-70.png 160 832 58
big_dataset_depth/000000001506-segment-1191788760630624072_3880_000_3900_000_with_camera_labels-70.png 168 816 61
big_dataset_depth/000000001506-segment-1191788760630624072_3880_000_3900_000_with_camera_labels-70.png 176 800 64
big_dataset_depth/000000001506-segment-1191788760630624072_3880_000_3900_000_with_camera_labels-70.png 192 800 64
big_dataset_depth/000000001506-segment-1191788760630624072_3880_000_3900_000_with_camera_labels-70.png 200 816 61
big_dataset_depth/000000001506-segment-1191788760630624072_3880_000_3900_000_with_camera_labels-70.png 208 800 64
big_dataset_depth/000000001506-segment-1191788760630624072_3880_000_3900_000_with_camera_labels-70.png 216 808 61
big_dataset_depth/000000001506-segment-1191788760630624072_3880_000_3900_000_with_camera_labels-70.png 224 816 61
big_dataset_depth/000000001506-segment-1191788760630624072_3880_000_3900_000_with_camera_labels-70.png 232 816 61
big_dataset_depth/000000001506-segment-1191788760630624072_3880_000_3900_000_with_camera_labels-70.png 240 816 61
big_dataset_depth/000000001506-segment-1191788760630624072_3880_000_3900_000_with_camera_labels-70.png 248 816 61
big_dataset_depth/000000001506-segment-1191788760630624072_3880_000_3900_000_with_camera_labels-70.png 256 816 60
big_dataset_depth/000000001506-segment-1191788760630624072_3880_000_3900_000_with_camera_labels-70.png 264 824 60
big_dataset_depth/000000001506-segment-1191788760630624072_3880_000_3900_000_with_camera_labels-70.png 272 816 60
big_dataset_depth/000000001506-segment-1191788760630624072_3880_000_3900_000_with_camera_labels-70.png 280 816 60
big_dataset_depth/000000001506-segment-1191788760630624072_3880_000_3900_000_with_camera_labels-70.png 288 816 60
big_dataset_depth/000000001506-segment-1191788760630624072_3880_000_3900_000_with_camera_labels-70.png 296 816 60
big_dataset_depth/000000001506-segment-1191788760630624072_3880_000_3900_000_with_camera_labels-70.png 304 808 61
big_dataset_depth/000000001506-segment-1191788760630624072_3880_000_3900_000_with_camera_labels-70.png 312 816 62
big_dataset_depth/000000001506-segment-1191788760630624072_3880_000_3900_000_with_camera_labels-70.png 320 800 64
big_dataset_depth/000000001506-segment-1191788760630624072_3880_000_3900_000_with_camera_labels-70.png 328 800 67
big_dataset_depth/000000001506-segment-1191788760630624072_3880_000_3900_000_with_camera_labels-70.png 336 800 67
big_dataset_depth/000000001506-segment-1191788760630624072_3880_000_3900_000_with_camera_labels-70.png 344 800 67
big_dataset_depth/000000001506-segment-1191788760630624072_3880_000_3900_000_with_camera_labels-70.png 352 800 67
big_dataset_depth/000000001506-segment-1191788760630624072_3880_000_3900_000_with_camera_labels-70.png 360 800 67
big_dataset_depth/000000001506-segment-1191788760630624072_3880_000_3900_000_with_camera_labels-70.png 368 800 67
big_dataset_depth/000000001506-segment-1191788760630624072_3880_000_3900_000_with_camera_labels-70.png 376 800 68
big_dataset_depth/000000001506-segment-1191788760630624072_3880_000_3900_000_with_camera_labels-70.png 384 816 63
big_dataset_depth/000000001506-segment-1191788760630624072_3880_000_3900_000_with_camera_labels-70.png 392 824 57
big_dataset_depth/000000001506-segment-1191788760630624072_3880_000_3900_000_with_camera_labels-70.png 400 816 57
big_dataset_depth/000000001506-segment-1191788760630624072_3880_000_3900_000_with_camera_labels-70.png 408 800 70
big_dataset_depth/000000001506-segment-1191788760630624072_3880_000_3900_000_with_camera_labels-70.png 416 768 76
big_dataset_depth/000000001506-segment-1191788760630624072_3880_000_3900_000_with_camera_labels-70.png 424 752 83
big_dataset_depth/000000001506-segment-1191788760630624072_3880_000_3900_000_with_camera_labels-70.png 432 760 83
big_dataset_depth/000000001506-segment-1191788760630624072_3880_000_3900_000_with_camera_labels-70.png 440 760 83
big_dataset_depth/000000001506-segment-1191788760630624072_3880_000_3900_000_with_camera_labels-70.png 448 744 87
big_dataset_depth/000000001506-segment-1191788760630624072_3880_000_3900_000_with_camera_labels-70.png 456 768 82
big_dataset_depth/000000001506-segment-1191788760630624072_3880_000_3900_000_with_camera_labels-70.png 464 744 87
big_dataset_depth/000000001506-segment-1191788760630624072_3880_000_3900_000_with_camera_labels-70.png 472 768 82
big_dataset_depth/000000001506-segment-1191788760630624072_3880_000_3900_000_with_camera_labels-70.png 480 744 86
big_dataset_depth/000000001506-segment-1191788760630624072_3880_000_3900_000_with_camera_labels-70.png 488 776 82
big_dataset_depth/000000001506-segment-1191788760630624072_3880_000_3900_000_with_camera_labels-70.png 496 736 91
big_dataset_depth/000000001506-segment-1191788760630624072_3880_000_3900_000_with_camera_labels-70.png 504 744 93
big_dataset_depth/000000001506-segment-1191788760630624072_3880_000_3900_000_with_camera_labels-70.png 512 752 93
big_dataset_depth/000000001506-segment-1191788760630624072_3880_000_3900_000_with_camera_labels-70.png 520 760 91
big_dataset_depth/000000001506-segment-1191788760630624072_3880_000_3900_000_with_camera_labels-70.png 528 752 92
big_dataset_depth/000000001506-segment-1191788760630624072_3880_000_3900_000_with_camera_labels-70.png 536 744 94
big_dataset_depth/000000001506-segment-1191788760630624072_3880_000_3900_000_with_camera_labels-70.png 544 760 96
big_dataset_depth/000000001506-segment-1191788760630624072_3880_000_3900_000_with_camera_labels-70.png 552 760 96
big_dataset_depth/000000001506-segment-1191788760630624072_3880_000_3900_000_with_camera_labels-70.png 560 760 96
big_dataset_depth/000000001506-segment-1191788760630624072_3880_000_3900_000_with_camera_labels-70.png 568 760 86
big_dataset_depth/000000001506-segment-1191788760630624072_3880_000_3900_000_with_camera_labels-70.png 576 760 78
big_dataset_depth/000000001506-segment-1191788760630624072_3880_000_3900_000_with_camera_labels-70.png 584 784 78
big_dataset_depth/000000001506-segment-1191788760630624072_3880_000_3900_000_with_camera_labels-70.png 592 768 77
big_dataset_depth/000000001506-segment-1191788760630624072_3880_000_3900_000_with_camera_labels-70.png 600 776 77
big_dataset_depth/000000001506-segment-1191788760630624072_3880_000_3900_000_with_camera_labels-70.png 608 776 77
big_dataset_depth/000000001506-segment-1191788760630624072_3880_000_3900_000_with_camera_labels-70.png 616 776 77
big_dataset_depth/000000001506-segment-1191788760630624072_3880_000_3900_000_with_camera_labels-70.png 624 776 77
big_dataset_depth/000000001506-segment-1191788760630624072_3880_000_3900_000_with_camera_labels-70.png 632 776 77
big_dataset_depth/000000001506-segment-1191788760630624072_3880_000_3900_000_with_camera_labels-70.png 640 768 77
big_dataset_depth/000000001506-segment-1191788760630624072_3880_000_3900_000_with_camera_labels-70.png 648 784 78
big_dataset_depth/000000001506-segment-1191788760630624072_3880_000_3900_000_with_camera_labels-70.png 656 776 79
big_dataset_depth/000000001506-segment-1191788760630624072_3880_000_3900_000_with_camera_labels-70.png 664 768 81
big_dataset_depth/000000001506-segment-1191788760630624072_3880_000_3900_000_with_camera_labels-70.png 672 768 83
big_dataset_depth/000000001506-segment-1191788760630624072_3880_000_3900_000_with_camera_labels-70.png 680 760 106
big_dataset_depth/000000001506-segment-1191788760630624072_3880_000_3900_000_with_camera_labels-70.png 688 688 100
big_dataset_depth/000000001506-segment-1191788760630624072_3880_000_3900_000_with_camera_labels-70.png 696 768 96
big_dataset_depth/000000001506-segment-1191788760630624072_3880_000_3900_000_with_camera_labels-70.png 704 680 101
big_dataset_depth/000000001506-segment-1191788760630624072_3880_000_3900_000_with_camera_labels-70.png 792 920 22
big_dataset_depth/000000001506-segment-1191788760630624072_3880_000_3900_000_with_camera_labels-70.png 800 952 23
big_dataset_depth/000000001506-segment-1191788760630624072_3880_000_3900_000_with_camera_labels-70.png 808 960 22
big_dataset_depth/000000001506-segment-1191788760630624072_3880_000_3900_000_with_camera_labels-70.png 816 952 23
big_dataset_depth/000000001506-segment-1191788760630624072_3880_000_3900_000_with_camera_labels-70.png 824 952 23
big_dataset_depth/000000001506-segment-1191788760630624072_3880_000_3900_000_with_camera_labels-70.png 832 928 22
big_dataset_depth/000000001506-segment-1191788760630624072_3880_000_3900_000_with_camera_labels-70.png 840 920 21
big_dataset_depth/000000001506-segment-1191788760630624072_3880_000_3900_000_with_camera_labels-70.png 848 920 21
big_dataset_depth/000000001506-segment-1191788760630624072_3880_000_3900_000_with_camera_labels-70.png 856 944 22
big_dataset_depth/000000001506-segment-1191788760630624072_3880_000_3900_000_with_camera_labels-70.png 864 920 21
big_dataset_depth/000000001506-segment-1191788760630624072_3880_000_3900_000_with_camera_labels-70.png 880 952 22
big_dataset_depth/000000001506-segment-1191788760630624072_3880_000_3900_000_with_camera_labels-70.png 888 920 21
big_dataset_depth/000000001506-segment-1191788760630624072_3880_000_3900_000_with_camera_labels-70.png 896 928 22
big_dataset_depth/000000001506-segment-1191788760630624072_3880_000_3900_000_with_camera_labels-70.png 904 920 21
big_dataset_depth/000000001506-segment-1191788760630624072_3880_000_3900_000_with_camera_labels-70.png 912 920 21
big_dataset_depth/000000001506-segment-1191788760630624072_3880_000_3900_000_with_camera_labels-70.png 920 928 22
big_dataset_depth/000000001506-segment-1191788760630624072_3880_000_3900_000_with_camera_labels-70.png 928 920 21
big_dataset_depth/000000001506-segment-1191788760630624072_3880_000_3900_000_with_camera_labels-70.png 936 920 21
big_dataset_depth/000000001506-segment-1191788760630624072_3880_000_3900_000_with_camera_labels-70.png 944 920 21
big_dataset_depth/000000001506-segment-1191788760630624072_3880_000_3900_000_with_camera_labels-70.png 952 920 21
big_dataset_depth/000000001506-segment-1191788760630624072_3880_000_3900_000_with_camera_labels-70.png 960 920 21
big_dataset_depth/000000001506-segment-1191788760630624072_3880_000_3900_000_with_camera_labels-70.png 968 920 21
big_dataset_depth/000000001506-segment-1191788760630624072_3880_000_3900_000_with_camera_labels-70.png 976 920 21
big_dataset_depth/000000001506-segment-1191788760630624072_3880_000_3900_000_with_camera_labels-70.png 984 944 22
big_dataset_depth/000000001506-segment-1191788760630624072_3880_000_3900_000_with_camera_labels-70.png 992 920 21
big_dataset_depth/000000001506-segment-1191788760630624072_3880_000_3900_000_with_camera_labels-70.png 1000 920 21
big_dataset_depth/000000001506-segment-1191788760630624072_3880_000_3900_000_with_camera_labels-70.png 1008 936 23
big_dataset_depth/000000001506-segment-1191788760630624072_3880_000_3900_000_with_camera_labels-70.png 1016 920 21
big_dataset_depth/000000001506-segment-1191788760630624072_3880_000_3900_000_with_camera_labels-70.png 1024 952 23
big_dataset_depth/000000001506-segment-1191788760630624072_3880_000_3900_000_with_camera_labels-70.png 1032 952 23
big_dataset_depth/000000001506-segment-1191788760630624072_3880_000_3900_000_with_camera_labels-70.png 1040 952 23
big_dataset_depth/000000001506-segment-1191788760630624072_3880_000_3900_000_with_camera_labels-70.png 1048 960 22
big_dataset_depth/000000001506-segment-1191788760630624072_3880_000_3900_000_with_camera_labels-70.png 1056 928 22
big_dataset_depth/000000001506-segment-1191788760630624072_3880_000_3900_000_with_camera_labels-70.png 1064 736 102
big_dataset_depth/000000001506-segment-1191788760630624072_3880_000_3900_000_with_camera_labels-70.png 1072 752 103
big_dataset_depth/000000001506-segment-1191788760630624072_3880_000_3900_000_with_camera_labels-70.png 1080 752 102
big_dataset_depth/000000001506-segment-1191788760630624072_3880_000_3900_000_with_camera_labels-70.png 1088 752 102
big_dataset_depth/000000001506-segment-1191788760630624072_3880_000_3900_000_with_camera_labels-70.png 1104 752 103
big_dataset_depth/000000001506-segment-1191788760630624072_3880_000_3900_000_with_camera_labels-70.png 1112 744 103
big_dataset_depth/000000001506-segment-1191788760630624072_3880_000_3900_000_with_camera_labels-70.png 1128 816 62
big_dataset_depth/000000001506-segment-1191788760630624072_3880_000_3900_000_with_camera_labels-70.png 1136 824 62
big_dataset_depth/000000001506-segment-1191788760630624072_3880_000_3900_000_with_camera_labels-70.png 1144 824 62
big_dataset_depth/000000001506-segment-1191788760630624072_3880_000_3900_000_with_camera_labels-70.png 1152 808 59
big_dataset_depth/000000001506-segment-1191788760630624072_3880_000_3900_000_with_camera_labels-70.png 1160 816 58
big_dataset_depth/000000001506-segment-1191788760630624072_3880_000_3900_000_with_camera_labels-70.png 1168 824 57
big_dataset_depth/000000001506-segment-1191788760630624072_3880_000_3900_000_with_camera_labels-70.png 1176 824 57
big_dataset_depth/000000001506-segment-1191788760630624072_3880_000_3900_000_with_camera_labels-70.png 1184 832 58
big_dataset_depth/000000001506-segment-1191788760630624072_3880_000_3900_000_with_camera_labels-70.png 1192 832 58
big_dataset_depth/000000001506-segment-1191788760630624072_3880_000_3900_000_with_camera_labels-70.png 1200 808 57
big_dataset_depth/000000001506-segment-1191788760630624072_3880_000_3900_000_with_camera_labels-70.png 1208 824 57
big_dataset_depth/000000001506-segment-1191788760630624072_3880_000_3900_000_with_camera_labels-70.png 1216 816 60
big_dataset_depth/000000001506-segment-1191788760630624072_3880_000_3900_000_with_camera_labels-70.png 1224 824 58
big_dataset_depth/000000001506-segment-1191788760630624072_3880_000_3900_000_with_camera_labels-70.png 1232 808 57
big_dataset_depth/000000001506-segment-1191788760630624072_3880_000_3900_000_with_camera_labels-70.png 1240 808 57
big_dataset_depth/000000001506-segment-1191788760630624072_3880_000_3900_000_with_camera_labels-70.png 1248 832 58
big_dataset_depth/000000001506-segment-1191788760630624072_3880_000_3900_000_with_camera_labels-70.png 1256 832 58
big_dataset_depth/000000001506-segment-1191788760630624072_3880_000_3900_000_with_camera_labels-70.png 1264 704 65
big_dataset_depth/000000001506-segment-1191788760630624072_3880_000_3900_000_with_camera_labels-70.png 1272 744 98
big_dataset_depth/000000001506-segment-1191788760630624072_3880_000_3900_000_with_camera_labels-70.png 1280 736 81
big_dataset_depth/000000001506-segment-1191788760630624072_3880_000_3900_000_with_camera_labels-70.png 1288 752 98
big_dataset_depth/000000001506-segment-1191788760630624072_3880_000_3900_000_with_camera_labels-70.png 1296 832 56
big_dataset_depth/000000001506-segment-1191788760630624072_3880_000_3900_000_with_camera_labels-70.png 1304 832 56
big_dataset_depth/000000001506-segment-1191788760630624072_3880_000_3900_000_with_camera_labels-70.png 1312 768 83
big_dataset_depth/000000001506-segment-1191788760630624072_3880_000_3900_000_with_camera_labels-70.png 1320 776 79
big_dataset_depth/000000001506-segment-1191788760630624072_3880_000_3900_000_with_camera_labels-70.png 1328 776 79
big_dataset_depth/000000001506-segment-1191788760630624072_3880_000_3900_000_with_camera_labels-70.png 1336 784 74
big_dataset_depth/000000001506-segment-1191788760630624072_3880_000_3900_000_with_camera_labels-70.png 1344 792 70
big_dataset_depth/000000001506-segment-1191788760630624072_3880_000_3900_000_with_camera_labels-70.png 1352 768 73
big_dataset_depth/000000001506-segment-1191788760630624072_3880_000_3900_000_with_camera_labels-70.png 1360 800 67
big_dataset_depth/000000001506-segment-1191788760630624072_3880_000_3900_000_with_camera_labels-70.png 1368 800 65
big_dataset_depth/000000001506-segment-1191788760630624072_3880_000_3900_000_with_camera_labels-70.png 1376 800 65
big_dataset_depth/000000001506-segment-1191788760630624072_3880_000_3900_000_with_camera_labels-70.png 1384 808 64
big_dataset_depth/000000001506-segment-1191788760630624072_3880_000_3900_000_with_camera_labels-70.png 1392 808 64
big_dataset_depth/000000001506-segment-1191788760630624072_3880_000_3900_000_with_camera_labels-70.png 1400 808 64
big_dataset_depth/000000001506-segment-1191788760630624072_3880_000_3900_000_with_camera_labels-70.png 1408 816 63
big_dataset_depth/000000001506-segment-1191788760630624072_3880_000_3900_000_with_camera_labels-70.png 1416 824 58
big_dataset_depth/000000001506-segment-1191788760630624072_3880_000_3900_000_with_camera_labels-70.png 1424 816 60
big_dataset_depth/000000001506-segment-1191788760630624072_3880_000_3900_000_with_camera_labels-70.png 1432 816 60
big_dataset_depth/000000001506-segment-1191788760630624072_3880_000_3900_000_with_camera_labels-70.png 1440 840 56
big_dataset_depth/000000001506-segment-1191788760630624072_3880_000_3900_000_with_camera_labels-70.png 1448 840 56
big_dataset_depth/000000001506-segment-1191788760630624072_3880_000_3900_000_with_camera_labels-70.png 1456 832 56
big_dataset_depth/000000001506-segment-1191788760630624072_3880_000_3900_000_with_camera_labels-70.png 1464 840 56
big_dataset_depth/000000001506-segment-1191788760630624072_3880_000_3900_000_with_camera_labels-70.png 1472 840 56
big_dataset_depth/000000001506-segment-1191788760630624072_3880_000_3900_000_with_camera_labels-70.png 1480 840 56
big_dataset_depth/000000001506-segment-1191788760630624072_3880_000_3900_000_with_camera_labels-70.png 1488 840 56
big_dataset_depth/000000001506-segment-1191788760630624072_3880_000_3900_000_with_camera_labels-70.png 1496 840 56
big_dataset_depth/000000001506-segment-1191788760630624072_3880_000_3900_000_with_camera_labels-70.png 1504 840 56
big_dataset_depth/000000001506-segment-1191788760630624072_3880_000_3900_000_with_camera_labels-70.png 1512 840 56
big_dataset_depth/000000001506-segment-1191788760630624072_3880_000_3900_000_with_camera_labels-70.png 1520 832 56
big_dataset_depth/000000001506-segment-1191788760630624072_3880_000_3900_000_with_camera_labels-70.png 1528 840 56
big_dataset_depth/000000001506-segment-1191788760630624072_3880_000_3900_000_with_camera_labels-70.png 1536 824 56
big_dataset_depth/000000001506-segment-1191788760630624072_3880_000_3900_000_with_camera_labels-70.png 1544 840 54
big_dataset_depth/000000001506-segment-1191788760630624072_3880_000_3900_000_with_camera_labels-70.png 1552 840 54
big_dataset_depth/000000001506-segment-1191788760630624072_3880_000_3900_000_with_camera_labels-70.png 1560 824 54
big_dataset_depth/000000001506-segment-1191788760630624072_3880_000_3900_000_with_camera_labels-70.png 1568 824 54
big_dataset_depth/000000001506-segment-1191788760630624072_3880_000_3900_000_with_camera_labels-70.png 1576 824 54
big_dataset_depth/000000001506-segment-1191788760630624072_3880_000_3900_000_with_camera_labels-70.png 1584 824 54
big_dataset_depth/000000001506-segment-1191788760630624072_3880_000_3900_000_with_camera_labels-70.png 1592 824 54
big_dataset_depth/000000001506-segment-1191788760630624072_3880_000_3900_000_with_camera_labels-70.png 1600 832 55
big_dataset_depth/000000001506-segment-1191788760630624072_3880_000_3900_000_with_camera_labels-70.png 1608 832 55
big_dataset_depth/000000001506-segment-1191788760630624072_3880_000_3900_000_with_camera_labels-70.png 1616 832 55
big_dataset_depth/000000001506-segment-1191788760630624072_3880_000_3900_000_with_camera_labels-70.png 1624 832 52
big_dataset_depth/000000001506-segment-1191788760630624072_3880_000_3900_000_with_camera_labels-70.png 1632 832 51
big_dataset_depth/000000001506-segment-1191788760630624072_3880_000_3900_000_with_camera_labels-70.png 1640 832 51
big_dataset_depth/000000001506-segment-1191788760630624072_3880_000_3900_000_with_camera_labels-70.png 1648 832 52
big_dataset_depth/000000001506-segment-1191788760630624072_3880_000_3900_000_with_camera_labels-70.png 1656 816 55
big_dataset_depth/000000001506-segment-1191788760630624072_3880_000_3900_000_with_camera_labels-70.png 1664 800 56
big_dataset_depth/000000001506-segment-1191788760630624072_3880_000_3900_000_with_camera_labels-70.png 1672 816 55
big_dataset_depth/000000001506-segment-1191788760630624072_3880_000_3900_000_with_camera_labels-70.png 1680 816 55
big_dataset_depth/000000001506-segment-1191788760630624072_3880_000_3900_000_with_camera_labels-70.png 1688 816 55
big_dataset_depth/000000001506-segment-1191788760630624072_3880_000_3900_000_with_camera_labels-70.png 1712 776 57
big_dataset_depth/000000001506-segment-1191788760630624072_3880_000_3900_000_with_camera_labels-70.png 1728 944 25
big_dataset_depth/000000001506-segment-1191788760630624072_3880_000_3900_000_with_camera_labels-70.png 1736 920 26
big_dataset_depth/000000001506-segment-1191788760630624072_3880_000_3900_000_with_camera_labels-70.png 1744 944 25
big_dataset_depth/000000001506-segment-1191788760630624072_3880_000_3900_000_with_camera_labels-70.png 1752 896 26
big_dataset_depth/000000001506-segment-1191788760630624072_3880_000_3900_000_with_camera_labels-70.png 1760 912 26
big_dataset_depth/000000001506-segment-1191788760630624072_3880_000_3900_000_with_camera_labels-70.png 1768 960 24
big_dataset_depth/000000001506-segment-1191788760630624072_3880_000_3900_000_with_camera_labels-70.png 1776 936 25
big_dataset_depth/000000001506-segment-1191788760630624072_3880_000_3900_000_with_camera_labels-70.png 1784 888 25
big_dataset_depth/000000001506-segment-1191788760630624072_3880_000_3900_000_with_camera_labels-70.png 1792 912 25
big_dataset_depth/000000001506-segment-1191788760630624072_3880_000_3900_000_with_camera_labels-70.png 1800 896 25
big_dataset_depth/000000001506-segment-1191788760630624072_3880_000_3900_000_with_camera_labels-70.png 1808 984 23
big_dataset_depth/000000001506-segment-1191788760630624072_3880_000_3900_000_with_camera_labels-70.png 1816 968 24
big_dataset_depth/000000001506-segment-1191788760630624072_3880_000_3900_000_with_camera_labels-70.png 1824 984 23
big_dataset_depth/000000001506-segment-1191788760630624072_3880_000_3900_000_with_camera_labels-70.png 1832 984 23
big_dataset_depth/000000001506-segment-1191788760630624072_3880_000_3900_000_with_camera_labels-70.png 1840 1000 22
big_dataset_depth/000000001506-segment-1191788760630624072_3880_000_3900_000_with_camera_labels-70.png 1856 848 46
big_dataset_depth/000000001506-segment-1191788760630624072_3880_000_3900_000_with_camera_labels-70.png 1864 1000 22
big_dataset_depth/000000001506-segment-1191788760630624072_3880_000_3900_000_with_camera_labels-70.png 1872 1000 22
big_dataset_depth/000000001506-segment-1191788760630624072_3880_000_3900_000_with_camera_labels-70.png 1880 768 43
big_dataset_depth/000000001506-segment-1191788760630624072_3880_000_3900_000_with_camera_labels-70.png 1888 752 60
big_dataset_depth/000000001506-segment-1191788760630624072_3880_000_3900_000_with_camera_labels-70.png 1896 896 23
big_dataset_depth/000000001506-segment-1191788760630624072_3880_000_3900_000_with_camera_labels-70.png 1904 976 22
big_dataset_depth/000000001506-segment-1191788760630624072_3880_000_3900_000_with_camera_labels-70.png 1912 744 60
