big_dataset_depth/000000003929-segment-14233522945839943589_100_000_120_000_with_camera_labels-130.png 0 768 39
big_dataset_depth/000000003929-segment-14233522945839943589_100_000_120_000_with_camera_labels-130.png 8 792 34
big_dataset_depth/000000003929-segment-14233522945839943589_100_000_120_000_with_camera_labels-130.png 16 712 39
big_dataset_depth/000000003929-segment-14233522945839943589_100_000_120_000_with_camera_labels-130.png 24 840 30
big_dataset_depth/000000003929-segment-14233522945839943589_100_000_120_000_with_camera_labels-130.png 32 840 30
big_dataset_depth/000000003929-segment-14233522945839943589_100_000_120_000_with_camera_labels-130.png 40 848 31
big_dataset_depth/000000003929-segment-14233522945839943589_100_000_120_000_with_camera_labels-130.png 48 848 31
big_dataset_depth/000000003929-segment-14233522945839943589_100_000_120_000_with_camera_labels-130.png 56 848 31
big_dataset_depth/000000003929-segment-14233522945839943589_100_000_120_000_with_camera_labels-130.png 64 856 31
big_dataset_depth/000000003929-segment-14233522945839943589_100_000_120_000_with_camera_labels-130.png 72 848 32
big_dataset_depth/000000003929-segment-14233522945839943589_100_000_120_000_with_camera_labels-130.png 80 848 32
big_dataset_depth/000000003929-segment-14233522945839943589_100_000_120_000_with_camera_labels-130.png 88 840 32
big_dataset_depth/000000003929-segment-14233522945839943589_100_000_120_000_with_camera_labels-130.png 96 824 32
big_dataset_depth/000000003929-segment-14233522945839943589_100_000_120_000_with_camera_labels-130.png 120 744 44
big_dataset_depth/000000003929-segment-14233522945839943589_100_000_120_000_with_camera_labels-130.png 128 800 42
big_dataset_depth/000000003929-segment-14233522945839943589_100_000_120_000_with_camera_labels-130.png 136 712 71
big_dataset_depth/000000003929-segment-14233522945839943589_100_000_120_000_with_camera_labels-130.png 144 792 43
big_dataset_depth/000000003929-segment-14233522945839943589_100_000_120_000_with_camera_labels-130.png 152 792 42
big_dataset_depth/000000003929-segment-14233522945839943589_100_000_120_000_with_camera_labels-130.png 160 792 42
big_dataset_depth/000000003929-segment-14233522945839943589_100_000_120_000_with_camera_labels-130.png 168 792 42
big_dataset_depth/000000003929-segment-14233522945839943589_100_000_120_000_with_camera_labels-130.png 176 784 42
big_dataset_depth/000000003929-segment-14233522945839943589_100_000_120_000_with_camera_labels-130.png 184 784 42
big_dataset_depth/000000003929-segment-14233522945839943589_100_000_120_000_with_camera_labels-130.png 192 776 42
big_dataset_depth/000000003929-segment-14233522945839943589_100_000_120_000_with_camera_labels-130.png 200 784 42
big_dataset_depth/000000003929-segment-14233522945839943589_100_000_120_000_with_camera_labels-130.png 208 776 42
big_dataset_depth/000000003929-segment-14233522945839943589_100_000_120_000_with_camera_labels-130.png 216 776 42
big_dataset_depth/000000003929-segment-14233522945839943589_100_000_120_000_with_camera_labels-130.png 224 784 42
big_dataset_depth/000000003929-segment-14233522945839943589_100_000_120_000_with_camera_labels-130.png 232 768 42
big_dataset_depth/000000003929-segment-14233522945839943589_100_000_120_000_with_camera_labels-130.png 240 784 41
big_dataset_depth/000000003929-segment-14233522945839943589_100_000_120_000_with_camera_labels-130.png 248 776 42
big_dataset_depth/000000003929-segment-14233522945839943589_100_000_120_000_with_camera_labels-130.png 256 768 42
big_dataset_depth/000000003929-segment-14233522945839943589_100_000_120_000_with_camera_labels-130.png 264 776 42
big_dataset_depth/000000003929-segment-14233522945839943589_100_000_120_000_with_camera_labels-130.png 272 792 41
big_dataset_depth/000000003929-segment-14233522945839943589_100_000_120_000_with_camera_labels-130.png 280 784 41
big_dataset_depth/000000003929-segment-14233522945839943589_100_000_120_000_with_camera_labels-130.png 288 776 42
big_dataset_depth/000000003929-segment-14233522945839943589_100_000_120_000_with_camera_labels-130.png 296 784 42
big_dataset_depth/000000003929-segment-14233522945839943589_100_000_120_000_with_camera_labels-130.png 304 776 42
big_dataset_depth/000000003929-segment-14233522945839943589_100_000_120_000_with_camera_labels-130.png 328 704 85
big_dataset_depth/000000003929-segment-14233522945839943589_100_000_120_000_with_camera_labels-130.png 336 712 85
big_dataset_depth/000000003929-segment-14233522945839943589_100_000_120_000_with_camera_labels-130.png 344 712 84
big_dataset_depth/000000003929-segment-14233522945839943589_100_000_120_000_with_camera_labels-130.png 352 704 84
big_dataset_depth/000000003929-segment-14233522945839943589_100_000_120_000_with_camera_labels-130.png 360 696 91
big_dataset_depth/000000003929-segment-14233522945839943589_100_000_120_000_with_camera_labels-130.png 368 712 87
big_dataset_depth/000000003929-segment-14233522945839943589_100_000_120_000_with_camera_labels-130.png 376 704 87
big_dataset_depth/000000003929-segment-14233522945839943589_100_000_120_000_with_camera_labels-130.png 384 712 87
big_dataset_depth/000000003929-segment-14233522945839943589_100_000_120_000_with_camera_labels-130.png 392 696 87
big_dataset_depth/000000003929-segment-14233522945839943589_100_000_120_000_with_camera_labels-130.png 400 712 87
big_dataset_depth/000000003929-segment-14233522945839943589_100_000_120_000_with_camera_labels-130.png 408 704 83
big_dataset_depth/000000003929-segment-14233522945839943589_100_000_120_000_with_camera_labels-130.png 416 712 85
big_dataset_depth/000000003929-segment-14233522945839943589_100_000_120_000_with_camera_labels-130.png 424 704 85
big_dataset_depth/000000003929-segment-14233522945839943589_100_000_120_000_with_camera_labels-130.png 432 712 85
big_dataset_depth/000000003929-segment-14233522945839943589_100_000_120_000_with_camera_labels-130.png 440 712 86
big_dataset_depth/000000003929-segment-14233522945839943589_100_000_120_000_with_camera_labels-130.png 448 808 47
big_dataset_depth/000000003929-segment-14233522945839943589_100_000_120_000_with_camera_labels-130.png 456 816 47
big_dataset_depth/000000003929-segment-14233522945839943589_100_000_120_000_with_camera_labels-130.png 464 864 27
big_dataset_depth/000000003929-segment-14233522945839943589_100_000_120_000_with_camera_labels-130.png 472 832 42
big_dataset_depth/000000003929-segment-14233522945839943589_100_000_120_000_with_camera_labels-130.png 480 864 27
big_dataset_depth/000000003929-segment-14233522945839943589_100_000_120_000_with_camera_labels-130.png 488 848 27
big_dataset_depth/000000003929-segment-14233522945839943589_100_000_120_000_with_camera_labels-130.png 496 840 26
big_dataset_depth/000000003929-segment-14233522945839943589_100_000_120_000_with_camera_labels-130.png 504 840 26
big_dataset_depth/000000003929-segment-14233522945839943589_100_000_120_000_with_camera_labels-130.png 512 840 26
big_dataset_depth/000000003929-segment-14233522945839943589_100_000_120_000_with_camera_labels-130.png 520 864 26
big_dataset_depth/000000003929-segment-14233522945839943589_100_000_120_000_with_camera_labels-130.png 528 848 27
big_dataset_depth/000000003929-segment-14233522945839943589_100_000_120_000_with_camera_labels-130.png 536 840 26
big_dataset_depth/000000003929-segment-14233522945839943589_100_000_120_000_with_camera_labels-130.png 544 840 26
big_dataset_depth/000000003929-segment-14233522945839943589_100_000_120_000_with_camera_labels-130.png 552 840 26
big_dataset_depth/000000003929-segment-14233522945839943589_100_000_120_000_with_camera_labels-130.png 560 856 26
big_dataset_depth/000000003929-segment-14233522945839943589_100_000_120_000_with_camera_labels-130.png 568 840 26
big_dataset_depth/000000003929-segment-14233522945839943589_100_000_120_000_with_camera_labels-130.png 576 840 26
big_dataset_depth/000000003929-segment-14233522945839943589_100_000_120_000_with_camera_labels-130.png 584 840 26
big_dataset_depth/000000003929-segment-14233522945839943589_100_000_120_000_with_camera_labels-130.png 592 856 26
big_dataset_depth/000000003929-segment-14233522945839943589_100_000_120_000_with_camera_labels-130.png 600 832 26
big_dataset_depth/000000003929-segment-14233522945839943589_100_000_120_000_with_camera_labels-130.png 608 856 27
big_dataset_depth/000000003929-segment-14233522945839943589_100_000_120_000_with_camera_labels-130.png 616 864 26
big_dataset_depth/000000003929-segment-14233522945839943589_100_000_120_000_with_camera_labels-130.png 624 856 26
big_dataset_depth/000000003929-segment-14233522945839943589_100_000_120_000_with_camera_labels-130.png 632 880 27
big_dataset_depth/000000003929-segment-14233522945839943589_100_000_120_000_with_camera_labels-130.png 640 824 26
big_dataset_depth/000000003929-segment-14233522945839943589_100_000_120_000_with_camera_labels-130.png 648 872 27
big_dataset_depth/000000003929-segment-14233522945839943589_100_000_120_000_with_camera_labels-130.png 656 872 27
big_dataset_depth/000000003929-segment-14233522945839943589_100_000_120_000_with_camera_labels-130.png 664 880 27
big_dataset_depth/000000003929-segment-14233522945839943589_100_000_120_000_with_camera_labels-130.png 672 872 27
big_dataset_depth/000000003929-segment-14233522945839943589_100_000_120_000_with_camera_labels-130.png 680 848 27
big_dataset_depth/000000003929-segment-14233522945839943589_100_000_120_000_with_camera_labels-130.png 688 840 31
big_dataset_depth/000000003929-segment-14233522945839943589_100_000_120_000_with_camera_labels-130.png 696 840 31
big_dataset_depth/000000003929-segment-14233522945839943589_100_000_120_000_with_camera_labels-130.png 704 816 31
big_dataset_depth/000000003929-segment-14233522945839943589_100_000_120_000_with_camera_labels-130.png 712 824 31
big_dataset_depth/000000003929-segment-14233522945839943589_100_000_120_000_with_camera_labels-130.png 736 696 95
big_dataset_depth/000000003929-segment-14233522945839943589_100_000_120_000_with_camera_labels-130.png 864 696 92
big_dataset_depth/000000003929-segment-14233522945839943589_100_000_120_000_with_camera_labels-130.png 872 696 63
big_dataset_depth/000000003929-segment-14233522945839943589_100_000_120_000_with_camera_labels-130.png 880 808 35
big_dataset_depth/000000003929-segment-14233522945839943589_100_000_120_000_with_camera_labels-130.png 888 816 34
big_dataset_depth/000000003929-segment-14233522945839943589_100_000_120_000_with_camera_labels-130.png 896 800 34
big_dataset_depth/000000003929-segment-14233522945839943589_100_000_120_000_with_camera_labels-130.png 904 792 33
big_dataset_depth/000000003929-segment-14233522945839943589_100_000_120_000_with_camera_labels-130.png 912 800 34
big_dataset_depth/000000003929-segment-14233522945839943589_100_000_120_000_with_camera_labels-130.png 920 792 33
big_dataset_depth/000000003929-segment-14233522945839943589_100_000_120_000_with_camera_labels-130.png 928 792 33
big_dataset_depth/000000003929-segment-14233522945839943589_100_000_120_000_with_camera_labels-130.png 936 792 33
big_dataset_depth/000000003929-segment-14233522945839943589_100_000_120_000_with_camera_labels-130.png 944 784 33
big_dataset_depth/000000003929-segment-14233522945839943589_100_000_120_000_with_camera_labels-130.png 952 792 33
big_dataset_depth/000000003929-segment-14233522945839943589_100_000_120_000_with_camera_labels-130.png 960 792 33
big_dataset_depth/000000003929-segment-14233522945839943589_100_000_120_000_with_camera_labels-130.png 968 792 33
big_dataset_depth/000000003929-segment-14233522945839943589_100_000_120_000_with_camera_labels-130.png 976 792 33
big_dataset_depth/000000003929-segment-14233522945839943589_100_000_120_000_with_camera_labels-130.png 984 792 33
big_dataset_depth/000000003929-segment-14233522945839943589_100_000_120_000_with_camera_labels-130.png 992 792 33
big_dataset_depth/000000003929-segment-14233522945839943589_100_000_120_000_with_camera_labels-130.png 1000 792 33
big_dataset_depth/000000003929-segment-14233522945839943589_100_000_120_000_with_camera_labels-130.png 1008 792 33
big_dataset_depth/000000003929-segment-14233522945839943589_100_000_120_000_with_camera_labels-130.png 1016 792 33
big_dataset_depth/000000003929-segment-14233522945839943589_100_000_120_000_with_camera_labels-130.png 1024 816 34
big_dataset_depth/000000003929-segment-14233522945839943589_100_000_120_000_with_camera_labels-130.png 1032 816 34
big_dataset_depth/000000003929-segment-14233522945839943589_100_000_120_000_with_camera_labels-130.png 1040 816 34
big_dataset_depth/000000003929-segment-14233522945839943589_100_000_120_000_with_camera_labels-130.png 1048 784 34
big_dataset_depth/000000003929-segment-14233522945839943589_100_000_120_000_with_camera_labels-130.png 1056 704 88
big_dataset_depth/000000003929-segment-14233522945839943589_100_000_120_000_with_camera_labels-130.png 1064 704 87
big_dataset_depth/000000003929-segment-14233522945839943589_100_000_120_000_with_camera_labels-130.png 1072 696 87
big_dataset_depth/000000003929-segment-14233522945839943589_100_000_120_000_with_camera_labels-130.png 1080 704 88
big_dataset_depth/000000003929-segment-14233522945839943589_100_000_120_000_with_camera_labels-130.png 1088 688 102
big_dataset_depth/000000003929-segment-14233522945839943589_100_000_120_000_with_camera_labels-130.png 1096 688 102
big_dataset_depth/000000003929-segment-14233522945839943589_100_000_120_000_with_camera_labels-130.png 1104 680 92
big_dataset_depth/000000003929-segment-14233522945839943589_100_000_120_000_with_camera_labels-130.png 1112 704 88
big_dataset_depth/000000003929-segment-14233522945839943589_100_000_120_000_with_camera_labels-130.png 1120 712 85
big_dataset_depth/000000003929-segment-14233522945839943589_100_000_120_000_with_camera_labels-130.png 1128 760 44
big_dataset_depth/000000003929-segment-14233522945839943589_100_000_120_000_with_camera_labels-130.png 1136 776 43
big_dataset_depth/000000003929-segment-14233522945839943589_100_000_120_000_with_camera_labels-130.png 1144 768 43
big_dataset_depth/000000003929-segment-14233522945839943589_100_000_120_000_with_camera_labels-130.png 1152 776 42
big_dataset_depth/000000003929-segment-14233522945839943589_100_000_120_000_with_camera_labels-130.png 1160 784 40
big_dataset_depth/000000003929-segment-14233522945839943589_100_000_120_000_with_camera_labels-130.png 1168 784 39
big_dataset_depth/000000003929-segment-14233522945839943589_100_000_120_000_with_camera_labels-130.png 1176 808 35
big_dataset_depth/000000003929-segment-14233522945839943589_100_000_120_000_with_camera_labels-130.png 1184 816 35
big_dataset_depth/000000003929-segment-14233522945839943589_100_000_120_000_with_camera_labels-130.png 1192 824 34
big_dataset_depth/000000003929-segment-14233522945839943589_100_000_120_000_with_camera_labels-130.png 1200 800 33
big_dataset_depth/000000003929-segment-14233522945839943589_100_000_120_000_with_camera_labels-130.png 1208 816 32
big_dataset_depth/000000003929-segment-14233522945839943589_100_000_120_000_with_camera_labels-130.png 1216 840 31
big_dataset_depth/000000003929-segment-14233522945839943589_100_000_120_000_with_camera_labels-130.png 1224 840 31
big_dataset_depth/000000003929-segment-14233522945839943589_100_000_120_000_with_camera_labels-130.png 1232 848 31
big_dataset_depth/000000003929-segment-14233522945839943589_100_000_120_000_with_camera_labels-130.png 1240 856 30
big_dataset_depth/000000003929-segment-14233522945839943589_100_000_120_000_with_camera_labels-130.png 1248 872 28
big_dataset_depth/000000003929-segment-14233522945839943589_100_000_120_000_with_camera_labels-130.png 1256 888 27
big_dataset_depth/000000003929-segment-14233522945839943589_100_000_120_000_with_camera_labels-130.png 1264 888 27
big_dataset_depth/000000003929-segment-14233522945839943589_100_000_120_000_with_camera_labels-130.png 1272 888 27
big_dataset_depth/000000003929-segment-14233522945839943589_100_000_120_000_with_camera_labels-130.png 1280 888 26
big_dataset_depth/000000003929-segment-14233522945839943589_100_000_120_000_with_camera_labels-130.png 1288 872 25
big_dataset_depth/000000003929-segment-14233522945839943589_100_000_120_000_with_camera_labels-130.png 1296 848 25
big_dataset_depth/000000003929-segment-14233522945839943589_100_000_120_000_with_camera_labels-130.png 1304 888 24
big_dataset_depth/000000003929-segment-14233522945839943589_100_000_120_000_with_camera_labels-130.png 1312 928 24
big_dataset_depth/000000003929-segment-14233522945839943589_100_000_120_000_with_camera_labels-130.png 1320 928 23
big_dataset_depth/000000003929-segment-14233522945839943589_100_000_120_000_with_camera_labels-130.png 1328 936 23
big_dataset_depth/000000003929-segment-14233522945839943589_100_000_120_000_with_camera_labels-130.png 1336 928 23
big_dataset_depth/000000003929-segment-14233522945839943589_100_000_120_000_with_camera_labels-130.png 1344 928 23
big_dataset_depth/000000003929-segment-14233522945839943589_100_000_120_000_with_camera_labels-130.png 1352 928 23
big_dataset_depth/000000003929-segment-14233522945839943589_100_000_120_000_with_camera_labels-130.png 1360 912 23
big_dataset_depth/000000003929-segment-14233522945839943589_100_000_120_000_with_camera_labels-130.png 1368 912 23
big_dataset_depth/000000003929-segment-14233522945839943589_100_000_120_000_with_camera_labels-130.png 1376 968 20
big_dataset_depth/000000003929-segment-14233522945839943589_100_000_120_000_with_camera_labels-130.png 1384 976 20
big_dataset_depth/000000003929-segment-14233522945839943589_100_000_120_000_with_camera_labels-130.png 1392 984 20
big_dataset_depth/000000003929-segment-14233522945839943589_100_000_120_000_with_camera_labels-130.png 1400 1000 20
big_dataset_depth/000000003929-segment-14233522945839943589_100_000_120_000_with_camera_labels-130.png 1408 992 20
big_dataset_depth/000000003929-segment-14233522945839943589_100_000_120_000_with_camera_labels-130.png 1416 1000 19
big_dataset_depth/000000003929-segment-14233522945839943589_100_000_120_000_with_camera_labels-130.png 1424 1016 19
big_dataset_depth/000000003929-segment-14233522945839943589_100_000_120_000_with_camera_labels-130.png 1432 1016 19
big_dataset_depth/000000003929-segment-14233522945839943589_100_000_120_000_with_camera_labels-130.png 1440 984 18
big_dataset_depth/000000003929-segment-14233522945839943589_100_000_120_000_with_camera_labels-130.png 1448 1000 18
big_dataset_depth/000000003929-segment-14233522945839943589_100_000_120_000_with_camera_labels-130.png 1456 1016 18
big_dataset_depth/000000003929-segment-14233522945839943589_100_000_120_000_with_camera_labels-130.png 1464 1000 18
big_dataset_depth/000000003929-segment-14233522945839943589_100_000_120_000_with_camera_labels-130.png 1472 1016 18
big_dataset_depth/000000003929-segment-14233522945839943589_100_000_120_000_with_camera_labels-130.png 1480 1016 17
big_dataset_depth/000000003929-segment-14233522945839943589_100_000_120_000_with_camera_labels-130.png 1488 1032 17
big_dataset_depth/000000003929-segment-14233522945839943589_100_000_120_000_with_camera_labels-130.png 1496 1040 17
big_dataset_depth/000000003929-segment-14233522945839943589_100_000_120_000_with_camera_labels-130.png 1504 1056 17
big_dataset_depth/000000003929-segment-14233522945839943589_100_000_120_000_with_camera_labels-130.png 1512 1040 16
big_dataset_depth/000000003929-segment-14233522945839943589_100_000_120_000_with_camera_labels-130.png 1520 1096 17
big_dataset_depth/000000003929-segment-14233522945839943589_100_000_120_000_with_camera_labels-130.png 1536 1104 16
big_dataset_depth/000000003929-segment-14233522945839943589_100_000_120_000_with_camera_labels-130.png 1544 1128 16
big_dataset_depth/000000003929-segment-14233522945839943589_100_000_120_000_with_camera_labels-130.png 1552 1120 16
big_dataset_depth/000000003929-segment-14233522945839943589_100_000_120_000_with_camera_labels-130.png 1560 1120 16
big_dataset_depth/000000003929-segment-14233522945839943589_100_000_120_000_with_camera_labels-130.png 1568 1128 16
big_dataset_depth/000000003929-segment-14233522945839943589_100_000_120_000_with_camera_labels-130.png 1576 1120 16
big_dataset_depth/000000003929-segment-14233522945839943589_100_000_120_000_with_camera_labels-130.png 1584 1128 16
big_dataset_depth/000000003929-segment-14233522945839943589_100_000_120_000_with_camera_labels-130.png 1592 1120 16
big_dataset_depth/000000003929-segment-14233522945839943589_100_000_120_000_with_camera_labels-130.png 1600 1144 16
big_dataset_depth/000000003929-segment-14233522945839943589_100_000_120_000_with_camera_labels-130.png 1608 1120 16
big_dataset_depth/000000003929-segment-14233522945839943589_100_000_120_000_with_camera_labels-130.png 1616 1080 15
big_dataset_depth/000000003929-segment-14233522945839943589_100_000_120_000_with_camera_labels-130.png 1624 1072 15
big_dataset_depth/000000003929-segment-14233522945839943589_100_000_120_000_with_camera_labels-130.png 1632 1040 15
big_dataset_depth/000000003929-segment-14233522945839943589_100_000_120_000_with_camera_labels-130.png 1640 1080 15
big_dataset_depth/000000003929-segment-14233522945839943589_100_000_120_000_with_camera_labels-130.png 1648 1080 15
big_dataset_depth/000000003929-segment-14233522945839943589_100_000_120_000_with_camera_labels-130.png 1656 1080 15
big_dataset_depth/000000003929-segment-14233522945839943589_100_000_120_000_with_camera_labels-130.png 1664 1128 15
big_dataset_depth/000000003929-segment-14233522945839943589_100_000_120_000_with_camera_labels-130.png 1672 1104 15
big_dataset_depth/000000003929-segment-14233522945839943589_100_000_120_000_with_camera_labels-130.png 1680 1104 15
big_dataset_depth/000000003929-segment-14233522945839943589_100_000_120_000_with_camera_labels-130.png 1688 1096 15
big_dataset_depth/000000003929-segment-14233522945839943589_100_000_120_000_with_camera_labels-130.png 1712 1128 13
big_dataset_depth/000000003929-segment-14233522945839943589_100_000_120_000_with_camera_labels-130.png 1720 1264 13
big_dataset_depth/000000003929-segment-14233522945839943589_100_000_120_000_with_camera_labels-130.png 1728 1256 13
big_dataset_depth/000000003929-segment-14233522945839943589_100_000_120_000_with_camera_labels-130.png 1736 1240 13
big_dataset_depth/000000003929-segment-14233522945839943589_100_000_120_000_with_camera_labels-130.png 1744 1264 13
big_dataset_depth/000000003929-segment-14233522945839943589_100_000_120_000_with_camera_labels-130.png 1752 1240 13
big_dataset_depth/000000003929-segment-14233522945839943589_100_000_120_000_with_camera_labels-130.png 1760 1216 12
big_dataset_depth/000000003929-segment-14233522945839943589_100_000_120_000_with_camera_labels-130.png 1768 1272 12
big_dataset_depth/000000003929-segment-14233522945839943589_100_000_120_000_with_camera_labels-130.png 1776 1272 12
big_dataset_depth/000000003929-segment-14233522945839943589_100_000_120_000_with_camera_labels-130.png 1784 1272 12
big_dataset_depth/000000003929-segment-14233522945839943589_100_000_120_000_with_camera_labels-130.png 1792 1272 12
big_dataset_depth/000000003929-segment-14233522945839943589_100_000_120_000_with_camera_labels-130.png 1800 1272 12
big_dataset_depth/000000003929-segment-14233522945839943589_100_000_120_000_with_camera_labels-130.png 1808 1272 12
big_dataset_depth/000000003929-segment-14233522945839943589_100_000_120_000_with_camera_labels-130.png 1824 1272 12
big_dataset_depth/000000003929-segment-14233522945839943589_100_000_120_000_with_camera_labels-130.png 1832 1272 12
big_dataset_depth/000000003929-segment-14233522945839943589_100_000_120_000_with_camera_labels-130.png 1840 696 30
big_dataset_depth/000000003929-segment-14233522945839943589_100_000_120_000_with_camera_labels-130.png 1848 976 21
big_dataset_depth/000000003929-segment-14233522945839943589_100_000_120_000_with_camera_labels-130.png 1856 1080 16
big_dataset_depth/000000003929-segment-14233522945839943589_100_000_120_000_with_camera_labels-130.png 1864 1064 17
big_dataset_depth/000000003929-segment-14233522945839943589_100_000_120_000_with_camera_labels-130.png 1872 992 16
big_dataset_depth/000000003929-segment-14233522945839943589_100_000_120_000_with_camera_labels-130.png 1880 992 18
big_dataset_depth/000000003929-segment-14233522945839943589_100_000_120_000_with_camera_labels-130.png 1888 968 18
big_dataset_depth/000000003929-segment-14233522945839943589_100_000_120_000_with_camera_labels-130.png 1896 1072 14
big_dataset_depth/000000003929-segment-14233522945839943589_100_000_120_000_with_camera_labels-130.png 1904 1128 17
big_dataset_depth/000000003929-segment-14233522945839943589_100_000_120_000_with_camera_labels-130.png 1912 1032 19
