big_dataset_depth/000000003397-segment-13731697468004921673_4920_000_4940_000_with_camera_labels-0.png 0 696 103
big_dataset_depth/000000003397-segment-13731697468004921673_4920_000_4940_000_with_camera_labels-0.png 8 696 101
big_dataset_depth/000000003397-segment-13731697468004921673_4920_000_4940_000_with_camera_labels-0.png 16 776 66
big_dataset_depth/000000003397-segment-13731697468004921673_4920_000_4940_000_with_camera_labels-0.png 24 848 35
big_dataset_depth/000000003397-segment-13731697468004921673_4920_000_4940_000_with_camera_labels-0.png 32 760 65
big_dataset_depth/000000003397-segment-13731697468004921673_4920_000_4940_000_with_camera_labels-0.png 40 712 77
big_dataset_depth/000000003397-segment-13731697468004921673_4920_000_4940_000_with_camera_labels-0.png 56 760 52
big_dataset_depth/000000003397-segment-13731697468004921673_4920_000_4940_000_with_camera_labels-0.png 64 696 52
big_dataset_depth/000000003397-segment-13731697468004921673_4920_000_4940_000_with_camera_labels-0.png 72 768 52
big_dataset_depth/000000003397-segment-13731697468004921673_4920_000_4940_000_with_camera_labels-0.png 80 840 37
big_dataset_depth/000000003397-segment-13731697468004921673_4920_000_4940_000_with_camera_labels-0.png 88 832 38
big_dataset_depth/000000003397-segment-13731697468004921673_4920_000_4940_000_with_camera_labels-0.png 96 696 100
big_dataset_depth/000000003397-segment-13731697468004921673_4920_000_4940_000_with_camera_labels-0.png 104 680 100
big_dataset_depth/000000003397-segment-13731697468004921673_4920_000_4940_000_with_camera_labels-0.png 112 584 54
big_dataset_depth/000000003397-segment-13731697468004921673_4920_000_4940_000_with_camera_labels-0.png 120 704 101
big_dataset_depth/000000003397-segment-13731697468004921673_4920_000_4940_000_with_camera_labels-0.png 128 600 49
big_dataset_depth/000000003397-segment-13731697468004921673_4920_000_4940_000_with_camera_labels-0.png 136 712 52
big_dataset_depth/000000003397-segment-13731697468004921673_4920_000_4940_000_with_camera_labels-0.png 144 624 64
big_dataset_depth/000000003397-segment-13731697468004921673_4920_000_4940_000_with_camera_labels-0.png 152 736 55
big_dataset_depth/000000003397-segment-13731697468004921673_4920_000_4940_000_with_camera_labels-0.png 160 736 50
big_dataset_depth/000000003397-segment-13731697468004921673_4920_000_4940_000_with_camera_labels-0.png 168 760 49
big_dataset_depth/000000003397-segment-13731697468004921673_4920_000_4940_000_with_camera_labels-0.png 176 736 49
big_dataset_depth/000000003397-segment-13731697468004921673_4920_000_4940_000_with_camera_labels-0.png 184 600 49
big_dataset_depth/000000003397-segment-13731697468004921673_4920_000_4940_000_with_camera_labels-0.png 192 616 49
big_dataset_depth/000000003397-segment-13731697468004921673_4920_000_4940_000_with_camera_labels-0.png 200 784 47
big_dataset_depth/000000003397-segment-13731697468004921673_4920_000_4940_000_with_camera_labels-0.png 208 808 43
big_dataset_depth/000000003397-segment-13731697468004921673_4920_000_4940_000_with_camera_labels-0.png 216 808 43
big_dataset_depth/000000003397-segment-13731697468004921673_4920_000_4940_000_with_camera_labels-0.png 224 752 53
big_dataset_depth/000000003397-segment-13731697468004921673_4920_000_4940_000_with_camera_labels-0.png 232 728 53
big_dataset_depth/000000003397-segment-13731697468004921673_4920_000_4940_000_with_camera_labels-0.png 240 584 49
big_dataset_depth/000000003397-segment-13731697468004921673_4920_000_4940_000_with_camera_labels-0.png 256 792 45
big_dataset_depth/000000003397-segment-13731697468004921673_4920_000_4940_000_with_camera_labels-0.png 264 792 46
big_dataset_depth/000000003397-segment-13731697468004921673_4920_000_4940_000_with_camera_labels-0.png 272 712 74
big_dataset_depth/000000003397-segment-13731697468004921673_4920_000_4940_000_with_camera_labels-0.png 280 600 49
big_dataset_depth/000000003397-segment-13731697468004921673_4920_000_4940_000_with_camera_labels-0.png 288 696 98
big_dataset_depth/000000003397-segment-13731697468004921673_4920_000_4940_000_with_camera_labels-0.png 296 696 95
big_dataset_depth/000000003397-segment-13731697468004921673_4920_000_4940_000_with_camera_labels-0.png 304 704 78
big_dataset_depth/000000003397-segment-13731697468004921673_4920_000_4940_000_with_camera_labels-0.png 312 744 61
big_dataset_depth/000000003397-segment-13731697468004921673_4920_000_4940_000_with_camera_labels-0.png 328 712 73
big_dataset_depth/000000003397-segment-13731697468004921673_4920_000_4940_000_with_camera_labels-0.png 336 728 72
big_dataset_depth/000000003397-segment-13731697468004921673_4920_000_4940_000_with_camera_labels-0.png 344 736 61
big_dataset_depth/000000003397-segment-13731697468004921673_4920_000_4940_000_with_camera_labels-0.png 352 696 74
big_dataset_depth/000000003397-segment-13731697468004921673_4920_000_4940_000_with_camera_labels-0.png 360 744 57
big_dataset_depth/000000003397-segment-13731697468004921673_4920_000_4940_000_with_camera_labels-0.png 368 744 57
big_dataset_depth/000000003397-segment-13731697468004921673_4920_000_4940_000_with_camera_labels-0.png 376 600 60
big_dataset_depth/000000003397-segment-13731697468004921673_4920_000_4940_000_with_camera_labels-0.png 384 600 60
big_dataset_depth/000000003397-segment-13731697468004921673_4920_000_4940_000_with_camera_labels-0.png 400 696 96
big_dataset_depth/000000003397-segment-13731697468004921673_4920_000_4940_000_with_camera_labels-0.png 408 696 84
big_dataset_depth/000000003397-segment-13731697468004921673_4920_000_4940_000_with_camera_labels-0.png 416 704 84
big_dataset_depth/000000003397-segment-13731697468004921673_4920_000_4940_000_with_camera_labels-0.png 424 688 84
big_dataset_depth/000000003397-segment-13731697468004921673_4920_000_4940_000_with_camera_labels-0.png 432 696 84
big_dataset_depth/000000003397-segment-13731697468004921673_4920_000_4940_000_with_camera_labels-0.png 440 696 84
big_dataset_depth/000000003397-segment-13731697468004921673_4920_000_4940_000_with_camera_labels-0.png 448 712 74
big_dataset_depth/000000003397-segment-13731697468004921673_4920_000_4940_000_with_camera_labels-0.png 456 696 83
big_dataset_depth/000000003397-segment-13731697468004921673_4920_000_4940_000_with_camera_labels-0.png 464 712 78
big_dataset_depth/000000003397-segment-13731697468004921673_4920_000_4940_000_with_camera_labels-0.png 472 704 88
big_dataset_depth/000000003397-segment-13731697468004921673_4920_000_4940_000_with_camera_labels-0.png 480 704 86
big_dataset_depth/000000003397-segment-13731697468004921673_4920_000_4940_000_with_camera_labels-0.png 488 712 82
big_dataset_depth/000000003397-segment-13731697468004921673_4920_000_4940_000_with_camera_labels-0.png 496 696 82
big_dataset_depth/000000003397-segment-13731697468004921673_4920_000_4940_000_with_camera_labels-0.png 504 672 87
big_dataset_depth/000000003397-segment-13731697468004921673_4920_000_4940_000_with_camera_labels-0.png 512 672 91
big_dataset_depth/000000003397-segment-13731697468004921673_4920_000_4940_000_with_camera_labels-0.png 520 696 90
big_dataset_depth/000000003397-segment-13731697468004921673_4920_000_4940_000_with_camera_labels-0.png 528 688 91
big_dataset_depth/000000003397-segment-13731697468004921673_4920_000_4940_000_with_camera_labels-0.png 536 704 89
big_dataset_depth/000000003397-segment-13731697468004921673_4920_000_4940_000_with_camera_labels-0.png 640 1144 14
big_dataset_depth/000000003397-segment-13731697468004921673_4920_000_4940_000_with_camera_labels-0.png 696 856 59
big_dataset_depth/000000003397-segment-13731697468004921673_4920_000_4940_000_with_camera_labels-0.png 712 672 101
big_dataset_depth/000000003397-segment-13731697468004921673_4920_000_4940_000_with_camera_labels-0.png 720 680 101
big_dataset_depth/000000003397-segment-13731697468004921673_4920_000_4940_000_with_camera_labels-0.png 736 672 101
big_dataset_depth/000000003397-segment-13731697468004921673_4920_000_4940_000_with_camera_labels-0.png 744 664 102
big_dataset_depth/000000003397-segment-13731697468004921673_4920_000_4940_000_with_camera_labels-0.png 848 752 41
big_dataset_depth/000000003397-segment-13731697468004921673_4920_000_4940_000_with_camera_labels-0.png 856 776 41
big_dataset_depth/000000003397-segment-13731697468004921673_4920_000_4940_000_with_camera_labels-0.png 864 752 40
big_dataset_depth/000000003397-segment-13731697468004921673_4920_000_4940_000_with_camera_labels-0.png 872 752 40
big_dataset_depth/000000003397-segment-13731697468004921673_4920_000_4940_000_with_camera_labels-0.png 880 752 40
big_dataset_depth/000000003397-segment-13731697468004921673_4920_000_4940_000_with_camera_labels-0.png 888 752 40
big_dataset_depth/000000003397-segment-13731697468004921673_4920_000_4940_000_with_camera_labels-0.png 896 752 40
big_dataset_depth/000000003397-segment-13731697468004921673_4920_000_4940_000_with_camera_labels-0.png 904 832 29
big_dataset_depth/000000003397-segment-13731697468004921673_4920_000_4940_000_with_camera_labels-0.png 912 848 29
big_dataset_depth/000000003397-segment-13731697468004921673_4920_000_4940_000_with_camera_labels-0.png 920 848 29
big_dataset_depth/000000003397-segment-13731697468004921673_4920_000_4940_000_with_camera_labels-0.png 928 824 28
big_dataset_depth/000000003397-segment-13731697468004921673_4920_000_4940_000_with_camera_labels-0.png 936 840 28
big_dataset_depth/000000003397-segment-13731697468004921673_4920_000_4940_000_with_camera_labels-0.png 944 824 28
big_dataset_depth/000000003397-segment-13731697468004921673_4920_000_4940_000_with_camera_labels-0.png 952 824 28
big_dataset_depth/000000003397-segment-13731697468004921673_4920_000_4940_000_with_camera_labels-0.png 960 824 28
big_dataset_depth/000000003397-segment-13731697468004921673_4920_000_4940_000_with_camera_labels-0.png 968 824 28
big_dataset_depth/000000003397-segment-13731697468004921673_4920_000_4940_000_with_camera_labels-0.png 976 824 28
big_dataset_depth/000000003397-segment-13731697468004921673_4920_000_4940_000_with_camera_labels-0.png 984 832 28
big_dataset_depth/000000003397-segment-13731697468004921673_4920_000_4940_000_with_camera_labels-0.png 992 824 28
big_dataset_depth/000000003397-segment-13731697468004921673_4920_000_4940_000_with_camera_labels-0.png 1000 832 28
big_dataset_depth/000000003397-segment-13731697468004921673_4920_000_4940_000_with_camera_labels-0.png 1008 824 28
big_dataset_depth/000000003397-segment-13731697468004921673_4920_000_4940_000_with_camera_labels-0.png 1016 864 28
big_dataset_depth/000000003397-segment-13731697468004921673_4920_000_4940_000_with_camera_labels-0.png 1024 832 28
big_dataset_depth/000000003397-segment-13731697468004921673_4920_000_4940_000_with_camera_labels-0.png 1032 832 28
big_dataset_depth/000000003397-segment-13731697468004921673_4920_000_4940_000_with_camera_labels-0.png 1040 840 28
big_dataset_depth/000000003397-segment-13731697468004921673_4920_000_4940_000_with_camera_labels-0.png 1048 824 28
big_dataset_depth/000000003397-segment-13731697468004921673_4920_000_4940_000_with_camera_labels-0.png 1056 824 28
big_dataset_depth/000000003397-segment-13731697468004921673_4920_000_4940_000_with_camera_labels-0.png 1064 832 28
big_dataset_depth/000000003397-segment-13731697468004921673_4920_000_4940_000_with_camera_labels-0.png 1072 832 28
big_dataset_depth/000000003397-segment-13731697468004921673_4920_000_4940_000_with_camera_labels-0.png 1080 864 28
big_dataset_depth/000000003397-segment-13731697468004921673_4920_000_4940_000_with_camera_labels-0.png 1088 840 29
big_dataset_depth/000000003397-segment-13731697468004921673_4920_000_4940_000_with_camera_labels-0.png 1096 848 29
big_dataset_depth/000000003397-segment-13731697468004921673_4920_000_4940_000_with_camera_labels-0.png 1104 808 29
big_dataset_depth/000000003397-segment-13731697468004921673_4920_000_4940_000_with_camera_labels-0.png 1112 720 56
big_dataset_depth/000000003397-segment-13731697468004921673_4920_000_4940_000_with_camera_labels-0.png 1120 736 57
big_dataset_depth/000000003397-segment-13731697468004921673_4920_000_4940_000_with_camera_labels-0.png 1128 720 56
big_dataset_depth/000000003397-segment-13731697468004921673_4920_000_4940_000_with_camera_labels-0.png 1136 720 56
big_dataset_depth/000000003397-segment-13731697468004921673_4920_000_4940_000_with_camera_labels-0.png 1144 720 56
big_dataset_depth/000000003397-segment-13731697468004921673_4920_000_4940_000_with_camera_labels-0.png 1152 712 56
big_dataset_depth/000000003397-segment-13731697468004921673_4920_000_4940_000_with_camera_labels-0.png 1160 736 57
big_dataset_depth/000000003397-segment-13731697468004921673_4920_000_4940_000_with_camera_labels-0.png 1168 728 57
big_dataset_depth/000000003397-segment-13731697468004921673_4920_000_4940_000_with_camera_labels-0.png 1176 800 38
big_dataset_depth/000000003397-segment-13731697468004921673_4920_000_4940_000_with_camera_labels-0.png 1184 792 38
big_dataset_depth/000000003397-segment-13731697468004921673_4920_000_4940_000_with_camera_labels-0.png 1192 800 35
big_dataset_depth/000000003397-segment-13731697468004921673_4920_000_4940_000_with_camera_labels-0.png 1200 808 34
big_dataset_depth/000000003397-segment-13731697468004921673_4920_000_4940_000_with_camera_labels-0.png 1208 808 34
big_dataset_depth/000000003397-segment-13731697468004921673_4920_000_4940_000_with_camera_labels-0.png 1216 824 34
big_dataset_depth/000000003397-segment-13731697468004921673_4920_000_4940_000_with_camera_labels-0.png 1232 808 34
big_dataset_depth/000000003397-segment-13731697468004921673_4920_000_4940_000_with_camera_labels-0.png 1240 800 34
big_dataset_depth/000000003397-segment-13731697468004921673_4920_000_4940_000_with_camera_labels-0.png 1248 784 33
big_dataset_depth/000000003397-segment-13731697468004921673_4920_000_4940_000_with_camera_labels-0.png 1256 800 33
big_dataset_depth/000000003397-segment-13731697468004921673_4920_000_4940_000_with_camera_labels-0.png 1264 800 33
big_dataset_depth/000000003397-segment-13731697468004921673_4920_000_4940_000_with_camera_labels-0.png 1272 816 34
big_dataset_depth/000000003397-segment-13731697468004921673_4920_000_4940_000_with_camera_labels-0.png 1280 808 34
big_dataset_depth/000000003397-segment-13731697468004921673_4920_000_4940_000_with_camera_labels-0.png 1288 800 33
big_dataset_depth/000000003397-segment-13731697468004921673_4920_000_4940_000_with_camera_labels-0.png 1296 808 34
big_dataset_depth/000000003397-segment-13731697468004921673_4920_000_4940_000_with_camera_labels-0.png 1304 808 34
big_dataset_depth/000000003397-segment-13731697468004921673_4920_000_4940_000_with_camera_labels-0.png 1312 864 25
big_dataset_depth/000000003397-segment-13731697468004921673_4920_000_4940_000_with_camera_labels-0.png 1320 904 24
big_dataset_depth/000000003397-segment-13731697468004921673_4920_000_4940_000_with_camera_labels-0.png 1328 904 24
big_dataset_depth/000000003397-segment-13731697468004921673_4920_000_4940_000_with_camera_labels-0.png 1336 896 24
big_dataset_depth/000000003397-segment-13731697468004921673_4920_000_4940_000_with_camera_labels-0.png 1344 896 24
big_dataset_depth/000000003397-segment-13731697468004921673_4920_000_4940_000_with_camera_labels-0.png 1352 920 24
big_dataset_depth/000000003397-segment-13731697468004921673_4920_000_4940_000_with_camera_labels-0.png 1360 936 23
big_dataset_depth/000000003397-segment-13731697468004921673_4920_000_4940_000_with_camera_labels-0.png 1368 920 22
big_dataset_depth/000000003397-segment-13731697468004921673_4920_000_4940_000_with_camera_labels-0.png 1376 896 22
big_dataset_depth/000000003397-segment-13731697468004921673_4920_000_4940_000_with_camera_labels-0.png 1384 920 22
big_dataset_depth/000000003397-segment-13731697468004921673_4920_000_4940_000_with_camera_labels-0.png 1392 920 21
big_dataset_depth/000000003397-segment-13731697468004921673_4920_000_4940_000_with_camera_labels-0.png 1400 920 21
big_dataset_depth/000000003397-segment-13731697468004921673_4920_000_4940_000_with_camera_labels-0.png 1408 976 20
big_dataset_depth/000000003397-segment-13731697468004921673_4920_000_4940_000_with_camera_labels-0.png 1416 984 20
big_dataset_depth/000000003397-segment-13731697468004921673_4920_000_4940_000_with_camera_labels-0.png 1424 992 20
big_dataset_depth/000000003397-segment-13731697468004921673_4920_000_4940_000_with_camera_labels-0.png 1432 984 20
big_dataset_depth/000000003397-segment-13731697468004921673_4920_000_4940_000_with_camera_labels-0.png 1440 992 20
big_dataset_depth/000000003397-segment-13731697468004921673_4920_000_4940_000_with_camera_labels-0.png 1448 992 20
big_dataset_depth/000000003397-segment-13731697468004921673_4920_000_4940_000_with_camera_labels-0.png 1456 992 20
big_dataset_depth/000000003397-segment-13731697468004921673_4920_000_4940_000_with_camera_labels-0.png 1464 1000 20
big_dataset_depth/000000003397-segment-13731697468004921673_4920_000_4940_000_with_camera_labels-0.png 1472 960 19
big_dataset_depth/000000003397-segment-13731697468004921673_4920_000_4940_000_with_camera_labels-0.png 1480 976 20
big_dataset_depth/000000003397-segment-13731697468004921673_4920_000_4940_000_with_camera_labels-0.png 1488 960 19
big_dataset_depth/000000003397-segment-13731697468004921673_4920_000_4940_000_with_camera_labels-0.png 1496 968 19
big_dataset_depth/000000003397-segment-13731697468004921673_4920_000_4940_000_with_camera_labels-0.png 1504 960 19
big_dataset_depth/000000003397-segment-13731697468004921673_4920_000_4940_000_with_camera_labels-0.png 1512 968 20
big_dataset_depth/000000003397-segment-13731697468004921673_4920_000_4940_000_with_camera_labels-0.png 1520 952 19
big_dataset_depth/000000003397-segment-13731697468004921673_4920_000_4940_000_with_camera_labels-0.png 1528 976 19
big_dataset_depth/000000003397-segment-13731697468004921673_4920_000_4940_000_with_camera_labels-0.png 1536 960 19
big_dataset_depth/000000003397-segment-13731697468004921673_4920_000_4940_000_with_camera_labels-0.png 1544 960 19
big_dataset_depth/000000003397-segment-13731697468004921673_4920_000_4940_000_with_camera_labels-0.png 1552 992 19
big_dataset_depth/000000003397-segment-13731697468004921673_4920_000_4940_000_with_camera_labels-0.png 1560 976 19
big_dataset_depth/000000003397-segment-13731697468004921673_4920_000_4940_000_with_camera_labels-0.png 1568 960 19
big_dataset_depth/000000003397-segment-13731697468004921673_4920_000_4940_000_with_camera_labels-0.png 1576 952 19
big_dataset_depth/000000003397-segment-13731697468004921673_4920_000_4940_000_with_camera_labels-0.png 1584 960 19
big_dataset_depth/000000003397-segment-13731697468004921673_4920_000_4940_000_with_camera_labels-0.png 1592 968 20
big_dataset_depth/000000003397-segment-13731697468004921673_4920_000_4940_000_with_camera_labels-0.png 1600 960 19
big_dataset_depth/000000003397-segment-13731697468004921673_4920_000_4940_000_with_camera_labels-0.png 1608 960 19
big_dataset_depth/000000003397-segment-13731697468004921673_4920_000_4940_000_with_camera_labels-0.png 1632 1200 14
big_dataset_depth/000000003397-segment-13731697468004921673_4920_000_4940_000_with_camera_labels-0.png 1648 1192 14
big_dataset_depth/000000003397-segment-13731697468004921673_4920_000_4940_000_with_camera_labels-0.png 1656 1200 14
big_dataset_depth/000000003397-segment-13731697468004921673_4920_000_4940_000_with_camera_labels-0.png 1664 1200 14
big_dataset_depth/000000003397-segment-13731697468004921673_4920_000_4940_000_with_camera_labels-0.png 1672 1216 14
big_dataset_depth/000000003397-segment-13731697468004921673_4920_000_4940_000_with_camera_labels-0.png 1680 1208 14
big_dataset_depth/000000003397-segment-13731697468004921673_4920_000_4940_000_with_camera_labels-0.png 1688 1208 14
big_dataset_depth/000000003397-segment-13731697468004921673_4920_000_4940_000_with_camera_labels-0.png 1696 1208 14
big_dataset_depth/000000003397-segment-13731697468004921673_4920_000_4940_000_with_camera_labels-0.png 1704 1232 13
big_dataset_depth/000000003397-segment-13731697468004921673_4920_000_4940_000_with_camera_labels-0.png 1712 1208 14
big_dataset_depth/000000003397-segment-13731697468004921673_4920_000_4940_000_with_camera_labels-0.png 1720 1216 14
big_dataset_depth/000000003397-segment-13731697468004921673_4920_000_4940_000_with_camera_labels-0.png 1728 1208 14
big_dataset_depth/000000003397-segment-13731697468004921673_4920_000_4940_000_with_camera_labels-0.png 1736 1232 13
big_dataset_depth/000000003397-segment-13731697468004921673_4920_000_4940_000_with_camera_labels-0.png 1744 1208 14
big_dataset_depth/000000003397-segment-13731697468004921673_4920_000_4940_000_with_camera_labels-0.png 1752 672 85
big_dataset_depth/000000003397-segment-13731697468004921673_4920_000_4940_000_with_camera_labels-0.png 1760 1024 32
big_dataset_depth/000000003397-segment-13731697468004921673_4920_000_4940_000_with_camera_labels-0.png 1768 1024 31
big_dataset_depth/000000003397-segment-13731697468004921673_4920_000_4940_000_with_camera_labels-0.png 1776 856 59
big_dataset_depth/000000003397-segment-13731697468004921673_4920_000_4940_000_with_camera_labels-0.png 1784 680 95
big_dataset_depth/000000003397-segment-13731697468004921673_4920_000_4940_000_with_camera_labels-0.png 1792 920 55
big_dataset_depth/000000003397-segment-13731697468004921673_4920_000_4940_000_with_camera_labels-0.png 1800 1168 12
big_dataset_depth/000000003397-segment-13731697468004921673_4920_000_4940_000_with_camera_labels-0.png 1808 1240 13
big_dataset_depth/000000003397-segment-13731697468004921673_4920_000_4940_000_with_camera_labels-0.png 1816 1200 12
big_dataset_depth/000000003397-segment-13731697468004921673_4920_000_4940_000_with_camera_labels-0.png 1824 1192 12
big_dataset_depth/000000003397-segment-13731697468004921673_4920_000_4940_000_with_camera_labels-0.png 1840 1264 13
big_dataset_depth/000000003397-segment-13731697468004921673_4920_000_4940_000_with_camera_labels-0.png 1848 1192 12
big_dataset_depth/000000003397-segment-13731697468004921673_4920_000_4940_000_with_camera_labels-0.png 1856 1224 12
big_dataset_depth/000000003397-segment-13731697468004921673_4920_000_4940_000_with_camera_labels-0.png 1872 960 29
big_dataset_depth/000000003397-segment-13731697468004921673_4920_000_4940_000_with_camera_labels-0.png 1880 1120 17
big_dataset_depth/000000003397-segment-13731697468004921673_4920_000_4940_000_with_camera_labels-0.png 1888 928 34
big_dataset_depth/000000003397-segment-13731697468004921673_4920_000_4940_000_with_camera_labels-0.png 1896 936 32
big_dataset_depth/000000003397-segment-13731697468004921673_4920_000_4940_000_with_camera_labels-0.png 1904 976 23
big_dataset_depth/000000003397-segment-13731697468004921673_4920_000_4940_000_with_camera_labels-0.png 1912 840 45
