big_dataset_depth/000000002754-segment-13033853066564892960_1040_000_1060_000_with_camera_labels-170.png 0 744 35
big_dataset_depth/000000002754-segment-13033853066564892960_1040_000_1060_000_with_camera_labels-170.png 8 944 20
big_dataset_depth/000000002754-segment-13033853066564892960_1040_000_1060_000_with_camera_labels-170.png 16 760 33
big_dataset_depth/000000002754-segment-13033853066564892960_1040_000_1060_000_with_camera_labels-170.png 24 936 20
big_dataset_depth/000000002754-segment-13033853066564892960_1040_000_1060_000_with_camera_labels-170.png 32 752 30
big_dataset_depth/000000002754-segment-13033853066564892960_1040_000_1060_000_with_camera_labels-170.png 40 672 47
big_dataset_depth/000000002754-segment-13033853066564892960_1040_000_1060_000_with_camera_labels-170.png 48 968 20
big_dataset_depth/000000002754-segment-13033853066564892960_1040_000_1060_000_with_camera_labels-170.png 56 968 20
big_dataset_depth/000000002754-segment-13033853066564892960_1040_000_1060_000_with_camera_labels-170.png 64 952 21
big_dataset_depth/000000002754-segment-13033853066564892960_1040_000_1060_000_with_camera_labels-170.png 72 960 20
big_dataset_depth/000000002754-segment-13033853066564892960_1040_000_1060_000_with_camera_labels-170.png 80 960 20
big_dataset_depth/000000002754-segment-13033853066564892960_1040_000_1060_000_with_camera_labels-170.png 88 952 21
big_dataset_depth/000000002754-segment-13033853066564892960_1040_000_1060_000_with_camera_labels-170.png 96 944 21
big_dataset_depth/000000002754-segment-13033853066564892960_1040_000_1060_000_with_camera_labels-170.png 112 928 21
big_dataset_depth/000000002754-segment-13033853066564892960_1040_000_1060_000_with_camera_labels-170.png 120 880 21
big_dataset_depth/000000002754-segment-13033853066564892960_1040_000_1060_000_with_camera_labels-170.png 152 816 28
big_dataset_depth/000000002754-segment-13033853066564892960_1040_000_1060_000_with_camera_labels-170.png 160 824 28
big_dataset_depth/000000002754-segment-13033853066564892960_1040_000_1060_000_with_camera_labels-170.png 168 848 28
big_dataset_depth/000000002754-segment-13033853066564892960_1040_000_1060_000_with_camera_labels-170.png 176 824 28
big_dataset_depth/000000002754-segment-13033853066564892960_1040_000_1060_000_with_camera_labels-170.png 184 800 28
big_dataset_depth/000000002754-segment-13033853066564892960_1040_000_1060_000_with_camera_labels-170.png 192 856 28
big_dataset_depth/000000002754-segment-13033853066564892960_1040_000_1060_000_with_camera_labels-170.png 200 808 28
big_dataset_depth/000000002754-segment-13033853066564892960_1040_000_1060_000_with_camera_labels-170.png 208 824 28
big_dataset_depth/000000002754-segment-13033853066564892960_1040_000_1060_000_with_camera_labels-170.png 216 840 28
big_dataset_depth/000000002754-segment-13033853066564892960_1040_000_1060_000_with_camera_labels-170.png 224 832 28
big_dataset_depth/000000002754-segment-13033853066564892960_1040_000_1060_000_with_camera_labels-170.png 232 840 28
big_dataset_depth/000000002754-segment-13033853066564892960_1040_000_1060_000_with_camera_labels-170.png 240 800 28
big_dataset_depth/000000002754-segment-13033853066564892960_1040_000_1060_000_with_camera_labels-170.png 248 848 28
big_dataset_depth/000000002754-segment-13033853066564892960_1040_000_1060_000_with_camera_labels-170.png 256 808 27
big_dataset_depth/000000002754-segment-13033853066564892960_1040_000_1060_000_with_camera_labels-170.png 264 808 28
big_dataset_depth/000000002754-segment-13033853066564892960_1040_000_1060_000_with_camera_labels-170.png 272 848 28
big_dataset_depth/000000002754-segment-13033853066564892960_1040_000_1060_000_with_camera_labels-170.png 280 824 27
big_dataset_depth/000000002754-segment-13033853066564892960_1040_000_1060_000_with_camera_labels-170.png 288 832 28
big_dataset_depth/000000002754-segment-13033853066564892960_1040_000_1060_000_with_camera_labels-170.png 296 840 28
big_dataset_depth/000000002754-segment-13033853066564892960_1040_000_1060_000_with_camera_labels-170.png 304 832 28
big_dataset_depth/000000002754-segment-13033853066564892960_1040_000_1060_000_with_camera_labels-170.png 312 832 28
big_dataset_depth/000000002754-segment-13033853066564892960_1040_000_1060_000_with_camera_labels-170.png 320 824 28
big_dataset_depth/000000002754-segment-13033853066564892960_1040_000_1060_000_with_camera_labels-170.png 328 824 28
big_dataset_depth/000000002754-segment-13033853066564892960_1040_000_1060_000_with_camera_labels-170.png 336 832 28
big_dataset_depth/000000002754-segment-13033853066564892960_1040_000_1060_000_with_camera_labels-170.png 344 840 28
big_dataset_depth/000000002754-segment-13033853066564892960_1040_000_1060_000_with_camera_labels-170.png 352 832 28
big_dataset_depth/000000002754-segment-13033853066564892960_1040_000_1060_000_with_camera_labels-170.png 360 824 28
big_dataset_depth/000000002754-segment-13033853066564892960_1040_000_1060_000_with_camera_labels-170.png 368 792 29
big_dataset_depth/000000002754-segment-13033853066564892960_1040_000_1060_000_with_camera_labels-170.png 376 824 30
big_dataset_depth/000000002754-segment-13033853066564892960_1040_000_1060_000_with_camera_labels-170.png 384 784 30
big_dataset_depth/000000002754-segment-13033853066564892960_1040_000_1060_000_with_camera_labels-170.png 392 784 31
big_dataset_depth/000000002754-segment-13033853066564892960_1040_000_1060_000_with_camera_labels-170.png 400 792 31
big_dataset_depth/000000002754-segment-13033853066564892960_1040_000_1060_000_with_camera_labels-170.png 408 808 32
big_dataset_depth/000000002754-segment-13033853066564892960_1040_000_1060_000_with_camera_labels-170.png 416 800 32
big_dataset_depth/000000002754-segment-13033853066564892960_1040_000_1060_000_with_camera_labels-170.png 424 792 32
big_dataset_depth/000000002754-segment-13033853066564892960_1040_000_1060_000_with_camera_labels-170.png 432 760 33
big_dataset_depth/000000002754-segment-13033853066564892960_1040_000_1060_000_with_camera_labels-170.png 448 736 40
big_dataset_depth/000000002754-segment-13033853066564892960_1040_000_1060_000_with_camera_labels-170.png 456 760 40
big_dataset_depth/000000002754-segment-13033853066564892960_1040_000_1060_000_with_camera_labels-170.png 464 736 39
big_dataset_depth/000000002754-segment-13033853066564892960_1040_000_1060_000_with_camera_labels-170.png 472 760 40
big_dataset_depth/000000002754-segment-13033853066564892960_1040_000_1060_000_with_camera_labels-170.png 480 744 39
big_dataset_depth/000000002754-segment-13033853066564892960_1040_000_1060_000_with_camera_labels-170.png 488 752 42
big_dataset_depth/000000002754-segment-13033853066564892960_1040_000_1060_000_with_camera_labels-170.png 496 728 40
big_dataset_depth/000000002754-segment-13033853066564892960_1040_000_1060_000_with_camera_labels-170.png 504 760 40
big_dataset_depth/000000002754-segment-13033853066564892960_1040_000_1060_000_with_camera_labels-170.png 512 736 39
big_dataset_depth/000000002754-segment-13033853066564892960_1040_000_1060_000_with_camera_labels-170.png 520 744 40
big_dataset_depth/000000002754-segment-13033853066564892960_1040_000_1060_000_with_camera_labels-170.png 528 752 40
big_dataset_depth/000000002754-segment-13033853066564892960_1040_000_1060_000_with_camera_labels-170.png 536 736 40
big_dataset_depth/000000002754-segment-13033853066564892960_1040_000_1060_000_with_camera_labels-170.png 544 752 40
big_dataset_depth/000000002754-segment-13033853066564892960_1040_000_1060_000_with_camera_labels-170.png 552 736 44
big_dataset_depth/000000002754-segment-13033853066564892960_1040_000_1060_000_with_camera_labels-170.png 560 728 44
big_dataset_depth/000000002754-segment-13033853066564892960_1040_000_1060_000_with_camera_labels-170.png 568 696 50
big_dataset_depth/000000002754-segment-13033853066564892960_1040_000_1060_000_with_camera_labels-170.png 576 720 50
big_dataset_depth/000000002754-segment-13033853066564892960_1040_000_1060_000_with_camera_labels-170.png 584 696 50
big_dataset_depth/000000002754-segment-13033853066564892960_1040_000_1060_000_with_camera_labels-170.png 592 720 52
big_dataset_depth/000000002754-segment-13033853066564892960_1040_000_1060_000_with_camera_labels-170.png 600 704 51
big_dataset_depth/000000002754-segment-13033853066564892960_1040_000_1060_000_with_camera_labels-170.png 608 712 51
big_dataset_depth/000000002754-segment-13033853066564892960_1040_000_1060_000_with_camera_labels-170.png 616 704 51
big_dataset_depth/000000002754-segment-13033853066564892960_1040_000_1060_000_with_camera_labels-170.png 624 696 52
big_dataset_depth/000000002754-segment-13033853066564892960_1040_000_1060_000_with_camera_labels-170.png 632 704 53
big_dataset_depth/000000002754-segment-13033853066564892960_1040_000_1060_000_with_camera_labels-170.png 640 696 55
big_dataset_depth/000000002754-segment-13033853066564892960_1040_000_1060_000_with_camera_labels-170.png 648 664 67
big_dataset_depth/000000002754-segment-13033853066564892960_1040_000_1060_000_with_camera_labels-170.png 656 672 67
big_dataset_depth/000000002754-segment-13033853066564892960_1040_000_1060_000_with_camera_labels-170.png 664 672 67
big_dataset_depth/000000002754-segment-13033853066564892960_1040_000_1060_000_with_camera_labels-170.png 672 672 68
big_dataset_depth/000000002754-segment-13033853066564892960_1040_000_1060_000_with_camera_labels-170.png 680 672 68
big_dataset_depth/000000002754-segment-13033853066564892960_1040_000_1060_000_with_camera_labels-170.png 688 672 68
big_dataset_depth/000000002754-segment-13033853066564892960_1040_000_1060_000_with_camera_labels-170.png 696 672 68
big_dataset_depth/000000002754-segment-13033853066564892960_1040_000_1060_000_with_camera_labels-170.png 704 680 68
big_dataset_depth/000000002754-segment-13033853066564892960_1040_000_1060_000_with_camera_labels-170.png 712 680 69
big_dataset_depth/000000002754-segment-13033853066564892960_1040_000_1060_000_with_camera_labels-170.png 720 672 72
big_dataset_depth/000000002754-segment-13033853066564892960_1040_000_1060_000_with_camera_labels-170.png 744 784 30
big_dataset_depth/000000002754-segment-13033853066564892960_1040_000_1060_000_with_camera_labels-170.png 752 824 30
big_dataset_depth/000000002754-segment-13033853066564892960_1040_000_1060_000_with_camera_labels-170.png 760 816 30
big_dataset_depth/000000002754-segment-13033853066564892960_1040_000_1060_000_with_camera_labels-170.png 768 808 29
big_dataset_depth/000000002754-segment-13033853066564892960_1040_000_1060_000_with_camera_labels-170.png 776 808 29
big_dataset_depth/000000002754-segment-13033853066564892960_1040_000_1060_000_with_camera_labels-170.png 784 808 29
big_dataset_depth/000000002754-segment-13033853066564892960_1040_000_1060_000_with_camera_labels-170.png 792 808 29
big_dataset_depth/000000002754-segment-13033853066564892960_1040_000_1060_000_with_camera_labels-170.png 800 824 28
big_dataset_depth/000000002754-segment-13033853066564892960_1040_000_1060_000_with_camera_labels-170.png 808 808 29
big_dataset_depth/000000002754-segment-13033853066564892960_1040_000_1060_000_with_camera_labels-170.png 816 808 29
big_dataset_depth/000000002754-segment-13033853066564892960_1040_000_1060_000_with_camera_labels-170.png 824 792 31
big_dataset_depth/000000002754-segment-13033853066564892960_1040_000_1060_000_with_camera_labels-170.png 832 736 29
big_dataset_depth/000000002754-segment-13033853066564892960_1040_000_1060_000_with_camera_labels-170.png 840 784 30
big_dataset_depth/000000002754-segment-13033853066564892960_1040_000_1060_000_with_camera_labels-170.png 848 792 31
big_dataset_depth/000000002754-segment-13033853066564892960_1040_000_1060_000_with_camera_labels-170.png 856 784 30
big_dataset_depth/000000002754-segment-13033853066564892960_1040_000_1060_000_with_camera_labels-170.png 864 800 30
big_dataset_depth/000000002754-segment-13033853066564892960_1040_000_1060_000_with_camera_labels-170.png 872 792 30
big_dataset_depth/000000002754-segment-13033853066564892960_1040_000_1060_000_with_camera_labels-170.png 880 800 30
big_dataset_depth/000000002754-segment-13033853066564892960_1040_000_1060_000_with_camera_labels-170.png 888 784 30
big_dataset_depth/000000002754-segment-13033853066564892960_1040_000_1060_000_with_camera_labels-170.png 896 792 31
big_dataset_depth/000000002754-segment-13033853066564892960_1040_000_1060_000_with_camera_labels-170.png 904 808 31
big_dataset_depth/000000002754-segment-13033853066564892960_1040_000_1060_000_with_camera_labels-170.png 912 808 31
big_dataset_depth/000000002754-segment-13033853066564892960_1040_000_1060_000_with_camera_labels-170.png 920 768 30
big_dataset_depth/000000002754-segment-13033853066564892960_1040_000_1060_000_with_camera_labels-170.png 928 752 29
big_dataset_depth/000000002754-segment-13033853066564892960_1040_000_1060_000_with_camera_labels-170.png 936 768 30
big_dataset_depth/000000002754-segment-13033853066564892960_1040_000_1060_000_with_camera_labels-170.png 944 816 30
big_dataset_depth/000000002754-segment-13033853066564892960_1040_000_1060_000_with_camera_labels-170.png 952 816 30
big_dataset_depth/000000002754-segment-13033853066564892960_1040_000_1060_000_with_camera_labels-170.png 960 816 30
big_dataset_depth/000000002754-segment-13033853066564892960_1040_000_1060_000_with_camera_labels-170.png 968 816 30
big_dataset_depth/000000002754-segment-13033853066564892960_1040_000_1060_000_with_camera_labels-170.png 976 816 30
big_dataset_depth/000000002754-segment-13033853066564892960_1040_000_1060_000_with_camera_labels-170.png 984 800 30
big_dataset_depth/000000002754-segment-13033853066564892960_1040_000_1060_000_with_camera_labels-170.png 992 824 29
big_dataset_depth/000000002754-segment-13033853066564892960_1040_000_1060_000_with_camera_labels-170.png 1000 816 30
big_dataset_depth/000000002754-segment-13033853066564892960_1040_000_1060_000_with_camera_labels-170.png 1008 832 29
big_dataset_depth/000000002754-segment-13033853066564892960_1040_000_1060_000_with_camera_labels-170.png 1016 776 34
big_dataset_depth/000000002754-segment-13033853066564892960_1040_000_1060_000_with_camera_labels-170.png 1024 776 34
big_dataset_depth/000000002754-segment-13033853066564892960_1040_000_1060_000_with_camera_labels-170.png 1032 784 34
big_dataset_depth/000000002754-segment-13033853066564892960_1040_000_1060_000_with_camera_labels-170.png 1040 784 34
big_dataset_depth/000000002754-segment-13033853066564892960_1040_000_1060_000_with_camera_labels-170.png 1048 680 65
big_dataset_depth/000000002754-segment-13033853066564892960_1040_000_1060_000_with_camera_labels-170.png 1056 672 65
big_dataset_depth/000000002754-segment-13033853066564892960_1040_000_1060_000_with_camera_labels-170.png 1064 720 43
big_dataset_depth/000000002754-segment-13033853066564892960_1040_000_1060_000_with_camera_labels-170.png 1072 720 43
big_dataset_depth/000000002754-segment-13033853066564892960_1040_000_1060_000_with_camera_labels-170.png 1080 728 43
big_dataset_depth/000000002754-segment-13033853066564892960_1040_000_1060_000_with_camera_labels-170.png 1088 736 43
big_dataset_depth/000000002754-segment-13033853066564892960_1040_000_1060_000_with_camera_labels-170.png 1096 736 43
big_dataset_depth/000000002754-segment-13033853066564892960_1040_000_1060_000_with_camera_labels-170.png 1104 736 43
big_dataset_depth/000000002754-segment-13033853066564892960_1040_000_1060_000_with_camera_labels-170.png 1112 736 43
big_dataset_depth/000000002754-segment-13033853066564892960_1040_000_1060_000_with_camera_labels-170.png 1120 744 43
big_dataset_depth/000000002754-segment-13033853066564892960_1040_000_1060_000_with_camera_labels-170.png 1128 752 43
big_dataset_depth/000000002754-segment-13033853066564892960_1040_000_1060_000_with_camera_labels-170.png 1136 752 43
big_dataset_depth/000000002754-segment-13033853066564892960_1040_000_1060_000_with_camera_labels-170.png 1144 752 42
big_dataset_depth/000000002754-segment-13033853066564892960_1040_000_1060_000_with_camera_labels-170.png 1152 752 43
big_dataset_depth/000000002754-segment-13033853066564892960_1040_000_1060_000_with_camera_labels-170.png 1160 752 43
big_dataset_depth/000000002754-segment-13033853066564892960_1040_000_1060_000_with_camera_labels-170.png 1168 712 40
big_dataset_depth/000000002754-segment-13033853066564892960_1040_000_1060_000_with_camera_labels-170.png 1176 736 37
big_dataset_depth/000000002754-segment-13033853066564892960_1040_000_1060_000_with_camera_labels-170.png 1184 760 32
big_dataset_depth/000000002754-segment-13033853066564892960_1040_000_1060_000_with_camera_labels-170.png 1192 784 32
big_dataset_depth/000000002754-segment-13033853066564892960_1040_000_1060_000_with_camera_labels-170.png 1200 776 32
big_dataset_depth/000000002754-segment-13033853066564892960_1040_000_1060_000_with_camera_labels-170.png 1208 768 31
big_dataset_depth/000000002754-segment-13033853066564892960_1040_000_1060_000_with_camera_labels-170.png 1216 776 31
big_dataset_depth/000000002754-segment-13033853066564892960_1040_000_1060_000_with_camera_labels-170.png 1224 776 31
big_dataset_depth/000000002754-segment-13033853066564892960_1040_000_1060_000_with_camera_labels-170.png 1232 784 27
big_dataset_depth/000000002754-segment-13033853066564892960_1040_000_1060_000_with_camera_labels-170.png 1240 752 31
big_dataset_depth/000000002754-segment-13033853066564892960_1040_000_1060_000_with_camera_labels-170.png 1248 800 27
big_dataset_depth/000000002754-segment-13033853066564892960_1040_000_1060_000_with_camera_labels-170.png 1256 808 29
big_dataset_depth/000000002754-segment-13033853066564892960_1040_000_1060_000_with_camera_labels-170.png 1264 808 27
big_dataset_depth/000000002754-segment-13033853066564892960_1040_000_1060_000_with_camera_labels-170.png 1272 816 29
big_dataset_depth/000000002754-segment-13033853066564892960_1040_000_1060_000_with_camera_labels-170.png 1280 808 27
big_dataset_depth/000000002754-segment-13033853066564892960_1040_000_1060_000_with_camera_labels-170.png 1288 816 27
big_dataset_depth/000000002754-segment-13033853066564892960_1040_000_1060_000_with_camera_labels-170.png 1296 808 26
big_dataset_depth/000000002754-segment-13033853066564892960_1040_000_1060_000_with_camera_labels-170.png 1304 864 27
big_dataset_depth/000000002754-segment-13033853066564892960_1040_000_1060_000_with_camera_labels-170.png 1312 824 26
big_dataset_depth/000000002754-segment-13033853066564892960_1040_000_1060_000_with_camera_labels-170.png 1320 832 27
big_dataset_depth/000000002754-segment-13033853066564892960_1040_000_1060_000_with_camera_labels-170.png 1328 864 27
big_dataset_depth/000000002754-segment-13033853066564892960_1040_000_1060_000_with_camera_labels-170.png 1336 848 26
big_dataset_depth/000000002754-segment-13033853066564892960_1040_000_1060_000_with_camera_labels-170.png 1344 864 26
big_dataset_depth/000000002754-segment-13033853066564892960_1040_000_1060_000_with_camera_labels-170.png 1352 864 26
big_dataset_depth/000000002754-segment-13033853066564892960_1040_000_1060_000_with_camera_labels-170.png 1360 872 26
big_dataset_depth/000000002754-segment-13033853066564892960_1040_000_1060_000_with_camera_labels-170.png 1368 864 26
big_dataset_depth/000000002754-segment-13033853066564892960_1040_000_1060_000_with_camera_labels-170.png 1376 864 26
big_dataset_depth/000000002754-segment-13033853066564892960_1040_000_1060_000_with_camera_labels-170.png 1384 872 26
big_dataset_depth/000000002754-segment-13033853066564892960_1040_000_1060_000_with_camera_labels-170.png 1392 872 26
big_dataset_depth/000000002754-segment-13033853066564892960_1040_000_1060_000_with_camera_labels-170.png 1400 872 26
big_dataset_depth/000000002754-segment-13033853066564892960_1040_000_1060_000_with_camera_labels-170.png 1408 856 26
big_dataset_depth/000000002754-segment-13033853066564892960_1040_000_1060_000_with_camera_labels-170.png 1416 840 27
big_dataset_depth/000000002754-segment-13033853066564892960_1040_000_1060_000_with_camera_labels-170.png 1424 872 27
big_dataset_depth/000000002754-segment-13033853066564892960_1040_000_1060_000_with_camera_labels-170.png 1432 832 27
big_dataset_depth/000000002754-segment-13033853066564892960_1040_000_1060_000_with_camera_labels-170.png 1440 824 27
big_dataset_depth/000000002754-segment-13033853066564892960_1040_000_1060_000_with_camera_labels-170.png 1448 848 27
big_dataset_depth/000000002754-segment-13033853066564892960_1040_000_1060_000_with_camera_labels-170.png 1456 832 27
big_dataset_depth/000000002754-segment-13033853066564892960_1040_000_1060_000_with_camera_labels-170.png 1464 848 27
big_dataset_depth/000000002754-segment-13033853066564892960_1040_000_1060_000_with_camera_labels-170.png 1472 832 27
big_dataset_depth/000000002754-segment-13033853066564892960_1040_000_1060_000_with_camera_labels-170.png 1480 848 27
big_dataset_depth/000000002754-segment-13033853066564892960_1040_000_1060_000_with_camera_labels-170.png 1488 832 27
big_dataset_depth/000000002754-segment-13033853066564892960_1040_000_1060_000_with_camera_labels-170.png 1496 832 27
big_dataset_depth/000000002754-segment-13033853066564892960_1040_000_1060_000_with_camera_labels-170.png 1504 872 27
big_dataset_depth/000000002754-segment-13033853066564892960_1040_000_1060_000_with_camera_labels-170.png 1512 832 27
big_dataset_depth/000000002754-segment-13033853066564892960_1040_000_1060_000_with_camera_labels-170.png 1520 824 27
big_dataset_depth/000000002754-segment-13033853066564892960_1040_000_1060_000_with_camera_labels-170.png 1528 856 27
big_dataset_depth/000000002754-segment-13033853066564892960_1040_000_1060_000_with_camera_labels-170.png 1536 832 27
big_dataset_depth/000000002754-segment-13033853066564892960_1040_000_1060_000_with_camera_labels-170.png 1544 856 27
big_dataset_depth/000000002754-segment-13033853066564892960_1040_000_1060_000_with_camera_labels-170.png 1552 832 27
big_dataset_depth/000000002754-segment-13033853066564892960_1040_000_1060_000_with_camera_labels-170.png 1560 848 27
big_dataset_depth/000000002754-segment-13033853066564892960_1040_000_1060_000_with_camera_labels-170.png 1568 832 27
big_dataset_depth/000000002754-segment-13033853066564892960_1040_000_1060_000_with_camera_labels-170.png 1576 832 27
big_dataset_depth/000000002754-segment-13033853066564892960_1040_000_1060_000_with_camera_labels-170.png 1584 864 28
big_dataset_depth/000000002754-segment-13033853066564892960_1040_000_1060_000_with_camera_labels-170.png 1592 832 27
big_dataset_depth/000000002754-segment-13033853066564892960_1040_000_1060_000_with_camera_labels-170.png 1600 856 27
big_dataset_depth/000000002754-segment-13033853066564892960_1040_000_1060_000_with_camera_labels-170.png 1608 832 27
big_dataset_depth/000000002754-segment-13033853066564892960_1040_000_1060_000_with_camera_labels-170.png 1616 832 27
big_dataset_depth/000000002754-segment-13033853066564892960_1040_000_1060_000_with_camera_labels-170.png 1624 856 28
big_dataset_depth/000000002754-segment-13033853066564892960_1040_000_1060_000_with_camera_labels-170.png 1632 832 27
big_dataset_depth/000000002754-segment-13033853066564892960_1040_000_1060_000_with_camera_labels-170.png 1640 832 27
big_dataset_depth/000000002754-segment-13033853066564892960_1040_000_1060_000_with_camera_labels-170.png 1712 1192 14
big_dataset_depth/000000002754-segment-13033853066564892960_1040_000_1060_000_with_camera_labels-170.png 1720 1152 13
big_dataset_depth/000000002754-segment-13033853066564892960_1040_000_1060_000_with_camera_labels-170.png 1728 1152 13
big_dataset_depth/000000002754-segment-13033853066564892960_1040_000_1060_000_with_camera_labels-170.png 1736 1152 13
big_dataset_depth/000000002754-segment-13033853066564892960_1040_000_1060_000_with_camera_labels-170.png 1744 1144 13
big_dataset_depth/000000002754-segment-13033853066564892960_1040_000_1060_000_with_camera_labels-170.png 1752 1152 13
big_dataset_depth/000000002754-segment-13033853066564892960_1040_000_1060_000_with_camera_labels-170.png 1760 1152 13
big_dataset_depth/000000002754-segment-13033853066564892960_1040_000_1060_000_with_camera_labels-170.png 1768 1168 13
big_dataset_depth/000000002754-segment-13033853066564892960_1040_000_1060_000_with_camera_labels-170.png 1776 1176 13
big_dataset_depth/000000002754-segment-13033853066564892960_1040_000_1060_000_with_camera_labels-170.png 1784 1152 12
big_dataset_depth/000000002754-segment-13033853066564892960_1040_000_1060_000_with_camera_labels-170.png 1792 1168 12
big_dataset_depth/000000002754-segment-13033853066564892960_1040_000_1060_000_with_camera_labels-170.png 1800 1200 12
big_dataset_depth/000000002754-segment-13033853066564892960_1040_000_1060_000_with_camera_labels-170.png 1808 1200 12
big_dataset_depth/000000002754-segment-13033853066564892960_1040_000_1060_000_with_camera_labels-170.png 1816 1000 21
big_dataset_depth/000000002754-segment-13033853066564892960_1040_000_1060_000_with_camera_labels-170.png 1824 1200 12
big_dataset_depth/000000002754-segment-13033853066564892960_1040_000_1060_000_with_camera_labels-170.png 1832 1200 12
big_dataset_depth/000000002754-segment-13033853066564892960_1040_000_1060_000_with_camera_labels-170.png 1840 1040 20
big_dataset_depth/000000002754-segment-13033853066564892960_1040_000_1060_000_with_camera_labels-170.png 1848 1200 12
big_dataset_depth/000000002754-segment-13033853066564892960_1040_000_1060_000_with_camera_labels-170.png 1856 1024 21
big_dataset_depth/000000002754-segment-13033853066564892960_1040_000_1060_000_with_camera_labels-170.png 1864 1216 12
big_dataset_depth/000000002754-segment-13033853066564892960_1040_000_1060_000_with_camera_labels-170.png 1872 1216 12
big_dataset_depth/000000002754-segment-13033853066564892960_1040_000_1060_000_with_camera_labels-170.png 1880 888 26
big_dataset_depth/000000002754-segment-13033853066564892960_1040_000_1060_000_with_camera_labels-170.png 1888 1216 12
big_dataset_depth/000000002754-segment-13033853066564892960_1040_000_1060_000_with_camera_labels-170.png 1896 904 29
big_dataset_depth/000000002754-segment-13033853066564892960_1040_000_1060_000_with_camera_labels-170.png 1904 1096 18
big_dataset_depth/000000002754-segment-13033853066564892960_1040_000_1060_000_with_camera_labels-170.png 1912 1016 22
