big_dataset_depth/000000000536-segment-10485926982439064520_4980_000_5000_000_with_camera_labels-160.png 0 712 83
big_dataset_depth/000000000536-segment-10485926982439064520_4980_000_5000_000_with_camera_labels-160.png 8 888 51
big_dataset_depth/000000000536-segment-10485926982439064520_4980_000_5000_000_with_camera_labels-160.png 16 824 49
big_dataset_depth/000000000536-segment-10485926982439064520_4980_000_5000_000_with_camera_labels-160.png 24 1064 13
big_dataset_depth/000000000536-segment-10485926982439064520_4980_000_5000_000_with_camera_labels-160.png 32 872 55
big_dataset_depth/000000000536-segment-10485926982439064520_4980_000_5000_000_with_camera_labels-160.png 40 752 63
big_dataset_depth/000000000536-segment-10485926982439064520_4980_000_5000_000_with_camera_labels-160.png 48 992 39
big_dataset_depth/000000000536-segment-10485926982439064520_4980_000_5000_000_with_camera_labels-160.png 56 1256 13
big_dataset_depth/000000000536-segment-10485926982439064520_4980_000_5000_000_with_camera_labels-160.png 64 912 43
big_dataset_depth/000000000536-segment-10485926982439064520_4980_000_5000_000_with_camera_labels-160.png 72 880 55
big_dataset_depth/000000000536-segment-10485926982439064520_4980_000_5000_000_with_camera_labels-160.png 80 792 51
big_dataset_depth/000000000536-segment-10485926982439064520_4980_000_5000_000_with_camera_labels-160.png 88 1040 32
big_dataset_depth/000000000536-segment-10485926982439064520_4980_000_5000_000_with_camera_labels-160.png 96 816 39
big_dataset_depth/000000000536-segment-10485926982439064520_4980_000_5000_000_with_camera_labels-160.png 104 920 32
big_dataset_depth/000000000536-segment-10485926982439064520_4980_000_5000_000_with_camera_labels-160.png 112 816 41
big_dataset_depth/000000000536-segment-10485926982439064520_4980_000_5000_000_with_camera_labels-160.png 120 848 33
big_dataset_depth/000000000536-segment-10485926982439064520_4980_000_5000_000_with_camera_labels-160.png 128 880 33
big_dataset_depth/000000000536-segment-10485926982439064520_4980_000_5000_000_with_camera_labels-160.png 176 848 33
big_dataset_depth/000000000536-segment-10485926982439064520_4980_000_5000_000_with_camera_labels-160.png 184 864 32
big_dataset_depth/000000000536-segment-10485926982439064520_4980_000_5000_000_with_camera_labels-160.png 200 872 33
big_dataset_depth/000000000536-segment-10485926982439064520_4980_000_5000_000_with_camera_labels-160.png 216 872 32
big_dataset_depth/000000000536-segment-10485926982439064520_4980_000_5000_000_with_camera_labels-160.png 224 872 32
big_dataset_depth/000000000536-segment-10485926982439064520_4980_000_5000_000_with_camera_labels-160.png 232 872 32
big_dataset_depth/000000000536-segment-10485926982439064520_4980_000_5000_000_with_camera_labels-160.png 240 864 32
big_dataset_depth/000000000536-segment-10485926982439064520_4980_000_5000_000_with_camera_labels-160.png 248 840 33
big_dataset_depth/000000000536-segment-10485926982439064520_4980_000_5000_000_with_camera_labels-160.png 256 856 34
big_dataset_depth/000000000536-segment-10485926982439064520_4980_000_5000_000_with_camera_labels-160.png 264 848 32
big_dataset_depth/000000000536-segment-10485926982439064520_4980_000_5000_000_with_camera_labels-160.png 272 848 33
big_dataset_depth/000000000536-segment-10485926982439064520_4980_000_5000_000_with_camera_labels-160.png 280 840 33
big_dataset_depth/000000000536-segment-10485926982439064520_4980_000_5000_000_with_camera_labels-160.png 288 840 33
big_dataset_depth/000000000536-segment-10485926982439064520_4980_000_5000_000_with_camera_labels-160.png 296 848 33
big_dataset_depth/000000000536-segment-10485926982439064520_4980_000_5000_000_with_camera_labels-160.png 304 840 33
big_dataset_depth/000000000536-segment-10485926982439064520_4980_000_5000_000_with_camera_labels-160.png 312 840 33
big_dataset_depth/000000000536-segment-10485926982439064520_4980_000_5000_000_with_camera_labels-160.png 320 848 33
big_dataset_depth/000000000536-segment-10485926982439064520_4980_000_5000_000_with_camera_labels-160.png 328 840 33
big_dataset_depth/000000000536-segment-10485926982439064520_4980_000_5000_000_with_camera_labels-160.png 336 848 33
big_dataset_depth/000000000536-segment-10485926982439064520_4980_000_5000_000_with_camera_labels-160.png 352 840 33
big_dataset_depth/000000000536-segment-10485926982439064520_4980_000_5000_000_with_camera_labels-160.png 360 840 33
big_dataset_depth/000000000536-segment-10485926982439064520_4980_000_5000_000_with_camera_labels-160.png 368 840 33
big_dataset_depth/000000000536-segment-10485926982439064520_4980_000_5000_000_with_camera_labels-160.png 376 848 33
big_dataset_depth/000000000536-segment-10485926982439064520_4980_000_5000_000_with_camera_labels-160.png 384 848 33
big_dataset_depth/000000000536-segment-10485926982439064520_4980_000_5000_000_with_camera_labels-160.png 392 832 33
big_dataset_depth/000000000536-segment-10485926982439064520_4980_000_5000_000_with_camera_labels-160.png 400 856 34
big_dataset_depth/000000000536-segment-10485926982439064520_4980_000_5000_000_with_camera_labels-160.png 408 856 34
big_dataset_depth/000000000536-segment-10485926982439064520_4980_000_5000_000_with_camera_labels-160.png 416 848 33
big_dataset_depth/000000000536-segment-10485926982439064520_4980_000_5000_000_with_camera_labels-160.png 424 912 16
big_dataset_depth/000000000536-segment-10485926982439064520_4980_000_5000_000_with_camera_labels-160.png 432 920 16
big_dataset_depth/000000000536-segment-10485926982439064520_4980_000_5000_000_with_camera_labels-160.png 440 1040 23
big_dataset_depth/000000000536-segment-10485926982439064520_4980_000_5000_000_with_camera_labels-160.png 448 944 26
big_dataset_depth/000000000536-segment-10485926982439064520_4980_000_5000_000_with_camera_labels-160.png 456 1024 33
big_dataset_depth/000000000536-segment-10485926982439064520_4980_000_5000_000_with_camera_labels-160.png 464 1248 13
big_dataset_depth/000000000536-segment-10485926982439064520_4980_000_5000_000_with_camera_labels-160.png 472 1248 13
big_dataset_depth/000000000536-segment-10485926982439064520_4980_000_5000_000_with_camera_labels-160.png 480 1096 33
big_dataset_depth/000000000536-segment-10485926982439064520_4980_000_5000_000_with_camera_labels-160.png 488 928 53
big_dataset_depth/000000000536-segment-10485926982439064520_4980_000_5000_000_with_camera_labels-160.png 496 1224 13
big_dataset_depth/000000000536-segment-10485926982439064520_4980_000_5000_000_with_camera_labels-160.png 504 1160 13
big_dataset_depth/000000000536-segment-10485926982439064520_4980_000_5000_000_with_camera_labels-160.png 512 1160 13
big_dataset_depth/000000000536-segment-10485926982439064520_4980_000_5000_000_with_camera_labels-160.png 520 1136 13
big_dataset_depth/000000000536-segment-10485926982439064520_4980_000_5000_000_with_camera_labels-160.png 528 1136 13
big_dataset_depth/000000000536-segment-10485926982439064520_4980_000_5000_000_with_camera_labels-160.png 536 1112 13
big_dataset_depth/000000000536-segment-10485926982439064520_4980_000_5000_000_with_camera_labels-160.png 544 1104 13
big_dataset_depth/000000000536-segment-10485926982439064520_4980_000_5000_000_with_camera_labels-160.png 552 1096 13
big_dataset_depth/000000000536-segment-10485926982439064520_4980_000_5000_000_with_camera_labels-160.png 560 1080 13
big_dataset_depth/000000000536-segment-10485926982439064520_4980_000_5000_000_with_camera_labels-160.png 568 1088 12
big_dataset_depth/000000000536-segment-10485926982439064520_4980_000_5000_000_with_camera_labels-160.png 576 1080 12
big_dataset_depth/000000000536-segment-10485926982439064520_4980_000_5000_000_with_camera_labels-160.png 584 1112 12
big_dataset_depth/000000000536-segment-10485926982439064520_4980_000_5000_000_with_camera_labels-160.png 592 1120 12
big_dataset_depth/000000000536-segment-10485926982439064520_4980_000_5000_000_with_camera_labels-160.png 600 1112 12
big_dataset_depth/000000000536-segment-10485926982439064520_4980_000_5000_000_with_camera_labels-160.png 608 1112 12
big_dataset_depth/000000000536-segment-10485926982439064520_4980_000_5000_000_with_camera_labels-160.png 616 1152 12
big_dataset_depth/000000000536-segment-10485926982439064520_4980_000_5000_000_with_camera_labels-160.png 624 1176 12
big_dataset_depth/000000000536-segment-10485926982439064520_4980_000_5000_000_with_camera_labels-160.png 632 1176 12
big_dataset_depth/000000000536-segment-10485926982439064520_4980_000_5000_000_with_camera_labels-160.png 640 1216 13
big_dataset_depth/000000000536-segment-10485926982439064520_4980_000_5000_000_with_camera_labels-160.png 648 1232 13
big_dataset_depth/000000000536-segment-10485926982439064520_4980_000_5000_000_with_camera_labels-160.png 656 1264 12
big_dataset_depth/000000000536-segment-10485926982439064520_4980_000_5000_000_with_camera_labels-160.png 664 1256 12
big_dataset_depth/000000000536-segment-10485926982439064520_4980_000_5000_000_with_camera_labels-160.png 672 1256 12
big_dataset_depth/000000000536-segment-10485926982439064520_4980_000_5000_000_with_camera_labels-160.png 680 1264 12
big_dataset_depth/000000000536-segment-10485926982439064520_4980_000_5000_000_with_camera_labels-160.png 688 1264 12
big_dataset_depth/000000000536-segment-10485926982439064520_4980_000_5000_000_with_camera_labels-160.png 696 1264 12
big_dataset_depth/000000000536-segment-10485926982439064520_4980_000_5000_000_with_camera_labels-160.png 704 1248 12
big_dataset_depth/000000000536-segment-10485926982439064520_4980_000_5000_000_with_camera_labels-160.png 712 1264 12
big_dataset_depth/000000000536-segment-10485926982439064520_4980_000_5000_000_with_camera_labels-160.png 720 1264 12
big_dataset_depth/000000000536-segment-10485926982439064520_4980_000_5000_000_with_camera_labels-160.png 728 1264 12
big_dataset_depth/000000000536-segment-10485926982439064520_4980_000_5000_000_with_camera_labels-160.png 736 1192 13
big_dataset_depth/000000000536-segment-10485926982439064520_4980_000_5000_000_with_camera_labels-160.png 744 1216 13
big_dataset_depth/000000000536-segment-10485926982439064520_4980_000_5000_000_with_camera_labels-160.png 752 1016 13
big_dataset_depth/000000000536-segment-10485926982439064520_4980_000_5000_000_with_camera_labels-160.png 760 1048 13
big_dataset_depth/000000000536-segment-10485926982439064520_4980_000_5000_000_with_camera_labels-160.png 768 1064 13
big_dataset_depth/000000000536-segment-10485926982439064520_4980_000_5000_000_with_camera_labels-160.png 776 1152 14
big_dataset_depth/000000000536-segment-10485926982439064520_4980_000_5000_000_with_camera_labels-160.png 784 1088 13
big_dataset_depth/000000000536-segment-10485926982439064520_4980_000_5000_000_with_camera_labels-160.png 792 1152 12
big_dataset_depth/000000000536-segment-10485926982439064520_4980_000_5000_000_with_camera_labels-160.png 800 1240 13
big_dataset_depth/000000000536-segment-10485926982439064520_4980_000_5000_000_with_camera_labels-160.png 808 1048 13
big_dataset_depth/000000000536-segment-10485926982439064520_4980_000_5000_000_with_camera_labels-160.png 816 1112 9
big_dataset_depth/000000000536-segment-10485926982439064520_4980_000_5000_000_with_camera_labels-160.png 824 1192 9
big_dataset_depth/000000000536-segment-10485926982439064520_4980_000_5000_000_with_camera_labels-160.png 832 1280 8
big_dataset_depth/000000000536-segment-10485926982439064520_4980_000_5000_000_with_camera_labels-160.png 840 1280 8
big_dataset_depth/000000000536-segment-10485926982439064520_4980_000_5000_000_with_camera_labels-160.png 848 1280 8
big_dataset_depth/000000000536-segment-10485926982439064520_4980_000_5000_000_with_camera_labels-160.png 856 1272 8
big_dataset_depth/000000000536-segment-10485926982439064520_4980_000_5000_000_with_camera_labels-160.png 864 1280 9
big_dataset_depth/000000000536-segment-10485926982439064520_4980_000_5000_000_with_camera_labels-160.png 880 1256 9
big_dataset_depth/000000000536-segment-10485926982439064520_4980_000_5000_000_with_camera_labels-160.png 888 1280 9
big_dataset_depth/000000000536-segment-10485926982439064520_4980_000_5000_000_with_camera_labels-160.png 896 1264 9
big_dataset_depth/000000000536-segment-10485926982439064520_4980_000_5000_000_with_camera_labels-160.png 904 1280 9
big_dataset_depth/000000000536-segment-10485926982439064520_4980_000_5000_000_with_camera_labels-160.png 912 1280 9
big_dataset_depth/000000000536-segment-10485926982439064520_4980_000_5000_000_with_camera_labels-160.png 920 1280 9
big_dataset_depth/000000000536-segment-10485926982439064520_4980_000_5000_000_with_camera_labels-160.png 928 1280 9
big_dataset_depth/000000000536-segment-10485926982439064520_4980_000_5000_000_with_camera_labels-160.png 936 1280 9
big_dataset_depth/000000000536-segment-10485926982439064520_4980_000_5000_000_with_camera_labels-160.png 944 1280 9
big_dataset_depth/000000000536-segment-10485926982439064520_4980_000_5000_000_with_camera_labels-160.png 952 1264 9
big_dataset_depth/000000000536-segment-10485926982439064520_4980_000_5000_000_with_camera_labels-160.png 960 1264 9
big_dataset_depth/000000000536-segment-10485926982439064520_4980_000_5000_000_with_camera_labels-160.png 968 1256 9
big_dataset_depth/000000000536-segment-10485926982439064520_4980_000_5000_000_with_camera_labels-160.png 976 1264 9
big_dataset_depth/000000000536-segment-10485926982439064520_4980_000_5000_000_with_camera_labels-160.png 984 1280 9
big_dataset_depth/000000000536-segment-10485926982439064520_4980_000_5000_000_with_camera_labels-160.png 992 1256 9
big_dataset_depth/000000000536-segment-10485926982439064520_4980_000_5000_000_with_camera_labels-160.png 1000 1232 9
big_dataset_depth/000000000536-segment-10485926982439064520_4980_000_5000_000_with_camera_labels-160.png 1008 1232 9
big_dataset_depth/000000000536-segment-10485926982439064520_4980_000_5000_000_with_camera_labels-160.png 1016 1256 9
big_dataset_depth/000000000536-segment-10485926982439064520_4980_000_5000_000_with_camera_labels-160.png 1024 912 44
big_dataset_depth/000000000536-segment-10485926982439064520_4980_000_5000_000_with_camera_labels-160.png 1032 712 61
big_dataset_depth/000000000536-segment-10485926982439064520_4980_000_5000_000_with_camera_labels-160.png 1040 712 60
big_dataset_depth/000000000536-segment-10485926982439064520_4980_000_5000_000_with_camera_labels-160.png 1048 720 61
big_dataset_depth/000000000536-segment-10485926982439064520_4980_000_5000_000_with_camera_labels-160.png 1056 720 61
big_dataset_depth/000000000536-segment-10485926982439064520_4980_000_5000_000_with_camera_labels-160.png 1064 720 61
big_dataset_depth/000000000536-segment-10485926982439064520_4980_000_5000_000_with_camera_labels-160.png 1072 728 60
big_dataset_depth/000000000536-segment-10485926982439064520_4980_000_5000_000_with_camera_labels-160.png 1080 720 61
big_dataset_depth/000000000536-segment-10485926982439064520_4980_000_5000_000_with_camera_labels-160.png 1088 720 61
big_dataset_depth/000000000536-segment-10485926982439064520_4980_000_5000_000_with_camera_labels-160.png 1096 720 61
big_dataset_depth/000000000536-segment-10485926982439064520_4980_000_5000_000_with_camera_labels-160.png 1104 736 62
big_dataset_depth/000000000536-segment-10485926982439064520_4980_000_5000_000_with_camera_labels-160.png 1112 712 65
big_dataset_depth/000000000536-segment-10485926982439064520_4980_000_5000_000_with_camera_labels-160.png 1120 704 68
big_dataset_depth/000000000536-segment-10485926982439064520_4980_000_5000_000_with_camera_labels-160.png 1128 624 68
big_dataset_depth/000000000536-segment-10485926982439064520_4980_000_5000_000_with_camera_labels-160.png 1136 552 63
big_dataset_depth/000000000536-segment-10485926982439064520_4980_000_5000_000_with_camera_labels-160.png 1144 720 64
big_dataset_depth/000000000536-segment-10485926982439064520_4980_000_5000_000_with_camera_labels-160.png 1152 728 64
big_dataset_depth/000000000536-segment-10485926982439064520_4980_000_5000_000_with_camera_labels-160.png 1160 696 64
big_dataset_depth/000000000536-segment-10485926982439064520_4980_000_5000_000_with_camera_labels-160.png 1168 680 90
big_dataset_depth/000000000536-segment-10485926982439064520_4980_000_5000_000_with_camera_labels-160.png 1176 704 66
big_dataset_depth/000000000536-segment-10485926982439064520_4980_000_5000_000_with_camera_labels-160.png 1184 736 43
big_dataset_depth/000000000536-segment-10485926982439064520_4980_000_5000_000_with_camera_labels-160.png 1192 784 43
big_dataset_depth/000000000536-segment-10485926982439064520_4980_000_5000_000_with_camera_labels-160.png 1200 784 43
big_dataset_depth/000000000536-segment-10485926982439064520_4980_000_5000_000_with_camera_labels-160.png 1208 784 43
big_dataset_depth/000000000536-segment-10485926982439064520_4980_000_5000_000_with_camera_labels-160.png 1216 760 44
big_dataset_depth/000000000536-segment-10485926982439064520_4980_000_5000_000_with_camera_labels-160.png 1224 744 48
big_dataset_depth/000000000536-segment-10485926982439064520_4980_000_5000_000_with_camera_labels-160.png 1232 760 45
big_dataset_depth/000000000536-segment-10485926982439064520_4980_000_5000_000_with_camera_labels-160.png 1240 768 45
big_dataset_depth/000000000536-segment-10485926982439064520_4980_000_5000_000_with_camera_labels-160.png 1248 776 45
big_dataset_depth/000000000536-segment-10485926982439064520_4980_000_5000_000_with_camera_labels-160.png 1256 768 44
big_dataset_depth/000000000536-segment-10485926982439064520_4980_000_5000_000_with_camera_labels-160.png 1264 760 44
big_dataset_depth/000000000536-segment-10485926982439064520_4980_000_5000_000_with_camera_labels-160.png 1272 768 43
big_dataset_depth/000000000536-segment-10485926982439064520_4980_000_5000_000_with_camera_labels-160.png 1280 760 43
big_dataset_depth/000000000536-segment-10485926982439064520_4980_000_5000_000_with_camera_labels-160.png 1288 784 43
big_dataset_depth/000000000536-segment-10485926982439064520_4980_000_5000_000_with_camera_labels-160.png 1296 776 42
big_dataset_depth/000000000536-segment-10485926982439064520_4980_000_5000_000_with_camera_labels-160.png 1304 736 40
big_dataset_depth/000000000536-segment-10485926982439064520_4980_000_5000_000_with_camera_labels-160.png 1312 776 40
big_dataset_depth/000000000536-segment-10485926982439064520_4980_000_5000_000_with_camera_labels-160.png 1320 768 40
big_dataset_depth/000000000536-segment-10485926982439064520_4980_000_5000_000_with_camera_labels-160.png 1328 784 41
big_dataset_depth/000000000536-segment-10485926982439064520_4980_000_5000_000_with_camera_labels-160.png 1336 808 39
big_dataset_depth/000000000536-segment-10485926982439064520_4980_000_5000_000_with_camera_labels-160.png 1344 792 28
big_dataset_depth/000000000536-segment-10485926982439064520_4980_000_5000_000_with_camera_labels-160.png 1352 792 28
big_dataset_depth/000000000536-segment-10485926982439064520_4980_000_5000_000_with_camera_labels-160.png 1360 792 28
big_dataset_depth/000000000536-segment-10485926982439064520_4980_000_5000_000_with_camera_labels-160.png 1368 792 28
big_dataset_depth/000000000536-segment-10485926982439064520_4980_000_5000_000_with_camera_labels-160.png 1376 808 28
big_dataset_depth/000000000536-segment-10485926982439064520_4980_000_5000_000_with_camera_labels-160.png 1384 816 28
big_dataset_depth/000000000536-segment-10485926982439064520_4980_000_5000_000_with_camera_labels-160.png 1392 808 27
big_dataset_depth/000000000536-segment-10485926982439064520_4980_000_5000_000_with_camera_labels-160.png 1400 808 27
big_dataset_depth/000000000536-segment-10485926982439064520_4980_000_5000_000_with_camera_labels-160.png 1408 808 27
big_dataset_depth/000000000536-segment-10485926982439064520_4980_000_5000_000_with_camera_labels-160.png 1416 824 28
big_dataset_depth/000000000536-segment-10485926982439064520_4980_000_5000_000_with_camera_labels-160.png 1424 824 29
big_dataset_depth/000000000536-segment-10485926982439064520_4980_000_5000_000_with_camera_labels-160.png 1432 808 27
big_dataset_depth/000000000536-segment-10485926982439064520_4980_000_5000_000_with_camera_labels-160.png 1440 816 28
big_dataset_depth/000000000536-segment-10485926982439064520_4980_000_5000_000_with_camera_labels-160.png 1448 816 28
big_dataset_depth/000000000536-segment-10485926982439064520_4980_000_5000_000_with_camera_labels-160.png 1480 848 28
big_dataset_depth/000000000536-segment-10485926982439064520_4980_000_5000_000_with_camera_labels-160.png 1512 1016 11
big_dataset_depth/000000000536-segment-10485926982439064520_4980_000_5000_000_with_camera_labels-160.png 1520 1032 11
big_dataset_depth/000000000536-segment-10485926982439064520_4980_000_5000_000_with_camera_labels-160.png 1528 1072 11
big_dataset_depth/000000000536-segment-10485926982439064520_4980_000_5000_000_with_camera_labels-160.png 1536 944 11
big_dataset_depth/000000000536-segment-10485926982439064520_4980_000_5000_000_with_camera_labels-160.png 1544 1024 11
big_dataset_depth/000000000536-segment-10485926982439064520_4980_000_5000_000_with_camera_labels-160.png 1560 1096 11
big_dataset_depth/000000000536-segment-10485926982439064520_4980_000_5000_000_with_camera_labels-160.png 1568 1136 11
big_dataset_depth/000000000536-segment-10485926982439064520_4980_000_5000_000_with_camera_labels-160.png 1576 1136 11
big_dataset_depth/000000000536-segment-10485926982439064520_4980_000_5000_000_with_camera_labels-160.png 1584 1136 11
big_dataset_depth/000000000536-segment-10485926982439064520_4980_000_5000_000_with_camera_labels-160.png 1592 1192 11
big_dataset_depth/000000000536-segment-10485926982439064520_4980_000_5000_000_with_camera_labels-160.png 1600 1232 11
big_dataset_depth/000000000536-segment-10485926982439064520_4980_000_5000_000_with_camera_labels-160.png 1616 1232 11
big_dataset_depth/000000000536-segment-10485926982439064520_4980_000_5000_000_with_camera_labels-160.png 1624 1232 11
big_dataset_depth/000000000536-segment-10485926982439064520_4980_000_5000_000_with_camera_labels-160.png 1632 1256 11
big_dataset_depth/000000000536-segment-10485926982439064520_4980_000_5000_000_with_camera_labels-160.png 1640 1256 11
big_dataset_depth/000000000536-segment-10485926982439064520_4980_000_5000_000_with_camera_labels-160.png 1648 1248 11
big_dataset_depth/000000000536-segment-10485926982439064520_4980_000_5000_000_with_camera_labels-160.png 1656 1256 11
big_dataset_depth/000000000536-segment-10485926982439064520_4980_000_5000_000_with_camera_labels-160.png 1664 1240 12
big_dataset_depth/000000000536-segment-10485926982439064520_4980_000_5000_000_with_camera_labels-160.png 1672 1240 11
big_dataset_depth/000000000536-segment-10485926982439064520_4980_000_5000_000_with_camera_labels-160.png 1680 1248 12
big_dataset_depth/000000000536-segment-10485926982439064520_4980_000_5000_000_with_camera_labels-160.png 1688 1024 20
big_dataset_depth/000000000536-segment-10485926982439064520_4980_000_5000_000_with_camera_labels-160.png 1696 1112 18
big_dataset_depth/000000000536-segment-10485926982439064520_4980_000_5000_000_with_camera_labels-160.png 1704 1040 21
big_dataset_depth/000000000536-segment-10485926982439064520_4980_000_5000_000_with_camera_labels-160.png 1712 1248 13
big_dataset_depth/000000000536-segment-10485926982439064520_4980_000_5000_000_with_camera_labels-160.png 1720 816 29
big_dataset_depth/000000000536-segment-10485926982439064520_4980_000_5000_000_with_camera_labels-160.png 1728 1016 21
big_dataset_depth/000000000536-segment-10485926982439064520_4980_000_5000_000_with_camera_labels-160.png 1736 1072 17
big_dataset_depth/000000000536-segment-10485926982439064520_4980_000_5000_000_with_camera_labels-160.png 1744 816 29
big_dataset_depth/000000000536-segment-10485926982439064520_4980_000_5000_000_with_camera_labels-160.png 1752 816 29
big_dataset_depth/000000000536-segment-10485926982439064520_4980_000_5000_000_with_camera_labels-160.png 1760 1024 12
big_dataset_depth/000000000536-segment-10485926982439064520_4980_000_5000_000_with_camera_labels-160.png 1768 808 29
big_dataset_depth/000000000536-segment-10485926982439064520_4980_000_5000_000_with_camera_labels-160.png 1776 824 29
big_dataset_depth/000000000536-segment-10485926982439064520_4980_000_5000_000_with_camera_labels-160.png 1784 832 29
big_dataset_depth/000000000536-segment-10485926982439064520_4980_000_5000_000_with_camera_labels-160.png 1792 824 29
big_dataset_depth/000000000536-segment-10485926982439064520_4980_000_5000_000_with_camera_labels-160.png 1800 848 29
big_dataset_depth/000000000536-segment-10485926982439064520_4980_000_5000_000_with_camera_labels-160.png 1808 840 29
big_dataset_depth/000000000536-segment-10485926982439064520_4980_000_5000_000_with_camera_labels-160.png 1816 840 29
big_dataset_depth/000000000536-segment-10485926982439064520_4980_000_5000_000_with_camera_labels-160.png 1824 840 29
big_dataset_depth/000000000536-segment-10485926982439064520_4980_000_5000_000_with_camera_labels-160.png 1832 840 29
big_dataset_depth/000000000536-segment-10485926982439064520_4980_000_5000_000_with_camera_labels-160.png 1840 832 29
big_dataset_depth/000000000536-segment-10485926982439064520_4980_000_5000_000_with_camera_labels-160.png 1848 840 29
big_dataset_depth/000000000536-segment-10485926982439064520_4980_000_5000_000_with_camera_labels-160.png 1856 832 29
big_dataset_depth/000000000536-segment-10485926982439064520_4980_000_5000_000_with_camera_labels-160.png 1864 832 29
big_dataset_depth/000000000536-segment-10485926982439064520_4980_000_5000_000_with_camera_labels-160.png 1872 816 29
big_dataset_depth/000000000536-segment-10485926982439064520_4980_000_5000_000_with_camera_labels-160.png 1880 824 29
big_dataset_depth/000000000536-segment-10485926982439064520_4980_000_5000_000_with_camera_labels-160.png 1888 784 36
big_dataset_depth/000000000536-segment-10485926982439064520_4980_000_5000_000_with_camera_labels-160.png 1896 768 40
big_dataset_depth/000000000536-segment-10485926982439064520_4980_000_5000_000_with_camera_labels-160.png 1904 776 35
big_dataset_depth/000000000536-segment-10485926982439064520_4980_000_5000_000_with_camera_labels-160.png 1912 696 52
