big_dataset_depth/000000003201-segment-13476374534576730229_240_000_260_000_with_camera_labels-40.png 0 888 22
big_dataset_depth/000000003201-segment-13476374534576730229_240_000_260_000_with_camera_labels-40.png 8 744 27
big_dataset_depth/000000003201-segment-13476374534576730229_240_000_260_000_with_camera_labels-40.png 16 792 25
big_dataset_depth/000000003201-segment-13476374534576730229_240_000_260_000_with_camera_labels-40.png 24 904 22
big_dataset_depth/000000003201-segment-13476374534576730229_240_000_260_000_with_camera_labels-40.png 32 896 22
big_dataset_depth/000000003201-segment-13476374534576730229_240_000_260_000_with_camera_labels-40.png 40 896 22
big_dataset_depth/000000003201-segment-13476374534576730229_240_000_260_000_with_camera_labels-40.png 48 888 23
big_dataset_depth/000000003201-segment-13476374534576730229_240_000_260_000_with_camera_labels-40.png 56 888 23
big_dataset_depth/000000003201-segment-13476374534576730229_240_000_260_000_with_camera_labels-40.png 64 888 23
big_dataset_depth/000000003201-segment-13476374534576730229_240_000_260_000_with_camera_labels-40.png 72 888 23
big_dataset_depth/000000003201-segment-13476374534576730229_240_000_260_000_with_camera_labels-40.png 80 872 23
big_dataset_depth/000000003201-segment-13476374534576730229_240_000_260_000_with_camera_labels-40.png 88 888 23
big_dataset_depth/000000003201-segment-13476374534576730229_240_000_260_000_with_camera_labels-40.png 96 872 24
big_dataset_depth/000000003201-segment-13476374534576730229_240_000_260_000_with_camera_labels-40.png 104 872 24
big_dataset_depth/000000003201-segment-13476374534576730229_240_000_260_000_with_camera_labels-40.png 112 864 24
big_dataset_depth/000000003201-segment-13476374534576730229_240_000_260_000_with_camera_labels-40.png 120 872 24
big_dataset_depth/000000003201-segment-13476374534576730229_240_000_260_000_with_camera_labels-40.png 128 872 24
big_dataset_depth/000000003201-segment-13476374534576730229_240_000_260_000_with_camera_labels-40.png 136 864 25
big_dataset_depth/000000003201-segment-13476374534576730229_240_000_260_000_with_camera_labels-40.png 144 872 25
big_dataset_depth/000000003201-segment-13476374534576730229_240_000_260_000_with_camera_labels-40.png 152 856 25
big_dataset_depth/000000003201-segment-13476374534576730229_240_000_260_000_with_camera_labels-40.png 160 856 25
big_dataset_depth/000000003201-segment-13476374534576730229_240_000_260_000_with_camera_labels-40.png 168 856 25
big_dataset_depth/000000003201-segment-13476374534576730229_240_000_260_000_with_camera_labels-40.png 176 856 26
big_dataset_depth/000000003201-segment-13476374534576730229_240_000_260_000_with_camera_labels-40.png 184 856 25
big_dataset_depth/000000003201-segment-13476374534576730229_240_000_260_000_with_camera_labels-40.png 192 848 26
big_dataset_depth/000000003201-segment-13476374534576730229_240_000_260_000_with_camera_labels-40.png 200 840 26
big_dataset_depth/000000003201-segment-13476374534576730229_240_000_260_000_with_camera_labels-40.png 208 840 26
big_dataset_depth/000000003201-segment-13476374534576730229_240_000_260_000_with_camera_labels-40.png 216 832 27
big_dataset_depth/000000003201-segment-13476374534576730229_240_000_260_000_with_camera_labels-40.png 224 840 27
big_dataset_depth/000000003201-segment-13476374534576730229_240_000_260_000_with_camera_labels-40.png 232 840 27
big_dataset_depth/000000003201-segment-13476374534576730229_240_000_260_000_with_camera_labels-40.png 240 824 27
big_dataset_depth/000000003201-segment-13476374534576730229_240_000_260_000_with_camera_labels-40.png 248 824 27
big_dataset_depth/000000003201-segment-13476374534576730229_240_000_260_000_with_camera_labels-40.png 256 824 28
big_dataset_depth/000000003201-segment-13476374534576730229_240_000_260_000_with_camera_labels-40.png 264 824 28
big_dataset_depth/000000003201-segment-13476374534576730229_240_000_260_000_with_camera_labels-40.png 272 824 28
big_dataset_depth/000000003201-segment-13476374534576730229_240_000_260_000_with_camera_labels-40.png 280 800 29
big_dataset_depth/000000003201-segment-13476374534576730229_240_000_260_000_with_camera_labels-40.png 288 800 29
big_dataset_depth/000000003201-segment-13476374534576730229_240_000_260_000_with_camera_labels-40.png 296 808 29
big_dataset_depth/000000003201-segment-13476374534576730229_240_000_260_000_with_camera_labels-40.png 304 800 30
big_dataset_depth/000000003201-segment-13476374534576730229_240_000_260_000_with_camera_labels-40.png 312 808 30
big_dataset_depth/000000003201-segment-13476374534576730229_240_000_260_000_with_camera_labels-40.png 320 800 30
big_dataset_depth/000000003201-segment-13476374534576730229_240_000_260_000_with_camera_labels-40.png 328 792 30
big_dataset_depth/000000003201-segment-13476374534576730229_240_000_260_000_with_camera_labels-40.png 336 792 31
big_dataset_depth/000000003201-segment-13476374534576730229_240_000_260_000_with_camera_labels-40.png 344 784 31
big_dataset_depth/000000003201-segment-13476374534576730229_240_000_260_000_with_camera_labels-40.png 352 952 21
big_dataset_depth/000000003201-segment-13476374534576730229_240_000_260_000_with_camera_labels-40.png 360 864 26
big_dataset_depth/000000003201-segment-13476374534576730229_240_000_260_000_with_camera_labels-40.png 368 768 32
big_dataset_depth/000000003201-segment-13476374534576730229_240_000_260_000_with_camera_labels-40.png 376 880 25
big_dataset_depth/000000003201-segment-13476374534576730229_240_000_260_000_with_camera_labels-40.png 384 936 22
big_dataset_depth/000000003201-segment-13476374534576730229_240_000_260_000_with_camera_labels-40.png 392 760 33
big_dataset_depth/000000003201-segment-13476374534576730229_240_000_260_000_with_camera_labels-40.png 400 920 22
big_dataset_depth/000000003201-segment-13476374534576730229_240_000_260_000_with_camera_labels-40.png 408 864 26
big_dataset_depth/000000003201-segment-13476374534576730229_240_000_260_000_with_camera_labels-40.png 416 920 23
big_dataset_depth/000000003201-segment-13476374534576730229_240_000_260_000_with_camera_labels-40.png 424 920 23
big_dataset_depth/000000003201-segment-13476374534576730229_240_000_260_000_with_camera_labels-40.png 432 904 22
big_dataset_depth/000000003201-segment-13476374534576730229_240_000_260_000_with_camera_labels-40.png 440 920 22
big_dataset_depth/000000003201-segment-13476374534576730229_240_000_260_000_with_camera_labels-40.png 448 920 22
big_dataset_depth/000000003201-segment-13476374534576730229_240_000_260_000_with_camera_labels-40.png 456 928 22
big_dataset_depth/000000003201-segment-13476374534576730229_240_000_260_000_with_camera_labels-40.png 464 920 22
big_dataset_depth/000000003201-segment-13476374534576730229_240_000_260_000_with_camera_labels-40.png 472 896 22
big_dataset_depth/000000003201-segment-13476374534576730229_240_000_260_000_with_camera_labels-40.png 480 896 22
big_dataset_depth/000000003201-segment-13476374534576730229_240_000_260_000_with_camera_labels-40.png 488 872 21
big_dataset_depth/000000003201-segment-13476374534576730229_240_000_260_000_with_camera_labels-40.png 496 872 21
big_dataset_depth/000000003201-segment-13476374534576730229_240_000_260_000_with_camera_labels-40.png 504 880 21
big_dataset_depth/000000003201-segment-13476374534576730229_240_000_260_000_with_camera_labels-40.png 512 888 22
big_dataset_depth/000000003201-segment-13476374534576730229_240_000_260_000_with_camera_labels-40.png 520 880 21
big_dataset_depth/000000003201-segment-13476374534576730229_240_000_260_000_with_camera_labels-40.png 528 880 21
big_dataset_depth/000000003201-segment-13476374534576730229_240_000_260_000_with_camera_labels-40.png 536 872 21
big_dataset_depth/000000003201-segment-13476374534576730229_240_000_260_000_with_camera_labels-40.png 544 880 21
big_dataset_depth/000000003201-segment-13476374534576730229_240_000_260_000_with_camera_labels-40.png 552 880 21
big_dataset_depth/000000003201-segment-13476374534576730229_240_000_260_000_with_camera_labels-40.png 560 880 21
big_dataset_depth/000000003201-segment-13476374534576730229_240_000_260_000_with_camera_labels-40.png 568 880 21
big_dataset_depth/000000003201-segment-13476374534576730229_240_000_260_000_with_camera_labels-40.png 576 864 21
big_dataset_depth/000000003201-segment-13476374534576730229_240_000_260_000_with_camera_labels-40.png 584 880 21
big_dataset_depth/000000003201-segment-13476374534576730229_240_000_260_000_with_camera_labels-40.png 592 880 21
big_dataset_depth/000000003201-segment-13476374534576730229_240_000_260_000_with_camera_labels-40.png 600 880 21
big_dataset_depth/000000003201-segment-13476374534576730229_240_000_260_000_with_camera_labels-40.png 608 880 21
big_dataset_depth/000000003201-segment-13476374534576730229_240_000_260_000_with_camera_labels-40.png 616 880 21
big_dataset_depth/000000003201-segment-13476374534576730229_240_000_260_000_with_camera_labels-40.png 624 864 21
big_dataset_depth/000000003201-segment-13476374534576730229_240_000_260_000_with_camera_labels-40.png 632 880 21
big_dataset_depth/000000003201-segment-13476374534576730229_240_000_260_000_with_camera_labels-40.png 640 880 21
big_dataset_depth/000000003201-segment-13476374534576730229_240_000_260_000_with_camera_labels-40.png 648 888 22
big_dataset_depth/000000003201-segment-13476374534576730229_240_000_260_000_with_camera_labels-40.png 656 880 21
big_dataset_depth/000000003201-segment-13476374534576730229_240_000_260_000_with_camera_labels-40.png 664 896 22
big_dataset_depth/000000003201-segment-13476374534576730229_240_000_260_000_with_camera_labels-40.png 672 904 22
big_dataset_depth/000000003201-segment-13476374534576730229_240_000_260_000_with_camera_labels-40.png 680 912 22
big_dataset_depth/000000003201-segment-13476374534576730229_240_000_260_000_with_camera_labels-40.png 688 912 22
big_dataset_depth/000000003201-segment-13476374534576730229_240_000_260_000_with_camera_labels-40.png 696 912 22
big_dataset_depth/000000003201-segment-13476374534576730229_240_000_260_000_with_camera_labels-40.png 704 888 23
big_dataset_depth/000000003201-segment-13476374534576730229_240_000_260_000_with_camera_labels-40.png 712 824 23
big_dataset_depth/000000003201-segment-13476374534576730229_240_000_260_000_with_camera_labels-40.png 720 856 25
big_dataset_depth/000000003201-segment-13476374534576730229_240_000_260_000_with_camera_labels-40.png 728 864 25
big_dataset_depth/000000003201-segment-13476374534576730229_240_000_260_000_with_camera_labels-40.png 736 872 25
big_dataset_depth/000000003201-segment-13476374534576730229_240_000_260_000_with_camera_labels-40.png 744 864 25
big_dataset_depth/000000003201-segment-13476374534576730229_240_000_260_000_with_camera_labels-40.png 752 832 25
big_dataset_depth/000000003201-segment-13476374534576730229_240_000_260_000_with_camera_labels-40.png 760 776 29
big_dataset_depth/000000003201-segment-13476374534576730229_240_000_260_000_with_camera_labels-40.png 768 824 29
big_dataset_depth/000000003201-segment-13476374534576730229_240_000_260_000_with_camera_labels-40.png 776 808 30
big_dataset_depth/000000003201-segment-13476374534576730229_240_000_260_000_with_camera_labels-40.png 784 824 29
big_dataset_depth/000000003201-segment-13476374534576730229_240_000_260_000_with_camera_labels-40.png 792 808 30
big_dataset_depth/000000003201-segment-13476374534576730229_240_000_260_000_with_camera_labels-40.png 800 768 32
big_dataset_depth/000000003201-segment-13476374534576730229_240_000_260_000_with_camera_labels-40.png 808 776 34
big_dataset_depth/000000003201-segment-13476374534576730229_240_000_260_000_with_camera_labels-40.png 816 776 34
big_dataset_depth/000000003201-segment-13476374534576730229_240_000_260_000_with_camera_labels-40.png 824 760 34
big_dataset_depth/000000003201-segment-13476374534576730229_240_000_260_000_with_camera_labels-40.png 832 664 43
big_dataset_depth/000000003201-segment-13476374534576730229_240_000_260_000_with_camera_labels-40.png 840 664 43
big_dataset_depth/000000003201-segment-13476374534576730229_240_000_260_000_with_camera_labels-40.png 848 672 43
big_dataset_depth/000000003201-segment-13476374534576730229_240_000_260_000_with_camera_labels-40.png 856 712 40
big_dataset_depth/000000003201-segment-13476374534576730229_240_000_260_000_with_camera_labels-40.png 864 712 40
big_dataset_depth/000000003201-segment-13476374534576730229_240_000_260_000_with_camera_labels-40.png 872 712 40
big_dataset_depth/000000003201-segment-13476374534576730229_240_000_260_000_with_camera_labels-40.png 880 704 41
big_dataset_depth/000000003201-segment-13476374534576730229_240_000_260_000_with_camera_labels-40.png 888 704 41
big_dataset_depth/000000003201-segment-13476374534576730229_240_000_260_000_with_camera_labels-40.png 896 704 41
big_dataset_depth/000000003201-segment-13476374534576730229_240_000_260_000_with_camera_labels-40.png 904 704 41
big_dataset_depth/000000003201-segment-13476374534576730229_240_000_260_000_with_camera_labels-40.png 912 704 41
big_dataset_depth/000000003201-segment-13476374534576730229_240_000_260_000_with_camera_labels-40.png 920 704 41
big_dataset_depth/000000003201-segment-13476374534576730229_240_000_260_000_with_camera_labels-40.png 928 696 41
big_dataset_depth/000000003201-segment-13476374534576730229_240_000_260_000_with_camera_labels-40.png 936 696 42
big_dataset_depth/000000003201-segment-13476374534576730229_240_000_260_000_with_camera_labels-40.png 944 696 42
big_dataset_depth/000000003201-segment-13476374534576730229_240_000_260_000_with_camera_labels-40.png 952 696 42
big_dataset_depth/000000003201-segment-13476374534576730229_240_000_260_000_with_camera_labels-40.png 960 664 44
big_dataset_depth/000000003201-segment-13476374534576730229_240_000_260_000_with_camera_labels-40.png 968 688 42
big_dataset_depth/000000003201-segment-13476374534576730229_240_000_260_000_with_camera_labels-40.png 976 688 42
big_dataset_depth/000000003201-segment-13476374534576730229_240_000_260_000_with_camera_labels-40.png 984 688 42
big_dataset_depth/000000003201-segment-13476374534576730229_240_000_260_000_with_camera_labels-40.png 992 688 42
big_dataset_depth/000000003201-segment-13476374534576730229_240_000_260_000_with_camera_labels-40.png 1000 672 43
big_dataset_depth/000000003201-segment-13476374534576730229_240_000_260_000_with_camera_labels-40.png 1008 672 43
big_dataset_depth/000000003201-segment-13476374534576730229_240_000_260_000_with_camera_labels-40.png 1016 680 43
big_dataset_depth/000000003201-segment-13476374534576730229_240_000_260_000_with_camera_labels-40.png 1024 680 43
big_dataset_depth/000000003201-segment-13476374534576730229_240_000_260_000_with_camera_labels-40.png 1032 680 43
big_dataset_depth/000000003201-segment-13476374534576730229_240_000_260_000_with_camera_labels-40.png 1040 680 43
big_dataset_depth/000000003201-segment-13476374534576730229_240_000_260_000_with_camera_labels-40.png 1048 680 43
big_dataset_depth/000000003201-segment-13476374534576730229_240_000_260_000_with_camera_labels-40.png 1056 704 40
big_dataset_depth/000000003201-segment-13476374534576730229_240_000_260_000_with_camera_labels-40.png 1064 672 43
big_dataset_depth/000000003201-segment-13476374534576730229_240_000_260_000_with_camera_labels-40.png 1072 664 44
big_dataset_depth/000000003201-segment-13476374534576730229_240_000_260_000_with_camera_labels-40.png 1080 672 44
big_dataset_depth/000000003201-segment-13476374534576730229_240_000_260_000_with_camera_labels-40.png 1088 664 44
big_dataset_depth/000000003201-segment-13476374534576730229_240_000_260_000_with_camera_labels-40.png 1096 664 44
big_dataset_depth/000000003201-segment-13476374534576730229_240_000_260_000_with_camera_labels-40.png 1104 672 43
big_dataset_depth/000000003201-segment-13476374534576730229_240_000_260_000_with_camera_labels-40.png 1112 664 44
big_dataset_depth/000000003201-segment-13476374534576730229_240_000_260_000_with_camera_labels-40.png 1120 664 44
big_dataset_depth/000000003201-segment-13476374534576730229_240_000_260_000_with_camera_labels-40.png 1128 664 44
big_dataset_depth/000000003201-segment-13476374534576730229_240_000_260_000_with_camera_labels-40.png 1136 664 44
big_dataset_depth/000000003201-segment-13476374534576730229_240_000_260_000_with_camera_labels-40.png 1144 656 44
big_dataset_depth/000000003201-segment-13476374534576730229_240_000_260_000_with_camera_labels-40.png 1152 664 44
big_dataset_depth/000000003201-segment-13476374534576730229_240_000_260_000_with_camera_labels-40.png 1160 648 45
big_dataset_depth/000000003201-segment-13476374534576730229_240_000_260_000_with_camera_labels-40.png 1168 648 45
big_dataset_depth/000000003201-segment-13476374534576730229_240_000_260_000_with_camera_labels-40.png 1176 648 45
big_dataset_depth/000000003201-segment-13476374534576730229_240_000_260_000_with_camera_labels-40.png 1184 656 45
big_dataset_depth/000000003201-segment-13476374534576730229_240_000_260_000_with_camera_labels-40.png 1192 656 44
big_dataset_depth/000000003201-segment-13476374534576730229_240_000_260_000_with_camera_labels-40.png 1200 648 45
big_dataset_depth/000000003201-segment-13476374534576730229_240_000_260_000_with_camera_labels-40.png 1208 648 45
big_dataset_depth/000000003201-segment-13476374534576730229_240_000_260_000_with_camera_labels-40.png 1216 648 45
big_dataset_depth/000000003201-segment-13476374534576730229_240_000_260_000_with_camera_labels-40.png 1224 648 45
big_dataset_depth/000000003201-segment-13476374534576730229_240_000_260_000_with_camera_labels-40.png 1232 648 45
big_dataset_depth/000000003201-segment-13476374534576730229_240_000_260_000_with_camera_labels-40.png 1240 648 45
big_dataset_depth/000000003201-segment-13476374534576730229_240_000_260_000_with_camera_labels-40.png 1248 640 45
big_dataset_depth/000000003201-segment-13476374534576730229_240_000_260_000_with_camera_labels-40.png 1256 640 45
big_dataset_depth/000000003201-segment-13476374534576730229_240_000_260_000_with_camera_labels-40.png 1264 640 45
big_dataset_depth/000000003201-segment-13476374534576730229_240_000_260_000_with_camera_labels-40.png 1272 640 45
big_dataset_depth/000000003201-segment-13476374534576730229_240_000_260_000_with_camera_labels-40.png 1280 640 45
big_dataset_depth/000000003201-segment-13476374534576730229_240_000_260_000_with_camera_labels-40.png 1304 888 22
big_dataset_depth/000000003201-segment-13476374534576730229_240_000_260_000_with_camera_labels-40.png 1312 920 22
big_dataset_depth/000000003201-segment-13476374534576730229_240_000_260_000_with_camera_labels-40.png 1320 920 22
big_dataset_depth/000000003201-segment-13476374534576730229_240_000_260_000_with_camera_labels-40.png 1328 920 22
big_dataset_depth/000000003201-segment-13476374534576730229_240_000_260_000_with_camera_labels-40.png 1336 928 21
big_dataset_depth/000000003201-segment-13476374534576730229_240_000_260_000_with_camera_labels-40.png 1344 920 22
big_dataset_depth/000000003201-segment-13476374534576730229_240_000_260_000_with_camera_labels-40.png 1352 960 20
big_dataset_depth/000000003201-segment-13476374534576730229_240_000_260_000_with_camera_labels-40.png 1360 880 19
big_dataset_depth/000000003201-segment-13476374534576730229_240_000_260_000_with_camera_labels-40.png 1368 888 19
big_dataset_depth/000000003201-segment-13476374534576730229_240_000_260_000_with_camera_labels-40.png 1376 992 18
big_dataset_depth/000000003201-segment-13476374534576730229_240_000_260_000_with_camera_labels-40.png 1384 992 18
big_dataset_depth/000000003201-segment-13476374534576730229_240_000_260_000_with_camera_labels-40.png 1392 992 18
big_dataset_depth/000000003201-segment-13476374534576730229_240_000_260_000_with_camera_labels-40.png 1400 984 18
big_dataset_depth/000000003201-segment-13476374534576730229_240_000_260_000_with_camera_labels-40.png 1408 992 18
big_dataset_depth/000000003201-segment-13476374534576730229_240_000_260_000_with_camera_labels-40.png 1416 992 18
big_dataset_depth/000000003201-segment-13476374534576730229_240_000_260_000_with_camera_labels-40.png 1424 992 19
big_dataset_depth/000000003201-segment-13476374534576730229_240_000_260_000_with_camera_labels-40.png 1432 992 19
big_dataset_depth/000000003201-segment-13476374534576730229_240_000_260_000_with_camera_labels-40.png 1440 944 17
big_dataset_depth/000000003201-segment-13476374534576730229_240_000_260_000_with_camera_labels-40.png 1448 920 17
big_dataset_depth/000000003201-segment-13476374534576730229_240_000_260_000_with_camera_labels-40.png 1456 944 17
big_dataset_depth/000000003201-segment-13476374534576730229_240_000_260_000_with_camera_labels-40.png 1464 936 17
big_dataset_depth/000000003201-segment-13476374534576730229_240_000_260_000_with_camera_labels-40.png 1472 944 17
big_dataset_depth/000000003201-segment-13476374534576730229_240_000_260_000_with_camera_labels-40.png 1480 960 18
big_dataset_depth/000000003201-segment-13476374534576730229_240_000_260_000_with_camera_labels-40.png 1488 960 17
big_dataset_depth/000000003201-segment-13476374534576730229_240_000_260_000_with_camera_labels-40.png 1496 960 17
big_dataset_depth/000000003201-segment-13476374534576730229_240_000_260_000_with_camera_labels-40.png 1504 952 17
big_dataset_depth/000000003201-segment-13476374534576730229_240_000_260_000_with_camera_labels-40.png 1512 960 17
big_dataset_depth/000000003201-segment-13476374534576730229_240_000_260_000_with_camera_labels-40.png 1520 952 18
big_dataset_depth/000000003201-segment-13476374534576730229_240_000_260_000_with_camera_labels-40.png 1544 992 15
big_dataset_depth/000000003201-segment-13476374534576730229_240_000_260_000_with_camera_labels-40.png 1552 1016 15
big_dataset_depth/000000003201-segment-13476374534576730229_240_000_260_000_with_camera_labels-40.png 1560 1160 14
big_dataset_depth/000000003201-segment-13476374534576730229_240_000_260_000_with_camera_labels-40.png 1568 1160 14
big_dataset_depth/000000003201-segment-13476374534576730229_240_000_260_000_with_camera_labels-40.png 1576 1152 14
big_dataset_depth/000000003201-segment-13476374534576730229_240_000_260_000_with_camera_labels-40.png 1584 1160 14
big_dataset_depth/000000003201-segment-13476374534576730229_240_000_260_000_with_camera_labels-40.png 1592 1160 14
big_dataset_depth/000000003201-segment-13476374534576730229_240_000_260_000_with_camera_labels-40.png 1600 1160 14
big_dataset_depth/000000003201-segment-13476374534576730229_240_000_260_000_with_camera_labels-40.png 1608 1160 14
big_dataset_depth/000000003201-segment-13476374534576730229_240_000_260_000_with_camera_labels-40.png 1624 1120 14
big_dataset_depth/000000003201-segment-13476374534576730229_240_000_260_000_with_camera_labels-40.png 1640 1152 14
big_dataset_depth/000000003201-segment-13476374534576730229_240_000_260_000_with_camera_labels-40.png 1648 1136 13
big_dataset_depth/000000003201-segment-13476374534576730229_240_000_260_000_with_camera_labels-40.png 1656 1184 14
big_dataset_depth/000000003201-segment-13476374534576730229_240_000_260_000_with_camera_labels-40.png 1672 1168 13
big_dataset_depth/000000003201-segment-13476374534576730229_240_000_260_000_with_camera_labels-40.png 1680 1216 13
big_dataset_depth/000000003201-segment-13476374534576730229_240_000_260_000_with_camera_labels-40.png 1688 1192 13
big_dataset_depth/000000003201-segment-13476374534576730229_240_000_260_000_with_camera_labels-40.png 1696 1200 13
big_dataset_depth/000000003201-segment-13476374534576730229_240_000_260_000_with_camera_labels-40.png 1704 1216 13
big_dataset_depth/000000003201-segment-13476374534576730229_240_000_260_000_with_camera_labels-40.png 1712 1192 13
big_dataset_depth/000000003201-segment-13476374534576730229_240_000_260_000_with_camera_labels-40.png 1720 1240 13
big_dataset_depth/000000003201-segment-13476374534576730229_240_000_260_000_with_camera_labels-40.png 1736 1216 12
big_dataset_depth/000000003201-segment-13476374534576730229_240_000_260_000_with_camera_labels-40.png 1744 1240 12
big_dataset_depth/000000003201-segment-13476374534576730229_240_000_260_000_with_camera_labels-40.png 1752 1248 12
big_dataset_depth/000000003201-segment-13476374534576730229_240_000_260_000_with_camera_labels-40.png 1760 1240 12
big_dataset_depth/000000003201-segment-13476374534576730229_240_000_260_000_with_camera_labels-40.png 1776 1248 12
big_dataset_depth/000000003201-segment-13476374534576730229_240_000_260_000_with_camera_labels-40.png 1784 1256 12
big_dataset_depth/000000003201-segment-13476374534576730229_240_000_260_000_with_camera_labels-40.png 1792 1200 12
big_dataset_depth/000000003201-segment-13476374534576730229_240_000_260_000_with_camera_labels-40.png 1800 960 21
big_dataset_depth/000000003201-segment-13476374534576730229_240_000_260_000_with_camera_labels-40.png 1808 848 26
big_dataset_depth/000000003201-segment-13476374534576730229_240_000_260_000_with_camera_labels-40.png 1816 1144 15
big_dataset_depth/000000003201-segment-13476374534576730229_240_000_260_000_with_camera_labels-40.png 1824 832 26
big_dataset_depth/000000003201-segment-13476374534576730229_240_000_260_000_with_camera_labels-40.png 1832 1264 11
big_dataset_depth/000000003201-segment-13476374534576730229_240_000_260_000_with_camera_labels-40.png 1840 896 21
big_dataset_depth/000000003201-segment-13476374534576730229_240_000_260_000_with_camera_labels-40.png 1848 1024 18
big_dataset_depth/000000003201-segment-13476374534576730229_240_000_260_000_with_camera_labels-40.png 1856 1280 11
big_dataset_depth/000000003201-segment-13476374534576730229_240_000_260_000_with_camera_labels-40.png 1864 1040 18
big_dataset_depth/000000003201-segment-13476374534576730229_240_000_260_000_with_camera_labels-40.png 1872 1280 11
big_dataset_depth/000000003201-segment-13476374534576730229_240_000_260_000_with_camera_labels-40.png 1880 1048 18
big_dataset_depth/000000003201-segment-13476374534576730229_240_000_260_000_with_camera_labels-40.png 1888 832 24
big_dataset_depth/000000003201-segment-13476374534576730229_240_000_260_000_with_camera_labels-40.png 1896 1208 11
big_dataset_depth/000000003201-segment-13476374534576730229_240_000_260_000_with_camera_labels-40.png 1904 1056 17
big_dataset_depth/000000003201-segment-13476374534576730229_240_000_260_000_with_camera_labels-40.png 1912 1008 15
