big_dataset_depth/000000001520-segment-1208303279778032257_1360_000_1380_000_with_camera_labels-10.png 0 864 33
big_dataset_depth/000000001520-segment-1208303279778032257_1360_000_1380_000_with_camera_labels-10.png 8 880 35
big_dataset_depth/000000001520-segment-1208303279778032257_1360_000_1380_000_with_camera_labels-10.png 16 824 45
big_dataset_depth/000000001520-segment-1208303279778032257_1360_000_1380_000_with_camera_labels-10.png 24 936 26
big_dataset_depth/000000001520-segment-1208303279778032257_1360_000_1380_000_with_camera_labels-10.png 32 936 26
big_dataset_depth/000000001520-segment-1208303279778032257_1360_000_1380_000_with_camera_labels-10.png 40 840 45
big_dataset_depth/000000001520-segment-1208303279778032257_1360_000_1380_000_with_camera_labels-10.png 48 936 26
big_dataset_depth/000000001520-segment-1208303279778032257_1360_000_1380_000_with_camera_labels-10.png 56 936 26
big_dataset_depth/000000001520-segment-1208303279778032257_1360_000_1380_000_with_camera_labels-10.png 64 944 26
big_dataset_depth/000000001520-segment-1208303279778032257_1360_000_1380_000_with_camera_labels-10.png 72 944 26
big_dataset_depth/000000001520-segment-1208303279778032257_1360_000_1380_000_with_camera_labels-10.png 80 944 26
big_dataset_depth/000000001520-segment-1208303279778032257_1360_000_1380_000_with_camera_labels-10.png 88 928 27
big_dataset_depth/000000001520-segment-1208303279778032257_1360_000_1380_000_with_camera_labels-10.png 96 880 27
big_dataset_depth/000000001520-segment-1208303279778032257_1360_000_1380_000_with_camera_labels-10.png 104 904 28
big_dataset_depth/000000001520-segment-1208303279778032257_1360_000_1380_000_with_camera_labels-10.png 112 896 28
big_dataset_depth/000000001520-segment-1208303279778032257_1360_000_1380_000_with_camera_labels-10.png 120 896 28
big_dataset_depth/000000001520-segment-1208303279778032257_1360_000_1380_000_with_camera_labels-10.png 128 912 29
big_dataset_depth/000000001520-segment-1208303279778032257_1360_000_1380_000_with_camera_labels-10.png 136 904 29
big_dataset_depth/000000001520-segment-1208303279778032257_1360_000_1380_000_with_camera_labels-10.png 144 896 29
big_dataset_depth/000000001520-segment-1208303279778032257_1360_000_1380_000_with_camera_labels-10.png 152 912 29
big_dataset_depth/000000001520-segment-1208303279778032257_1360_000_1380_000_with_camera_labels-10.png 160 904 29
big_dataset_depth/000000001520-segment-1208303279778032257_1360_000_1380_000_with_camera_labels-10.png 168 880 30
big_dataset_depth/000000001520-segment-1208303279778032257_1360_000_1380_000_with_camera_labels-10.png 176 864 30
big_dataset_depth/000000001520-segment-1208303279778032257_1360_000_1380_000_with_camera_labels-10.png 184 856 34
big_dataset_depth/000000001520-segment-1208303279778032257_1360_000_1380_000_with_camera_labels-10.png 192 880 33
big_dataset_depth/000000001520-segment-1208303279778032257_1360_000_1380_000_with_camera_labels-10.png 200 880 33
big_dataset_depth/000000001520-segment-1208303279778032257_1360_000_1380_000_with_camera_labels-10.png 208 864 33
big_dataset_depth/000000001520-segment-1208303279778032257_1360_000_1380_000_with_camera_labels-10.png 216 872 33
big_dataset_depth/000000001520-segment-1208303279778032257_1360_000_1380_000_with_camera_labels-10.png 224 864 34
big_dataset_depth/000000001520-segment-1208303279778032257_1360_000_1380_000_with_camera_labels-10.png 232 864 34
big_dataset_depth/000000001520-segment-1208303279778032257_1360_000_1380_000_with_camera_labels-10.png 240 848 34
big_dataset_depth/000000001520-segment-1208303279778032257_1360_000_1380_000_with_camera_labels-10.png 248 808 35
big_dataset_depth/000000001520-segment-1208303279778032257_1360_000_1380_000_with_camera_labels-10.png 256 816 36
big_dataset_depth/000000001520-segment-1208303279778032257_1360_000_1380_000_with_camera_labels-10.png 264 840 37
big_dataset_depth/000000001520-segment-1208303279778032257_1360_000_1380_000_with_camera_labels-10.png 272 848 38
big_dataset_depth/000000001520-segment-1208303279778032257_1360_000_1380_000_with_camera_labels-10.png 288 824 38
big_dataset_depth/000000001520-segment-1208303279778032257_1360_000_1380_000_with_camera_labels-10.png 296 776 50
big_dataset_depth/000000001520-segment-1208303279778032257_1360_000_1380_000_with_camera_labels-10.png 304 800 50
big_dataset_depth/000000001520-segment-1208303279778032257_1360_000_1380_000_with_camera_labels-10.png 312 800 50
big_dataset_depth/000000001520-segment-1208303279778032257_1360_000_1380_000_with_camera_labels-10.png 320 808 51
big_dataset_depth/000000001520-segment-1208303279778032257_1360_000_1380_000_with_camera_labels-10.png 328 808 51
big_dataset_depth/000000001520-segment-1208303279778032257_1360_000_1380_000_with_camera_labels-10.png 336 808 51
big_dataset_depth/000000001520-segment-1208303279778032257_1360_000_1380_000_with_camera_labels-10.png 344 808 52
big_dataset_depth/000000001520-segment-1208303279778032257_1360_000_1380_000_with_camera_labels-10.png 352 800 52
big_dataset_depth/000000001520-segment-1208303279778032257_1360_000_1380_000_with_camera_labels-10.png 424 776 100
big_dataset_depth/000000001520-segment-1208303279778032257_1360_000_1380_000_with_camera_labels-10.png 472 776 97
big_dataset_depth/000000001520-segment-1208303279778032257_1360_000_1380_000_with_camera_labels-10.png 488 776 96
big_dataset_depth/000000001520-segment-1208303279778032257_1360_000_1380_000_with_camera_labels-10.png 496 768 95
big_dataset_depth/000000001520-segment-1208303279778032257_1360_000_1380_000_with_camera_labels-10.png 504 768 94
big_dataset_depth/000000001520-segment-1208303279778032257_1360_000_1380_000_with_camera_labels-10.png 512 776 93
big_dataset_depth/000000001520-segment-1208303279778032257_1360_000_1380_000_with_camera_labels-10.png 544 776 90
big_dataset_depth/000000001520-segment-1208303279778032257_1360_000_1380_000_with_camera_labels-10.png 552 736 105
big_dataset_depth/000000001520-segment-1208303279778032257_1360_000_1380_000_with_camera_labels-10.png 560 696 108
big_dataset_depth/000000001520-segment-1208303279778032257_1360_000_1380_000_with_camera_labels-10.png 568 744 98
big_dataset_depth/000000001520-segment-1208303279778032257_1360_000_1380_000_with_camera_labels-10.png 576 728 102
big_dataset_depth/000000001520-segment-1208303279778032257_1360_000_1380_000_with_camera_labels-10.png 584 720 102
big_dataset_depth/000000001520-segment-1208303279778032257_1360_000_1380_000_with_camera_labels-10.png 592 776 90
big_dataset_depth/000000001520-segment-1208303279778032257_1360_000_1380_000_with_camera_labels-10.png 600 744 99
big_dataset_depth/000000001520-segment-1208303279778032257_1360_000_1380_000_with_camera_labels-10.png 608 744 99
big_dataset_depth/000000001520-segment-1208303279778032257_1360_000_1380_000_with_camera_labels-10.png 616 728 98
big_dataset_depth/000000001520-segment-1208303279778032257_1360_000_1380_000_with_camera_labels-10.png 624 704 106
big_dataset_depth/000000001520-segment-1208303279778032257_1360_000_1380_000_with_camera_labels-10.png 632 768 85
big_dataset_depth/000000001520-segment-1208303279778032257_1360_000_1380_000_with_camera_labels-10.png 640 752 87
big_dataset_depth/000000001520-segment-1208303279778032257_1360_000_1380_000_with_camera_labels-10.png 648 792 81
big_dataset_depth/000000001520-segment-1208303279778032257_1360_000_1380_000_with_camera_labels-10.png 664 720 94
big_dataset_depth/000000001520-segment-1208303279778032257_1360_000_1380_000_with_camera_labels-10.png 672 776 81
big_dataset_depth/000000001520-segment-1208303279778032257_1360_000_1380_000_with_camera_labels-10.png 680 792 75
big_dataset_depth/000000001520-segment-1208303279778032257_1360_000_1380_000_with_camera_labels-10.png 688 792 75
big_dataset_depth/000000001520-segment-1208303279778032257_1360_000_1380_000_with_camera_labels-10.png 696 784 74
big_dataset_depth/000000001520-segment-1208303279778032257_1360_000_1380_000_with_camera_labels-10.png 704 760 81
big_dataset_depth/000000001520-segment-1208303279778032257_1360_000_1380_000_with_camera_labels-10.png 712 792 72
big_dataset_depth/000000001520-segment-1208303279778032257_1360_000_1380_000_with_camera_labels-10.png 720 808 71
big_dataset_depth/000000001520-segment-1208303279778032257_1360_000_1380_000_with_camera_labels-10.png 728 808 72
big_dataset_depth/000000001520-segment-1208303279778032257_1360_000_1380_000_with_camera_labels-10.png 736 808 72
big_dataset_depth/000000001520-segment-1208303279778032257_1360_000_1380_000_with_camera_labels-10.png 744 808 73
big_dataset_depth/000000001520-segment-1208303279778032257_1360_000_1380_000_with_camera_labels-10.png 752 792 72
big_dataset_depth/000000001520-segment-1208303279778032257_1360_000_1380_000_with_camera_labels-10.png 760 784 71
big_dataset_depth/000000001520-segment-1208303279778032257_1360_000_1380_000_with_camera_labels-10.png 768 784 71
big_dataset_depth/000000001520-segment-1208303279778032257_1360_000_1380_000_with_camera_labels-10.png 776 808 72
big_dataset_depth/000000001520-segment-1208303279778032257_1360_000_1380_000_with_camera_labels-10.png 784 808 72
big_dataset_depth/000000001520-segment-1208303279778032257_1360_000_1380_000_with_camera_labels-10.png 792 776 83
big_dataset_depth/000000001520-segment-1208303279778032257_1360_000_1380_000_with_camera_labels-10.png 800 784 85
big_dataset_depth/000000001520-segment-1208303279778032257_1360_000_1380_000_with_camera_labels-10.png 808 784 79
big_dataset_depth/000000001520-segment-1208303279778032257_1360_000_1380_000_with_camera_labels-10.png 816 768 78
big_dataset_depth/000000001520-segment-1208303279778032257_1360_000_1380_000_with_camera_labels-10.png 824 792 77
big_dataset_depth/000000001520-segment-1208303279778032257_1360_000_1380_000_with_camera_labels-10.png 832 792 76
big_dataset_depth/000000001520-segment-1208303279778032257_1360_000_1380_000_with_camera_labels-10.png 840 784 76
big_dataset_depth/000000001520-segment-1208303279778032257_1360_000_1380_000_with_camera_labels-10.png 848 784 76
big_dataset_depth/000000001520-segment-1208303279778032257_1360_000_1380_000_with_camera_labels-10.png 856 784 75
big_dataset_depth/000000001520-segment-1208303279778032257_1360_000_1380_000_with_camera_labels-10.png 864 784 75
big_dataset_depth/000000001520-segment-1208303279778032257_1360_000_1380_000_with_camera_labels-10.png 872 792 74
big_dataset_depth/000000001520-segment-1208303279778032257_1360_000_1380_000_with_camera_labels-10.png 880 800 72
big_dataset_depth/000000001520-segment-1208303279778032257_1360_000_1380_000_with_camera_labels-10.png 888 800 71
big_dataset_depth/000000001520-segment-1208303279778032257_1360_000_1380_000_with_camera_labels-10.png 896 800 71
big_dataset_depth/000000001520-segment-1208303279778032257_1360_000_1380_000_with_camera_labels-10.png 904 800 70
big_dataset_depth/000000001520-segment-1208303279778032257_1360_000_1380_000_with_camera_labels-10.png 912 800 70
big_dataset_depth/000000001520-segment-1208303279778032257_1360_000_1380_000_with_camera_labels-10.png 920 800 70
big_dataset_depth/000000001520-segment-1208303279778032257_1360_000_1380_000_with_camera_labels-10.png 928 800 70
big_dataset_depth/000000001520-segment-1208303279778032257_1360_000_1380_000_with_camera_labels-10.png 936 800 69
big_dataset_depth/000000001520-segment-1208303279778032257_1360_000_1380_000_with_camera_labels-10.png 944 792 71
big_dataset_depth/000000001520-segment-1208303279778032257_1360_000_1380_000_with_camera_labels-10.png 952 784 71
big_dataset_depth/000000001520-segment-1208303279778032257_1360_000_1380_000_with_camera_labels-10.png 960 784 71
big_dataset_depth/000000001520-segment-1208303279778032257_1360_000_1380_000_with_camera_labels-10.png 968 752 69
big_dataset_depth/000000001520-segment-1208303279778032257_1360_000_1380_000_with_camera_labels-10.png 976 824 40
big_dataset_depth/000000001520-segment-1208303279778032257_1360_000_1380_000_with_camera_labels-10.png 984 816 40
big_dataset_depth/000000001520-segment-1208303279778032257_1360_000_1380_000_with_camera_labels-10.png 992 824 40
big_dataset_depth/000000001520-segment-1208303279778032257_1360_000_1380_000_with_camera_labels-10.png 1000 808 39
big_dataset_depth/000000001520-segment-1208303279778032257_1360_000_1380_000_with_camera_labels-10.png 1008 800 38
big_dataset_depth/000000001520-segment-1208303279778032257_1360_000_1380_000_with_camera_labels-10.png 1016 800 37
big_dataset_depth/000000001520-segment-1208303279778032257_1360_000_1380_000_with_camera_labels-10.png 1024 840 36
big_dataset_depth/000000001520-segment-1208303279778032257_1360_000_1380_000_with_camera_labels-10.png 1032 848 36
big_dataset_depth/000000001520-segment-1208303279778032257_1360_000_1380_000_with_camera_labels-10.png 1040 848 36
big_dataset_depth/000000001520-segment-1208303279778032257_1360_000_1380_000_with_camera_labels-10.png 1048 848 36
big_dataset_depth/000000001520-segment-1208303279778032257_1360_000_1380_000_with_camera_labels-10.png 1056 832 35
big_dataset_depth/000000001520-segment-1208303279778032257_1360_000_1380_000_with_camera_labels-10.png 1064 840 35
big_dataset_depth/000000001520-segment-1208303279778032257_1360_000_1380_000_with_camera_labels-10.png 1072 824 35
big_dataset_depth/000000001520-segment-1208303279778032257_1360_000_1380_000_with_camera_labels-10.png 1080 824 35
big_dataset_depth/000000001520-segment-1208303279778032257_1360_000_1380_000_with_camera_labels-10.png 1088 832 35
big_dataset_depth/000000001520-segment-1208303279778032257_1360_000_1380_000_with_camera_labels-10.png 1096 824 35
big_dataset_depth/000000001520-segment-1208303279778032257_1360_000_1380_000_with_camera_labels-10.png 1104 824 35
big_dataset_depth/000000001520-segment-1208303279778032257_1360_000_1380_000_with_camera_labels-10.png 1112 848 34
big_dataset_depth/000000001520-segment-1208303279778032257_1360_000_1380_000_with_camera_labels-10.png 1120 824 35
big_dataset_depth/000000001520-segment-1208303279778032257_1360_000_1380_000_with_camera_labels-10.png 1128 840 36
big_dataset_depth/000000001520-segment-1208303279778032257_1360_000_1380_000_with_camera_labels-10.png 1136 840 35
big_dataset_depth/000000001520-segment-1208303279778032257_1360_000_1380_000_with_camera_labels-10.png 1144 832 35
big_dataset_depth/000000001520-segment-1208303279778032257_1360_000_1380_000_with_camera_labels-10.png 1152 824 35
big_dataset_depth/000000001520-segment-1208303279778032257_1360_000_1380_000_with_camera_labels-10.png 1160 848 35
big_dataset_depth/000000001520-segment-1208303279778032257_1360_000_1380_000_with_camera_labels-10.png 1168 824 35
big_dataset_depth/000000001520-segment-1208303279778032257_1360_000_1380_000_with_camera_labels-10.png 1176 840 36
big_dataset_depth/000000001520-segment-1208303279778032257_1360_000_1380_000_with_camera_labels-10.png 1184 864 34
big_dataset_depth/000000001520-segment-1208303279778032257_1360_000_1380_000_with_camera_labels-10.png 1192 840 36
big_dataset_depth/000000001520-segment-1208303279778032257_1360_000_1380_000_with_camera_labels-10.png 1200 848 35
big_dataset_depth/000000001520-segment-1208303279778032257_1360_000_1380_000_with_camera_labels-10.png 1208 800 74
big_dataset_depth/000000001520-segment-1208303279778032257_1360_000_1380_000_with_camera_labels-10.png 1216 808 74
big_dataset_depth/000000001520-segment-1208303279778032257_1360_000_1380_000_with_camera_labels-10.png 1224 808 74
big_dataset_depth/000000001520-segment-1208303279778032257_1360_000_1380_000_with_camera_labels-10.png 1232 792 75
big_dataset_depth/000000001520-segment-1208303279778032257_1360_000_1380_000_with_camera_labels-10.png 1240 792 75
big_dataset_depth/000000001520-segment-1208303279778032257_1360_000_1380_000_with_camera_labels-10.png 1248 792 74
big_dataset_depth/000000001520-segment-1208303279778032257_1360_000_1380_000_with_camera_labels-10.png 1256 792 74
big_dataset_depth/000000001520-segment-1208303279778032257_1360_000_1380_000_with_camera_labels-10.png 1264 800 49
big_dataset_depth/000000001520-segment-1208303279778032257_1360_000_1380_000_with_camera_labels-10.png 1272 784 61
big_dataset_depth/000000001520-segment-1208303279778032257_1360_000_1380_000_with_camera_labels-10.png 1280 760 74
big_dataset_depth/000000001520-segment-1208303279778032257_1360_000_1380_000_with_camera_labels-10.png 1288 792 40
big_dataset_depth/000000001520-segment-1208303279778032257_1360_000_1380_000_with_camera_labels-10.png 1296 832 40
big_dataset_depth/000000001520-segment-1208303279778032257_1360_000_1380_000_with_camera_labels-10.png 1304 800 40
big_dataset_depth/000000001520-segment-1208303279778032257_1360_000_1380_000_with_camera_labels-10.png 1312 824 40
big_dataset_depth/000000001520-segment-1208303279778032257_1360_000_1380_000_with_camera_labels-10.png 1320 832 40
big_dataset_depth/000000001520-segment-1208303279778032257_1360_000_1380_000_with_camera_labels-10.png 1328 832 40
big_dataset_depth/000000001520-segment-1208303279778032257_1360_000_1380_000_with_camera_labels-10.png 1336 832 39
big_dataset_depth/000000001520-segment-1208303279778032257_1360_000_1380_000_with_camera_labels-10.png 1344 808 44
big_dataset_depth/000000001520-segment-1208303279778032257_1360_000_1380_000_with_camera_labels-10.png 1352 784 53
big_dataset_depth/000000001520-segment-1208303279778032257_1360_000_1380_000_with_camera_labels-10.png 1360 768 60
big_dataset_depth/000000001520-segment-1208303279778032257_1360_000_1380_000_with_camera_labels-10.png 1368 784 53
big_dataset_depth/000000001520-segment-1208303279778032257_1360_000_1380_000_with_camera_labels-10.png 1376 784 53
big_dataset_depth/000000001520-segment-1208303279778032257_1360_000_1380_000_with_camera_labels-10.png 1384 768 46
big_dataset_depth/000000001520-segment-1208303279778032257_1360_000_1380_000_with_camera_labels-10.png 1392 856 34
big_dataset_depth/000000001520-segment-1208303279778032257_1360_000_1380_000_with_camera_labels-10.png 1400 856 34
big_dataset_depth/000000001520-segment-1208303279778032257_1360_000_1380_000_with_camera_labels-10.png 1408 856 34
big_dataset_depth/000000001520-segment-1208303279778032257_1360_000_1380_000_with_camera_labels-10.png 1416 856 34
big_dataset_depth/000000001520-segment-1208303279778032257_1360_000_1380_000_with_camera_labels-10.png 1424 856 33
big_dataset_depth/000000001520-segment-1208303279778032257_1360_000_1380_000_with_camera_labels-10.png 1432 840 34
big_dataset_depth/000000001520-segment-1208303279778032257_1360_000_1380_000_with_camera_labels-10.png 1440 840 34
big_dataset_depth/000000001520-segment-1208303279778032257_1360_000_1380_000_with_camera_labels-10.png 1448 832 34
big_dataset_depth/000000001520-segment-1208303279778032257_1360_000_1380_000_with_camera_labels-10.png 1456 832 34
big_dataset_depth/000000001520-segment-1208303279778032257_1360_000_1380_000_with_camera_labels-10.png 1464 816 35
big_dataset_depth/000000001520-segment-1208303279778032257_1360_000_1380_000_with_camera_labels-10.png 1472 832 34
big_dataset_depth/000000001520-segment-1208303279778032257_1360_000_1380_000_with_camera_labels-10.png 1480 832 35
big_dataset_depth/000000001520-segment-1208303279778032257_1360_000_1380_000_with_camera_labels-10.png 1488 816 35
big_dataset_depth/000000001520-segment-1208303279778032257_1360_000_1380_000_with_camera_labels-10.png 1496 808 40
big_dataset_depth/000000001520-segment-1208303279778032257_1360_000_1380_000_with_camera_labels-10.png 1504 832 35
big_dataset_depth/000000001520-segment-1208303279778032257_1360_000_1380_000_with_camera_labels-10.png 1512 832 35
big_dataset_depth/000000001520-segment-1208303279778032257_1360_000_1380_000_with_camera_labels-10.png 1520 824 37
big_dataset_depth/000000001520-segment-1208303279778032257_1360_000_1380_000_with_camera_labels-10.png 1528 816 37
big_dataset_depth/000000001520-segment-1208303279778032257_1360_000_1380_000_with_camera_labels-10.png 1536 808 40
big_dataset_depth/000000001520-segment-1208303279778032257_1360_000_1380_000_with_camera_labels-10.png 1544 808 40
big_dataset_depth/000000001520-segment-1208303279778032257_1360_000_1380_000_with_camera_labels-10.png 1552 816 37
big_dataset_depth/000000001520-segment-1208303279778032257_1360_000_1380_000_with_camera_labels-10.png 1560 816 37
big_dataset_depth/000000001520-segment-1208303279778032257_1360_000_1380_000_with_camera_labels-10.png 1568 808 40
big_dataset_depth/000000001520-segment-1208303279778032257_1360_000_1380_000_with_camera_labels-10.png 1584 856 31
big_dataset_depth/000000001520-segment-1208303279778032257_1360_000_1380_000_with_camera_labels-10.png 1592 856 31
big_dataset_depth/000000001520-segment-1208303279778032257_1360_000_1380_000_with_camera_labels-10.png 1600 816 35
big_dataset_depth/000000001520-segment-1208303279778032257_1360_000_1380_000_with_camera_labels-10.png 1608 824 35
big_dataset_depth/000000001520-segment-1208303279778032257_1360_000_1380_000_with_camera_labels-10.png 1616 832 35
big_dataset_depth/000000001520-segment-1208303279778032257_1360_000_1380_000_with_camera_labels-10.png 1624 832 35
big_dataset_depth/000000001520-segment-1208303279778032257_1360_000_1380_000_with_camera_labels-10.png 1632 824 35
big_dataset_depth/000000001520-segment-1208303279778032257_1360_000_1380_000_with_camera_labels-10.png 1640 832 35
big_dataset_depth/000000001520-segment-1208303279778032257_1360_000_1380_000_with_camera_labels-10.png 1648 848 35
big_dataset_depth/000000001520-segment-1208303279778032257_1360_000_1380_000_with_camera_labels-10.png 1656 848 35
big_dataset_depth/000000001520-segment-1208303279778032257_1360_000_1380_000_with_camera_labels-10.png 1664 832 35
big_dataset_depth/000000001520-segment-1208303279778032257_1360_000_1380_000_with_camera_labels-10.png 1672 824 36
big_dataset_depth/000000001520-segment-1208303279778032257_1360_000_1380_000_with_camera_labels-10.png 1680 832 35
big_dataset_depth/000000001520-segment-1208303279778032257_1360_000_1380_000_with_camera_labels-10.png 1688 824 36
big_dataset_depth/000000001520-segment-1208303279778032257_1360_000_1380_000_with_camera_labels-10.png 1696 816 36
big_dataset_depth/000000001520-segment-1208303279778032257_1360_000_1380_000_with_camera_labels-10.png 1704 824 36
big_dataset_depth/000000001520-segment-1208303279778032257_1360_000_1380_000_with_camera_labels-10.png 1712 840 34
big_dataset_depth/000000001520-segment-1208303279778032257_1360_000_1380_000_with_camera_labels-10.png 1720 912 30
big_dataset_depth/000000001520-segment-1208303279778032257_1360_000_1380_000_with_camera_labels-10.png 1736 848 32
big_dataset_depth/000000001520-segment-1208303279778032257_1360_000_1380_000_with_camera_labels-10.png 1744 864 32
big_dataset_depth/000000001520-segment-1208303279778032257_1360_000_1380_000_with_camera_labels-10.png 1752 848 33
big_dataset_depth/000000001520-segment-1208303279778032257_1360_000_1380_000_with_camera_labels-10.png 1760 864 32
big_dataset_depth/000000001520-segment-1208303279778032257_1360_000_1380_000_with_camera_labels-10.png 1768 872 32
big_dataset_depth/000000001520-segment-1208303279778032257_1360_000_1380_000_with_camera_labels-10.png 1776 880 32
big_dataset_depth/000000001520-segment-1208303279778032257_1360_000_1380_000_with_camera_labels-10.png 1784 880 32
big_dataset_depth/000000001520-segment-1208303279778032257_1360_000_1380_000_with_camera_labels-10.png 1792 872 32
big_dataset_depth/000000001520-segment-1208303279778032257_1360_000_1380_000_with_camera_labels-10.png 1800 880 32
big_dataset_depth/000000001520-segment-1208303279778032257_1360_000_1380_000_with_camera_labels-10.png 1808 880 32
big_dataset_depth/000000001520-segment-1208303279778032257_1360_000_1380_000_with_camera_labels-10.png 1816 872 32
big_dataset_depth/000000001520-segment-1208303279778032257_1360_000_1380_000_with_camera_labels-10.png 1824 856 32
big_dataset_depth/000000001520-segment-1208303279778032257_1360_000_1380_000_with_camera_labels-10.png 1832 840 33
big_dataset_depth/000000001520-segment-1208303279778032257_1360_000_1380_000_with_camera_labels-10.png 1840 864 32
big_dataset_depth/000000001520-segment-1208303279778032257_1360_000_1380_000_with_camera_labels-10.png 1848 856 32
big_dataset_depth/000000001520-segment-1208303279778032257_1360_000_1380_000_with_camera_labels-10.png 1856 864 32
big_dataset_depth/000000001520-segment-1208303279778032257_1360_000_1380_000_with_camera_labels-10.png 1872 872 32
big_dataset_depth/000000001520-segment-1208303279778032257_1360_000_1380_000_with_camera_labels-10.png 1880 872 30
big_dataset_depth/000000001520-segment-1208303279778032257_1360_000_1380_000_with_camera_labels-10.png 1888 872 32
big_dataset_depth/000000001520-segment-1208303279778032257_1360_000_1380_000_with_camera_labels-10.png 1896 880 30
big_dataset_depth/000000001520-segment-1208303279778032257_1360_000_1380_000_with_camera_labels-10.png 1904 872 31
big_dataset_depth/000000001520-segment-1208303279778032257_1360_000_1380_000_with_camera_labels-10.png 1912 872 31
