big_dataset_depth/000000003171-segment-13390791323468600062_6718_570_6738_570_with_camera_labels-140.png 0 744 98
big_dataset_depth/000000003171-segment-13390791323468600062_6718_570_6738_570_with_camera_labels-140.png 8 736 98
big_dataset_depth/000000003171-segment-13390791323468600062_6718_570_6738_570_with_camera_labels-140.png 16 736 100
big_dataset_depth/000000003171-segment-13390791323468600062_6718_570_6738_570_with_camera_labels-140.png 24 736 101
big_dataset_depth/000000003171-segment-13390791323468600062_6718_570_6738_570_with_camera_labels-140.png 32 744 102
big_dataset_depth/000000003171-segment-13390791323468600062_6718_570_6738_570_with_camera_labels-140.png 40 744 103
big_dataset_depth/000000003171-segment-13390791323468600062_6718_570_6738_570_with_camera_labels-140.png 48 744 104
big_dataset_depth/000000003171-segment-13390791323468600062_6718_570_6738_570_with_camera_labels-140.png 56 744 104
big_dataset_depth/000000003171-segment-13390791323468600062_6718_570_6738_570_with_camera_labels-140.png 64 728 106
big_dataset_depth/000000003171-segment-13390791323468600062_6718_570_6738_570_with_camera_labels-140.png 72 728 107
big_dataset_depth/000000003171-segment-13390791323468600062_6718_570_6738_570_with_camera_labels-140.png 80 728 108
big_dataset_depth/000000003171-segment-13390791323468600062_6718_570_6738_570_with_camera_labels-140.png 104 744 94
big_dataset_depth/000000003171-segment-13390791323468600062_6718_570_6738_570_with_camera_labels-140.png 112 744 94
big_dataset_depth/000000003171-segment-13390791323468600062_6718_570_6738_570_with_camera_labels-140.png 120 736 89
big_dataset_depth/000000003171-segment-13390791323468600062_6718_570_6738_570_with_camera_labels-140.png 128 744 92
big_dataset_depth/000000003171-segment-13390791323468600062_6718_570_6738_570_with_camera_labels-140.png 160 736 103
big_dataset_depth/000000003171-segment-13390791323468600062_6718_570_6738_570_with_camera_labels-140.png 168 736 103
big_dataset_depth/000000003171-segment-13390791323468600062_6718_570_6738_570_with_camera_labels-140.png 176 736 103
big_dataset_depth/000000003171-segment-13390791323468600062_6718_570_6738_570_with_camera_labels-140.png 184 736 103
big_dataset_depth/000000003171-segment-13390791323468600062_6718_570_6738_570_with_camera_labels-140.png 192 736 103
big_dataset_depth/000000003171-segment-13390791323468600062_6718_570_6738_570_with_camera_labels-140.png 200 728 105
big_dataset_depth/000000003171-segment-13390791323468600062_6718_570_6738_570_with_camera_labels-140.png 208 736 105
big_dataset_depth/000000003171-segment-13390791323468600062_6718_570_6738_570_with_camera_labels-140.png 216 728 107
big_dataset_depth/000000003171-segment-13390791323468600062_6718_570_6738_570_with_camera_labels-140.png 224 736 105
big_dataset_depth/000000003171-segment-13390791323468600062_6718_570_6738_570_with_camera_labels-140.png 824 704 108
big_dataset_depth/000000003171-segment-13390791323468600062_6718_570_6738_570_with_camera_labels-140.png 832 696 105
big_dataset_depth/000000003171-segment-13390791323468600062_6718_570_6738_570_with_camera_labels-140.png 840 688 106
big_dataset_depth/000000003171-segment-13390791323468600062_6718_570_6738_570_with_camera_labels-140.png 848 696 106
big_dataset_depth/000000003171-segment-13390791323468600062_6718_570_6738_570_with_camera_labels-140.png 856 696 89
big_dataset_depth/000000003171-segment-13390791323468600062_6718_570_6738_570_with_camera_labels-140.png 864 712 87
big_dataset_depth/000000003171-segment-13390791323468600062_6718_570_6738_570_with_camera_labels-140.png 872 712 86
big_dataset_depth/000000003171-segment-13390791323468600062_6718_570_6738_570_with_camera_labels-140.png 880 712 84
big_dataset_depth/000000003171-segment-13390791323468600062_6718_570_6738_570_with_camera_labels-140.png 888 720 80
big_dataset_depth/000000003171-segment-13390791323468600062_6718_570_6738_570_with_camera_labels-140.png 896 704 87
big_dataset_depth/000000003171-segment-13390791323468600062_6718_570_6738_570_with_camera_labels-140.png 904 728 73
big_dataset_depth/000000003171-segment-13390791323468600062_6718_570_6738_570_with_camera_labels-140.png 912 736 60
big_dataset_depth/000000003171-segment-13390791323468600062_6718_570_6738_570_with_camera_labels-140.png 920 744 57
big_dataset_depth/000000003171-segment-13390791323468600062_6718_570_6738_570_with_camera_labels-140.png 928 744 57
big_dataset_depth/000000003171-segment-13390791323468600062_6718_570_6738_570_with_camera_labels-140.png 936 752 55
big_dataset_depth/000000003171-segment-13390791323468600062_6718_570_6738_570_with_camera_labels-140.png 944 760 53
big_dataset_depth/000000003171-segment-13390791323468600062_6718_570_6738_570_with_camera_labels-140.png 952 768 52
big_dataset_depth/000000003171-segment-13390791323468600062_6718_570_6738_570_with_camera_labels-140.png 960 768 51
big_dataset_depth/000000003171-segment-13390791323468600062_6718_570_6738_570_with_camera_labels-140.png 968 816 39
big_dataset_depth/000000003171-segment-13390791323468600062_6718_570_6738_570_with_camera_labels-140.png 976 752 50
big_dataset_depth/000000003171-segment-13390791323468600062_6718_570_6738_570_with_camera_labels-140.png 984 776 46
big_dataset_depth/000000003171-segment-13390791323468600062_6718_570_6738_570_with_camera_labels-140.png 992 816 38
big_dataset_depth/000000003171-segment-13390791323468600062_6718_570_6738_570_with_camera_labels-140.png 1000 792 42
big_dataset_depth/000000003171-segment-13390791323468600062_6718_570_6738_570_with_camera_labels-140.png 1008 848 33
big_dataset_depth/000000003171-segment-13390791323468600062_6718_570_6738_570_with_camera_labels-140.png 1016 776 42
big_dataset_depth/000000003171-segment-13390791323468600062_6718_570_6738_570_with_camera_labels-140.png 1024 784 42
big_dataset_depth/000000003171-segment-13390791323468600062_6718_570_6738_570_with_camera_labels-140.png 1032 784 43
big_dataset_depth/000000003171-segment-13390791323468600062_6718_570_6738_570_with_camera_labels-140.png 1040 880 30
big_dataset_depth/000000003171-segment-13390791323468600062_6718_570_6738_570_with_camera_labels-140.png 1048 776 36
big_dataset_depth/000000003171-segment-13390791323468600062_6718_570_6738_570_with_camera_labels-140.png 1056 760 43
big_dataset_depth/000000003171-segment-13390791323468600062_6718_570_6738_570_with_camera_labels-140.png 1064 696 46
big_dataset_depth/000000003171-segment-13390791323468600062_6718_570_6738_570_with_camera_labels-140.png 1072 712 43
big_dataset_depth/000000003171-segment-13390791323468600062_6718_570_6738_570_with_camera_labels-140.png 1080 704 79
big_dataset_depth/000000003171-segment-13390791323468600062_6718_570_6738_570_with_camera_labels-140.png 1088 920 26
big_dataset_depth/000000003171-segment-13390791323468600062_6718_570_6738_570_with_camera_labels-140.png 1096 920 26
big_dataset_depth/000000003171-segment-13390791323468600062_6718_570_6738_570_with_camera_labels-140.png 1112 920 26
big_dataset_depth/000000003171-segment-13390791323468600062_6718_570_6738_570_with_camera_labels-140.png 1120 936 25
big_dataset_depth/000000003171-segment-13390791323468600062_6718_570_6738_570_with_camera_labels-140.png 1128 936 25
big_dataset_depth/000000003171-segment-13390791323468600062_6718_570_6738_570_with_camera_labels-140.png 1136 896 28
big_dataset_depth/000000003171-segment-13390791323468600062_6718_570_6738_570_with_camera_labels-140.png 1144 768 37
big_dataset_depth/000000003171-segment-13390791323468600062_6718_570_6738_570_with_camera_labels-140.png 1152 768 37
big_dataset_depth/000000003171-segment-13390791323468600062_6718_570_6738_570_with_camera_labels-140.png 1168 952 24
big_dataset_depth/000000003171-segment-13390791323468600062_6718_570_6738_570_with_camera_labels-140.png 1176 952 24
big_dataset_depth/000000003171-segment-13390791323468600062_6718_570_6738_570_with_camera_labels-140.png 1184 952 24
big_dataset_depth/000000003171-segment-13390791323468600062_6718_570_6738_570_with_camera_labels-140.png 1192 872 36
big_dataset_depth/000000003171-segment-13390791323468600062_6718_570_6738_570_with_camera_labels-140.png 1200 840 42
big_dataset_depth/000000003171-segment-13390791323468600062_6718_570_6738_570_with_camera_labels-140.png 1208 840 41
big_dataset_depth/000000003171-segment-13390791323468600062_6718_570_6738_570_with_camera_labels-140.png 1216 728 57
big_dataset_depth/000000003171-segment-13390791323468600062_6718_570_6738_570_with_camera_labels-140.png 1224 704 56
big_dataset_depth/000000003171-segment-13390791323468600062_6718_570_6738_570_with_camera_labels-140.png 1232 736 55
big_dataset_depth/000000003171-segment-13390791323468600062_6718_570_6738_570_with_camera_labels-140.png 1240 904 26
big_dataset_depth/000000003171-segment-13390791323468600062_6718_570_6738_570_with_camera_labels-140.png 1248 736 54
big_dataset_depth/000000003171-segment-13390791323468600062_6718_570_6738_570_with_camera_labels-140.png 1256 968 23
big_dataset_depth/000000003171-segment-13390791323468600062_6718_570_6738_570_with_camera_labels-140.png 1264 968 23
big_dataset_depth/000000003171-segment-13390791323468600062_6718_570_6738_570_with_camera_labels-140.png 1272 744 51
big_dataset_depth/000000003171-segment-13390791323468600062_6718_570_6738_570_with_camera_labels-140.png 1280 968 23
big_dataset_depth/000000003171-segment-13390791323468600062_6718_570_6738_570_with_camera_labels-140.png 1288 968 23
big_dataset_depth/000000003171-segment-13390791323468600062_6718_570_6738_570_with_camera_labels-140.png 1296 736 42
big_dataset_depth/000000003171-segment-13390791323468600062_6718_570_6738_570_with_camera_labels-140.png 1304 968 23
big_dataset_depth/000000003171-segment-13390791323468600062_6718_570_6738_570_with_camera_labels-140.png 1312 968 23
big_dataset_depth/000000003171-segment-13390791323468600062_6718_570_6738_570_with_camera_labels-140.png 1320 752 41
big_dataset_depth/000000003171-segment-13390791323468600062_6718_570_6738_570_with_camera_labels-140.png 1328 968 23
big_dataset_depth/000000003171-segment-13390791323468600062_6718_570_6738_570_with_camera_labels-140.png 1336 968 23
big_dataset_depth/000000003171-segment-13390791323468600062_6718_570_6738_570_with_camera_labels-140.png 1344 968 23
big_dataset_depth/000000003171-segment-13390791323468600062_6718_570_6738_570_with_camera_labels-140.png 1352 872 32
big_dataset_depth/000000003171-segment-13390791323468600062_6718_570_6738_570_with_camera_labels-140.png 1360 872 30
big_dataset_depth/000000003171-segment-13390791323468600062_6718_570_6738_570_with_camera_labels-140.png 1368 752 38
big_dataset_depth/000000003171-segment-13390791323468600062_6718_570_6738_570_with_camera_labels-140.png 1376 776 38
big_dataset_depth/000000003171-segment-13390791323468600062_6718_570_6738_570_with_camera_labels-140.png 1384 752 40
big_dataset_depth/000000003171-segment-13390791323468600062_6718_570_6738_570_with_camera_labels-140.png 1392 800 36
big_dataset_depth/000000003171-segment-13390791323468600062_6718_570_6738_570_with_camera_labels-140.png 1400 776 38
big_dataset_depth/000000003171-segment-13390791323468600062_6718_570_6738_570_with_camera_labels-140.png 1408 776 35
big_dataset_depth/000000003171-segment-13390791323468600062_6718_570_6738_570_with_camera_labels-140.png 1416 800 35
big_dataset_depth/000000003171-segment-13390791323468600062_6718_570_6738_570_with_camera_labels-140.png 1424 768 35
big_dataset_depth/000000003171-segment-13390791323468600062_6718_570_6738_570_with_camera_labels-140.png 1432 800 35
big_dataset_depth/000000003171-segment-13390791323468600062_6718_570_6738_570_with_camera_labels-140.png 1440 760 35
big_dataset_depth/000000003171-segment-13390791323468600062_6718_570_6738_570_with_camera_labels-140.png 1448 792 35
big_dataset_depth/000000003171-segment-13390791323468600062_6718_570_6738_570_with_camera_labels-140.png 1456 784 35
big_dataset_depth/000000003171-segment-13390791323468600062_6718_570_6738_570_with_camera_labels-140.png 1464 792 35
big_dataset_depth/000000003171-segment-13390791323468600062_6718_570_6738_570_with_camera_labels-140.png 1472 792 36
big_dataset_depth/000000003171-segment-13390791323468600062_6718_570_6738_570_with_camera_labels-140.png 1480 776 38
big_dataset_depth/000000003171-segment-13390791323468600062_6718_570_6738_570_with_camera_labels-140.png 1488 800 35
big_dataset_depth/000000003171-segment-13390791323468600062_6718_570_6738_570_with_camera_labels-140.png 1496 800 36
big_dataset_depth/000000003171-segment-13390791323468600062_6718_570_6738_570_with_camera_labels-140.png 1504 792 37
big_dataset_depth/000000003171-segment-13390791323468600062_6718_570_6738_570_with_camera_labels-140.png 1512 784 36
big_dataset_depth/000000003171-segment-13390791323468600062_6718_570_6738_570_with_camera_labels-140.png 1520 792 36
big_dataset_depth/000000003171-segment-13390791323468600062_6718_570_6738_570_with_camera_labels-140.png 1528 784 36
big_dataset_depth/000000003171-segment-13390791323468600062_6718_570_6738_570_with_camera_labels-140.png 1536 792 35
big_dataset_depth/000000003171-segment-13390791323468600062_6718_570_6738_570_with_camera_labels-140.png 1544 800 35
big_dataset_depth/000000003171-segment-13390791323468600062_6718_570_6738_570_with_camera_labels-140.png 1552 800 35
big_dataset_depth/000000003171-segment-13390791323468600062_6718_570_6738_570_with_camera_labels-140.png 1560 808 34
big_dataset_depth/000000003171-segment-13390791323468600062_6718_570_6738_570_with_camera_labels-140.png 1568 808 33
big_dataset_depth/000000003171-segment-13390791323468600062_6718_570_6738_570_with_camera_labels-140.png 1576 816 33
big_dataset_depth/000000003171-segment-13390791323468600062_6718_570_6738_570_with_camera_labels-140.png 1584 800 33
big_dataset_depth/000000003171-segment-13390791323468600062_6718_570_6738_570_with_camera_labels-140.png 1592 792 31
big_dataset_depth/000000003171-segment-13390791323468600062_6718_570_6738_570_with_camera_labels-140.png 1600 816 33
big_dataset_depth/000000003171-segment-13390791323468600062_6718_570_6738_570_with_camera_labels-140.png 1608 824 30
big_dataset_depth/000000003171-segment-13390791323468600062_6718_570_6738_570_with_camera_labels-140.png 1616 800 30
big_dataset_depth/000000003171-segment-13390791323468600062_6718_570_6738_570_with_camera_labels-140.png 1624 824 30
big_dataset_depth/000000003171-segment-13390791323468600062_6718_570_6738_570_with_camera_labels-140.png 1632 800 29
big_dataset_depth/000000003171-segment-13390791323468600062_6718_570_6738_570_with_camera_labels-140.png 1640 824 30
big_dataset_depth/000000003171-segment-13390791323468600062_6718_570_6738_570_with_camera_labels-140.png 1648 824 30
big_dataset_depth/000000003171-segment-13390791323468600062_6718_570_6738_570_with_camera_labels-140.png 1656 808 29
big_dataset_depth/000000003171-segment-13390791323468600062_6718_570_6738_570_with_camera_labels-140.png 1664 824 29
big_dataset_depth/000000003171-segment-13390791323468600062_6718_570_6738_570_with_camera_labels-140.png 1680 824 29
big_dataset_depth/000000003171-segment-13390791323468600062_6718_570_6738_570_with_camera_labels-140.png 1688 840 29
big_dataset_depth/000000003171-segment-13390791323468600062_6718_570_6738_570_with_camera_labels-140.png 1696 848 29
big_dataset_depth/000000003171-segment-13390791323468600062_6718_570_6738_570_with_camera_labels-140.png 1704 848 29
big_dataset_depth/000000003171-segment-13390791323468600062_6718_570_6738_570_with_camera_labels-140.png 1712 848 29
big_dataset_depth/000000003171-segment-13390791323468600062_6718_570_6738_570_with_camera_labels-140.png 1720 848 29
big_dataset_depth/000000003171-segment-13390791323468600062_6718_570_6738_570_with_camera_labels-140.png 1728 840 29
big_dataset_depth/000000003171-segment-13390791323468600062_6718_570_6738_570_with_camera_labels-140.png 1736 832 29
big_dataset_depth/000000003171-segment-13390791323468600062_6718_570_6738_570_with_camera_labels-140.png 1744 800 29
big_dataset_depth/000000003171-segment-13390791323468600062_6718_570_6738_570_with_camera_labels-140.png 1752 840 29
big_dataset_depth/000000003171-segment-13390791323468600062_6718_570_6738_570_with_camera_labels-140.png 1760 816 29
big_dataset_depth/000000003171-segment-13390791323468600062_6718_570_6738_570_with_camera_labels-140.png 1768 832 31
big_dataset_depth/000000003171-segment-13390791323468600062_6718_570_6738_570_with_camera_labels-140.png 1776 824 31
big_dataset_depth/000000003171-segment-13390791323468600062_6718_570_6738_570_with_camera_labels-140.png 1784 832 31
big_dataset_depth/000000003171-segment-13390791323468600062_6718_570_6738_570_with_camera_labels-140.png 1792 824 31
big_dataset_depth/000000003171-segment-13390791323468600062_6718_570_6738_570_with_camera_labels-140.png 1800 824 31
big_dataset_depth/000000003171-segment-13390791323468600062_6718_570_6738_570_with_camera_labels-140.png 1808 832 30
big_dataset_depth/000000003171-segment-13390791323468600062_6718_570_6738_570_with_camera_labels-140.png 1816 824 31
big_dataset_depth/000000003171-segment-13390791323468600062_6718_570_6738_570_with_camera_labels-140.png 1824 824 31
big_dataset_depth/000000003171-segment-13390791323468600062_6718_570_6738_570_with_camera_labels-140.png 1832 824 31
big_dataset_depth/000000003171-segment-13390791323468600062_6718_570_6738_570_with_camera_labels-140.png 1840 824 31
big_dataset_depth/000000003171-segment-13390791323468600062_6718_570_6738_570_with_camera_labels-140.png 1848 824 31
big_dataset_depth/000000003171-segment-13390791323468600062_6718_570_6738_570_with_camera_labels-140.png 1856 824 31
big_dataset_depth/000000003171-segment-13390791323468600062_6718_570_6738_570_with_camera_labels-140.png 1864 824 31
big_dataset_depth/000000003171-segment-13390791323468600062_6718_570_6738_570_with_camera_labels-140.png 1872 832 30
big_dataset_depth/000000003171-segment-13390791323468600062_6718_570_6738_570_with_camera_labels-140.png 1880 824 31
big_dataset_depth/000000003171-segment-13390791323468600062_6718_570_6738_570_with_camera_labels-140.png 1888 824 31
big_dataset_depth/000000003171-segment-13390791323468600062_6718_570_6738_570_with_camera_labels-140.png 1896 824 30
big_dataset_depth/000000003171-segment-13390791323468600062_6718_570_6738_570_with_camera_labels-140.png 1912 824 28
