big_dataset_depth/000000000912-segment-10876852935525353526_1640_000_1660_000_with_camera_labels-120.png 0 688 66
big_dataset_depth/000000000912-segment-10876852935525353526_1640_000_1660_000_with_camera_labels-120.png 8 696 68
big_dataset_depth/000000000912-segment-10876852935525353526_1640_000_1660_000_with_camera_labels-120.png 16 688 71
big_dataset_depth/000000000912-segment-10876852935525353526_1640_000_1660_000_with_camera_labels-120.png 24 680 67
big_dataset_depth/000000000912-segment-10876852935525353526_1640_000_1660_000_with_camera_labels-120.png 32 696 64
big_dataset_depth/000000000912-segment-10876852935525353526_1640_000_1660_000_with_camera_labels-120.png 40 704 63
big_dataset_depth/000000000912-segment-10876852935525353526_1640_000_1660_000_with_camera_labels-120.png 48 704 63
big_dataset_depth/000000000912-segment-10876852935525353526_1640_000_1660_000_with_camera_labels-120.png 56 704 63
big_dataset_depth/000000000912-segment-10876852935525353526_1640_000_1660_000_with_camera_labels-120.png 64 712 62
big_dataset_depth/000000000912-segment-10876852935525353526_1640_000_1660_000_with_camera_labels-120.png 72 704 63
big_dataset_depth/000000000912-segment-10876852935525353526_1640_000_1660_000_with_camera_labels-120.png 80 704 63
big_dataset_depth/000000000912-segment-10876852935525353526_1640_000_1660_000_with_camera_labels-120.png 88 688 63
big_dataset_depth/000000000912-segment-10876852935525353526_1640_000_1660_000_with_camera_labels-120.png 96 704 63
big_dataset_depth/000000000912-segment-10876852935525353526_1640_000_1660_000_with_camera_labels-120.png 104 704 63
big_dataset_depth/000000000912-segment-10876852935525353526_1640_000_1660_000_with_camera_labels-120.png 112 704 64
big_dataset_depth/000000000912-segment-10876852935525353526_1640_000_1660_000_with_camera_labels-120.png 120 704 64
big_dataset_depth/000000000912-segment-10876852935525353526_1640_000_1660_000_with_camera_labels-120.png 128 720 60
big_dataset_depth/000000000912-segment-10876852935525353526_1640_000_1660_000_with_camera_labels-120.png 136 712 63
big_dataset_depth/000000000912-segment-10876852935525353526_1640_000_1660_000_with_camera_labels-120.png 144 720 61
big_dataset_depth/000000000912-segment-10876852935525353526_1640_000_1660_000_with_camera_labels-120.png 152 696 66
big_dataset_depth/000000000912-segment-10876852935525353526_1640_000_1660_000_with_camera_labels-120.png 160 664 93
big_dataset_depth/000000000912-segment-10876852935525353526_1640_000_1660_000_with_camera_labels-120.png 168 664 93
big_dataset_depth/000000000912-segment-10876852935525353526_1640_000_1660_000_with_camera_labels-120.png 176 656 95
big_dataset_depth/000000000912-segment-10876852935525353526_1640_000_1660_000_with_camera_labels-120.png 184 664 95
big_dataset_depth/000000000912-segment-10876852935525353526_1640_000_1660_000_with_camera_labels-120.png 192 672 89
big_dataset_depth/000000000912-segment-10876852935525353526_1640_000_1660_000_with_camera_labels-120.png 200 680 71
big_dataset_depth/000000000912-segment-10876852935525353526_1640_000_1660_000_with_camera_labels-120.png 208 688 71
big_dataset_depth/000000000912-segment-10876852935525353526_1640_000_1660_000_with_camera_labels-120.png 216 696 71
big_dataset_depth/000000000912-segment-10876852935525353526_1640_000_1660_000_with_camera_labels-120.png 224 712 65
big_dataset_depth/000000000912-segment-10876852935525353526_1640_000_1660_000_with_camera_labels-120.png 232 696 69
big_dataset_depth/000000000912-segment-10876852935525353526_1640_000_1660_000_with_camera_labels-120.png 240 696 70
big_dataset_depth/000000000912-segment-10876852935525353526_1640_000_1660_000_with_camera_labels-120.png 248 704 69
big_dataset_depth/000000000912-segment-10876852935525353526_1640_000_1660_000_with_camera_labels-120.png 256 696 70
big_dataset_depth/000000000912-segment-10876852935525353526_1640_000_1660_000_with_camera_labels-120.png 264 696 71
big_dataset_depth/000000000912-segment-10876852935525353526_1640_000_1660_000_with_camera_labels-120.png 272 664 71
big_dataset_depth/000000000912-segment-10876852935525353526_1640_000_1660_000_with_camera_labels-120.png 408 696 77
big_dataset_depth/000000000912-segment-10876852935525353526_1640_000_1660_000_with_camera_labels-120.png 416 664 97
big_dataset_depth/000000000912-segment-10876852935525353526_1640_000_1660_000_with_camera_labels-120.png 424 664 97
big_dataset_depth/000000000912-segment-10876852935525353526_1640_000_1660_000_with_camera_labels-120.png 432 664 97
big_dataset_depth/000000000912-segment-10876852935525353526_1640_000_1660_000_with_camera_labels-120.png 440 664 97
big_dataset_depth/000000000912-segment-10876852935525353526_1640_000_1660_000_with_camera_labels-120.png 448 664 96
big_dataset_depth/000000000912-segment-10876852935525353526_1640_000_1660_000_with_camera_labels-120.png 456 664 96
big_dataset_depth/000000000912-segment-10876852935525353526_1640_000_1660_000_with_camera_labels-120.png 464 664 96
big_dataset_depth/000000000912-segment-10876852935525353526_1640_000_1660_000_with_camera_labels-120.png 472 648 97
big_dataset_depth/000000000912-segment-10876852935525353526_1640_000_1660_000_with_camera_labels-120.png 480 656 97
big_dataset_depth/000000000912-segment-10876852935525353526_1640_000_1660_000_with_camera_labels-120.png 488 664 97
big_dataset_depth/000000000912-segment-10876852935525353526_1640_000_1660_000_with_camera_labels-120.png 496 664 97
big_dataset_depth/000000000912-segment-10876852935525353526_1640_000_1660_000_with_camera_labels-120.png 504 664 98
big_dataset_depth/000000000912-segment-10876852935525353526_1640_000_1660_000_with_camera_labels-120.png 512 664 94
big_dataset_depth/000000000912-segment-10876852935525353526_1640_000_1660_000_with_camera_labels-120.png 520 672 92
big_dataset_depth/000000000912-segment-10876852935525353526_1640_000_1660_000_with_camera_labels-120.png 528 672 95
big_dataset_depth/000000000912-segment-10876852935525353526_1640_000_1660_000_with_camera_labels-120.png 536 672 93
big_dataset_depth/000000000912-segment-10876852935525353526_1640_000_1660_000_with_camera_labels-120.png 544 680 91
big_dataset_depth/000000000912-segment-10876852935525353526_1640_000_1660_000_with_camera_labels-120.png 616 664 108
big_dataset_depth/000000000912-segment-10876852935525353526_1640_000_1660_000_with_camera_labels-120.png 624 664 108
big_dataset_depth/000000000912-segment-10876852935525353526_1640_000_1660_000_with_camera_labels-120.png 632 656 108
big_dataset_depth/000000000912-segment-10876852935525353526_1640_000_1660_000_with_camera_labels-120.png 640 664 108
big_dataset_depth/000000000912-segment-10876852935525353526_1640_000_1660_000_with_camera_labels-120.png 688 672 105
big_dataset_depth/000000000912-segment-10876852935525353526_1640_000_1660_000_with_camera_labels-120.png 696 664 106
big_dataset_depth/000000000912-segment-10876852935525353526_1640_000_1660_000_with_camera_labels-120.png 704 664 108
big_dataset_depth/000000000912-segment-10876852935525353526_1640_000_1660_000_with_camera_labels-120.png 936 680 77
big_dataset_depth/000000000912-segment-10876852935525353526_1640_000_1660_000_with_camera_labels-120.png 944 680 76
big_dataset_depth/000000000912-segment-10876852935525353526_1640_000_1660_000_with_camera_labels-120.png 952 680 76
big_dataset_depth/000000000912-segment-10876852935525353526_1640_000_1660_000_with_camera_labels-120.png 960 680 76
big_dataset_depth/000000000912-segment-10876852935525353526_1640_000_1660_000_with_camera_labels-120.png 968 688 76
big_dataset_depth/000000000912-segment-10876852935525353526_1640_000_1660_000_with_camera_labels-120.png 976 688 76
big_dataset_depth/000000000912-segment-10876852935525353526_1640_000_1660_000_with_camera_labels-120.png 984 680 76
big_dataset_depth/000000000912-segment-10876852935525353526_1640_000_1660_000_with_camera_labels-120.png 992 688 76
big_dataset_depth/000000000912-segment-10876852935525353526_1640_000_1660_000_with_camera_labels-120.png 1000 688 76
big_dataset_depth/000000000912-segment-10876852935525353526_1640_000_1660_000_with_camera_labels-120.png 1008 688 77
big_dataset_depth/000000000912-segment-10876852935525353526_1640_000_1660_000_with_camera_labels-120.png 1016 688 80
big_dataset_depth/000000000912-segment-10876852935525353526_1640_000_1660_000_with_camera_labels-120.png 1024 688 81
big_dataset_depth/000000000912-segment-10876852935525353526_1640_000_1660_000_with_camera_labels-120.png 1048 712 62
big_dataset_depth/000000000912-segment-10876852935525353526_1640_000_1660_000_with_camera_labels-120.png 1056 712 62
big_dataset_depth/000000000912-segment-10876852935525353526_1640_000_1660_000_with_camera_labels-120.png 1064 696 62
big_dataset_depth/000000000912-segment-10876852935525353526_1640_000_1660_000_with_camera_labels-120.png 1072 712 62
big_dataset_depth/000000000912-segment-10876852935525353526_1640_000_1660_000_with_camera_labels-120.png 1080 696 62
big_dataset_depth/000000000912-segment-10876852935525353526_1640_000_1660_000_with_camera_labels-120.png 1088 680 62
big_dataset_depth/000000000912-segment-10876852935525353526_1640_000_1660_000_with_camera_labels-120.png 1096 720 62
big_dataset_depth/000000000912-segment-10876852935525353526_1640_000_1660_000_with_camera_labels-120.png 1104 696 62
big_dataset_depth/000000000912-segment-10876852935525353526_1640_000_1660_000_with_camera_labels-120.png 1112 720 62
big_dataset_depth/000000000912-segment-10876852935525353526_1640_000_1660_000_with_camera_labels-120.png 1120 704 62
big_dataset_depth/000000000912-segment-10876852935525353526_1640_000_1660_000_with_camera_labels-120.png 1128 688 69
big_dataset_depth/000000000912-segment-10876852935525353526_1640_000_1660_000_with_camera_labels-120.png 1136 680 75
big_dataset_depth/000000000912-segment-10876852935525353526_1640_000_1660_000_with_camera_labels-120.png 1176 720 61
big_dataset_depth/000000000912-segment-10876852935525353526_1640_000_1660_000_with_camera_labels-120.png 1184 720 61
big_dataset_depth/000000000912-segment-10876852935525353526_1640_000_1660_000_with_camera_labels-120.png 1192 712 60
big_dataset_depth/000000000912-segment-10876852935525353526_1640_000_1660_000_with_camera_labels-120.png 1200 696 59
big_dataset_depth/000000000912-segment-10876852935525353526_1640_000_1660_000_with_camera_labels-120.png 1208 704 60
big_dataset_depth/000000000912-segment-10876852935525353526_1640_000_1660_000_with_camera_labels-120.png 1216 704 60
big_dataset_depth/000000000912-segment-10876852935525353526_1640_000_1660_000_with_camera_labels-120.png 1224 704 60
big_dataset_depth/000000000912-segment-10876852935525353526_1640_000_1660_000_with_camera_labels-120.png 1232 704 60
big_dataset_depth/000000000912-segment-10876852935525353526_1640_000_1660_000_with_camera_labels-120.png 1240 704 60
big_dataset_depth/000000000912-segment-10876852935525353526_1640_000_1660_000_with_camera_labels-120.png 1248 696 59
big_dataset_depth/000000000912-segment-10876852935525353526_1640_000_1660_000_with_camera_labels-120.png 1256 696 59
big_dataset_depth/000000000912-segment-10876852935525353526_1640_000_1660_000_with_camera_labels-120.png 1264 712 61
big_dataset_depth/000000000912-segment-10876852935525353526_1640_000_1660_000_with_camera_labels-120.png 1272 720 61
big_dataset_depth/000000000912-segment-10876852935525353526_1640_000_1660_000_with_camera_labels-120.png 1304 688 76
big_dataset_depth/000000000912-segment-10876852935525353526_1640_000_1660_000_with_camera_labels-120.png 1312 688 76
big_dataset_depth/000000000912-segment-10876852935525353526_1640_000_1660_000_with_camera_labels-120.png 1320 688 76
big_dataset_depth/000000000912-segment-10876852935525353526_1640_000_1660_000_with_camera_labels-120.png 1328 688 74
big_dataset_depth/000000000912-segment-10876852935525353526_1640_000_1660_000_with_camera_labels-120.png 1336 696 73
big_dataset_depth/000000000912-segment-10876852935525353526_1640_000_1660_000_with_camera_labels-120.png 1344 688 74
big_dataset_depth/000000000912-segment-10876852935525353526_1640_000_1660_000_with_camera_labels-120.png 1352 680 74
big_dataset_depth/000000000912-segment-10876852935525353526_1640_000_1660_000_with_camera_labels-120.png 1360 656 60
big_dataset_depth/000000000912-segment-10876852935525353526_1640_000_1660_000_with_camera_labels-120.png 1368 720 55
big_dataset_depth/000000000912-segment-10876852935525353526_1640_000_1660_000_with_camera_labels-120.png 1376 704 54
big_dataset_depth/000000000912-segment-10876852935525353526_1640_000_1660_000_with_camera_labels-120.png 1384 696 54
big_dataset_depth/000000000912-segment-10876852935525353526_1640_000_1660_000_with_camera_labels-120.png 1392 784 41
big_dataset_depth/000000000912-segment-10876852935525353526_1640_000_1660_000_with_camera_labels-120.png 1400 704 54
big_dataset_depth/000000000912-segment-10876852935525353526_1640_000_1660_000_with_camera_labels-120.png 1408 704 54
big_dataset_depth/000000000912-segment-10876852935525353526_1640_000_1660_000_with_camera_labels-120.png 1416 704 54
big_dataset_depth/000000000912-segment-10876852935525353526_1640_000_1660_000_with_camera_labels-120.png 1424 720 56
big_dataset_depth/000000000912-segment-10876852935525353526_1640_000_1660_000_with_camera_labels-120.png 1432 720 53
big_dataset_depth/000000000912-segment-10876852935525353526_1640_000_1660_000_with_camera_labels-120.png 1440 728 53
big_dataset_depth/000000000912-segment-10876852935525353526_1640_000_1660_000_with_camera_labels-120.png 1448 688 64
big_dataset_depth/000000000912-segment-10876852935525353526_1640_000_1660_000_with_camera_labels-120.png 1456 664 76
big_dataset_depth/000000000912-segment-10876852935525353526_1640_000_1660_000_with_camera_labels-120.png 1480 688 74
big_dataset_depth/000000000912-segment-10876852935525353526_1640_000_1660_000_with_camera_labels-120.png 1488 688 73
big_dataset_depth/000000000912-segment-10876852935525353526_1640_000_1660_000_with_camera_labels-120.png 1496 688 72
big_dataset_depth/000000000912-segment-10876852935525353526_1640_000_1660_000_with_camera_labels-120.png 1504 688 72
big_dataset_depth/000000000912-segment-10876852935525353526_1640_000_1660_000_with_camera_labels-120.png 1512 688 71
big_dataset_depth/000000000912-segment-10876852935525353526_1640_000_1660_000_with_camera_labels-120.png 1520 688 71
big_dataset_depth/000000000912-segment-10876852935525353526_1640_000_1660_000_with_camera_labels-120.png 1528 688 70
big_dataset_depth/000000000912-segment-10876852935525353526_1640_000_1660_000_with_camera_labels-120.png 1536 744 48
big_dataset_depth/000000000912-segment-10876852935525353526_1640_000_1660_000_with_camera_labels-120.png 1544 744 48
big_dataset_depth/000000000912-segment-10876852935525353526_1640_000_1660_000_with_camera_labels-120.png 1552 736 48
big_dataset_depth/000000000912-segment-10876852935525353526_1640_000_1660_000_with_camera_labels-120.png 1560 744 48
big_dataset_depth/000000000912-segment-10876852935525353526_1640_000_1660_000_with_camera_labels-120.png 1568 744 49
big_dataset_depth/000000000912-segment-10876852935525353526_1640_000_1660_000_with_camera_labels-120.png 1584 800 36
big_dataset_depth/000000000912-segment-10876852935525353526_1640_000_1660_000_with_camera_labels-120.png 1592 800 36
big_dataset_depth/000000000912-segment-10876852935525353526_1640_000_1660_000_with_camera_labels-120.png 1608 800 36
big_dataset_depth/000000000912-segment-10876852935525353526_1640_000_1660_000_with_camera_labels-120.png 1616 872 29
big_dataset_depth/000000000912-segment-10876852935525353526_1640_000_1660_000_with_camera_labels-120.png 1624 912 25
big_dataset_depth/000000000912-segment-10876852935525353526_1640_000_1660_000_with_camera_labels-120.png 1632 800 36
big_dataset_depth/000000000912-segment-10876852935525353526_1640_000_1660_000_with_camera_labels-120.png 1640 800 36
big_dataset_depth/000000000912-segment-10876852935525353526_1640_000_1660_000_with_camera_labels-120.png 1648 800 36
big_dataset_depth/000000000912-segment-10876852935525353526_1640_000_1660_000_with_camera_labels-120.png 1656 928 24
big_dataset_depth/000000000912-segment-10876852935525353526_1640_000_1660_000_with_camera_labels-120.png 1664 792 36
big_dataset_depth/000000000912-segment-10876852935525353526_1640_000_1660_000_with_camera_labels-120.png 1672 800 36
big_dataset_depth/000000000912-segment-10876852935525353526_1640_000_1660_000_with_camera_labels-120.png 1680 944 23
big_dataset_depth/000000000912-segment-10876852935525353526_1640_000_1660_000_with_camera_labels-120.png 1688 944 23
big_dataset_depth/000000000912-segment-10876852935525353526_1640_000_1660_000_with_camera_labels-120.png 1696 800 36
big_dataset_depth/000000000912-segment-10876852935525353526_1640_000_1660_000_with_camera_labels-120.png 1704 800 36
big_dataset_depth/000000000912-segment-10876852935525353526_1640_000_1660_000_with_camera_labels-120.png 1720 960 22
big_dataset_depth/000000000912-segment-10876852935525353526_1640_000_1660_000_with_camera_labels-120.png 1728 856 28
big_dataset_depth/000000000912-segment-10876852935525353526_1640_000_1660_000_with_camera_labels-120.png 1744 896 26
big_dataset_depth/000000000912-segment-10876852935525353526_1640_000_1660_000_with_camera_labels-120.png 1752 912 25
big_dataset_depth/000000000912-segment-10876852935525353526_1640_000_1660_000_with_camera_labels-120.png 1760 984 21
big_dataset_depth/000000000912-segment-10876852935525353526_1640_000_1660_000_with_camera_labels-120.png 1768 984 21
big_dataset_depth/000000000912-segment-10876852935525353526_1640_000_1660_000_with_camera_labels-120.png 1792 1000 20
big_dataset_depth/000000000912-segment-10876852935525353526_1640_000_1660_000_with_camera_labels-120.png 1800 816 34
big_dataset_depth/000000000912-segment-10876852935525353526_1640_000_1660_000_with_camera_labels-120.png 1808 816 33
big_dataset_depth/000000000912-segment-10876852935525353526_1640_000_1660_000_with_camera_labels-120.png 1824 1024 19
big_dataset_depth/000000000912-segment-10876852935525353526_1640_000_1660_000_with_camera_labels-120.png 1832 1024 19
big_dataset_depth/000000000912-segment-10876852935525353526_1640_000_1660_000_with_camera_labels-120.png 1840 920 26
big_dataset_depth/000000000912-segment-10876852935525353526_1640_000_1660_000_with_camera_labels-120.png 1848 1024 19
big_dataset_depth/000000000912-segment-10876852935525353526_1640_000_1660_000_with_camera_labels-120.png 1856 752 48
big_dataset_depth/000000000912-segment-10876852935525353526_1640_000_1660_000_with_camera_labels-120.png 1864 888 29
big_dataset_depth/000000000912-segment-10876852935525353526_1640_000_1660_000_with_camera_labels-120.png 1872 872 33
big_dataset_depth/000000000912-segment-10876852935525353526_1640_000_1660_000_with_camera_labels-120.png 1880 968 24
big_dataset_depth/000000000912-segment-10876852935525353526_1640_000_1660_000_with_camera_labels-120.png 1888 752 47
big_dataset_depth/000000000912-segment-10876852935525353526_1640_000_1660_000_with_camera_labels-120.png 1896 752 46
big_dataset_depth/000000000912-segment-10876852935525353526_1640_000_1660_000_with_camera_labels-120.png 1904 1064 18
big_dataset_depth/000000000912-segment-10876852935525353526_1640_000_1660_000_with_camera_labels-120.png 1912 912 32
