big_dataset_depth/000000001915-segment-12027892938363296829_4086_280_4106_280_with_camera_labels-180.png 0 776 70
big_dataset_depth/000000001915-segment-12027892938363296829_4086_280_4106_280_with_camera_labels-180.png 8 808 52
big_dataset_depth/000000001915-segment-12027892938363296829_4086_280_4106_280_with_camera_labels-180.png 16 792 62
big_dataset_depth/000000001915-segment-12027892938363296829_4086_280_4106_280_with_camera_labels-180.png 24 832 53
big_dataset_depth/000000001915-segment-12027892938363296829_4086_280_4106_280_with_camera_labels-180.png 32 832 53
big_dataset_depth/000000001915-segment-12027892938363296829_4086_280_4106_280_with_camera_labels-180.png 40 832 53
big_dataset_depth/000000001915-segment-12027892938363296829_4086_280_4106_280_with_camera_labels-180.png 48 832 52
big_dataset_depth/000000001915-segment-12027892938363296829_4086_280_4106_280_with_camera_labels-180.png 56 832 52
big_dataset_depth/000000001915-segment-12027892938363296829_4086_280_4106_280_with_camera_labels-180.png 64 816 52
big_dataset_depth/000000001915-segment-12027892938363296829_4086_280_4106_280_with_camera_labels-180.png 72 816 53
big_dataset_depth/000000001915-segment-12027892938363296829_4086_280_4106_280_with_camera_labels-180.png 80 808 53
big_dataset_depth/000000001915-segment-12027892938363296829_4086_280_4106_280_with_camera_labels-180.png 88 816 57
big_dataset_depth/000000001915-segment-12027892938363296829_4086_280_4106_280_with_camera_labels-180.png 96 816 56
big_dataset_depth/000000001915-segment-12027892938363296829_4086_280_4106_280_with_camera_labels-180.png 104 720 86
big_dataset_depth/000000001915-segment-12027892938363296829_4086_280_4106_280_with_camera_labels-180.png 112 784 55
big_dataset_depth/000000001915-segment-12027892938363296829_4086_280_4106_280_with_camera_labels-180.png 120 696 99
big_dataset_depth/000000001915-segment-12027892938363296829_4086_280_4106_280_with_camera_labels-180.png 128 808 56
big_dataset_depth/000000001915-segment-12027892938363296829_4086_280_4106_280_with_camera_labels-180.png 136 808 56
big_dataset_depth/000000001915-segment-12027892938363296829_4086_280_4106_280_with_camera_labels-180.png 144 784 68
big_dataset_depth/000000001915-segment-12027892938363296829_4086_280_4106_280_with_camera_labels-180.png 168 752 91
big_dataset_depth/000000001915-segment-12027892938363296829_4086_280_4106_280_with_camera_labels-180.png 176 752 90
big_dataset_depth/000000001915-segment-12027892938363296829_4086_280_4106_280_with_camera_labels-180.png 184 792 65
big_dataset_depth/000000001915-segment-12027892938363296829_4086_280_4106_280_with_camera_labels-180.png 192 816 52
big_dataset_depth/000000001915-segment-12027892938363296829_4086_280_4106_280_with_camera_labels-180.png 200 816 52
big_dataset_depth/000000001915-segment-12027892938363296829_4086_280_4106_280_with_camera_labels-180.png 216 744 101
big_dataset_depth/000000001915-segment-12027892938363296829_4086_280_4106_280_with_camera_labels-180.png 232 744 103
big_dataset_depth/000000001915-segment-12027892938363296829_4086_280_4106_280_with_camera_labels-180.png 240 752 97
big_dataset_depth/000000001915-segment-12027892938363296829_4086_280_4106_280_with_camera_labels-180.png 248 744 103
big_dataset_depth/000000001915-segment-12027892938363296829_4086_280_4106_280_with_camera_labels-180.png 256 744 103
big_dataset_depth/000000001915-segment-12027892938363296829_4086_280_4106_280_with_camera_labels-180.png 264 680 96
big_dataset_depth/000000001915-segment-12027892938363296829_4086_280_4106_280_with_camera_labels-180.png 272 744 100
big_dataset_depth/000000001915-segment-12027892938363296829_4086_280_4106_280_with_camera_labels-180.png 280 744 100
big_dataset_depth/000000001915-segment-12027892938363296829_4086_280_4106_280_with_camera_labels-180.png 288 736 103
big_dataset_depth/000000001915-segment-12027892938363296829_4086_280_4106_280_with_camera_labels-180.png 296 904 59
big_dataset_depth/000000001915-segment-12027892938363296829_4086_280_4106_280_with_camera_labels-180.png 304 928 43
big_dataset_depth/000000001915-segment-12027892938363296829_4086_280_4106_280_with_camera_labels-180.png 312 752 95
big_dataset_depth/000000001915-segment-12027892938363296829_4086_280_4106_280_with_camera_labels-180.png 320 1112 16
big_dataset_depth/000000001915-segment-12027892938363296829_4086_280_4106_280_with_camera_labels-180.png 328 936 59
big_dataset_depth/000000001915-segment-12027892938363296829_4086_280_4106_280_with_camera_labels-180.png 336 1144 16
big_dataset_depth/000000001915-segment-12027892938363296829_4086_280_4106_280_with_camera_labels-180.png 344 1136 16
big_dataset_depth/000000001915-segment-12027892938363296829_4086_280_4106_280_with_camera_labels-180.png 352 936 58
big_dataset_depth/000000001915-segment-12027892938363296829_4086_280_4106_280_with_camera_labels-180.png 360 1144 16
big_dataset_depth/000000001915-segment-12027892938363296829_4086_280_4106_280_with_camera_labels-180.png 368 872 62
big_dataset_depth/000000001915-segment-12027892938363296829_4086_280_4106_280_with_camera_labels-180.png 376 1128 16
big_dataset_depth/000000001915-segment-12027892938363296829_4086_280_4106_280_with_camera_labels-180.png 384 864 62
big_dataset_depth/000000001915-segment-12027892938363296829_4086_280_4106_280_with_camera_labels-180.png 392 1152 16
big_dataset_depth/000000001915-segment-12027892938363296829_4086_280_4106_280_with_camera_labels-180.png 400 896 16
big_dataset_depth/000000001915-segment-12027892938363296829_4086_280_4106_280_with_camera_labels-180.png 408 976 16
big_dataset_depth/000000001915-segment-12027892938363296829_4086_280_4106_280_with_camera_labels-180.png 504 744 85
big_dataset_depth/000000001915-segment-12027892938363296829_4086_280_4106_280_with_camera_labels-180.png 512 744 85
big_dataset_depth/000000001915-segment-12027892938363296829_4086_280_4106_280_with_camera_labels-180.png 520 728 54
big_dataset_depth/000000001915-segment-12027892938363296829_4086_280_4106_280_with_camera_labels-180.png 528 800 50
big_dataset_depth/000000001915-segment-12027892938363296829_4086_280_4106_280_with_camera_labels-180.png 536 784 48
big_dataset_depth/000000001915-segment-12027892938363296829_4086_280_4106_280_with_camera_labels-180.png 544 832 39
big_dataset_depth/000000001915-segment-12027892938363296829_4086_280_4106_280_with_camera_labels-180.png 552 816 41
big_dataset_depth/000000001915-segment-12027892938363296829_4086_280_4106_280_with_camera_labels-180.png 560 808 35
big_dataset_depth/000000001915-segment-12027892938363296829_4086_280_4106_280_with_camera_labels-180.png 568 824 35
big_dataset_depth/000000001915-segment-12027892938363296829_4086_280_4106_280_with_camera_labels-180.png 576 944 26
big_dataset_depth/000000001915-segment-12027892938363296829_4086_280_4106_280_with_camera_labels-180.png 584 968 24
big_dataset_depth/000000001915-segment-12027892938363296829_4086_280_4106_280_with_camera_labels-180.png 592 928 26
big_dataset_depth/000000001915-segment-12027892938363296829_4086_280_4106_280_with_camera_labels-180.png 600 1072 18
big_dataset_depth/000000001915-segment-12027892938363296829_4086_280_4106_280_with_camera_labels-180.png 608 1064 18
big_dataset_depth/000000001915-segment-12027892938363296829_4086_280_4106_280_with_camera_labels-180.png 616 1064 18
big_dataset_depth/000000001915-segment-12027892938363296829_4086_280_4106_280_with_camera_labels-180.png 624 1040 18
big_dataset_depth/000000001915-segment-12027892938363296829_4086_280_4106_280_with_camera_labels-180.png 640 1016 17
big_dataset_depth/000000001915-segment-12027892938363296829_4086_280_4106_280_with_camera_labels-180.png 648 1032 18
big_dataset_depth/000000001915-segment-12027892938363296829_4086_280_4106_280_with_camera_labels-180.png 656 1024 17
big_dataset_depth/000000001915-segment-12027892938363296829_4086_280_4106_280_with_camera_labels-180.png 664 1024 17
big_dataset_depth/000000001915-segment-12027892938363296829_4086_280_4106_280_with_camera_labels-180.png 672 1024 18
big_dataset_depth/000000001915-segment-12027892938363296829_4086_280_4106_280_with_camera_labels-180.png 680 1016 17
big_dataset_depth/000000001915-segment-12027892938363296829_4086_280_4106_280_with_camera_labels-180.png 688 1024 17
big_dataset_depth/000000001915-segment-12027892938363296829_4086_280_4106_280_with_camera_labels-180.png 696 1032 18
big_dataset_depth/000000001915-segment-12027892938363296829_4086_280_4106_280_with_camera_labels-180.png 704 1016 17
big_dataset_depth/000000001915-segment-12027892938363296829_4086_280_4106_280_with_camera_labels-180.png 712 1024 17
big_dataset_depth/000000001915-segment-12027892938363296829_4086_280_4106_280_with_camera_labels-180.png 720 1016 17
big_dataset_depth/000000001915-segment-12027892938363296829_4086_280_4106_280_with_camera_labels-180.png 728 1024 17
big_dataset_depth/000000001915-segment-12027892938363296829_4086_280_4106_280_with_camera_labels-180.png 736 1024 17
big_dataset_depth/000000001915-segment-12027892938363296829_4086_280_4106_280_with_camera_labels-180.png 744 1016 17
big_dataset_depth/000000001915-segment-12027892938363296829_4086_280_4106_280_with_camera_labels-180.png 752 1008 17
big_dataset_depth/000000001915-segment-12027892938363296829_4086_280_4106_280_with_camera_labels-180.png 760 1016 17
big_dataset_depth/000000001915-segment-12027892938363296829_4086_280_4106_280_with_camera_labels-180.png 768 1024 17
big_dataset_depth/000000001915-segment-12027892938363296829_4086_280_4106_280_with_camera_labels-180.png 776 1032 18
big_dataset_depth/000000001915-segment-12027892938363296829_4086_280_4106_280_with_camera_labels-180.png 784 1016 17
big_dataset_depth/000000001915-segment-12027892938363296829_4086_280_4106_280_with_camera_labels-180.png 792 1024 17
big_dataset_depth/000000001915-segment-12027892938363296829_4086_280_4106_280_with_camera_labels-180.png 800 1016 17
big_dataset_depth/000000001915-segment-12027892938363296829_4086_280_4106_280_with_camera_labels-180.png 808 1064 18
big_dataset_depth/000000001915-segment-12027892938363296829_4086_280_4106_280_with_camera_labels-180.png 816 1024 17
big_dataset_depth/000000001915-segment-12027892938363296829_4086_280_4106_280_with_camera_labels-180.png 824 1024 17
big_dataset_depth/000000001915-segment-12027892938363296829_4086_280_4106_280_with_camera_labels-180.png 832 1064 18
big_dataset_depth/000000001915-segment-12027892938363296829_4086_280_4106_280_with_camera_labels-180.png 840 1008 17
big_dataset_depth/000000001915-segment-12027892938363296829_4086_280_4106_280_with_camera_labels-180.png 848 1024 17
big_dataset_depth/000000001915-segment-12027892938363296829_4086_280_4106_280_with_camera_labels-180.png 856 1064 18
big_dataset_depth/000000001915-segment-12027892938363296829_4086_280_4106_280_with_camera_labels-180.png 864 1016 17
big_dataset_depth/000000001915-segment-12027892938363296829_4086_280_4106_280_with_camera_labels-180.png 872 1024 17
big_dataset_depth/000000001915-segment-12027892938363296829_4086_280_4106_280_with_camera_labels-180.png 880 1024 17
big_dataset_depth/000000001915-segment-12027892938363296829_4086_280_4106_280_with_camera_labels-180.png 888 1048 18
big_dataset_depth/000000001915-segment-12027892938363296829_4086_280_4106_280_with_camera_labels-180.png 896 1056 18
big_dataset_depth/000000001915-segment-12027892938363296829_4086_280_4106_280_with_camera_labels-180.png 904 1120 16
big_dataset_depth/000000001915-segment-12027892938363296829_4086_280_4106_280_with_camera_labels-180.png 912 1056 18
big_dataset_depth/000000001915-segment-12027892938363296829_4086_280_4106_280_with_camera_labels-180.png 920 1056 18
big_dataset_depth/000000001915-segment-12027892938363296829_4086_280_4106_280_with_camera_labels-180.png 928 1040 18
big_dataset_depth/000000001915-segment-12027892938363296829_4086_280_4106_280_with_camera_labels-180.png 936 704 99
big_dataset_depth/000000001915-segment-12027892938363296829_4086_280_4106_280_with_camera_labels-180.png 944 704 99
big_dataset_depth/000000001915-segment-12027892938363296829_4086_280_4106_280_with_camera_labels-180.png 952 704 99
big_dataset_depth/000000001915-segment-12027892938363296829_4086_280_4106_280_with_camera_labels-180.png 960 696 99
big_dataset_depth/000000001915-segment-12027892938363296829_4086_280_4106_280_with_camera_labels-180.png 968 704 99
big_dataset_depth/000000001915-segment-12027892938363296829_4086_280_4106_280_with_camera_labels-180.png 976 688 99
big_dataset_depth/000000001915-segment-12027892938363296829_4086_280_4106_280_with_camera_labels-180.png 1064 704 96
big_dataset_depth/000000001915-segment-12027892938363296829_4086_280_4106_280_with_camera_labels-180.png 1072 704 97
big_dataset_depth/000000001915-segment-12027892938363296829_4086_280_4106_280_with_camera_labels-180.png 1080 720 82
big_dataset_depth/000000001915-segment-12027892938363296829_4086_280_4106_280_with_camera_labels-180.png 1088 720 82
big_dataset_depth/000000001915-segment-12027892938363296829_4086_280_4106_280_with_camera_labels-180.png 1096 704 81
big_dataset_depth/000000001915-segment-12027892938363296829_4086_280_4106_280_with_camera_labels-180.png 1104 712 82
big_dataset_depth/000000001915-segment-12027892938363296829_4086_280_4106_280_with_camera_labels-180.png 1112 720 83
big_dataset_depth/000000001915-segment-12027892938363296829_4086_280_4106_280_with_camera_labels-180.png 1120 712 82
big_dataset_depth/000000001915-segment-12027892938363296829_4086_280_4106_280_with_camera_labels-180.png 1128 720 83
big_dataset_depth/000000001915-segment-12027892938363296829_4086_280_4106_280_with_camera_labels-180.png 1136 704 82
big_dataset_depth/000000001915-segment-12027892938363296829_4086_280_4106_280_with_camera_labels-180.png 1144 728 77
big_dataset_depth/000000001915-segment-12027892938363296829_4086_280_4106_280_with_camera_labels-180.png 1152 744 73
big_dataset_depth/000000001915-segment-12027892938363296829_4086_280_4106_280_with_camera_labels-180.png 1160 712 106
big_dataset_depth/000000001915-segment-12027892938363296829_4086_280_4106_280_with_camera_labels-180.png 1184 608 79
big_dataset_depth/000000001915-segment-12027892938363296829_4086_280_4106_280_with_camera_labels-180.png 1192 608 78
big_dataset_depth/000000001915-segment-12027892938363296829_4086_280_4106_280_with_camera_labels-180.png 1200 600 76
big_dataset_depth/000000001915-segment-12027892938363296829_4086_280_4106_280_with_camera_labels-180.png 1208 608 76
big_dataset_depth/000000001915-segment-12027892938363296829_4086_280_4106_280_with_camera_labels-180.png 1216 664 80
big_dataset_depth/000000001915-segment-12027892938363296829_4086_280_4106_280_with_camera_labels-180.png 1224 728 82
big_dataset_depth/000000001915-segment-12027892938363296829_4086_280_4106_280_with_camera_labels-180.png 1232 600 75
big_dataset_depth/000000001915-segment-12027892938363296829_4086_280_4106_280_with_camera_labels-180.png 1240 664 77
big_dataset_depth/000000001915-segment-12027892938363296829_4086_280_4106_280_with_camera_labels-180.png 1248 608 73
big_dataset_depth/000000001915-segment-12027892938363296829_4086_280_4106_280_with_camera_labels-180.png 1256 736 74
big_dataset_depth/000000001915-segment-12027892938363296829_4086_280_4106_280_with_camera_labels-180.png 1264 704 101
big_dataset_depth/000000001915-segment-12027892938363296829_4086_280_4106_280_with_camera_labels-180.png 1272 720 82
big_dataset_depth/000000001915-segment-12027892938363296829_4086_280_4106_280_with_camera_labels-180.png 1280 720 82
big_dataset_depth/000000001915-segment-12027892938363296829_4086_280_4106_280_with_camera_labels-180.png 1288 696 99
big_dataset_depth/000000001915-segment-12027892938363296829_4086_280_4106_280_with_camera_labels-180.png 1296 704 97
big_dataset_depth/000000001915-segment-12027892938363296829_4086_280_4106_280_with_camera_labels-180.png 1304 704 97
big_dataset_depth/000000001915-segment-12027892938363296829_4086_280_4106_280_with_camera_labels-180.png 1312 704 97
big_dataset_depth/000000001915-segment-12027892938363296829_4086_280_4106_280_with_camera_labels-180.png 1320 696 97
big_dataset_depth/000000001915-segment-12027892938363296829_4086_280_4106_280_with_camera_labels-180.png 1328 688 97
big_dataset_depth/000000001915-segment-12027892938363296829_4086_280_4106_280_with_camera_labels-180.png 1336 632 72
big_dataset_depth/000000001915-segment-12027892938363296829_4086_280_4106_280_with_camera_labels-180.png 1344 704 89
big_dataset_depth/000000001915-segment-12027892938363296829_4086_280_4106_280_with_camera_labels-180.png 1352 688 95
big_dataset_depth/000000001915-segment-12027892938363296829_4086_280_4106_280_with_camera_labels-180.png 1368 664 86
big_dataset_depth/000000001915-segment-12027892938363296829_4086_280_4106_280_with_camera_labels-180.png 1376 704 80
big_dataset_depth/000000001915-segment-12027892938363296829_4086_280_4106_280_with_camera_labels-180.png 1384 712 80
big_dataset_depth/000000001915-segment-12027892938363296829_4086_280_4106_280_with_camera_labels-180.png 1392 696 84
big_dataset_depth/000000001915-segment-12027892938363296829_4086_280_4106_280_with_camera_labels-180.png 1400 696 89
big_dataset_depth/000000001915-segment-12027892938363296829_4086_280_4106_280_with_camera_labels-180.png 1408 688 84
big_dataset_depth/000000001915-segment-12027892938363296829_4086_280_4106_280_with_camera_labels-180.png 1416 712 73
big_dataset_depth/000000001915-segment-12027892938363296829_4086_280_4106_280_with_camera_labels-180.png 1424 752 57
big_dataset_depth/000000001915-segment-12027892938363296829_4086_280_4106_280_with_camera_labels-180.png 1432 752 57
big_dataset_depth/000000001915-segment-12027892938363296829_4086_280_4106_280_with_camera_labels-180.png 1440 824 36
big_dataset_depth/000000001915-segment-12027892938363296829_4086_280_4106_280_with_camera_labels-180.png 1456 832 36
big_dataset_depth/000000001915-segment-12027892938363296829_4086_280_4106_280_with_camera_labels-180.png 1464 848 36
big_dataset_depth/000000001915-segment-12027892938363296829_4086_280_4106_280_with_camera_labels-180.png 1472 824 36
big_dataset_depth/000000001915-segment-12027892938363296829_4086_280_4106_280_with_camera_labels-180.png 1480 824 36
big_dataset_depth/000000001915-segment-12027892938363296829_4086_280_4106_280_with_camera_labels-180.png 1488 832 36
big_dataset_depth/000000001915-segment-12027892938363296829_4086_280_4106_280_with_camera_labels-180.png 1496 824 36
big_dataset_depth/000000001915-segment-12027892938363296829_4086_280_4106_280_with_camera_labels-180.png 1504 832 36
big_dataset_depth/000000001915-segment-12027892938363296829_4086_280_4106_280_with_camera_labels-180.png 1512 816 35
big_dataset_depth/000000001915-segment-12027892938363296829_4086_280_4106_280_with_camera_labels-180.png 1520 824 35
big_dataset_depth/000000001915-segment-12027892938363296829_4086_280_4106_280_with_camera_labels-180.png 1528 824 35
big_dataset_depth/000000001915-segment-12027892938363296829_4086_280_4106_280_with_camera_labels-180.png 1536 824 35
big_dataset_depth/000000001915-segment-12027892938363296829_4086_280_4106_280_with_camera_labels-180.png 1544 848 36
big_dataset_depth/000000001915-segment-12027892938363296829_4086_280_4106_280_with_camera_labels-180.png 1552 824 36
big_dataset_depth/000000001915-segment-12027892938363296829_4086_280_4106_280_with_camera_labels-180.png 1560 824 35
big_dataset_depth/000000001915-segment-12027892938363296829_4086_280_4106_280_with_camera_labels-180.png 1568 832 36
big_dataset_depth/000000001915-segment-12027892938363296829_4086_280_4106_280_with_camera_labels-180.png 1576 824 35
big_dataset_depth/000000001915-segment-12027892938363296829_4086_280_4106_280_with_camera_labels-180.png 1584 824 36
big_dataset_depth/000000001915-segment-12027892938363296829_4086_280_4106_280_with_camera_labels-180.png 1592 832 37
big_dataset_depth/000000001915-segment-12027892938363296829_4086_280_4106_280_with_camera_labels-180.png 1600 824 36
big_dataset_depth/000000001915-segment-12027892938363296829_4086_280_4106_280_with_camera_labels-180.png 1608 840 36
big_dataset_depth/000000001915-segment-12027892938363296829_4086_280_4106_280_with_camera_labels-180.png 1616 840 36
big_dataset_depth/000000001915-segment-12027892938363296829_4086_280_4106_280_with_camera_labels-180.png 1624 840 36
big_dataset_depth/000000001915-segment-12027892938363296829_4086_280_4106_280_with_camera_labels-180.png 1632 840 37
big_dataset_depth/000000001915-segment-12027892938363296829_4086_280_4106_280_with_camera_labels-180.png 1640 840 37
big_dataset_depth/000000001915-segment-12027892938363296829_4086_280_4106_280_with_camera_labels-180.png 1648 808 37
big_dataset_depth/000000001915-segment-12027892938363296829_4086_280_4106_280_with_camera_labels-180.png 1656 816 38
big_dataset_depth/000000001915-segment-12027892938363296829_4086_280_4106_280_with_camera_labels-180.png 1664 808 38
big_dataset_depth/000000001915-segment-12027892938363296829_4086_280_4106_280_with_camera_labels-180.png 1672 816 38
big_dataset_depth/000000001915-segment-12027892938363296829_4086_280_4106_280_with_camera_labels-180.png 1680 808 38
big_dataset_depth/000000001915-segment-12027892938363296829_4086_280_4106_280_with_camera_labels-180.png 1688 816 39
big_dataset_depth/000000001915-segment-12027892938363296829_4086_280_4106_280_with_camera_labels-180.png 1696 792 38
big_dataset_depth/000000001915-segment-12027892938363296829_4086_280_4106_280_with_camera_labels-180.png 1704 864 33
big_dataset_depth/000000001915-segment-12027892938363296829_4086_280_4106_280_with_camera_labels-180.png 1712 792 39
big_dataset_depth/000000001915-segment-12027892938363296829_4086_280_4106_280_with_camera_labels-180.png 1720 792 39
big_dataset_depth/000000001915-segment-12027892938363296829_4086_280_4106_280_with_camera_labels-180.png 1728 808 39
big_dataset_depth/000000001915-segment-12027892938363296829_4086_280_4106_280_with_camera_labels-180.png 1736 632 101
big_dataset_depth/000000001915-segment-12027892938363296829_4086_280_4106_280_with_camera_labels-180.png 1744 880 31
big_dataset_depth/000000001915-segment-12027892938363296829_4086_280_4106_280_with_camera_labels-180.png 1752 832 35
big_dataset_depth/000000001915-segment-12027892938363296829_4086_280_4106_280_with_camera_labels-180.png 1760 808 42
big_dataset_depth/000000001915-segment-12027892938363296829_4086_280_4106_280_with_camera_labels-180.png 1768 880 31
big_dataset_depth/000000001915-segment-12027892938363296829_4086_280_4106_280_with_camera_labels-180.png 1776 744 52
big_dataset_depth/000000001915-segment-12027892938363296829_4086_280_4106_280_with_camera_labels-180.png 1784 832 32
big_dataset_depth/000000001915-segment-12027892938363296829_4086_280_4106_280_with_camera_labels-180.png 1792 856 32
big_dataset_depth/000000001915-segment-12027892938363296829_4086_280_4106_280_with_camera_labels-180.png 1800 896 29
big_dataset_depth/000000001915-segment-12027892938363296829_4086_280_4106_280_with_camera_labels-180.png 1808 896 29
big_dataset_depth/000000001915-segment-12027892938363296829_4086_280_4106_280_with_camera_labels-180.png 1816 896 29
big_dataset_depth/000000001915-segment-12027892938363296829_4086_280_4106_280_with_camera_labels-180.png 1824 840 32
big_dataset_depth/000000001915-segment-12027892938363296829_4086_280_4106_280_with_camera_labels-180.png 1832 896 29
big_dataset_depth/000000001915-segment-12027892938363296829_4086_280_4106_280_with_camera_labels-180.png 1848 912 28
big_dataset_depth/000000001915-segment-12027892938363296829_4086_280_4106_280_with_camera_labels-180.png 1856 872 34
big_dataset_depth/000000001915-segment-12027892938363296829_4086_280_4106_280_with_camera_labels-180.png 1864 912 28
big_dataset_depth/000000001915-segment-12027892938363296829_4086_280_4106_280_with_camera_labels-180.png 1872 912 28
big_dataset_depth/000000001915-segment-12027892938363296829_4086_280_4106_280_with_camera_labels-180.png 1880 848 36
big_dataset_depth/000000001915-segment-12027892938363296829_4086_280_4106_280_with_camera_labels-180.png 1888 864 33
big_dataset_depth/000000001915-segment-12027892938363296829_4086_280_4106_280_with_camera_labels-180.png 1896 832 40
big_dataset_depth/000000001915-segment-12027892938363296829_4086_280_4106_280_with_camera_labels-180.png 1904 752 53
big_dataset_depth/000000001915-segment-12027892938363296829_4086_280_4106_280_with_camera_labels-180.png 1912 808 52
