big_dataset_depth/000000001493-segment-1172406780360799916_1660_000_1680_000_with_camera_labels-140.png 0 776 34
big_dataset_depth/000000001493-segment-1172406780360799916_1660_000_1680_000_with_camera_labels-140.png 8 856 30
big_dataset_depth/000000001493-segment-1172406780360799916_1660_000_1680_000_with_camera_labels-140.png 16 760 40
big_dataset_depth/000000001493-segment-1172406780360799916_1660_000_1680_000_with_camera_labels-140.png 24 976 21
big_dataset_depth/000000001493-segment-1172406780360799916_1660_000_1680_000_with_camera_labels-140.png 32 856 30
big_dataset_depth/000000001493-segment-1172406780360799916_1660_000_1680_000_with_camera_labels-140.png 40 1000 20
big_dataset_depth/000000001493-segment-1172406780360799916_1660_000_1680_000_with_camera_labels-140.png 48 872 31
big_dataset_depth/000000001493-segment-1172406780360799916_1660_000_1680_000_with_camera_labels-140.png 56 984 20
big_dataset_depth/000000001493-segment-1172406780360799916_1660_000_1680_000_with_camera_labels-140.png 64 976 21
big_dataset_depth/000000001493-segment-1172406780360799916_1660_000_1680_000_with_camera_labels-140.png 72 976 21
big_dataset_depth/000000001493-segment-1172406780360799916_1660_000_1680_000_with_camera_labels-140.png 80 960 21
big_dataset_depth/000000001493-segment-1172406780360799916_1660_000_1680_000_with_camera_labels-140.png 96 928 22
big_dataset_depth/000000001493-segment-1172406780360799916_1660_000_1680_000_with_camera_labels-140.png 104 912 22
big_dataset_depth/000000001493-segment-1172406780360799916_1660_000_1680_000_with_camera_labels-140.png 112 912 22
big_dataset_depth/000000001493-segment-1172406780360799916_1660_000_1680_000_with_camera_labels-140.png 120 864 22
big_dataset_depth/000000001493-segment-1172406780360799916_1660_000_1680_000_with_camera_labels-140.png 128 928 23
big_dataset_depth/000000001493-segment-1172406780360799916_1660_000_1680_000_with_camera_labels-140.png 136 896 23
big_dataset_depth/000000001493-segment-1172406780360799916_1660_000_1680_000_with_camera_labels-140.png 144 896 23
big_dataset_depth/000000001493-segment-1172406780360799916_1660_000_1680_000_with_camera_labels-140.png 152 896 23
big_dataset_depth/000000001493-segment-1172406780360799916_1660_000_1680_000_with_camera_labels-140.png 160 896 24
big_dataset_depth/000000001493-segment-1172406780360799916_1660_000_1680_000_with_camera_labels-140.png 168 912 24
big_dataset_depth/000000001493-segment-1172406780360799916_1660_000_1680_000_with_camera_labels-140.png 176 912 24
big_dataset_depth/000000001493-segment-1172406780360799916_1660_000_1680_000_with_camera_labels-140.png 184 912 24
big_dataset_depth/000000001493-segment-1172406780360799916_1660_000_1680_000_with_camera_labels-140.png 192 896 25
big_dataset_depth/000000001493-segment-1172406780360799916_1660_000_1680_000_with_camera_labels-140.png 208 808 30
big_dataset_depth/000000001493-segment-1172406780360799916_1660_000_1680_000_with_camera_labels-140.png 216 792 33
big_dataset_depth/000000001493-segment-1172406780360799916_1660_000_1680_000_with_camera_labels-140.png 224 768 33
big_dataset_depth/000000001493-segment-1172406780360799916_1660_000_1680_000_with_camera_labels-140.png 232 808 33
big_dataset_depth/000000001493-segment-1172406780360799916_1660_000_1680_000_with_camera_labels-140.png 240 792 33
big_dataset_depth/000000001493-segment-1172406780360799916_1660_000_1680_000_with_camera_labels-140.png 248 808 34
big_dataset_depth/000000001493-segment-1172406780360799916_1660_000_1680_000_with_camera_labels-140.png 256 800 33
big_dataset_depth/000000001493-segment-1172406780360799916_1660_000_1680_000_with_camera_labels-140.png 264 808 34
big_dataset_depth/000000001493-segment-1172406780360799916_1660_000_1680_000_with_camera_labels-140.png 272 800 34
big_dataset_depth/000000001493-segment-1172406780360799916_1660_000_1680_000_with_camera_labels-140.png 280 792 33
big_dataset_depth/000000001493-segment-1172406780360799916_1660_000_1680_000_with_camera_labels-140.png 288 784 33
big_dataset_depth/000000001493-segment-1172406780360799916_1660_000_1680_000_with_camera_labels-140.png 296 784 34
big_dataset_depth/000000001493-segment-1172406780360799916_1660_000_1680_000_with_camera_labels-140.png 304 784 33
big_dataset_depth/000000001493-segment-1172406780360799916_1660_000_1680_000_with_camera_labels-140.png 312 768 33
big_dataset_depth/000000001493-segment-1172406780360799916_1660_000_1680_000_with_camera_labels-140.png 320 784 34
big_dataset_depth/000000001493-segment-1172406780360799916_1660_000_1680_000_with_camera_labels-140.png 328 800 33
big_dataset_depth/000000001493-segment-1172406780360799916_1660_000_1680_000_with_camera_labels-140.png 336 792 34
big_dataset_depth/000000001493-segment-1172406780360799916_1660_000_1680_000_with_camera_labels-140.png 344 800 34
big_dataset_depth/000000001493-segment-1172406780360799916_1660_000_1680_000_with_camera_labels-140.png 352 792 34
big_dataset_depth/000000001493-segment-1172406780360799916_1660_000_1680_000_with_camera_labels-140.png 360 800 34
big_dataset_depth/000000001493-segment-1172406780360799916_1660_000_1680_000_with_camera_labels-140.png 368 792 34
big_dataset_depth/000000001493-segment-1172406780360799916_1660_000_1680_000_with_camera_labels-140.png 376 752 35
big_dataset_depth/000000001493-segment-1172406780360799916_1660_000_1680_000_with_camera_labels-140.png 384 752 36
big_dataset_depth/000000001493-segment-1172406780360799916_1660_000_1680_000_with_camera_labels-140.png 392 736 36
big_dataset_depth/000000001493-segment-1172406780360799916_1660_000_1680_000_with_camera_labels-140.png 400 752 38
big_dataset_depth/000000001493-segment-1172406780360799916_1660_000_1680_000_with_camera_labels-140.png 408 760 39
big_dataset_depth/000000001493-segment-1172406780360799916_1660_000_1680_000_with_camera_labels-140.png 424 712 48
big_dataset_depth/000000001493-segment-1172406780360799916_1660_000_1680_000_with_camera_labels-140.png 432 712 49
big_dataset_depth/000000001493-segment-1172406780360799916_1660_000_1680_000_with_camera_labels-140.png 440 696 49
big_dataset_depth/000000001493-segment-1172406780360799916_1660_000_1680_000_with_camera_labels-140.png 448 688 53
big_dataset_depth/000000001493-segment-1172406780360799916_1660_000_1680_000_with_camera_labels-140.png 456 680 54
big_dataset_depth/000000001493-segment-1172406780360799916_1660_000_1680_000_with_camera_labels-140.png 464 672 57
big_dataset_depth/000000001493-segment-1172406780360799916_1660_000_1680_000_with_camera_labels-140.png 472 672 59
big_dataset_depth/000000001493-segment-1172406780360799916_1660_000_1680_000_with_camera_labels-140.png 480 648 61
big_dataset_depth/000000001493-segment-1172406780360799916_1660_000_1680_000_with_camera_labels-140.png 488 624 70
big_dataset_depth/000000001493-segment-1172406780360799916_1660_000_1680_000_with_camera_labels-140.png 496 624 70
big_dataset_depth/000000001493-segment-1172406780360799916_1660_000_1680_000_with_camera_labels-140.png 504 624 70
big_dataset_depth/000000001493-segment-1172406780360799916_1660_000_1680_000_with_camera_labels-140.png 512 624 71
big_dataset_depth/000000001493-segment-1172406780360799916_1660_000_1680_000_with_camera_labels-140.png 520 632 71
big_dataset_depth/000000001493-segment-1172406780360799916_1660_000_1680_000_with_camera_labels-140.png 528 600 83
big_dataset_depth/000000001493-segment-1172406780360799916_1660_000_1680_000_with_camera_labels-140.png 536 592 87
big_dataset_depth/000000001493-segment-1172406780360799916_1660_000_1680_000_with_camera_labels-140.png 552 560 102
big_dataset_depth/000000001493-segment-1172406780360799916_1660_000_1680_000_with_camera_labels-140.png 856 552 102
big_dataset_depth/000000001493-segment-1172406780360799916_1660_000_1680_000_with_camera_labels-140.png 872 696 48
big_dataset_depth/000000001493-segment-1172406780360799916_1660_000_1680_000_with_camera_labels-140.png 880 696 48
big_dataset_depth/000000001493-segment-1172406780360799916_1660_000_1680_000_with_camera_labels-140.png 888 648 46
big_dataset_depth/000000001493-segment-1172406780360799916_1660_000_1680_000_with_camera_labels-140.png 896 712 44
big_dataset_depth/000000001493-segment-1172406780360799916_1660_000_1680_000_with_camera_labels-140.png 904 712 44
big_dataset_depth/000000001493-segment-1172406780360799916_1660_000_1680_000_with_camera_labels-140.png 912 680 43
big_dataset_depth/000000001493-segment-1172406780360799916_1660_000_1680_000_with_camera_labels-140.png 920 688 44
big_dataset_depth/000000001493-segment-1172406780360799916_1660_000_1680_000_with_camera_labels-140.png 928 696 45
big_dataset_depth/000000001493-segment-1172406780360799916_1660_000_1680_000_with_camera_labels-140.png 936 680 43
big_dataset_depth/000000001493-segment-1172406780360799916_1660_000_1680_000_with_camera_labels-140.png 944 680 43
big_dataset_depth/000000001493-segment-1172406780360799916_1660_000_1680_000_with_camera_labels-140.png 952 680 43
big_dataset_depth/000000001493-segment-1172406780360799916_1660_000_1680_000_with_camera_labels-140.png 960 680 43
big_dataset_depth/000000001493-segment-1172406780360799916_1660_000_1680_000_with_camera_labels-140.png 968 680 44
big_dataset_depth/000000001493-segment-1172406780360799916_1660_000_1680_000_with_camera_labels-140.png 976 680 44
big_dataset_depth/000000001493-segment-1172406780360799916_1660_000_1680_000_with_camera_labels-140.png 984 688 44
big_dataset_depth/000000001493-segment-1172406780360799916_1660_000_1680_000_with_camera_labels-140.png 992 680 44
big_dataset_depth/000000001493-segment-1172406780360799916_1660_000_1680_000_with_camera_labels-140.png 1000 712 45
big_dataset_depth/000000001493-segment-1172406780360799916_1660_000_1680_000_with_camera_labels-140.png 1008 704 44
big_dataset_depth/000000001493-segment-1172406780360799916_1660_000_1680_000_with_camera_labels-140.png 1016 712 46
big_dataset_depth/000000001493-segment-1172406780360799916_1660_000_1680_000_with_camera_labels-140.png 1024 632 64
big_dataset_depth/000000001493-segment-1172406780360799916_1660_000_1680_000_with_camera_labels-140.png 1032 632 64
big_dataset_depth/000000001493-segment-1172406780360799916_1660_000_1680_000_with_camera_labels-140.png 1040 632 64
big_dataset_depth/000000001493-segment-1172406780360799916_1660_000_1680_000_with_camera_labels-140.png 1048 616 68
big_dataset_depth/000000001493-segment-1172406780360799916_1660_000_1680_000_with_camera_labels-140.png 1056 632 64
big_dataset_depth/000000001493-segment-1172406780360799916_1660_000_1680_000_with_camera_labels-140.png 1064 624 64
big_dataset_depth/000000001493-segment-1172406780360799916_1660_000_1680_000_with_camera_labels-140.png 1072 624 64
big_dataset_depth/000000001493-segment-1172406780360799916_1660_000_1680_000_with_camera_labels-140.png 1080 624 64
big_dataset_depth/000000001493-segment-1172406780360799916_1660_000_1680_000_with_camera_labels-140.png 1088 624 64
big_dataset_depth/000000001493-segment-1172406780360799916_1660_000_1680_000_with_camera_labels-140.png 1096 624 64
big_dataset_depth/000000001493-segment-1172406780360799916_1660_000_1680_000_with_camera_labels-140.png 1104 608 64
big_dataset_depth/000000001493-segment-1172406780360799916_1660_000_1680_000_with_camera_labels-140.png 1112 616 65
big_dataset_depth/000000001493-segment-1172406780360799916_1660_000_1680_000_with_camera_labels-140.png 1120 616 64
big_dataset_depth/000000001493-segment-1172406780360799916_1660_000_1680_000_with_camera_labels-140.png 1128 616 63
big_dataset_depth/000000001493-segment-1172406780360799916_1660_000_1680_000_with_camera_labels-140.png 1136 624 61
big_dataset_depth/000000001493-segment-1172406780360799916_1660_000_1680_000_with_camera_labels-140.png 1144 776 34
big_dataset_depth/000000001493-segment-1172406780360799916_1660_000_1680_000_with_camera_labels-140.png 1152 672 52
big_dataset_depth/000000001493-segment-1172406780360799916_1660_000_1680_000_with_camera_labels-140.png 1160 632 58
big_dataset_depth/000000001493-segment-1172406780360799916_1660_000_1680_000_with_camera_labels-140.png 1168 648 56
big_dataset_depth/000000001493-segment-1172406780360799916_1660_000_1680_000_with_camera_labels-140.png 1176 640 57
big_dataset_depth/000000001493-segment-1172406780360799916_1660_000_1680_000_with_camera_labels-140.png 1184 624 58
big_dataset_depth/000000001493-segment-1172406780360799916_1660_000_1680_000_with_camera_labels-140.png 1192 640 57
big_dataset_depth/000000001493-segment-1172406780360799916_1660_000_1680_000_with_camera_labels-140.png 1200 632 58
big_dataset_depth/000000001493-segment-1172406780360799916_1660_000_1680_000_with_camera_labels-140.png 1208 648 54
big_dataset_depth/000000001493-segment-1172406780360799916_1660_000_1680_000_with_camera_labels-140.png 1216 648 55
big_dataset_depth/000000001493-segment-1172406780360799916_1660_000_1680_000_with_camera_labels-140.png 1224 656 53
big_dataset_depth/000000001493-segment-1172406780360799916_1660_000_1680_000_with_camera_labels-140.png 1232 656 53
big_dataset_depth/000000001493-segment-1172406780360799916_1660_000_1680_000_with_camera_labels-140.png 1240 664 49
big_dataset_depth/000000001493-segment-1172406780360799916_1660_000_1680_000_with_camera_labels-140.png 1248 664 49
big_dataset_depth/000000001493-segment-1172406780360799916_1660_000_1680_000_with_camera_labels-140.png 1256 656 49
big_dataset_depth/000000001493-segment-1172406780360799916_1660_000_1680_000_with_camera_labels-140.png 1264 656 49
big_dataset_depth/000000001493-segment-1172406780360799916_1660_000_1680_000_with_camera_labels-140.png 1272 656 49
big_dataset_depth/000000001493-segment-1172406780360799916_1660_000_1680_000_with_camera_labels-140.png 1280 656 49
big_dataset_depth/000000001493-segment-1172406780360799916_1660_000_1680_000_with_camera_labels-140.png 1288 656 49
big_dataset_depth/000000001493-segment-1172406780360799916_1660_000_1680_000_with_camera_labels-140.png 1296 648 50
big_dataset_depth/000000001493-segment-1172406780360799916_1660_000_1680_000_with_camera_labels-140.png 1304 656 49
big_dataset_depth/000000001493-segment-1172406780360799916_1660_000_1680_000_with_camera_labels-140.png 1312 728 39
big_dataset_depth/000000001493-segment-1172406780360799916_1660_000_1680_000_with_camera_labels-140.png 1320 760 35
big_dataset_depth/000000001493-segment-1172406780360799916_1660_000_1680_000_with_camera_labels-140.png 1328 728 38
big_dataset_depth/000000001493-segment-1172406780360799916_1660_000_1680_000_with_camera_labels-140.png 1336 728 38
big_dataset_depth/000000001493-segment-1172406780360799916_1660_000_1680_000_with_camera_labels-140.png 1344 728 37
big_dataset_depth/000000001493-segment-1172406780360799916_1660_000_1680_000_with_camera_labels-140.png 1352 728 37
big_dataset_depth/000000001493-segment-1172406780360799916_1660_000_1680_000_with_camera_labels-140.png 1360 728 37
big_dataset_depth/000000001493-segment-1172406780360799916_1660_000_1680_000_with_camera_labels-140.png 1368 728 37
big_dataset_depth/000000001493-segment-1172406780360799916_1660_000_1680_000_with_camera_labels-140.png 1376 728 37
big_dataset_depth/000000001493-segment-1172406780360799916_1660_000_1680_000_with_camera_labels-140.png 1384 752 34
big_dataset_depth/000000001493-segment-1172406780360799916_1660_000_1680_000_with_camera_labels-140.png 1392 752 34
big_dataset_depth/000000001493-segment-1172406780360799916_1660_000_1680_000_with_camera_labels-140.png 1400 720 37
big_dataset_depth/000000001493-segment-1172406780360799916_1660_000_1680_000_with_camera_labels-140.png 1408 728 36
big_dataset_depth/000000001493-segment-1172406780360799916_1660_000_1680_000_with_camera_labels-140.png 1416 912 23
big_dataset_depth/000000001493-segment-1172406780360799916_1660_000_1680_000_with_camera_labels-140.png 1424 912 23
big_dataset_depth/000000001493-segment-1172406780360799916_1660_000_1680_000_with_camera_labels-140.png 1440 928 22
big_dataset_depth/000000001493-segment-1172406780360799916_1660_000_1680_000_with_camera_labels-140.png 1448 928 22
big_dataset_depth/000000001493-segment-1172406780360799916_1660_000_1680_000_with_camera_labels-140.png 1456 864 26
big_dataset_depth/000000001493-segment-1172406780360799916_1660_000_1680_000_with_camera_labels-140.png 1464 864 26
big_dataset_depth/000000001493-segment-1172406780360799916_1660_000_1680_000_with_camera_labels-140.png 1472 808 29
big_dataset_depth/000000001493-segment-1172406780360799916_1660_000_1680_000_with_camera_labels-140.png 1480 792 29
big_dataset_depth/000000001493-segment-1172406780360799916_1660_000_1680_000_with_camera_labels-140.png 1488 808 29
big_dataset_depth/000000001493-segment-1172406780360799916_1660_000_1680_000_with_camera_labels-140.png 1496 704 38
big_dataset_depth/000000001493-segment-1172406780360799916_1660_000_1680_000_with_camera_labels-140.png 1504 800 29
big_dataset_depth/000000001493-segment-1172406780360799916_1660_000_1680_000_with_camera_labels-140.png 1512 792 29
big_dataset_depth/000000001493-segment-1172406780360799916_1660_000_1680_000_with_camera_labels-140.png 1520 816 29
big_dataset_depth/000000001493-segment-1172406780360799916_1660_000_1680_000_with_camera_labels-140.png 1528 792 29
big_dataset_depth/000000001493-segment-1172406780360799916_1660_000_1680_000_with_camera_labels-140.png 1536 720 35
big_dataset_depth/000000001493-segment-1172406780360799916_1660_000_1680_000_with_camera_labels-140.png 1544 792 30
big_dataset_depth/000000001493-segment-1172406780360799916_1660_000_1680_000_with_camera_labels-140.png 1560 792 30
big_dataset_depth/000000001493-segment-1172406780360799916_1660_000_1680_000_with_camera_labels-140.png 1568 792 30
big_dataset_depth/000000001493-segment-1172406780360799916_1660_000_1680_000_with_camera_labels-140.png 1576 792 30
big_dataset_depth/000000001493-segment-1172406780360799916_1660_000_1680_000_with_camera_labels-140.png 1584 792 30
big_dataset_depth/000000001493-segment-1172406780360799916_1660_000_1680_000_with_camera_labels-140.png 1592 792 30
big_dataset_depth/000000001493-segment-1172406780360799916_1660_000_1680_000_with_camera_labels-140.png 1600 792 30
big_dataset_depth/000000001493-segment-1172406780360799916_1660_000_1680_000_with_camera_labels-140.png 1608 792 30
big_dataset_depth/000000001493-segment-1172406780360799916_1660_000_1680_000_with_camera_labels-140.png 1632 776 24
big_dataset_depth/000000001493-segment-1172406780360799916_1660_000_1680_000_with_camera_labels-140.png 1640 832 25
big_dataset_depth/000000001493-segment-1172406780360799916_1660_000_1680_000_with_camera_labels-140.png 1648 848 25
big_dataset_depth/000000001493-segment-1172406780360799916_1660_000_1680_000_with_camera_labels-140.png 1656 848 25
big_dataset_depth/000000001493-segment-1172406780360799916_1660_000_1680_000_with_camera_labels-140.png 1664 848 25
big_dataset_depth/000000001493-segment-1172406780360799916_1660_000_1680_000_with_camera_labels-140.png 1672 832 25
big_dataset_depth/000000001493-segment-1172406780360799916_1660_000_1680_000_with_camera_labels-140.png 1680 848 25
big_dataset_depth/000000001493-segment-1172406780360799916_1660_000_1680_000_with_camera_labels-140.png 1696 832 23
big_dataset_depth/000000001493-segment-1172406780360799916_1660_000_1680_000_with_camera_labels-140.png 1704 840 23
big_dataset_depth/000000001493-segment-1172406780360799916_1660_000_1680_000_with_camera_labels-140.png 1712 880 23
big_dataset_depth/000000001493-segment-1172406780360799916_1660_000_1680_000_with_camera_labels-140.png 1720 880 23
big_dataset_depth/000000001493-segment-1172406780360799916_1660_000_1680_000_with_camera_labels-140.png 1728 872 23
big_dataset_depth/000000001493-segment-1172406780360799916_1660_000_1680_000_with_camera_labels-140.png 1736 896 23
big_dataset_depth/000000001493-segment-1172406780360799916_1660_000_1680_000_with_camera_labels-140.png 1744 888 23
big_dataset_depth/000000001493-segment-1172406780360799916_1660_000_1680_000_with_camera_labels-140.png 1752 872 23
big_dataset_depth/000000001493-segment-1172406780360799916_1660_000_1680_000_with_camera_labels-140.png 1760 880 23
big_dataset_depth/000000001493-segment-1172406780360799916_1660_000_1680_000_with_camera_labels-140.png 1768 848 23
big_dataset_depth/000000001493-segment-1172406780360799916_1660_000_1680_000_with_camera_labels-140.png 1776 880 23
big_dataset_depth/000000001493-segment-1172406780360799916_1660_000_1680_000_with_camera_labels-140.png 1784 848 23
big_dataset_depth/000000001493-segment-1172406780360799916_1660_000_1680_000_with_camera_labels-140.png 1792 880 23
big_dataset_depth/000000001493-segment-1172406780360799916_1660_000_1680_000_with_camera_labels-140.png 1800 832 23
big_dataset_depth/000000001493-segment-1172406780360799916_1660_000_1680_000_with_camera_labels-140.png 1808 816 23
big_dataset_depth/000000001493-segment-1172406780360799916_1660_000_1680_000_with_camera_labels-140.png 1816 808 23
big_dataset_depth/000000001493-segment-1172406780360799916_1660_000_1680_000_with_camera_labels-140.png 1824 824 24
big_dataset_depth/000000001493-segment-1172406780360799916_1660_000_1680_000_with_camera_labels-140.png 1832 856 24
big_dataset_depth/000000001493-segment-1172406780360799916_1660_000_1680_000_with_camera_labels-140.png 1840 880 23
big_dataset_depth/000000001493-segment-1172406780360799916_1660_000_1680_000_with_camera_labels-140.png 1856 864 23
big_dataset_depth/000000001493-segment-1172406780360799916_1660_000_1680_000_with_camera_labels-140.png 1864 864 23
big_dataset_depth/000000001493-segment-1172406780360799916_1660_000_1680_000_with_camera_labels-140.png 1872 800 23
big_dataset_depth/000000001493-segment-1172406780360799916_1660_000_1680_000_with_camera_labels-140.png 1888 880 22
big_dataset_depth/000000001493-segment-1172406780360799916_1660_000_1680_000_with_camera_labels-140.png 1896 888 22
big_dataset_depth/000000001493-segment-1172406780360799916_1660_000_1680_000_with_camera_labels-140.png 1904 728 27
big_dataset_depth/000000001493-segment-1172406780360799916_1660_000_1680_000_with_camera_labels-140.png 1912 792 25
