big_dataset_depth/000000000535-segment-10485926982439064520_4980_000_5000_000_with_camera_labels-150.png 0 840 55
big_dataset_depth/000000000535-segment-10485926982439064520_4980_000_5000_000_with_camera_labels-150.png 8 1264 13
big_dataset_depth/000000000535-segment-10485926982439064520_4980_000_5000_000_with_camera_labels-150.png 16 1264 13
big_dataset_depth/000000000535-segment-10485926982439064520_4980_000_5000_000_with_camera_labels-150.png 24 824 45
big_dataset_depth/000000000535-segment-10485926982439064520_4980_000_5000_000_with_camera_labels-150.png 32 1264 13
big_dataset_depth/000000000535-segment-10485926982439064520_4980_000_5000_000_with_camera_labels-150.png 40 928 37
big_dataset_depth/000000000535-segment-10485926982439064520_4980_000_5000_000_with_camera_labels-150.png 48 904 26
big_dataset_depth/000000000535-segment-10485926982439064520_4980_000_5000_000_with_camera_labels-150.png 56 952 23
big_dataset_depth/000000000535-segment-10485926982439064520_4980_000_5000_000_with_camera_labels-150.png 64 1096 13
big_dataset_depth/000000000535-segment-10485926982439064520_4980_000_5000_000_with_camera_labels-150.png 72 1000 26
big_dataset_depth/000000000535-segment-10485926982439064520_4980_000_5000_000_with_camera_labels-150.png 80 1040 13
big_dataset_depth/000000000535-segment-10485926982439064520_4980_000_5000_000_with_camera_labels-150.png 88 1024 26
big_dataset_depth/000000000535-segment-10485926982439064520_4980_000_5000_000_with_camera_labels-150.png 96 1144 13
big_dataset_depth/000000000535-segment-10485926982439064520_4980_000_5000_000_with_camera_labels-150.png 104 904 34
big_dataset_depth/000000000535-segment-10485926982439064520_4980_000_5000_000_with_camera_labels-150.png 112 1160 13
big_dataset_depth/000000000535-segment-10485926982439064520_4980_000_5000_000_with_camera_labels-150.png 120 944 41
big_dataset_depth/000000000535-segment-10485926982439064520_4980_000_5000_000_with_camera_labels-150.png 128 1232 14
big_dataset_depth/000000000535-segment-10485926982439064520_4980_000_5000_000_with_camera_labels-150.png 136 952 41
big_dataset_depth/000000000535-segment-10485926982439064520_4980_000_5000_000_with_camera_labels-150.png 144 1224 14
big_dataset_depth/000000000535-segment-10485926982439064520_4980_000_5000_000_with_camera_labels-150.png 152 1248 13
big_dataset_depth/000000000535-segment-10485926982439064520_4980_000_5000_000_with_camera_labels-150.png 168 1248 13
big_dataset_depth/000000000535-segment-10485926982439064520_4980_000_5000_000_with_camera_labels-150.png 176 1272 13
big_dataset_depth/000000000535-segment-10485926982439064520_4980_000_5000_000_with_camera_labels-150.png 184 1272 13
big_dataset_depth/000000000535-segment-10485926982439064520_4980_000_5000_000_with_camera_labels-150.png 192 1152 14
big_dataset_depth/000000000535-segment-10485926982439064520_4980_000_5000_000_with_camera_labels-150.png 200 1272 13
big_dataset_depth/000000000535-segment-10485926982439064520_4980_000_5000_000_with_camera_labels-150.png 208 1272 13
big_dataset_depth/000000000535-segment-10485926982439064520_4980_000_5000_000_with_camera_labels-150.png 216 1248 13
big_dataset_depth/000000000535-segment-10485926982439064520_4980_000_5000_000_with_camera_labels-150.png 224 1264 9
big_dataset_depth/000000000535-segment-10485926982439064520_4980_000_5000_000_with_camera_labels-150.png 232 1264 9
big_dataset_depth/000000000535-segment-10485926982439064520_4980_000_5000_000_with_camera_labels-150.png 240 1264 9
big_dataset_depth/000000000535-segment-10485926982439064520_4980_000_5000_000_with_camera_labels-150.png 248 1264 9
big_dataset_depth/000000000535-segment-10485926982439064520_4980_000_5000_000_with_camera_labels-150.png 256 1264 9
big_dataset_depth/000000000535-segment-10485926982439064520_4980_000_5000_000_with_camera_labels-150.png 264 1232 9
big_dataset_depth/000000000535-segment-10485926982439064520_4980_000_5000_000_with_camera_labels-150.png 272 1208 9
big_dataset_depth/000000000535-segment-10485926982439064520_4980_000_5000_000_with_camera_labels-150.png 280 1208 9
big_dataset_depth/000000000535-segment-10485926982439064520_4980_000_5000_000_with_camera_labels-150.png 288 1184 9
big_dataset_depth/000000000535-segment-10485926982439064520_4980_000_5000_000_with_camera_labels-150.png 296 1256 10
big_dataset_depth/000000000535-segment-10485926982439064520_4980_000_5000_000_with_camera_labels-150.png 304 1256 10
big_dataset_depth/000000000535-segment-10485926982439064520_4980_000_5000_000_with_camera_labels-150.png 312 1144 15
big_dataset_depth/000000000535-segment-10485926982439064520_4980_000_5000_000_with_camera_labels-150.png 320 1256 10
big_dataset_depth/000000000535-segment-10485926982439064520_4980_000_5000_000_with_camera_labels-150.png 328 1056 21
big_dataset_depth/000000000535-segment-10485926982439064520_4980_000_5000_000_with_camera_labels-150.png 336 1256 10
big_dataset_depth/000000000535-segment-10485926982439064520_4980_000_5000_000_with_camera_labels-150.png 344 1064 21
big_dataset_depth/000000000535-segment-10485926982439064520_4980_000_5000_000_with_camera_labels-150.png 352 1280 10
big_dataset_depth/000000000535-segment-10485926982439064520_4980_000_5000_000_with_camera_labels-150.png 360 1096 19
big_dataset_depth/000000000535-segment-10485926982439064520_4980_000_5000_000_with_camera_labels-150.png 368 1280 9
big_dataset_depth/000000000535-segment-10485926982439064520_4980_000_5000_000_with_camera_labels-150.png 376 1280 9
big_dataset_depth/000000000535-segment-10485926982439064520_4980_000_5000_000_with_camera_labels-150.png 384 1280 9
big_dataset_depth/000000000535-segment-10485926982439064520_4980_000_5000_000_with_camera_labels-150.png 392 1280 9
big_dataset_depth/000000000535-segment-10485926982439064520_4980_000_5000_000_with_camera_labels-150.png 400 1280 9
big_dataset_depth/000000000535-segment-10485926982439064520_4980_000_5000_000_with_camera_labels-150.png 408 1272 9
big_dataset_depth/000000000535-segment-10485926982439064520_4980_000_5000_000_with_camera_labels-150.png 416 1264 9
big_dataset_depth/000000000535-segment-10485926982439064520_4980_000_5000_000_with_camera_labels-150.png 432 1136 10
big_dataset_depth/000000000535-segment-10485926982439064520_4980_000_5000_000_with_camera_labels-150.png 440 1192 10
big_dataset_depth/000000000535-segment-10485926982439064520_4980_000_5000_000_with_camera_labels-150.png 448 1272 10
big_dataset_depth/000000000535-segment-10485926982439064520_4980_000_5000_000_with_camera_labels-150.png 456 1200 10
big_dataset_depth/000000000535-segment-10485926982439064520_4980_000_5000_000_with_camera_labels-150.png 528 888 27
big_dataset_depth/000000000535-segment-10485926982439064520_4980_000_5000_000_with_camera_labels-150.png 552 872 27
big_dataset_depth/000000000535-segment-10485926982439064520_4980_000_5000_000_with_camera_labels-150.png 560 872 27
big_dataset_depth/000000000535-segment-10485926982439064520_4980_000_5000_000_with_camera_labels-150.png 568 872 27
big_dataset_depth/000000000535-segment-10485926982439064520_4980_000_5000_000_with_camera_labels-150.png 576 872 27
big_dataset_depth/000000000535-segment-10485926982439064520_4980_000_5000_000_with_camera_labels-150.png 584 848 27
big_dataset_depth/000000000535-segment-10485926982439064520_4980_000_5000_000_with_camera_labels-150.png 592 856 27
big_dataset_depth/000000000535-segment-10485926982439064520_4980_000_5000_000_with_camera_labels-150.png 600 872 27
big_dataset_depth/000000000535-segment-10485926982439064520_4980_000_5000_000_with_camera_labels-150.png 608 848 27
big_dataset_depth/000000000535-segment-10485926982439064520_4980_000_5000_000_with_camera_labels-150.png 616 864 27
big_dataset_depth/000000000535-segment-10485926982439064520_4980_000_5000_000_with_camera_labels-150.png 624 848 26
big_dataset_depth/000000000535-segment-10485926982439064520_4980_000_5000_000_with_camera_labels-150.png 632 856 27
big_dataset_depth/000000000535-segment-10485926982439064520_4980_000_5000_000_with_camera_labels-150.png 640 848 26
big_dataset_depth/000000000535-segment-10485926982439064520_4980_000_5000_000_with_camera_labels-150.png 648 1264 12
big_dataset_depth/000000000535-segment-10485926982439064520_4980_000_5000_000_with_camera_labels-150.png 656 864 27
big_dataset_depth/000000000535-segment-10485926982439064520_4980_000_5000_000_with_camera_labels-150.png 664 800 33
big_dataset_depth/000000000535-segment-10485926982439064520_4980_000_5000_000_with_camera_labels-150.png 672 848 26
big_dataset_depth/000000000535-segment-10485926982439064520_4980_000_5000_000_with_camera_labels-150.png 680 832 26
big_dataset_depth/000000000535-segment-10485926982439064520_4980_000_5000_000_with_camera_labels-150.png 688 848 26
big_dataset_depth/000000000535-segment-10485926982439064520_4980_000_5000_000_with_camera_labels-150.png 696 888 27
big_dataset_depth/000000000535-segment-10485926982439064520_4980_000_5000_000_with_camera_labels-150.png 704 856 27
big_dataset_depth/000000000535-segment-10485926982439064520_4980_000_5000_000_with_camera_labels-150.png 712 864 27
big_dataset_depth/000000000535-segment-10485926982439064520_4980_000_5000_000_with_camera_labels-150.png 720 856 27
big_dataset_depth/000000000535-segment-10485926982439064520_4980_000_5000_000_with_camera_labels-150.png 728 848 26
big_dataset_depth/000000000535-segment-10485926982439064520_4980_000_5000_000_with_camera_labels-150.png 736 864 26
big_dataset_depth/000000000535-segment-10485926982439064520_4980_000_5000_000_with_camera_labels-150.png 744 848 26
big_dataset_depth/000000000535-segment-10485926982439064520_4980_000_5000_000_with_camera_labels-150.png 752 848 26
big_dataset_depth/000000000535-segment-10485926982439064520_4980_000_5000_000_with_camera_labels-150.png 760 848 26
big_dataset_depth/000000000535-segment-10485926982439064520_4980_000_5000_000_with_camera_labels-150.png 768 840 26
big_dataset_depth/000000000535-segment-10485926982439064520_4980_000_5000_000_with_camera_labels-150.png 776 848 26
big_dataset_depth/000000000535-segment-10485926982439064520_4980_000_5000_000_with_camera_labels-150.png 784 848 26
big_dataset_depth/000000000535-segment-10485926982439064520_4980_000_5000_000_with_camera_labels-150.png 792 848 28
big_dataset_depth/000000000535-segment-10485926982439064520_4980_000_5000_000_with_camera_labels-150.png 800 840 26
big_dataset_depth/000000000535-segment-10485926982439064520_4980_000_5000_000_with_camera_labels-150.png 808 840 26
big_dataset_depth/000000000535-segment-10485926982439064520_4980_000_5000_000_with_camera_labels-150.png 816 840 26
big_dataset_depth/000000000535-segment-10485926982439064520_4980_000_5000_000_with_camera_labels-150.png 824 840 27
big_dataset_depth/000000000535-segment-10485926982439064520_4980_000_5000_000_with_camera_labels-150.png 832 848 26
big_dataset_depth/000000000535-segment-10485926982439064520_4980_000_5000_000_with_camera_labels-150.png 840 856 26
big_dataset_depth/000000000535-segment-10485926982439064520_4980_000_5000_000_with_camera_labels-150.png 848 864 27
big_dataset_depth/000000000535-segment-10485926982439064520_4980_000_5000_000_with_camera_labels-150.png 856 872 26
big_dataset_depth/000000000535-segment-10485926982439064520_4980_000_5000_000_with_camera_labels-150.png 864 880 26
big_dataset_depth/000000000535-segment-10485926982439064520_4980_000_5000_000_with_camera_labels-150.png 872 872 26
big_dataset_depth/000000000535-segment-10485926982439064520_4980_000_5000_000_with_camera_labels-150.png 880 872 26
big_dataset_depth/000000000535-segment-10485926982439064520_4980_000_5000_000_with_camera_labels-150.png 888 864 26
big_dataset_depth/000000000535-segment-10485926982439064520_4980_000_5000_000_with_camera_labels-150.png 896 872 26
big_dataset_depth/000000000535-segment-10485926982439064520_4980_000_5000_000_with_camera_labels-150.png 904 872 26
big_dataset_depth/000000000535-segment-10485926982439064520_4980_000_5000_000_with_camera_labels-150.png 912 856 27
big_dataset_depth/000000000535-segment-10485926982439064520_4980_000_5000_000_with_camera_labels-150.png 920 840 27
big_dataset_depth/000000000535-segment-10485926982439064520_4980_000_5000_000_with_camera_labels-150.png 928 856 27
big_dataset_depth/000000000535-segment-10485926982439064520_4980_000_5000_000_with_camera_labels-150.png 936 840 27
big_dataset_depth/000000000535-segment-10485926982439064520_4980_000_5000_000_with_camera_labels-150.png 944 824 27
big_dataset_depth/000000000535-segment-10485926982439064520_4980_000_5000_000_with_camera_labels-150.png 952 832 27
big_dataset_depth/000000000535-segment-10485926982439064520_4980_000_5000_000_with_camera_labels-150.png 960 832 27
big_dataset_depth/000000000535-segment-10485926982439064520_4980_000_5000_000_with_camera_labels-150.png 968 832 27
big_dataset_depth/000000000535-segment-10485926982439064520_4980_000_5000_000_with_camera_labels-150.png 976 832 27
big_dataset_depth/000000000535-segment-10485926982439064520_4980_000_5000_000_with_camera_labels-150.png 984 808 27
big_dataset_depth/000000000535-segment-10485926982439064520_4980_000_5000_000_with_camera_labels-150.png 1000 720 67
big_dataset_depth/000000000535-segment-10485926982439064520_4980_000_5000_000_with_camera_labels-150.png 1008 728 67
big_dataset_depth/000000000535-segment-10485926982439064520_4980_000_5000_000_with_camera_labels-150.png 1016 736 62
big_dataset_depth/000000000535-segment-10485926982439064520_4980_000_5000_000_with_camera_labels-150.png 1024 712 61
big_dataset_depth/000000000535-segment-10485926982439064520_4980_000_5000_000_with_camera_labels-150.png 1032 712 61
big_dataset_depth/000000000535-segment-10485926982439064520_4980_000_5000_000_with_camera_labels-150.png 1040 712 61
big_dataset_depth/000000000535-segment-10485926982439064520_4980_000_5000_000_with_camera_labels-150.png 1048 728 61
big_dataset_depth/000000000535-segment-10485926982439064520_4980_000_5000_000_with_camera_labels-150.png 1056 1040 11
big_dataset_depth/000000000535-segment-10485926982439064520_4980_000_5000_000_with_camera_labels-150.png 1064 720 61
big_dataset_depth/000000000535-segment-10485926982439064520_4980_000_5000_000_with_camera_labels-150.png 1072 1080 11
big_dataset_depth/000000000535-segment-10485926982439064520_4980_000_5000_000_with_camera_labels-150.png 1080 1104 11
big_dataset_depth/000000000535-segment-10485926982439064520_4980_000_5000_000_with_camera_labels-150.png 1088 1072 11
big_dataset_depth/000000000535-segment-10485926982439064520_4980_000_5000_000_with_camera_labels-150.png 1096 1120 11
big_dataset_depth/000000000535-segment-10485926982439064520_4980_000_5000_000_with_camera_labels-150.png 1104 1168 12
big_dataset_depth/000000000535-segment-10485926982439064520_4980_000_5000_000_with_camera_labels-150.png 1112 1144 11
big_dataset_depth/000000000535-segment-10485926982439064520_4980_000_5000_000_with_camera_labels-150.png 1120 1232 11
big_dataset_depth/000000000535-segment-10485926982439064520_4980_000_5000_000_with_camera_labels-150.png 1128 1248 11
big_dataset_depth/000000000535-segment-10485926982439064520_4980_000_5000_000_with_camera_labels-150.png 1136 1256 10
big_dataset_depth/000000000535-segment-10485926982439064520_4980_000_5000_000_with_camera_labels-150.png 1144 1248 11
big_dataset_depth/000000000535-segment-10485926982439064520_4980_000_5000_000_with_camera_labels-150.png 1152 1256 11
big_dataset_depth/000000000535-segment-10485926982439064520_4980_000_5000_000_with_camera_labels-150.png 1160 1248 11
big_dataset_depth/000000000535-segment-10485926982439064520_4980_000_5000_000_with_camera_labels-150.png 1168 1232 11
big_dataset_depth/000000000535-segment-10485926982439064520_4980_000_5000_000_with_camera_labels-150.png 1176 1224 11
big_dataset_depth/000000000535-segment-10485926982439064520_4980_000_5000_000_with_camera_labels-150.png 1184 1200 11
big_dataset_depth/000000000535-segment-10485926982439064520_4980_000_5000_000_with_camera_labels-150.png 1192 1264 11
big_dataset_depth/000000000535-segment-10485926982439064520_4980_000_5000_000_with_camera_labels-150.png 1200 1264 11
big_dataset_depth/000000000535-segment-10485926982439064520_4980_000_5000_000_with_camera_labels-150.png 1208 1264 11
big_dataset_depth/000000000535-segment-10485926982439064520_4980_000_5000_000_with_camera_labels-150.png 1216 1264 11
big_dataset_depth/000000000535-segment-10485926982439064520_4980_000_5000_000_with_camera_labels-150.png 1224 1264 11
big_dataset_depth/000000000535-segment-10485926982439064520_4980_000_5000_000_with_camera_labels-150.png 1232 1264 11
big_dataset_depth/000000000535-segment-10485926982439064520_4980_000_5000_000_with_camera_labels-150.png 1240 1240 11
big_dataset_depth/000000000535-segment-10485926982439064520_4980_000_5000_000_with_camera_labels-150.png 1248 1240 11
big_dataset_depth/000000000535-segment-10485926982439064520_4980_000_5000_000_with_camera_labels-150.png 1256 1264 12
big_dataset_depth/000000000535-segment-10485926982439064520_4980_000_5000_000_with_camera_labels-150.png 1264 1256 12
big_dataset_depth/000000000535-segment-10485926982439064520_4980_000_5000_000_with_camera_labels-150.png 1272 1264 12
big_dataset_depth/000000000535-segment-10485926982439064520_4980_000_5000_000_with_camera_labels-150.png 1280 1240 13
big_dataset_depth/000000000535-segment-10485926982439064520_4980_000_5000_000_with_camera_labels-150.png 1288 1192 13
big_dataset_depth/000000000535-segment-10485926982439064520_4980_000_5000_000_with_camera_labels-150.png 1296 1200 13
big_dataset_depth/000000000535-segment-10485926982439064520_4980_000_5000_000_with_camera_labels-150.png 1304 1192 13
big_dataset_depth/000000000535-segment-10485926982439064520_4980_000_5000_000_with_camera_labels-150.png 1312 1192 13
big_dataset_depth/000000000535-segment-10485926982439064520_4980_000_5000_000_with_camera_labels-150.png 1320 1104 12
big_dataset_depth/000000000535-segment-10485926982439064520_4980_000_5000_000_with_camera_labels-150.png 1328 1168 12
big_dataset_depth/000000000535-segment-10485926982439064520_4980_000_5000_000_with_camera_labels-150.png 1336 1216 12
big_dataset_depth/000000000535-segment-10485926982439064520_4980_000_5000_000_with_camera_labels-150.png 1344 1104 21
big_dataset_depth/000000000535-segment-10485926982439064520_4980_000_5000_000_with_camera_labels-150.png 1352 1112 21
big_dataset_depth/000000000535-segment-10485926982439064520_4980_000_5000_000_with_camera_labels-150.png 1360 1040 25
big_dataset_depth/000000000535-segment-10485926982439064520_4980_000_5000_000_with_camera_labels-150.png 1368 1104 19
big_dataset_depth/000000000535-segment-10485926982439064520_4980_000_5000_000_with_camera_labels-150.png 1376 968 25
big_dataset_depth/000000000535-segment-10485926982439064520_4980_000_5000_000_with_camera_labels-150.png 1384 928 25
big_dataset_depth/000000000535-segment-10485926982439064520_4980_000_5000_000_with_camera_labels-150.png 1392 880 28
big_dataset_depth/000000000535-segment-10485926982439064520_4980_000_5000_000_with_camera_labels-150.png 1400 808 38
big_dataset_depth/000000000535-segment-10485926982439064520_4980_000_5000_000_with_camera_labels-150.png 1408 808 38
big_dataset_depth/000000000535-segment-10485926982439064520_4980_000_5000_000_with_camera_labels-150.png 1416 808 38
big_dataset_depth/000000000535-segment-10485926982439064520_4980_000_5000_000_with_camera_labels-150.png 1424 808 38
big_dataset_depth/000000000535-segment-10485926982439064520_4980_000_5000_000_with_camera_labels-150.png 1432 784 42
big_dataset_depth/000000000535-segment-10485926982439064520_4980_000_5000_000_with_camera_labels-150.png 1440 728 37
big_dataset_depth/000000000535-segment-10485926982439064520_4980_000_5000_000_with_camera_labels-150.png 1448 808 38
big_dataset_depth/000000000535-segment-10485926982439064520_4980_000_5000_000_with_camera_labels-150.png 1456 776 37
big_dataset_depth/000000000535-segment-10485926982439064520_4980_000_5000_000_with_camera_labels-150.png 1464 768 37
big_dataset_depth/000000000535-segment-10485926982439064520_4980_000_5000_000_with_camera_labels-150.png 1472 784 37
big_dataset_depth/000000000535-segment-10485926982439064520_4980_000_5000_000_with_camera_labels-150.png 1480 768 37
big_dataset_depth/000000000535-segment-10485926982439064520_4980_000_5000_000_with_camera_labels-150.png 1496 736 43
big_dataset_depth/000000000535-segment-10485926982439064520_4980_000_5000_000_with_camera_labels-150.png 1512 728 41
big_dataset_depth/000000000535-segment-10485926982439064520_4980_000_5000_000_with_camera_labels-150.png 1568 1032 11
big_dataset_depth/000000000535-segment-10485926982439064520_4980_000_5000_000_with_camera_labels-150.png 1584 1072 11
big_dataset_depth/000000000535-segment-10485926982439064520_4980_000_5000_000_with_camera_labels-150.png 1600 1160 11
big_dataset_depth/000000000535-segment-10485926982439064520_4980_000_5000_000_with_camera_labels-150.png 1608 1120 11
big_dataset_depth/000000000535-segment-10485926982439064520_4980_000_5000_000_with_camera_labels-150.png 1616 1160 11
big_dataset_depth/000000000535-segment-10485926982439064520_4980_000_5000_000_with_camera_labels-150.png 1624 1256 11
big_dataset_depth/000000000535-segment-10485926982439064520_4980_000_5000_000_with_camera_labels-150.png 1632 1256 11
big_dataset_depth/000000000535-segment-10485926982439064520_4980_000_5000_000_with_camera_labels-150.png 1640 1256 11
big_dataset_depth/000000000535-segment-10485926982439064520_4980_000_5000_000_with_camera_labels-150.png 1648 1256 11
big_dataset_depth/000000000535-segment-10485926982439064520_4980_000_5000_000_with_camera_labels-150.png 1656 1248 11
big_dataset_depth/000000000535-segment-10485926982439064520_4980_000_5000_000_with_camera_labels-150.png 1664 1232 11
big_dataset_depth/000000000535-segment-10485926982439064520_4980_000_5000_000_with_camera_labels-150.png 1672 1256 11
big_dataset_depth/000000000535-segment-10485926982439064520_4980_000_5000_000_with_camera_labels-150.png 1688 1256 11
big_dataset_depth/000000000535-segment-10485926982439064520_4980_000_5000_000_with_camera_labels-150.png 1696 1240 11
big_dataset_depth/000000000535-segment-10485926982439064520_4980_000_5000_000_with_camera_labels-150.png 1704 1240 11
big_dataset_depth/000000000535-segment-10485926982439064520_4980_000_5000_000_with_camera_labels-150.png 1712 1240 11
big_dataset_depth/000000000535-segment-10485926982439064520_4980_000_5000_000_with_camera_labels-150.png 1720 1216 11
big_dataset_depth/000000000535-segment-10485926982439064520_4980_000_5000_000_with_camera_labels-150.png 1728 1136 12
big_dataset_depth/000000000535-segment-10485926982439064520_4980_000_5000_000_with_camera_labels-150.png 1736 1240 12
big_dataset_depth/000000000535-segment-10485926982439064520_4980_000_5000_000_with_camera_labels-150.png 1744 1216 11
big_dataset_depth/000000000535-segment-10485926982439064520_4980_000_5000_000_with_camera_labels-150.png 1752 1080 14
big_dataset_depth/000000000535-segment-10485926982439064520_4980_000_5000_000_with_camera_labels-150.png 1760 1176 13
big_dataset_depth/000000000535-segment-10485926982439064520_4980_000_5000_000_with_camera_labels-150.png 1768 960 16
big_dataset_depth/000000000535-segment-10485926982439064520_4980_000_5000_000_with_camera_labels-150.png 1776 976 16
big_dataset_depth/000000000535-segment-10485926982439064520_4980_000_5000_000_with_camera_labels-150.png 1784 984 16
big_dataset_depth/000000000535-segment-10485926982439064520_4980_000_5000_000_with_camera_labels-150.png 1792 896 26
big_dataset_depth/000000000535-segment-10485926982439064520_4980_000_5000_000_with_camera_labels-150.png 1800 1016 16
big_dataset_depth/000000000535-segment-10485926982439064520_4980_000_5000_000_with_camera_labels-150.png 1808 1032 16
big_dataset_depth/000000000535-segment-10485926982439064520_4980_000_5000_000_with_camera_labels-150.png 1816 1032 16
big_dataset_depth/000000000535-segment-10485926982439064520_4980_000_5000_000_with_camera_labels-150.png 1824 968 26
big_dataset_depth/000000000535-segment-10485926982439064520_4980_000_5000_000_with_camera_labels-150.png 1832 920 33
big_dataset_depth/000000000535-segment-10485926982439064520_4980_000_5000_000_with_camera_labels-150.png 1840 1104 16
big_dataset_depth/000000000535-segment-10485926982439064520_4980_000_5000_000_with_camera_labels-150.png 1848 1136 16
big_dataset_depth/000000000535-segment-10485926982439064520_4980_000_5000_000_with_camera_labels-150.png 1856 856 38
big_dataset_depth/000000000535-segment-10485926982439064520_4980_000_5000_000_with_camera_labels-150.png 1864 1000 27
big_dataset_depth/000000000535-segment-10485926982439064520_4980_000_5000_000_with_camera_labels-150.png 1872 936 33
big_dataset_depth/000000000535-segment-10485926982439064520_4980_000_5000_000_with_camera_labels-150.png 1880 728 50
big_dataset_depth/000000000535-segment-10485926982439064520_4980_000_5000_000_with_camera_labels-150.png 1888 1120 16
big_dataset_depth/000000000535-segment-10485926982439064520_4980_000_5000_000_with_camera_labels-150.png 1896 1144 16
big_dataset_depth/000000000535-segment-10485926982439064520_4980_000_5000_000_with_camera_labels-150.png 1904 880 36
big_dataset_depth/000000000535-segment-10485926982439064520_4980_000_5000_000_with_camera_labels-150.png 1912 744 47
