big_dataset_depth/000000000087-segment-10061305430875486848_1080_000_1100_000_with_camera_labels-70.png 0 816 28
big_dataset_depth/000000000087-segment-10061305430875486848_1080_000_1100_000_with_camera_labels-70.png 8 816 30
big_dataset_depth/000000000087-segment-10061305430875486848_1080_000_1100_000_with_camera_labels-70.png 16 816 31
big_dataset_depth/000000000087-segment-10061305430875486848_1080_000_1100_000_with_camera_labels-70.png 32 760 29
big_dataset_depth/000000000087-segment-10061305430875486848_1080_000_1100_000_with_camera_labels-70.png 40 1032 19
big_dataset_depth/000000000087-segment-10061305430875486848_1080_000_1100_000_with_camera_labels-70.png 48 1000 20
big_dataset_depth/000000000087-segment-10061305430875486848_1080_000_1100_000_with_camera_labels-70.png 56 1032 19
big_dataset_depth/000000000087-segment-10061305430875486848_1080_000_1100_000_with_camera_labels-70.png 64 1032 19
big_dataset_depth/000000000087-segment-10061305430875486848_1080_000_1100_000_with_camera_labels-70.png 80 928 22
big_dataset_depth/000000000087-segment-10061305430875486848_1080_000_1100_000_with_camera_labels-70.png 88 1008 20
big_dataset_depth/000000000087-segment-10061305430875486848_1080_000_1100_000_with_camera_labels-70.png 96 944 21
big_dataset_depth/000000000087-segment-10061305430875486848_1080_000_1100_000_with_camera_labels-70.png 104 1008 20
big_dataset_depth/000000000087-segment-10061305430875486848_1080_000_1100_000_with_camera_labels-70.png 120 944 21
big_dataset_depth/000000000087-segment-10061305430875486848_1080_000_1100_000_with_camera_labels-70.png 128 952 21
big_dataset_depth/000000000087-segment-10061305430875486848_1080_000_1100_000_with_camera_labels-70.png 136 968 21
big_dataset_depth/000000000087-segment-10061305430875486848_1080_000_1100_000_with_camera_labels-70.png 144 968 21
big_dataset_depth/000000000087-segment-10061305430875486848_1080_000_1100_000_with_camera_labels-70.png 152 992 21
big_dataset_depth/000000000087-segment-10061305430875486848_1080_000_1100_000_with_camera_labels-70.png 160 968 21
big_dataset_depth/000000000087-segment-10061305430875486848_1080_000_1100_000_with_camera_labels-70.png 168 960 21
big_dataset_depth/000000000087-segment-10061305430875486848_1080_000_1100_000_with_camera_labels-70.png 176 920 22
big_dataset_depth/000000000087-segment-10061305430875486848_1080_000_1100_000_with_camera_labels-70.png 184 952 22
big_dataset_depth/000000000087-segment-10061305430875486848_1080_000_1100_000_with_camera_labels-70.png 192 944 22
big_dataset_depth/000000000087-segment-10061305430875486848_1080_000_1100_000_with_camera_labels-70.png 200 968 22
big_dataset_depth/000000000087-segment-10061305430875486848_1080_000_1100_000_with_camera_labels-70.png 208 968 22
big_dataset_depth/000000000087-segment-10061305430875486848_1080_000_1100_000_with_camera_labels-70.png 216 968 22
big_dataset_depth/000000000087-segment-10061305430875486848_1080_000_1100_000_with_camera_labels-70.png 232 848 28
big_dataset_depth/000000000087-segment-10061305430875486848_1080_000_1100_000_with_camera_labels-70.png 240 856 28
big_dataset_depth/000000000087-segment-10061305430875486848_1080_000_1100_000_with_camera_labels-70.png 248 848 28
big_dataset_depth/000000000087-segment-10061305430875486848_1080_000_1100_000_with_camera_labels-70.png 256 856 29
big_dataset_depth/000000000087-segment-10061305430875486848_1080_000_1100_000_with_camera_labels-70.png 264 856 28
big_dataset_depth/000000000087-segment-10061305430875486848_1080_000_1100_000_with_camera_labels-70.png 272 832 28
big_dataset_depth/000000000087-segment-10061305430875486848_1080_000_1100_000_with_camera_labels-70.png 280 848 28
big_dataset_depth/000000000087-segment-10061305430875486848_1080_000_1100_000_with_camera_labels-70.png 288 872 29
big_dataset_depth/000000000087-segment-10061305430875486848_1080_000_1100_000_with_camera_labels-70.png 296 840 28
big_dataset_depth/000000000087-segment-10061305430875486848_1080_000_1100_000_with_camera_labels-70.png 304 840 28
big_dataset_depth/000000000087-segment-10061305430875486848_1080_000_1100_000_with_camera_labels-70.png 312 848 29
big_dataset_depth/000000000087-segment-10061305430875486848_1080_000_1100_000_with_camera_labels-70.png 320 840 28
big_dataset_depth/000000000087-segment-10061305430875486848_1080_000_1100_000_with_camera_labels-70.png 328 840 28
big_dataset_depth/000000000087-segment-10061305430875486848_1080_000_1100_000_with_camera_labels-70.png 336 872 28
big_dataset_depth/000000000087-segment-10061305430875486848_1080_000_1100_000_with_camera_labels-70.png 344 856 28
big_dataset_depth/000000000087-segment-10061305430875486848_1080_000_1100_000_with_camera_labels-70.png 352 856 28
big_dataset_depth/000000000087-segment-10061305430875486848_1080_000_1100_000_with_camera_labels-70.png 360 856 28
big_dataset_depth/000000000087-segment-10061305430875486848_1080_000_1100_000_with_camera_labels-70.png 368 856 28
big_dataset_depth/000000000087-segment-10061305430875486848_1080_000_1100_000_with_camera_labels-70.png 376 848 28
big_dataset_depth/000000000087-segment-10061305430875486848_1080_000_1100_000_with_camera_labels-70.png 384 856 28
big_dataset_depth/000000000087-segment-10061305430875486848_1080_000_1100_000_with_camera_labels-70.png 392 864 28
big_dataset_depth/000000000087-segment-10061305430875486848_1080_000_1100_000_with_camera_labels-70.png 400 856 27
big_dataset_depth/000000000087-segment-10061305430875486848_1080_000_1100_000_with_camera_labels-70.png 408 848 27
big_dataset_depth/000000000087-segment-10061305430875486848_1080_000_1100_000_with_camera_labels-70.png 416 856 28
big_dataset_depth/000000000087-segment-10061305430875486848_1080_000_1100_000_with_camera_labels-70.png 424 880 28
big_dataset_depth/000000000087-segment-10061305430875486848_1080_000_1100_000_with_camera_labels-70.png 432 896 27
big_dataset_depth/000000000087-segment-10061305430875486848_1080_000_1100_000_with_camera_labels-70.png 440 904 27
big_dataset_depth/000000000087-segment-10061305430875486848_1080_000_1100_000_with_camera_labels-70.png 448 896 27
big_dataset_depth/000000000087-segment-10061305430875486848_1080_000_1100_000_with_camera_labels-70.png 456 896 27
big_dataset_depth/000000000087-segment-10061305430875486848_1080_000_1100_000_with_camera_labels-70.png 464 880 27
big_dataset_depth/000000000087-segment-10061305430875486848_1080_000_1100_000_with_camera_labels-70.png 472 896 27
big_dataset_depth/000000000087-segment-10061305430875486848_1080_000_1100_000_with_camera_labels-70.png 480 880 27
big_dataset_depth/000000000087-segment-10061305430875486848_1080_000_1100_000_with_camera_labels-70.png 488 896 27
big_dataset_depth/000000000087-segment-10061305430875486848_1080_000_1100_000_with_camera_labels-70.png 496 896 27
big_dataset_depth/000000000087-segment-10061305430875486848_1080_000_1100_000_with_camera_labels-70.png 504 880 27
big_dataset_depth/000000000087-segment-10061305430875486848_1080_000_1100_000_with_camera_labels-70.png 512 880 27
big_dataset_depth/000000000087-segment-10061305430875486848_1080_000_1100_000_with_camera_labels-70.png 520 856 27
big_dataset_depth/000000000087-segment-10061305430875486848_1080_000_1100_000_with_camera_labels-70.png 528 856 27
big_dataset_depth/000000000087-segment-10061305430875486848_1080_000_1100_000_with_camera_labels-70.png 536 856 27
big_dataset_depth/000000000087-segment-10061305430875486848_1080_000_1100_000_with_camera_labels-70.png 544 840 27
big_dataset_depth/000000000087-segment-10061305430875486848_1080_000_1100_000_with_camera_labels-70.png 552 856 27
big_dataset_depth/000000000087-segment-10061305430875486848_1080_000_1100_000_with_camera_labels-70.png 560 856 27
big_dataset_depth/000000000087-segment-10061305430875486848_1080_000_1100_000_with_camera_labels-70.png 568 840 28
big_dataset_depth/000000000087-segment-10061305430875486848_1080_000_1100_000_with_camera_labels-70.png 576 880 29
big_dataset_depth/000000000087-segment-10061305430875486848_1080_000_1100_000_with_camera_labels-70.png 584 856 29
big_dataset_depth/000000000087-segment-10061305430875486848_1080_000_1100_000_with_camera_labels-70.png 608 760 59
big_dataset_depth/000000000087-segment-10061305430875486848_1080_000_1100_000_with_camera_labels-70.png 616 752 58
big_dataset_depth/000000000087-segment-10061305430875486848_1080_000_1100_000_with_camera_labels-70.png 624 760 57
big_dataset_depth/000000000087-segment-10061305430875486848_1080_000_1100_000_with_camera_labels-70.png 632 760 57
big_dataset_depth/000000000087-segment-10061305430875486848_1080_000_1100_000_with_camera_labels-70.png 640 768 57
big_dataset_depth/000000000087-segment-10061305430875486848_1080_000_1100_000_with_camera_labels-70.png 648 768 57
big_dataset_depth/000000000087-segment-10061305430875486848_1080_000_1100_000_with_camera_labels-70.png 656 768 57
big_dataset_depth/000000000087-segment-10061305430875486848_1080_000_1100_000_with_camera_labels-70.png 664 768 57
big_dataset_depth/000000000087-segment-10061305430875486848_1080_000_1100_000_with_camera_labels-70.png 672 768 57
big_dataset_depth/000000000087-segment-10061305430875486848_1080_000_1100_000_with_camera_labels-70.png 680 760 57
big_dataset_depth/000000000087-segment-10061305430875486848_1080_000_1100_000_with_camera_labels-70.png 688 768 57
big_dataset_depth/000000000087-segment-10061305430875486848_1080_000_1100_000_with_camera_labels-70.png 696 768 58
big_dataset_depth/000000000087-segment-10061305430875486848_1080_000_1100_000_with_camera_labels-70.png 704 768 59
big_dataset_depth/000000000087-segment-10061305430875486848_1080_000_1100_000_with_camera_labels-70.png 712 696 96
big_dataset_depth/000000000087-segment-10061305430875486848_1080_000_1100_000_with_camera_labels-70.png 736 744 73
big_dataset_depth/000000000087-segment-10061305430875486848_1080_000_1100_000_with_camera_labels-70.png 744 688 98
big_dataset_depth/000000000087-segment-10061305430875486848_1080_000_1100_000_with_camera_labels-70.png 752 688 101
big_dataset_depth/000000000087-segment-10061305430875486848_1080_000_1100_000_with_camera_labels-70.png 776 704 90
big_dataset_depth/000000000087-segment-10061305430875486848_1080_000_1100_000_with_camera_labels-70.png 784 712 88
big_dataset_depth/000000000087-segment-10061305430875486848_1080_000_1100_000_with_camera_labels-70.png 792 712 88
big_dataset_depth/000000000087-segment-10061305430875486848_1080_000_1100_000_with_camera_labels-70.png 800 704 90
big_dataset_depth/000000000087-segment-10061305430875486848_1080_000_1100_000_with_camera_labels-70.png 808 712 89
big_dataset_depth/000000000087-segment-10061305430875486848_1080_000_1100_000_with_camera_labels-70.png 816 704 89
big_dataset_depth/000000000087-segment-10061305430875486848_1080_000_1100_000_with_camera_labels-70.png 824 704 89
big_dataset_depth/000000000087-segment-10061305430875486848_1080_000_1100_000_with_camera_labels-70.png 832 720 88
big_dataset_depth/000000000087-segment-10061305430875486848_1080_000_1100_000_with_camera_labels-70.png 840 680 91
big_dataset_depth/000000000087-segment-10061305430875486848_1080_000_1100_000_with_camera_labels-70.png 848 696 99
big_dataset_depth/000000000087-segment-10061305430875486848_1080_000_1100_000_with_camera_labels-70.png 1048 760 65
big_dataset_depth/000000000087-segment-10061305430875486848_1080_000_1100_000_with_camera_labels-70.png 1056 752 63
big_dataset_depth/000000000087-segment-10061305430875486848_1080_000_1100_000_with_camera_labels-70.png 1064 744 59
big_dataset_depth/000000000087-segment-10061305430875486848_1080_000_1100_000_with_camera_labels-70.png 1072 784 56
big_dataset_depth/000000000087-segment-10061305430875486848_1080_000_1100_000_with_camera_labels-70.png 1080 792 51
big_dataset_depth/000000000087-segment-10061305430875486848_1080_000_1100_000_with_camera_labels-70.png 1088 776 49
big_dataset_depth/000000000087-segment-10061305430875486848_1080_000_1100_000_with_camera_labels-70.png 1096 784 47
big_dataset_depth/000000000087-segment-10061305430875486848_1080_000_1100_000_with_camera_labels-70.png 1104 792 47
big_dataset_depth/000000000087-segment-10061305430875486848_1080_000_1100_000_with_camera_labels-70.png 1112 784 46
big_dataset_depth/000000000087-segment-10061305430875486848_1080_000_1100_000_with_camera_labels-70.png 1120 784 46
big_dataset_depth/000000000087-segment-10061305430875486848_1080_000_1100_000_with_camera_labels-70.png 1128 816 42
big_dataset_depth/000000000087-segment-10061305430875486848_1080_000_1100_000_with_camera_labels-70.png 1136 816 42
big_dataset_depth/000000000087-segment-10061305430875486848_1080_000_1100_000_with_camera_labels-70.png 1144 784 40
big_dataset_depth/000000000087-segment-10061305430875486848_1080_000_1100_000_with_camera_labels-70.png 1152 832 39
big_dataset_depth/000000000087-segment-10061305430875486848_1080_000_1100_000_with_camera_labels-70.png 1160 832 39
big_dataset_depth/000000000087-segment-10061305430875486848_1080_000_1100_000_with_camera_labels-70.png 1168 816 38
big_dataset_depth/000000000087-segment-10061305430875486848_1080_000_1100_000_with_camera_labels-70.png 1176 800 38
big_dataset_depth/000000000087-segment-10061305430875486848_1080_000_1100_000_with_camera_labels-70.png 1184 832 40
big_dataset_depth/000000000087-segment-10061305430875486848_1080_000_1100_000_with_camera_labels-70.png 1192 800 38
big_dataset_depth/000000000087-segment-10061305430875486848_1080_000_1100_000_with_camera_labels-70.png 1200 856 28
big_dataset_depth/000000000087-segment-10061305430875486848_1080_000_1100_000_with_camera_labels-70.png 1208 896 28
big_dataset_depth/000000000087-segment-10061305430875486848_1080_000_1100_000_with_camera_labels-70.png 1216 888 28
big_dataset_depth/000000000087-segment-10061305430875486848_1080_000_1100_000_with_camera_labels-70.png 1224 880 27
big_dataset_depth/000000000087-segment-10061305430875486848_1080_000_1100_000_with_camera_labels-70.png 1232 872 26
big_dataset_depth/000000000087-segment-10061305430875486848_1080_000_1100_000_with_camera_labels-70.png 1240 864 26
big_dataset_depth/000000000087-segment-10061305430875486848_1080_000_1100_000_with_camera_labels-70.png 1248 912 25
big_dataset_depth/000000000087-segment-10061305430875486848_1080_000_1100_000_with_camera_labels-70.png 1256 936 24
big_dataset_depth/000000000087-segment-10061305430875486848_1080_000_1100_000_with_camera_labels-70.png 1264 928 24
big_dataset_depth/000000000087-segment-10061305430875486848_1080_000_1100_000_with_camera_labels-70.png 1272 928 24
big_dataset_depth/000000000087-segment-10061305430875486848_1080_000_1100_000_with_camera_labels-70.png 1280 928 24
big_dataset_depth/000000000087-segment-10061305430875486848_1080_000_1100_000_with_camera_labels-70.png 1288 936 23
big_dataset_depth/000000000087-segment-10061305430875486848_1080_000_1100_000_with_camera_labels-70.png 1296 896 23
big_dataset_depth/000000000087-segment-10061305430875486848_1080_000_1100_000_with_camera_labels-70.png 1304 912 24
big_dataset_depth/000000000087-segment-10061305430875486848_1080_000_1100_000_with_camera_labels-70.png 1312 912 24
big_dataset_depth/000000000087-segment-10061305430875486848_1080_000_1100_000_with_camera_labels-70.png 1320 944 24
big_dataset_depth/000000000087-segment-10061305430875486848_1080_000_1100_000_with_camera_labels-70.png 1328 912 24
big_dataset_depth/000000000087-segment-10061305430875486848_1080_000_1100_000_with_camera_labels-70.png 1336 896 23
big_dataset_depth/000000000087-segment-10061305430875486848_1080_000_1100_000_with_camera_labels-70.png 1344 920 24
big_dataset_depth/000000000087-segment-10061305430875486848_1080_000_1100_000_with_camera_labels-70.png 1352 904 24
big_dataset_depth/000000000087-segment-10061305430875486848_1080_000_1100_000_with_camera_labels-70.png 1360 920 24
big_dataset_depth/000000000087-segment-10061305430875486848_1080_000_1100_000_with_camera_labels-70.png 1368 904 24
big_dataset_depth/000000000087-segment-10061305430875486848_1080_000_1100_000_with_camera_labels-70.png 1376 904 23
big_dataset_depth/000000000087-segment-10061305430875486848_1080_000_1100_000_with_camera_labels-70.png 1384 952 24
big_dataset_depth/000000000087-segment-10061305430875486848_1080_000_1100_000_with_camera_labels-70.png 1392 904 24
big_dataset_depth/000000000087-segment-10061305430875486848_1080_000_1100_000_with_camera_labels-70.png 1400 928 24
big_dataset_depth/000000000087-segment-10061305430875486848_1080_000_1100_000_with_camera_labels-70.png 1408 904 23
big_dataset_depth/000000000087-segment-10061305430875486848_1080_000_1100_000_with_camera_labels-70.png 1416 896 23
big_dataset_depth/000000000087-segment-10061305430875486848_1080_000_1100_000_with_camera_labels-70.png 1424 952 24
big_dataset_depth/000000000087-segment-10061305430875486848_1080_000_1100_000_with_camera_labels-70.png 1432 904 24
big_dataset_depth/000000000087-segment-10061305430875486848_1080_000_1100_000_with_camera_labels-70.png 1440 928 24
big_dataset_depth/000000000087-segment-10061305430875486848_1080_000_1100_000_with_camera_labels-70.png 1448 920 24
big_dataset_depth/000000000087-segment-10061305430875486848_1080_000_1100_000_with_camera_labels-70.png 1456 936 25
big_dataset_depth/000000000087-segment-10061305430875486848_1080_000_1100_000_with_camera_labels-70.png 1464 920 24
big_dataset_depth/000000000087-segment-10061305430875486848_1080_000_1100_000_with_camera_labels-70.png 1472 952 24
big_dataset_depth/000000000087-segment-10061305430875486848_1080_000_1100_000_with_camera_labels-70.png 1480 928 24
big_dataset_depth/000000000087-segment-10061305430875486848_1080_000_1100_000_with_camera_labels-70.png 1488 856 31
big_dataset_depth/000000000087-segment-10061305430875486848_1080_000_1100_000_with_camera_labels-70.png 1496 904 24
big_dataset_depth/000000000087-segment-10061305430875486848_1080_000_1100_000_with_camera_labels-70.png 1504 856 31
big_dataset_depth/000000000087-segment-10061305430875486848_1080_000_1100_000_with_camera_labels-70.png 1512 808 38
big_dataset_depth/000000000087-segment-10061305430875486848_1080_000_1100_000_with_camera_labels-70.png 1520 816 38
big_dataset_depth/000000000087-segment-10061305430875486848_1080_000_1100_000_with_camera_labels-70.png 1544 952 24
big_dataset_depth/000000000087-segment-10061305430875486848_1080_000_1100_000_with_camera_labels-70.png 1592 1128 15
big_dataset_depth/000000000087-segment-10061305430875486848_1080_000_1100_000_with_camera_labels-70.png 1600 1128 15
big_dataset_depth/000000000087-segment-10061305430875486848_1080_000_1100_000_with_camera_labels-70.png 1616 1192 14
big_dataset_depth/000000000087-segment-10061305430875486848_1080_000_1100_000_with_camera_labels-70.png 1624 1216 14
big_dataset_depth/000000000087-segment-10061305430875486848_1080_000_1100_000_with_camera_labels-70.png 1632 1216 14
big_dataset_depth/000000000087-segment-10061305430875486848_1080_000_1100_000_with_camera_labels-70.png 1640 1232 14
big_dataset_depth/000000000087-segment-10061305430875486848_1080_000_1100_000_with_camera_labels-70.png 1648 1240 14
big_dataset_depth/000000000087-segment-10061305430875486848_1080_000_1100_000_with_camera_labels-70.png 1656 1232 14
big_dataset_depth/000000000087-segment-10061305430875486848_1080_000_1100_000_with_camera_labels-70.png 1664 1216 14
big_dataset_depth/000000000087-segment-10061305430875486848_1080_000_1100_000_with_camera_labels-70.png 1672 1224 14
big_dataset_depth/000000000087-segment-10061305430875486848_1080_000_1100_000_with_camera_labels-70.png 1688 1176 13
big_dataset_depth/000000000087-segment-10061305430875486848_1080_000_1100_000_with_camera_labels-70.png 1696 1176 13
big_dataset_depth/000000000087-segment-10061305430875486848_1080_000_1100_000_with_camera_labels-70.png 1704 1176 13
big_dataset_depth/000000000087-segment-10061305430875486848_1080_000_1100_000_with_camera_labels-70.png 1712 1192 13
big_dataset_depth/000000000087-segment-10061305430875486848_1080_000_1100_000_with_camera_labels-70.png 1720 1200 13
big_dataset_depth/000000000087-segment-10061305430875486848_1080_000_1100_000_with_camera_labels-70.png 1728 1200 13
big_dataset_depth/000000000087-segment-10061305430875486848_1080_000_1100_000_with_camera_labels-70.png 1736 1192 13
big_dataset_depth/000000000087-segment-10061305430875486848_1080_000_1100_000_with_camera_labels-70.png 1744 1200 13
big_dataset_depth/000000000087-segment-10061305430875486848_1080_000_1100_000_with_camera_labels-70.png 1752 1224 13
big_dataset_depth/000000000087-segment-10061305430875486848_1080_000_1100_000_with_camera_labels-70.png 1760 1224 13
big_dataset_depth/000000000087-segment-10061305430875486848_1080_000_1100_000_with_camera_labels-70.png 1768 1224 13
big_dataset_depth/000000000087-segment-10061305430875486848_1080_000_1100_000_with_camera_labels-70.png 1776 1224 12
big_dataset_depth/000000000087-segment-10061305430875486848_1080_000_1100_000_with_camera_labels-70.png 1784 1232 12
big_dataset_depth/000000000087-segment-10061305430875486848_1080_000_1100_000_with_camera_labels-70.png 1792 1088 19
big_dataset_depth/000000000087-segment-10061305430875486848_1080_000_1100_000_with_camera_labels-70.png 1800 1256 12
big_dataset_depth/000000000087-segment-10061305430875486848_1080_000_1100_000_with_camera_labels-70.png 1808 1040 19
big_dataset_depth/000000000087-segment-10061305430875486848_1080_000_1100_000_with_camera_labels-70.png 1816 912 26
big_dataset_depth/000000000087-segment-10061305430875486848_1080_000_1100_000_with_camera_labels-70.png 1824 1080 19
big_dataset_depth/000000000087-segment-10061305430875486848_1080_000_1100_000_with_camera_labels-70.png 1832 1248 12
big_dataset_depth/000000000087-segment-10061305430875486848_1080_000_1100_000_with_camera_labels-70.png 1840 1136 16
big_dataset_depth/000000000087-segment-10061305430875486848_1080_000_1100_000_with_camera_labels-70.png 1848 1016 20
big_dataset_depth/000000000087-segment-10061305430875486848_1080_000_1100_000_with_camera_labels-70.png 1856 1256 12
big_dataset_depth/000000000087-segment-10061305430875486848_1080_000_1100_000_with_camera_labels-70.png 1864 1264 12
big_dataset_depth/000000000087-segment-10061305430875486848_1080_000_1100_000_with_camera_labels-70.png 1872 1016 19
big_dataset_depth/000000000087-segment-10061305430875486848_1080_000_1100_000_with_camera_labels-70.png 1880 1264 11
big_dataset_depth/000000000087-segment-10061305430875486848_1080_000_1100_000_with_camera_labels-70.png 1888 1064 17
big_dataset_depth/000000000087-segment-10061305430875486848_1080_000_1100_000_with_camera_labels-70.png 1896 1080 17
big_dataset_depth/000000000087-segment-10061305430875486848_1080_000_1100_000_with_camera_labels-70.png 1904 1000 21
big_dataset_depth/000000000087-segment-10061305430875486848_1080_000_1100_000_with_camera_labels-70.png 1912 1048 16
