big_dataset_depth/000000001587-segment-11566385337103696871_5740_000_5760_000_with_camera_labels-80.png 0 840 33
big_dataset_depth/000000001587-segment-11566385337103696871_5740_000_5760_000_with_camera_labels-80.png 8 792 39
big_dataset_depth/000000001587-segment-11566385337103696871_5740_000_5760_000_with_camera_labels-80.png 16 792 36
big_dataset_depth/000000001587-segment-11566385337103696871_5740_000_5760_000_with_camera_labels-80.png 24 912 25
big_dataset_depth/000000001587-segment-11566385337103696871_5740_000_5760_000_with_camera_labels-80.png 32 920 25
big_dataset_depth/000000001587-segment-11566385337103696871_5740_000_5760_000_with_camera_labels-80.png 40 928 25
big_dataset_depth/000000001587-segment-11566385337103696871_5740_000_5760_000_with_camera_labels-80.png 48 920 26
big_dataset_depth/000000001587-segment-11566385337103696871_5740_000_5760_000_with_camera_labels-80.png 56 888 26
big_dataset_depth/000000001587-segment-11566385337103696871_5740_000_5760_000_with_camera_labels-80.png 64 872 26
big_dataset_depth/000000001587-segment-11566385337103696871_5740_000_5760_000_with_camera_labels-80.png 72 840 27
big_dataset_depth/000000001587-segment-11566385337103696871_5740_000_5760_000_with_camera_labels-80.png 80 848 27
big_dataset_depth/000000001587-segment-11566385337103696871_5740_000_5760_000_with_camera_labels-80.png 88 840 28
big_dataset_depth/000000001587-segment-11566385337103696871_5740_000_5760_000_with_camera_labels-80.png 96 824 28
big_dataset_depth/000000001587-segment-11566385337103696871_5740_000_5760_000_with_camera_labels-80.png 104 864 29
big_dataset_depth/000000001587-segment-11566385337103696871_5740_000_5760_000_with_camera_labels-80.png 112 888 29
big_dataset_depth/000000001587-segment-11566385337103696871_5740_000_5760_000_with_camera_labels-80.png 120 872 30
big_dataset_depth/000000001587-segment-11566385337103696871_5740_000_5760_000_with_camera_labels-80.png 128 872 30
big_dataset_depth/000000001587-segment-11566385337103696871_5740_000_5760_000_with_camera_labels-80.png 136 872 30
big_dataset_depth/000000001587-segment-11566385337103696871_5740_000_5760_000_with_camera_labels-80.png 144 864 30
big_dataset_depth/000000001587-segment-11566385337103696871_5740_000_5760_000_with_camera_labels-80.png 152 832 31
big_dataset_depth/000000001587-segment-11566385337103696871_5740_000_5760_000_with_camera_labels-80.png 184 744 48
big_dataset_depth/000000001587-segment-11566385337103696871_5740_000_5760_000_with_camera_labels-80.png 192 760 48
big_dataset_depth/000000001587-segment-11566385337103696871_5740_000_5760_000_with_camera_labels-80.png 200 752 48
big_dataset_depth/000000001587-segment-11566385337103696871_5740_000_5760_000_with_camera_labels-80.png 208 760 48
big_dataset_depth/000000001587-segment-11566385337103696871_5740_000_5760_000_with_camera_labels-80.png 216 752 49
big_dataset_depth/000000001587-segment-11566385337103696871_5740_000_5760_000_with_camera_labels-80.png 224 720 48
big_dataset_depth/000000001587-segment-11566385337103696871_5740_000_5760_000_with_camera_labels-80.png 232 712 48
big_dataset_depth/000000001587-segment-11566385337103696871_5740_000_5760_000_with_camera_labels-80.png 240 672 67
big_dataset_depth/000000001587-segment-11566385337103696871_5740_000_5760_000_with_camera_labels-80.png 248 552 59
big_dataset_depth/000000001587-segment-11566385337103696871_5740_000_5760_000_with_camera_labels-80.png 256 680 76
big_dataset_depth/000000001587-segment-11566385337103696871_5740_000_5760_000_with_camera_labels-80.png 264 664 77
big_dataset_depth/000000001587-segment-11566385337103696871_5740_000_5760_000_with_camera_labels-80.png 272 720 61
big_dataset_depth/000000001587-segment-11566385337103696871_5740_000_5760_000_with_camera_labels-80.png 280 712 62
big_dataset_depth/000000001587-segment-11566385337103696871_5740_000_5760_000_with_camera_labels-80.png 288 712 63
big_dataset_depth/000000001587-segment-11566385337103696871_5740_000_5760_000_with_camera_labels-80.png 296 712 62
big_dataset_depth/000000001587-segment-11566385337103696871_5740_000_5760_000_with_camera_labels-80.png 304 704 63
big_dataset_depth/000000001587-segment-11566385337103696871_5740_000_5760_000_with_camera_labels-80.png 312 712 62
big_dataset_depth/000000001587-segment-11566385337103696871_5740_000_5760_000_with_camera_labels-80.png 320 696 63
big_dataset_depth/000000001587-segment-11566385337103696871_5740_000_5760_000_with_camera_labels-80.png 328 672 61
big_dataset_depth/000000001587-segment-11566385337103696871_5740_000_5760_000_with_camera_labels-80.png 336 712 63
big_dataset_depth/000000001587-segment-11566385337103696871_5740_000_5760_000_with_camera_labels-80.png 344 704 64
big_dataset_depth/000000001587-segment-11566385337103696871_5740_000_5760_000_with_camera_labels-80.png 352 688 68
big_dataset_depth/000000001587-segment-11566385337103696871_5740_000_5760_000_with_camera_labels-80.png 360 704 62
big_dataset_depth/000000001587-segment-11566385337103696871_5740_000_5760_000_with_camera_labels-80.png 368 704 61
big_dataset_depth/000000001587-segment-11566385337103696871_5740_000_5760_000_with_camera_labels-80.png 376 704 61
big_dataset_depth/000000001587-segment-11566385337103696871_5740_000_5760_000_with_camera_labels-80.png 384 720 59
big_dataset_depth/000000001587-segment-11566385337103696871_5740_000_5760_000_with_camera_labels-80.png 392 712 61
big_dataset_depth/000000001587-segment-11566385337103696871_5740_000_5760_000_with_camera_labels-80.png 400 728 59
big_dataset_depth/000000001587-segment-11566385337103696871_5740_000_5760_000_with_camera_labels-80.png 408 712 61
big_dataset_depth/000000001587-segment-11566385337103696871_5740_000_5760_000_with_camera_labels-80.png 416 712 61
big_dataset_depth/000000001587-segment-11566385337103696871_5740_000_5760_000_with_camera_labels-80.png 424 704 61
big_dataset_depth/000000001587-segment-11566385337103696871_5740_000_5760_000_with_camera_labels-80.png 432 704 61
big_dataset_depth/000000001587-segment-11566385337103696871_5740_000_5760_000_with_camera_labels-80.png 440 696 61
big_dataset_depth/000000001587-segment-11566385337103696871_5740_000_5760_000_with_camera_labels-80.png 448 696 61
big_dataset_depth/000000001587-segment-11566385337103696871_5740_000_5760_000_with_camera_labels-80.png 456 696 61
big_dataset_depth/000000001587-segment-11566385337103696871_5740_000_5760_000_with_camera_labels-80.png 464 696 61
big_dataset_depth/000000001587-segment-11566385337103696871_5740_000_5760_000_with_camera_labels-80.png 472 696 61
big_dataset_depth/000000001587-segment-11566385337103696871_5740_000_5760_000_with_camera_labels-80.png 480 704 61
big_dataset_depth/000000001587-segment-11566385337103696871_5740_000_5760_000_with_camera_labels-80.png 488 696 61
big_dataset_depth/000000001587-segment-11566385337103696871_5740_000_5760_000_with_camera_labels-80.png 496 696 62
big_dataset_depth/000000001587-segment-11566385337103696871_5740_000_5760_000_with_camera_labels-80.png 504 704 62
big_dataset_depth/000000001587-segment-11566385337103696871_5740_000_5760_000_with_camera_labels-80.png 512 736 51
big_dataset_depth/000000001587-segment-11566385337103696871_5740_000_5760_000_with_camera_labels-80.png 520 752 43
big_dataset_depth/000000001587-segment-11566385337103696871_5740_000_5760_000_with_camera_labels-80.png 528 760 43
big_dataset_depth/000000001587-segment-11566385337103696871_5740_000_5760_000_with_camera_labels-80.png 536 752 43
big_dataset_depth/000000001587-segment-11566385337103696871_5740_000_5760_000_with_camera_labels-80.png 544 736 43
big_dataset_depth/000000001587-segment-11566385337103696871_5740_000_5760_000_with_camera_labels-80.png 552 744 44
big_dataset_depth/000000001587-segment-11566385337103696871_5740_000_5760_000_with_camera_labels-80.png 560 736 43
big_dataset_depth/000000001587-segment-11566385337103696871_5740_000_5760_000_with_camera_labels-80.png 568 744 44
big_dataset_depth/000000001587-segment-11566385337103696871_5740_000_5760_000_with_camera_labels-80.png 576 736 42
big_dataset_depth/000000001587-segment-11566385337103696871_5740_000_5760_000_with_camera_labels-80.png 584 752 43
big_dataset_depth/000000001587-segment-11566385337103696871_5740_000_5760_000_with_camera_labels-80.png 592 736 42
big_dataset_depth/000000001587-segment-11566385337103696871_5740_000_5760_000_with_camera_labels-80.png 600 752 43
big_dataset_depth/000000001587-segment-11566385337103696871_5740_000_5760_000_with_camera_labels-80.png 608 736 42
big_dataset_depth/000000001587-segment-11566385337103696871_5740_000_5760_000_with_camera_labels-80.png 616 736 42
big_dataset_depth/000000001587-segment-11566385337103696871_5740_000_5760_000_with_camera_labels-80.png 624 736 42
big_dataset_depth/000000001587-segment-11566385337103696871_5740_000_5760_000_with_camera_labels-80.png 632 736 42
big_dataset_depth/000000001587-segment-11566385337103696871_5740_000_5760_000_with_camera_labels-80.png 640 752 43
big_dataset_depth/000000001587-segment-11566385337103696871_5740_000_5760_000_with_camera_labels-80.png 648 752 43
big_dataset_depth/000000001587-segment-11566385337103696871_5740_000_5760_000_with_camera_labels-80.png 656 736 43
big_dataset_depth/000000001587-segment-11566385337103696871_5740_000_5760_000_with_camera_labels-80.png 664 720 45
big_dataset_depth/000000001587-segment-11566385337103696871_5740_000_5760_000_with_camera_labels-80.png 672 728 47
big_dataset_depth/000000001587-segment-11566385337103696871_5740_000_5760_000_with_camera_labels-80.png 680 720 47
big_dataset_depth/000000001587-segment-11566385337103696871_5740_000_5760_000_with_camera_labels-80.png 864 624 70
big_dataset_depth/000000001587-segment-11566385337103696871_5740_000_5760_000_with_camera_labels-80.png 872 632 71
big_dataset_depth/000000001587-segment-11566385337103696871_5740_000_5760_000_with_camera_labels-80.png 880 632 70
big_dataset_depth/000000001587-segment-11566385337103696871_5740_000_5760_000_with_camera_labels-80.png 888 624 70
big_dataset_depth/000000001587-segment-11566385337103696871_5740_000_5760_000_with_camera_labels-80.png 896 624 70
big_dataset_depth/000000001587-segment-11566385337103696871_5740_000_5760_000_with_camera_labels-80.png 904 624 70
big_dataset_depth/000000001587-segment-11566385337103696871_5740_000_5760_000_with_camera_labels-80.png 912 696 53
big_dataset_depth/000000001587-segment-11566385337103696871_5740_000_5760_000_with_camera_labels-80.png 920 696 52
big_dataset_depth/000000001587-segment-11566385337103696871_5740_000_5760_000_with_camera_labels-80.png 928 704 50
big_dataset_depth/000000001587-segment-11566385337103696871_5740_000_5760_000_with_camera_labels-80.png 936 704 48
big_dataset_depth/000000001587-segment-11566385337103696871_5740_000_5760_000_with_camera_labels-80.png 944 712 44
big_dataset_depth/000000001587-segment-11566385337103696871_5740_000_5760_000_with_camera_labels-80.png 952 736 44
big_dataset_depth/000000001587-segment-11566385337103696871_5740_000_5760_000_with_camera_labels-80.png 960 744 44
big_dataset_depth/000000001587-segment-11566385337103696871_5740_000_5760_000_with_camera_labels-80.png 968 728 42
big_dataset_depth/000000001587-segment-11566385337103696871_5740_000_5760_000_with_camera_labels-80.png 976 720 41
big_dataset_depth/000000001587-segment-11566385337103696871_5740_000_5760_000_with_camera_labels-80.png 984 760 40
big_dataset_depth/000000001587-segment-11566385337103696871_5740_000_5760_000_with_camera_labels-80.png 992 760 40
big_dataset_depth/000000001587-segment-11566385337103696871_5740_000_5760_000_with_camera_labels-80.png 1000 744 39
big_dataset_depth/000000001587-segment-11566385337103696871_5740_000_5760_000_with_camera_labels-80.png 1008 784 36
big_dataset_depth/000000001587-segment-11566385337103696871_5740_000_5760_000_with_camera_labels-80.png 1016 776 36
big_dataset_depth/000000001587-segment-11566385337103696871_5740_000_5760_000_with_camera_labels-80.png 1024 776 35
big_dataset_depth/000000001587-segment-11566385337103696871_5740_000_5760_000_with_camera_labels-80.png 1032 784 34
big_dataset_depth/000000001587-segment-11566385337103696871_5740_000_5760_000_with_camera_labels-80.png 1040 808 33
big_dataset_depth/000000001587-segment-11566385337103696871_5740_000_5760_000_with_camera_labels-80.png 1048 824 33
big_dataset_depth/000000001587-segment-11566385337103696871_5740_000_5760_000_with_camera_labels-80.png 1056 824 33
big_dataset_depth/000000001587-segment-11566385337103696871_5740_000_5760_000_with_camera_labels-80.png 1064 808 33
big_dataset_depth/000000001587-segment-11566385337103696871_5740_000_5760_000_with_camera_labels-80.png 1072 792 32
big_dataset_depth/000000001587-segment-11566385337103696871_5740_000_5760_000_with_camera_labels-80.png 1080 816 33
big_dataset_depth/000000001587-segment-11566385337103696871_5740_000_5760_000_with_camera_labels-80.png 1088 792 32
big_dataset_depth/000000001587-segment-11566385337103696871_5740_000_5760_000_with_camera_labels-80.png 1096 792 32
big_dataset_depth/000000001587-segment-11566385337103696871_5740_000_5760_000_with_camera_labels-80.png 1104 808 32
big_dataset_depth/000000001587-segment-11566385337103696871_5740_000_5760_000_with_camera_labels-80.png 1112 792 32
big_dataset_depth/000000001587-segment-11566385337103696871_5740_000_5760_000_with_camera_labels-80.png 1120 800 32
big_dataset_depth/000000001587-segment-11566385337103696871_5740_000_5760_000_with_camera_labels-80.png 1128 800 32
big_dataset_depth/000000001587-segment-11566385337103696871_5740_000_5760_000_with_camera_labels-80.png 1136 824 33
big_dataset_depth/000000001587-segment-11566385337103696871_5740_000_5760_000_with_camera_labels-80.png 1144 800 32
big_dataset_depth/000000001587-segment-11566385337103696871_5740_000_5760_000_with_camera_labels-80.png 1152 816 32
big_dataset_depth/000000001587-segment-11566385337103696871_5740_000_5760_000_with_camera_labels-80.png 1160 800 34
big_dataset_depth/000000001587-segment-11566385337103696871_5740_000_5760_000_with_camera_labels-80.png 1168 800 33
big_dataset_depth/000000001587-segment-11566385337103696871_5740_000_5760_000_with_camera_labels-80.png 1176 808 33
big_dataset_depth/000000001587-segment-11566385337103696871_5740_000_5760_000_with_camera_labels-80.png 1184 824 33
big_dataset_depth/000000001587-segment-11566385337103696871_5740_000_5760_000_with_camera_labels-80.png 1192 800 33
big_dataset_depth/000000001587-segment-11566385337103696871_5740_000_5760_000_with_camera_labels-80.png 1200 808 33
big_dataset_depth/000000001587-segment-11566385337103696871_5740_000_5760_000_with_camera_labels-80.png 1208 760 39
big_dataset_depth/000000001587-segment-11566385337103696871_5740_000_5760_000_with_camera_labels-80.png 1216 704 44
big_dataset_depth/000000001587-segment-11566385337103696871_5740_000_5760_000_with_camera_labels-80.png 1224 824 33
big_dataset_depth/000000001587-segment-11566385337103696871_5740_000_5760_000_with_camera_labels-80.png 1232 776 38
big_dataset_depth/000000001587-segment-11566385337103696871_5740_000_5760_000_with_camera_labels-80.png 1240 736 42
big_dataset_depth/000000001587-segment-11566385337103696871_5740_000_5760_000_with_camera_labels-80.png 1248 840 32
big_dataset_depth/000000001587-segment-11566385337103696871_5740_000_5760_000_with_camera_labels-80.png 1256 840 32
big_dataset_depth/000000001587-segment-11566385337103696871_5740_000_5760_000_with_camera_labels-80.png 1264 736 40
big_dataset_depth/000000001587-segment-11566385337103696871_5740_000_5760_000_with_camera_labels-80.png 1272 736 40
big_dataset_depth/000000001587-segment-11566385337103696871_5740_000_5760_000_with_camera_labels-80.png 1280 744 39
big_dataset_depth/000000001587-segment-11566385337103696871_5740_000_5760_000_with_camera_labels-80.png 1288 728 40
big_dataset_depth/000000001587-segment-11566385337103696871_5740_000_5760_000_with_camera_labels-80.png 1296 800 32
big_dataset_depth/000000001587-segment-11566385337103696871_5740_000_5760_000_with_camera_labels-80.png 1304 864 29
big_dataset_depth/000000001587-segment-11566385337103696871_5740_000_5760_000_with_camera_labels-80.png 1312 752 38
big_dataset_depth/000000001587-segment-11566385337103696871_5740_000_5760_000_with_camera_labels-80.png 1320 768 37
big_dataset_depth/000000001587-segment-11566385337103696871_5740_000_5760_000_with_camera_labels-80.png 1328 752 37
big_dataset_depth/000000001587-segment-11566385337103696871_5740_000_5760_000_with_camera_labels-80.png 1336 720 37
big_dataset_depth/000000001587-segment-11566385337103696871_5740_000_5760_000_with_camera_labels-80.png 1344 776 36
big_dataset_depth/000000001587-segment-11566385337103696871_5740_000_5760_000_with_camera_labels-80.png 1352 776 36
big_dataset_depth/000000001587-segment-11566385337103696871_5740_000_5760_000_with_camera_labels-80.png 1360 792 35
big_dataset_depth/000000001587-segment-11566385337103696871_5740_000_5760_000_with_camera_labels-80.png 1368 792 35
big_dataset_depth/000000001587-segment-11566385337103696871_5740_000_5760_000_with_camera_labels-80.png 1376 768 35
big_dataset_depth/000000001587-segment-11566385337103696871_5740_000_5760_000_with_camera_labels-80.png 1384 792 34
big_dataset_depth/000000001587-segment-11566385337103696871_5740_000_5760_000_with_camera_labels-80.png 1392 792 34
big_dataset_depth/000000001587-segment-11566385337103696871_5740_000_5760_000_with_camera_labels-80.png 1400 800 33
big_dataset_depth/000000001587-segment-11566385337103696871_5740_000_5760_000_with_camera_labels-80.png 1408 800 33
big_dataset_depth/000000001587-segment-11566385337103696871_5740_000_5760_000_with_camera_labels-80.png 1416 800 33
big_dataset_depth/000000001587-segment-11566385337103696871_5740_000_5760_000_with_camera_labels-80.png 1424 800 33
big_dataset_depth/000000001587-segment-11566385337103696871_5740_000_5760_000_with_camera_labels-80.png 1432 800 33
big_dataset_depth/000000001587-segment-11566385337103696871_5740_000_5760_000_with_camera_labels-80.png 1440 792 33
big_dataset_depth/000000001587-segment-11566385337103696871_5740_000_5760_000_with_camera_labels-80.png 1448 800 33
big_dataset_depth/000000001587-segment-11566385337103696871_5740_000_5760_000_with_camera_labels-80.png 1456 800 33
big_dataset_depth/000000001587-segment-11566385337103696871_5740_000_5760_000_with_camera_labels-80.png 1464 808 33
big_dataset_depth/000000001587-segment-11566385337103696871_5740_000_5760_000_with_camera_labels-80.png 1472 808 33
big_dataset_depth/000000001587-segment-11566385337103696871_5740_000_5760_000_with_camera_labels-80.png 1480 808 33
big_dataset_depth/000000001587-segment-11566385337103696871_5740_000_5760_000_with_camera_labels-80.png 1496 936 25
big_dataset_depth/000000001587-segment-11566385337103696871_5740_000_5760_000_with_camera_labels-80.png 1504 936 25
big_dataset_depth/000000001587-segment-11566385337103696871_5740_000_5760_000_with_camera_labels-80.png 1512 936 25
big_dataset_depth/000000001587-segment-11566385337103696871_5740_000_5760_000_with_camera_labels-80.png 1520 808 33
big_dataset_depth/000000001587-segment-11566385337103696871_5740_000_5760_000_with_camera_labels-80.png 1528 936 25
big_dataset_depth/000000001587-segment-11566385337103696871_5740_000_5760_000_with_camera_labels-80.png 1536 936 25
big_dataset_depth/000000001587-segment-11566385337103696871_5740_000_5760_000_with_camera_labels-80.png 1544 936 25
big_dataset_depth/000000001587-segment-11566385337103696871_5740_000_5760_000_with_camera_labels-80.png 1552 936 25
big_dataset_depth/000000001587-segment-11566385337103696871_5740_000_5760_000_with_camera_labels-80.png 1560 936 25
big_dataset_depth/000000001587-segment-11566385337103696871_5740_000_5760_000_with_camera_labels-80.png 1568 936 25
big_dataset_depth/000000001587-segment-11566385337103696871_5740_000_5760_000_with_camera_labels-80.png 1576 936 25
big_dataset_depth/000000001587-segment-11566385337103696871_5740_000_5760_000_with_camera_labels-80.png 1584 936 25
big_dataset_depth/000000001587-segment-11566385337103696871_5740_000_5760_000_with_camera_labels-80.png 1592 936 25
big_dataset_depth/000000001587-segment-11566385337103696871_5740_000_5760_000_with_camera_labels-80.png 1600 824 34
big_dataset_depth/000000001587-segment-11566385337103696871_5740_000_5760_000_with_camera_labels-80.png 1608 936 25
big_dataset_depth/000000001587-segment-11566385337103696871_5740_000_5760_000_with_camera_labels-80.png 1624 936 24
big_dataset_depth/000000001587-segment-11566385337103696871_5740_000_5760_000_with_camera_labels-80.png 1632 936 24
big_dataset_depth/000000001587-segment-11566385337103696871_5740_000_5760_000_with_camera_labels-80.png 1640 944 24
big_dataset_depth/000000001587-segment-11566385337103696871_5740_000_5760_000_with_camera_labels-80.png 1648 944 24
big_dataset_depth/000000001587-segment-11566385337103696871_5740_000_5760_000_with_camera_labels-80.png 1656 944 24
big_dataset_depth/000000001587-segment-11566385337103696871_5740_000_5760_000_with_camera_labels-80.png 1664 944 24
big_dataset_depth/000000001587-segment-11566385337103696871_5740_000_5760_000_with_camera_labels-80.png 1672 944 24
big_dataset_depth/000000001587-segment-11566385337103696871_5740_000_5760_000_with_camera_labels-80.png 1680 880 29
big_dataset_depth/000000001587-segment-11566385337103696871_5740_000_5760_000_with_camera_labels-80.png 1688 944 24
big_dataset_depth/000000001587-segment-11566385337103696871_5740_000_5760_000_with_camera_labels-80.png 1704 944 24
big_dataset_depth/000000001587-segment-11566385337103696871_5740_000_5760_000_with_camera_labels-80.png 1712 944 24
big_dataset_depth/000000001587-segment-11566385337103696871_5740_000_5760_000_with_camera_labels-80.png 1720 912 27
big_dataset_depth/000000001587-segment-11566385337103696871_5740_000_5760_000_with_camera_labels-80.png 1728 944 24
big_dataset_depth/000000001587-segment-11566385337103696871_5740_000_5760_000_with_camera_labels-80.png 1736 944 24
big_dataset_depth/000000001587-segment-11566385337103696871_5740_000_5760_000_with_camera_labels-80.png 1744 944 24
big_dataset_depth/000000001587-segment-11566385337103696871_5740_000_5760_000_with_camera_labels-80.png 1752 944 24
big_dataset_depth/000000001587-segment-11566385337103696871_5740_000_5760_000_with_camera_labels-80.png 1760 944 24
big_dataset_depth/000000001587-segment-11566385337103696871_5740_000_5760_000_with_camera_labels-80.png 1768 944 24
big_dataset_depth/000000001587-segment-11566385337103696871_5740_000_5760_000_with_camera_labels-80.png 1776 944 24
big_dataset_depth/000000001587-segment-11566385337103696871_5740_000_5760_000_with_camera_labels-80.png 1784 944 24
big_dataset_depth/000000001587-segment-11566385337103696871_5740_000_5760_000_with_camera_labels-80.png 1792 944 24
big_dataset_depth/000000001587-segment-11566385337103696871_5740_000_5760_000_with_camera_labels-80.png 1800 952 24
big_dataset_depth/000000001587-segment-11566385337103696871_5740_000_5760_000_with_camera_labels-80.png 1808 952 24
big_dataset_depth/000000001587-segment-11566385337103696871_5740_000_5760_000_with_camera_labels-80.png 1816 952 24
big_dataset_depth/000000001587-segment-11566385337103696871_5740_000_5760_000_with_camera_labels-80.png 1832 952 24
big_dataset_depth/000000001587-segment-11566385337103696871_5740_000_5760_000_with_camera_labels-80.png 1840 952 24
big_dataset_depth/000000001587-segment-11566385337103696871_5740_000_5760_000_with_camera_labels-80.png 1848 952 24
big_dataset_depth/000000001587-segment-11566385337103696871_5740_000_5760_000_with_camera_labels-80.png 1856 952 24
big_dataset_depth/000000001587-segment-11566385337103696871_5740_000_5760_000_with_camera_labels-80.png 1864 952 24
big_dataset_depth/000000001587-segment-11566385337103696871_5740_000_5760_000_with_camera_labels-80.png 1872 952 24
big_dataset_depth/000000001587-segment-11566385337103696871_5740_000_5760_000_with_camera_labels-80.png 1880 952 24
big_dataset_depth/000000001587-segment-11566385337103696871_5740_000_5760_000_with_camera_labels-80.png 1888 952 24
big_dataset_depth/000000001587-segment-11566385337103696871_5740_000_5760_000_with_camera_labels-80.png 1896 896 30
big_dataset_depth/000000001587-segment-11566385337103696871_5740_000_5760_000_with_camera_labels-80.png 1904 952 24
big_dataset_depth/000000001587-segment-11566385337103696871_5740_000_5760_000_with_camera_labels-80.png 1912 896 30
