big_dataset_depth/000000003741-segment-14073578965827700743_1564_000_1584_000_with_camera_labels-40.png 0 1112 18
big_dataset_depth/000000003741-segment-14073578965827700743_1564_000_1584_000_with_camera_labels-40.png 8 1096 17
big_dataset_depth/000000003741-segment-14073578965827700743_1564_000_1584_000_with_camera_labels-40.png 16 1104 17
big_dataset_depth/000000003741-segment-14073578965827700743_1564_000_1584_000_with_camera_labels-40.png 24 864 56
big_dataset_depth/000000003741-segment-14073578965827700743_1564_000_1584_000_with_camera_labels-40.png 32 1104 17
big_dataset_depth/000000003741-segment-14073578965827700743_1564_000_1584_000_with_camera_labels-40.png 40 864 56
big_dataset_depth/000000003741-segment-14073578965827700743_1564_000_1584_000_with_camera_labels-40.png 48 944 43
big_dataset_depth/000000003741-segment-14073578965827700743_1564_000_1584_000_with_camera_labels-40.png 56 888 47
big_dataset_depth/000000003741-segment-14073578965827700743_1564_000_1584_000_with_camera_labels-40.png 64 872 54
big_dataset_depth/000000003741-segment-14073578965827700743_1564_000_1584_000_with_camera_labels-40.png 72 840 55
big_dataset_depth/000000003741-segment-14073578965827700743_1564_000_1584_000_with_camera_labels-40.png 80 1040 16
big_dataset_depth/000000003741-segment-14073578965827700743_1564_000_1584_000_with_camera_labels-40.png 88 920 42
big_dataset_depth/000000003741-segment-14073578965827700743_1564_000_1584_000_with_camera_labels-40.png 96 648 93
big_dataset_depth/000000003741-segment-14073578965827700743_1564_000_1584_000_with_camera_labels-40.png 104 1040 16
big_dataset_depth/000000003741-segment-14073578965827700743_1564_000_1584_000_with_camera_labels-40.png 112 1056 16
big_dataset_depth/000000003741-segment-14073578965827700743_1564_000_1584_000_with_camera_labels-40.png 120 1056 16
big_dataset_depth/000000003741-segment-14073578965827700743_1564_000_1584_000_with_camera_labels-40.png 128 1056 16
big_dataset_depth/000000003741-segment-14073578965827700743_1564_000_1584_000_with_camera_labels-40.png 136 1056 16
big_dataset_depth/000000003741-segment-14073578965827700743_1564_000_1584_000_with_camera_labels-40.png 144 1048 15
big_dataset_depth/000000003741-segment-14073578965827700743_1564_000_1584_000_with_camera_labels-40.png 152 1056 15
big_dataset_depth/000000003741-segment-14073578965827700743_1564_000_1584_000_with_camera_labels-40.png 160 1048 15
big_dataset_depth/000000003741-segment-14073578965827700743_1564_000_1584_000_with_camera_labels-40.png 168 1056 15
big_dataset_depth/000000003741-segment-14073578965827700743_1564_000_1584_000_with_camera_labels-40.png 176 1040 15
big_dataset_depth/000000003741-segment-14073578965827700743_1564_000_1584_000_with_camera_labels-40.png 184 1016 16
big_dataset_depth/000000003741-segment-14073578965827700743_1564_000_1584_000_with_camera_labels-40.png 192 1064 16
big_dataset_depth/000000003741-segment-14073578965827700743_1564_000_1584_000_with_camera_labels-40.png 200 1032 15
big_dataset_depth/000000003741-segment-14073578965827700743_1564_000_1584_000_with_camera_labels-40.png 208 1016 16
big_dataset_depth/000000003741-segment-14073578965827700743_1564_000_1584_000_with_camera_labels-40.png 216 1032 15
big_dataset_depth/000000003741-segment-14073578965827700743_1564_000_1584_000_with_camera_labels-40.png 224 1032 16
big_dataset_depth/000000003741-segment-14073578965827700743_1564_000_1584_000_with_camera_labels-40.png 232 1056 15
big_dataset_depth/000000003741-segment-14073578965827700743_1564_000_1584_000_with_camera_labels-40.png 240 1016 15
big_dataset_depth/000000003741-segment-14073578965827700743_1564_000_1584_000_with_camera_labels-40.png 248 1040 15
big_dataset_depth/000000003741-segment-14073578965827700743_1564_000_1584_000_with_camera_labels-40.png 256 1016 15
big_dataset_depth/000000003741-segment-14073578965827700743_1564_000_1584_000_with_camera_labels-40.png 264 1016 15
big_dataset_depth/000000003741-segment-14073578965827700743_1564_000_1584_000_with_camera_labels-40.png 272 1016 15
big_dataset_depth/000000003741-segment-14073578965827700743_1564_000_1584_000_with_camera_labels-40.png 280 1024 15
big_dataset_depth/000000003741-segment-14073578965827700743_1564_000_1584_000_with_camera_labels-40.png 288 1048 15
big_dataset_depth/000000003741-segment-14073578965827700743_1564_000_1584_000_with_camera_labels-40.png 296 1048 15
big_dataset_depth/000000003741-segment-14073578965827700743_1564_000_1584_000_with_camera_labels-40.png 304 1048 15
big_dataset_depth/000000003741-segment-14073578965827700743_1564_000_1584_000_with_camera_labels-40.png 312 1024 15
big_dataset_depth/000000003741-segment-14073578965827700743_1564_000_1584_000_with_camera_labels-40.png 320 1056 16
big_dataset_depth/000000003741-segment-14073578965827700743_1564_000_1584_000_with_camera_labels-40.png 328 1032 15
big_dataset_depth/000000003741-segment-14073578965827700743_1564_000_1584_000_with_camera_labels-40.png 336 1032 16
big_dataset_depth/000000003741-segment-14073578965827700743_1564_000_1584_000_with_camera_labels-40.png 352 1112 16
big_dataset_depth/000000003741-segment-14073578965827700743_1564_000_1584_000_with_camera_labels-40.png 360 1088 17
big_dataset_depth/000000003741-segment-14073578965827700743_1564_000_1584_000_with_camera_labels-40.png 368 1096 17
big_dataset_depth/000000003741-segment-14073578965827700743_1564_000_1584_000_with_camera_labels-40.png 376 1104 16
big_dataset_depth/000000003741-segment-14073578965827700743_1564_000_1584_000_with_camera_labels-40.png 384 1096 17
big_dataset_depth/000000003741-segment-14073578965827700743_1564_000_1584_000_with_camera_labels-40.png 392 1096 17
big_dataset_depth/000000003741-segment-14073578965827700743_1564_000_1584_000_with_camera_labels-40.png 400 1088 17
big_dataset_depth/000000003741-segment-14073578965827700743_1564_000_1584_000_with_camera_labels-40.png 408 1088 17
big_dataset_depth/000000003741-segment-14073578965827700743_1564_000_1584_000_with_camera_labels-40.png 416 1088 17
big_dataset_depth/000000003741-segment-14073578965827700743_1564_000_1584_000_with_camera_labels-40.png 424 1088 17
big_dataset_depth/000000003741-segment-14073578965827700743_1564_000_1584_000_with_camera_labels-40.png 432 992 18
big_dataset_depth/000000003741-segment-14073578965827700743_1564_000_1584_000_with_camera_labels-40.png 440 968 18
big_dataset_depth/000000003741-segment-14073578965827700743_1564_000_1584_000_with_camera_labels-40.png 448 968 18
big_dataset_depth/000000003741-segment-14073578965827700743_1564_000_1584_000_with_camera_labels-40.png 456 968 18
big_dataset_depth/000000003741-segment-14073578965827700743_1564_000_1584_000_with_camera_labels-40.png 464 960 18
big_dataset_depth/000000003741-segment-14073578965827700743_1564_000_1584_000_with_camera_labels-40.png 472 952 19
big_dataset_depth/000000003741-segment-14073578965827700743_1564_000_1584_000_with_camera_labels-40.png 480 944 19
big_dataset_depth/000000003741-segment-14073578965827700743_1564_000_1584_000_with_camera_labels-40.png 488 936 19
big_dataset_depth/000000003741-segment-14073578965827700743_1564_000_1584_000_with_camera_labels-40.png 504 936 20
big_dataset_depth/000000003741-segment-14073578965827700743_1564_000_1584_000_with_camera_labels-40.png 512 928 20
big_dataset_depth/000000003741-segment-14073578965827700743_1564_000_1584_000_with_camera_labels-40.png 520 968 22
big_dataset_depth/000000003741-segment-14073578965827700743_1564_000_1584_000_with_camera_labels-40.png 528 968 22
big_dataset_depth/000000003741-segment-14073578965827700743_1564_000_1584_000_with_camera_labels-40.png 536 968 22
big_dataset_depth/000000003741-segment-14073578965827700743_1564_000_1584_000_with_camera_labels-40.png 544 952 22
big_dataset_depth/000000003741-segment-14073578965827700743_1564_000_1584_000_with_camera_labels-40.png 552 968 22
big_dataset_depth/000000003741-segment-14073578965827700743_1564_000_1584_000_with_camera_labels-40.png 560 944 22
big_dataset_depth/000000003741-segment-14073578965827700743_1564_000_1584_000_with_camera_labels-40.png 576 824 28
big_dataset_depth/000000003741-segment-14073578965827700743_1564_000_1584_000_with_camera_labels-40.png 584 856 29
big_dataset_depth/000000003741-segment-14073578965827700743_1564_000_1584_000_with_camera_labels-40.png 592 888 27
big_dataset_depth/000000003741-segment-14073578965827700743_1564_000_1584_000_with_camera_labels-40.png 600 864 29
big_dataset_depth/000000003741-segment-14073578965827700743_1564_000_1584_000_with_camera_labels-40.png 608 880 29
big_dataset_depth/000000003741-segment-14073578965827700743_1564_000_1584_000_with_camera_labels-40.png 616 864 29
big_dataset_depth/000000003741-segment-14073578965827700743_1564_000_1584_000_with_camera_labels-40.png 624 864 29
big_dataset_depth/000000003741-segment-14073578965827700743_1564_000_1584_000_with_camera_labels-40.png 632 848 30
big_dataset_depth/000000003741-segment-14073578965827700743_1564_000_1584_000_with_camera_labels-40.png 640 808 31
big_dataset_depth/000000003741-segment-14073578965827700743_1564_000_1584_000_with_camera_labels-40.png 648 840 31
big_dataset_depth/000000003741-segment-14073578965827700743_1564_000_1584_000_with_camera_labels-40.png 656 832 33
big_dataset_depth/000000003741-segment-14073578965827700743_1564_000_1584_000_with_camera_labels-40.png 664 824 33
big_dataset_depth/000000003741-segment-14073578965827700743_1564_000_1584_000_with_camera_labels-40.png 752 1176 14
big_dataset_depth/000000003741-segment-14073578965827700743_1564_000_1584_000_with_camera_labels-40.png 760 1176 14
big_dataset_depth/000000003741-segment-14073578965827700743_1564_000_1584_000_with_camera_labels-40.png 768 1184 14
big_dataset_depth/000000003741-segment-14073578965827700743_1564_000_1584_000_with_camera_labels-40.png 776 1152 14
big_dataset_depth/000000003741-segment-14073578965827700743_1564_000_1584_000_with_camera_labels-40.png 784 1176 14
big_dataset_depth/000000003741-segment-14073578965827700743_1564_000_1584_000_with_camera_labels-40.png 792 1168 14
big_dataset_depth/000000003741-segment-14073578965827700743_1564_000_1584_000_with_camera_labels-40.png 800 1200 14
big_dataset_depth/000000003741-segment-14073578965827700743_1564_000_1584_000_with_camera_labels-40.png 808 1152 13
big_dataset_depth/000000003741-segment-14073578965827700743_1564_000_1584_000_with_camera_labels-40.png 816 1168 14
big_dataset_depth/000000003741-segment-14073578965827700743_1564_000_1584_000_with_camera_labels-40.png 824 1176 14
big_dataset_depth/000000003741-segment-14073578965827700743_1564_000_1584_000_with_camera_labels-40.png 832 1168 14
big_dataset_depth/000000003741-segment-14073578965827700743_1564_000_1584_000_with_camera_labels-40.png 840 1088 13
big_dataset_depth/000000003741-segment-14073578965827700743_1564_000_1584_000_with_camera_labels-40.png 848 1104 13
big_dataset_depth/000000003741-segment-14073578965827700743_1564_000_1584_000_with_camera_labels-40.png 856 1096 13
big_dataset_depth/000000003741-segment-14073578965827700743_1564_000_1584_000_with_camera_labels-40.png 864 1112 13
big_dataset_depth/000000003741-segment-14073578965827700743_1564_000_1584_000_with_camera_labels-40.png 872 1112 13
big_dataset_depth/000000003741-segment-14073578965827700743_1564_000_1584_000_with_camera_labels-40.png 880 1112 13
big_dataset_depth/000000003741-segment-14073578965827700743_1564_000_1584_000_with_camera_labels-40.png 888 1112 13
big_dataset_depth/000000003741-segment-14073578965827700743_1564_000_1584_000_with_camera_labels-40.png 896 1120 13
big_dataset_depth/000000003741-segment-14073578965827700743_1564_000_1584_000_with_camera_labels-40.png 904 1112 13
big_dataset_depth/000000003741-segment-14073578965827700743_1564_000_1584_000_with_camera_labels-40.png 912 1112 13
big_dataset_depth/000000003741-segment-14073578965827700743_1564_000_1584_000_with_camera_labels-40.png 920 1112 13
big_dataset_depth/000000003741-segment-14073578965827700743_1564_000_1584_000_with_camera_labels-40.png 928 1128 13
big_dataset_depth/000000003741-segment-14073578965827700743_1564_000_1584_000_with_camera_labels-40.png 936 1240 13
big_dataset_depth/000000003741-segment-14073578965827700743_1564_000_1584_000_with_camera_labels-40.png 944 1144 14
big_dataset_depth/000000003741-segment-14073578965827700743_1564_000_1584_000_with_camera_labels-40.png 952 1128 13
big_dataset_depth/000000003741-segment-14073578965827700743_1564_000_1584_000_with_camera_labels-40.png 960 1128 13
big_dataset_depth/000000003741-segment-14073578965827700743_1564_000_1584_000_with_camera_labels-40.png 968 1160 13
big_dataset_depth/000000003741-segment-14073578965827700743_1564_000_1584_000_with_camera_labels-40.png 976 1128 13
big_dataset_depth/000000003741-segment-14073578965827700743_1564_000_1584_000_with_camera_labels-40.png 984 1128 13
big_dataset_depth/000000003741-segment-14073578965827700743_1564_000_1584_000_with_camera_labels-40.png 992 1128 13
big_dataset_depth/000000003741-segment-14073578965827700743_1564_000_1584_000_with_camera_labels-40.png 1000 1128 13
big_dataset_depth/000000003741-segment-14073578965827700743_1564_000_1584_000_with_camera_labels-40.png 1008 1216 13
big_dataset_depth/000000003741-segment-14073578965827700743_1564_000_1584_000_with_camera_labels-40.png 1016 1120 13
big_dataset_depth/000000003741-segment-14073578965827700743_1564_000_1584_000_with_camera_labels-40.png 1024 1128 13
big_dataset_depth/000000003741-segment-14073578965827700743_1564_000_1584_000_with_camera_labels-40.png 1032 1128 13
big_dataset_depth/000000003741-segment-14073578965827700743_1564_000_1584_000_with_camera_labels-40.png 1040 1200 14
big_dataset_depth/000000003741-segment-14073578965827700743_1564_000_1584_000_with_camera_labels-40.png 1048 1128 13
big_dataset_depth/000000003741-segment-14073578965827700743_1564_000_1584_000_with_camera_labels-40.png 1056 1128 13
big_dataset_depth/000000003741-segment-14073578965827700743_1564_000_1584_000_with_camera_labels-40.png 1064 1128 13
big_dataset_depth/000000003741-segment-14073578965827700743_1564_000_1584_000_with_camera_labels-40.png 1072 1224 13
big_dataset_depth/000000003741-segment-14073578965827700743_1564_000_1584_000_with_camera_labels-40.png 1080 1112 13
big_dataset_depth/000000003741-segment-14073578965827700743_1564_000_1584_000_with_camera_labels-40.png 1088 1112 13
big_dataset_depth/000000003741-segment-14073578965827700743_1564_000_1584_000_with_camera_labels-40.png 1096 1112 13
big_dataset_depth/000000003741-segment-14073578965827700743_1564_000_1584_000_with_camera_labels-40.png 1104 1112 13
big_dataset_depth/000000003741-segment-14073578965827700743_1564_000_1584_000_with_camera_labels-40.png 1112 1112 13
big_dataset_depth/000000003741-segment-14073578965827700743_1564_000_1584_000_with_camera_labels-40.png 1120 1112 13
big_dataset_depth/000000003741-segment-14073578965827700743_1564_000_1584_000_with_camera_labels-40.png 1128 1112 13
big_dataset_depth/000000003741-segment-14073578965827700743_1564_000_1584_000_with_camera_labels-40.png 1136 1112 13
big_dataset_depth/000000003741-segment-14073578965827700743_1564_000_1584_000_with_camera_labels-40.png 1144 1112 13
big_dataset_depth/000000003741-segment-14073578965827700743_1564_000_1584_000_with_camera_labels-40.png 1152 1112 13
big_dataset_depth/000000003741-segment-14073578965827700743_1564_000_1584_000_with_camera_labels-40.png 1160 1112 13
big_dataset_depth/000000003741-segment-14073578965827700743_1564_000_1584_000_with_camera_labels-40.png 1168 1096 13
big_dataset_depth/000000003741-segment-14073578965827700743_1564_000_1584_000_with_camera_labels-40.png 1176 1088 13
big_dataset_depth/000000003741-segment-14073578965827700743_1564_000_1584_000_with_camera_labels-40.png 1184 1168 14
big_dataset_depth/000000003741-segment-14073578965827700743_1564_000_1584_000_with_camera_labels-40.png 1192 1176 14
big_dataset_depth/000000003741-segment-14073578965827700743_1564_000_1584_000_with_camera_labels-40.png 1200 1192 14
big_dataset_depth/000000003741-segment-14073578965827700743_1564_000_1584_000_with_camera_labels-40.png 1208 1176 14
big_dataset_depth/000000003741-segment-14073578965827700743_1564_000_1584_000_with_camera_labels-40.png 1216 1176 14
big_dataset_depth/000000003741-segment-14073578965827700743_1564_000_1584_000_with_camera_labels-40.png 1224 1176 14
big_dataset_depth/000000003741-segment-14073578965827700743_1564_000_1584_000_with_camera_labels-40.png 1232 1184 14
big_dataset_depth/000000003741-segment-14073578965827700743_1564_000_1584_000_with_camera_labels-40.png 1240 1184 14
big_dataset_depth/000000003741-segment-14073578965827700743_1564_000_1584_000_with_camera_labels-40.png 1248 1184 14
big_dataset_depth/000000003741-segment-14073578965827700743_1564_000_1584_000_with_camera_labels-40.png 1256 1184 14
big_dataset_depth/000000003741-segment-14073578965827700743_1564_000_1584_000_with_camera_labels-40.png 1264 976 29
big_dataset_depth/000000003741-segment-14073578965827700743_1564_000_1584_000_with_camera_labels-40.png 1272 1160 15
big_dataset_depth/000000003741-segment-14073578965827700743_1564_000_1584_000_with_camera_labels-40.png 1280 1008 13
big_dataset_depth/000000003741-segment-14073578965827700743_1564_000_1584_000_with_camera_labels-40.png 1288 808 28
big_dataset_depth/000000003741-segment-14073578965827700743_1564_000_1584_000_with_camera_labels-40.png 1296 800 35
big_dataset_depth/000000003741-segment-14073578965827700743_1564_000_1584_000_with_camera_labels-40.png 1304 800 35
big_dataset_depth/000000003741-segment-14073578965827700743_1564_000_1584_000_with_camera_labels-40.png 1312 696 55
big_dataset_depth/000000003741-segment-14073578965827700743_1564_000_1584_000_with_camera_labels-40.png 1320 720 56
big_dataset_depth/000000003741-segment-14073578965827700743_1564_000_1584_000_with_camera_labels-40.png 1328 896 27
big_dataset_depth/000000003741-segment-14073578965827700743_1564_000_1584_000_with_camera_labels-40.png 1336 896 26
big_dataset_depth/000000003741-segment-14073578965827700743_1564_000_1584_000_with_camera_labels-40.png 1344 696 55
big_dataset_depth/000000003741-segment-14073578965827700743_1564_000_1584_000_with_camera_labels-40.png 1352 704 55
big_dataset_depth/000000003741-segment-14073578965827700743_1564_000_1584_000_with_camera_labels-40.png 1360 712 55
big_dataset_depth/000000003741-segment-14073578965827700743_1564_000_1584_000_with_camera_labels-40.png 1368 920 24
big_dataset_depth/000000003741-segment-14073578965827700743_1564_000_1584_000_with_camera_labels-40.png 1376 920 24
big_dataset_depth/000000003741-segment-14073578965827700743_1564_000_1584_000_with_camera_labels-40.png 1384 928 24
big_dataset_depth/000000003741-segment-14073578965827700743_1564_000_1584_000_with_camera_labels-40.png 1400 944 23
big_dataset_depth/000000003741-segment-14073578965827700743_1564_000_1584_000_with_camera_labels-40.png 1408 944 23
big_dataset_depth/000000003741-segment-14073578965827700743_1564_000_1584_000_with_camera_labels-40.png 1416 960 22
big_dataset_depth/000000003741-segment-14073578965827700743_1564_000_1584_000_with_camera_labels-40.png 1424 960 22
big_dataset_depth/000000003741-segment-14073578965827700743_1564_000_1584_000_with_camera_labels-40.png 1432 960 22
big_dataset_depth/000000003741-segment-14073578965827700743_1564_000_1584_000_with_camera_labels-40.png 1440 736 57
big_dataset_depth/000000003741-segment-14073578965827700743_1564_000_1584_000_with_camera_labels-40.png 1448 976 21
big_dataset_depth/000000003741-segment-14073578965827700743_1564_000_1584_000_with_camera_labels-40.png 1456 976 21
big_dataset_depth/000000003741-segment-14073578965827700743_1564_000_1584_000_with_camera_labels-40.png 1464 808 32
big_dataset_depth/000000003741-segment-14073578965827700743_1564_000_1584_000_with_camera_labels-40.png 1480 992 20
big_dataset_depth/000000003741-segment-14073578965827700743_1564_000_1584_000_with_camera_labels-40.png 1488 680 72
big_dataset_depth/000000003741-segment-14073578965827700743_1564_000_1584_000_with_camera_labels-40.png 1496 1016 20
big_dataset_depth/000000003741-segment-14073578965827700743_1564_000_1584_000_with_camera_labels-40.png 1504 1016 19
big_dataset_depth/000000003741-segment-14073578965827700743_1564_000_1584_000_with_camera_labels-40.png 1512 1016 19
big_dataset_depth/000000003741-segment-14073578965827700743_1564_000_1584_000_with_camera_labels-40.png 1520 1032 19
big_dataset_depth/000000003741-segment-14073578965827700743_1564_000_1584_000_with_camera_labels-40.png 1528 1032 19
big_dataset_depth/000000003741-segment-14073578965827700743_1564_000_1584_000_with_camera_labels-40.png 1536 1032 19
big_dataset_depth/000000003741-segment-14073578965827700743_1564_000_1584_000_with_camera_labels-40.png 1552 1048 18
big_dataset_depth/000000003741-segment-14073578965827700743_1564_000_1584_000_with_camera_labels-40.png 1560 1048 18
big_dataset_depth/000000003741-segment-14073578965827700743_1564_000_1584_000_with_camera_labels-40.png 1568 1056 18
big_dataset_depth/000000003741-segment-14073578965827700743_1564_000_1584_000_with_camera_labels-40.png 1576 1056 18
big_dataset_depth/000000003741-segment-14073578965827700743_1564_000_1584_000_with_camera_labels-40.png 1584 960 23
big_dataset_depth/000000003741-segment-14073578965827700743_1564_000_1584_000_with_camera_labels-40.png 1592 1072 17
big_dataset_depth/000000003741-segment-14073578965827700743_1564_000_1584_000_with_camera_labels-40.png 1600 1072 17
big_dataset_depth/000000003741-segment-14073578965827700743_1564_000_1584_000_with_camera_labels-40.png 1608 1000 21
big_dataset_depth/000000003741-segment-14073578965827700743_1564_000_1584_000_with_camera_labels-40.png 1616 1096 17
big_dataset_depth/000000003741-segment-14073578965827700743_1564_000_1584_000_with_camera_labels-40.png 1624 1096 17
big_dataset_depth/000000003741-segment-14073578965827700743_1564_000_1584_000_with_camera_labels-40.png 1640 1112 16
big_dataset_depth/000000003741-segment-14073578965827700743_1564_000_1584_000_with_camera_labels-40.png 1648 1120 16
big_dataset_depth/000000003741-segment-14073578965827700743_1564_000_1584_000_with_camera_labels-40.png 1656 1120 16
big_dataset_depth/000000003741-segment-14073578965827700743_1564_000_1584_000_with_camera_labels-40.png 1664 1120 16
big_dataset_depth/000000003741-segment-14073578965827700743_1564_000_1584_000_with_camera_labels-40.png 1672 1128 16
big_dataset_depth/000000003741-segment-14073578965827700743_1564_000_1584_000_with_camera_labels-40.png 1680 1144 16
big_dataset_depth/000000003741-segment-14073578965827700743_1564_000_1584_000_with_camera_labels-40.png 1688 1144 16
big_dataset_depth/000000003741-segment-14073578965827700743_1564_000_1584_000_with_camera_labels-40.png 1696 1144 15
big_dataset_depth/000000003741-segment-14073578965827700743_1564_000_1584_000_with_camera_labels-40.png 1704 1144 15
big_dataset_depth/000000003741-segment-14073578965827700743_1564_000_1584_000_with_camera_labels-40.png 1712 1160 15
big_dataset_depth/000000003741-segment-14073578965827700743_1564_000_1584_000_with_camera_labels-40.png 1720 1160 15
big_dataset_depth/000000003741-segment-14073578965827700743_1564_000_1584_000_with_camera_labels-40.png 1728 1168 15
big_dataset_depth/000000003741-segment-14073578965827700743_1564_000_1584_000_with_camera_labels-40.png 1736 1168 15
big_dataset_depth/000000003741-segment-14073578965827700743_1564_000_1584_000_with_camera_labels-40.png 1744 1168 15
big_dataset_depth/000000003741-segment-14073578965827700743_1564_000_1584_000_with_camera_labels-40.png 1752 1192 15
big_dataset_depth/000000003741-segment-14073578965827700743_1564_000_1584_000_with_camera_labels-40.png 1760 904 22
big_dataset_depth/000000003741-segment-14073578965827700743_1564_000_1584_000_with_camera_labels-40.png 1768 1200 14
big_dataset_depth/000000003741-segment-14073578965827700743_1564_000_1584_000_with_camera_labels-40.png 1776 1216 14
big_dataset_depth/000000003741-segment-14073578965827700743_1564_000_1584_000_with_camera_labels-40.png 1784 1216 14
big_dataset_depth/000000003741-segment-14073578965827700743_1564_000_1584_000_with_camera_labels-40.png 1792 1216 14
big_dataset_depth/000000003741-segment-14073578965827700743_1564_000_1584_000_with_camera_labels-40.png 1800 1216 14
big_dataset_depth/000000003741-segment-14073578965827700743_1564_000_1584_000_with_camera_labels-40.png 1808 1216 14
big_dataset_depth/000000003741-segment-14073578965827700743_1564_000_1584_000_with_camera_labels-40.png 1816 944 21
big_dataset_depth/000000003741-segment-14073578965827700743_1564_000_1584_000_with_camera_labels-40.png 1832 1032 19
big_dataset_depth/000000003741-segment-14073578965827700743_1564_000_1584_000_with_camera_labels-40.png 1840 1216 14
big_dataset_depth/000000003741-segment-14073578965827700743_1564_000_1584_000_with_camera_labels-40.png 1848 1240 13
big_dataset_depth/000000003741-segment-14073578965827700743_1564_000_1584_000_with_camera_labels-40.png 1856 944 21
big_dataset_depth/000000003741-segment-14073578965827700743_1564_000_1584_000_with_camera_labels-40.png 1864 1104 17
big_dataset_depth/000000003741-segment-14073578965827700743_1564_000_1584_000_with_camera_labels-40.png 1872 976 24
big_dataset_depth/000000003741-segment-14073578965827700743_1564_000_1584_000_with_camera_labels-40.png 1880 976 24
big_dataset_depth/000000003741-segment-14073578965827700743_1564_000_1584_000_with_camera_labels-40.png 1888 976 22
big_dataset_depth/000000003741-segment-14073578965827700743_1564_000_1584_000_with_camera_labels-40.png 1896 920 26
big_dataset_depth/000000003741-segment-14073578965827700743_1564_000_1584_000_with_camera_labels-40.png 1904 720 57
big_dataset_depth/000000003741-segment-14073578965827700743_1564_000_1584_000_with_camera_labels-40.png 1912 872 36
