big_dataset_depth/000000001226-segment-11183906854663518829_2294_000_2314_000_with_camera_labels-70.png 0 680 104
big_dataset_depth/000000001226-segment-11183906854663518829_2294_000_2314_000_with_camera_labels-70.png 8 688 104
big_dataset_depth/000000001226-segment-11183906854663518829_2294_000_2314_000_with_camera_labels-70.png 16 680 105
big_dataset_depth/000000001226-segment-11183906854663518829_2294_000_2314_000_with_camera_labels-70.png 24 688 97
big_dataset_depth/000000001226-segment-11183906854663518829_2294_000_2314_000_with_camera_labels-70.png 32 688 97
big_dataset_depth/000000001226-segment-11183906854663518829_2294_000_2314_000_with_camera_labels-70.png 40 680 97
big_dataset_depth/000000001226-segment-11183906854663518829_2294_000_2314_000_with_camera_labels-70.png 48 672 105
big_dataset_depth/000000001226-segment-11183906854663518829_2294_000_2314_000_with_camera_labels-70.png 56 688 100
big_dataset_depth/000000001226-segment-11183906854663518829_2294_000_2314_000_with_camera_labels-70.png 64 672 97
big_dataset_depth/000000001226-segment-11183906854663518829_2294_000_2314_000_with_camera_labels-70.png 72 688 101
big_dataset_depth/000000001226-segment-11183906854663518829_2294_000_2314_000_with_camera_labels-70.png 80 680 104
big_dataset_depth/000000001226-segment-11183906854663518829_2294_000_2314_000_with_camera_labels-70.png 88 688 104
big_dataset_depth/000000001226-segment-11183906854663518829_2294_000_2314_000_with_camera_labels-70.png 96 688 104
big_dataset_depth/000000001226-segment-11183906854663518829_2294_000_2314_000_with_camera_labels-70.png 104 680 106
big_dataset_depth/000000001226-segment-11183906854663518829_2294_000_2314_000_with_camera_labels-70.png 112 680 106
big_dataset_depth/000000001226-segment-11183906854663518829_2294_000_2314_000_with_camera_labels-70.png 120 680 106
big_dataset_depth/000000001226-segment-11183906854663518829_2294_000_2314_000_with_camera_labels-70.png 128 672 108
big_dataset_depth/000000001226-segment-11183906854663518829_2294_000_2314_000_with_camera_labels-70.png 216 696 104
big_dataset_depth/000000001226-segment-11183906854663518829_2294_000_2314_000_with_camera_labels-70.png 288 696 89
big_dataset_depth/000000001226-segment-11183906854663518829_2294_000_2314_000_with_camera_labels-70.png 296 696 89
big_dataset_depth/000000001226-segment-11183906854663518829_2294_000_2314_000_with_camera_labels-70.png 304 696 89
big_dataset_depth/000000001226-segment-11183906854663518829_2294_000_2314_000_with_camera_labels-70.png 312 696 89
big_dataset_depth/000000001226-segment-11183906854663518829_2294_000_2314_000_with_camera_labels-70.png 320 696 89
big_dataset_depth/000000001226-segment-11183906854663518829_2294_000_2314_000_with_camera_labels-70.png 328 696 89
big_dataset_depth/000000001226-segment-11183906854663518829_2294_000_2314_000_with_camera_labels-70.png 336 696 89
big_dataset_depth/000000001226-segment-11183906854663518829_2294_000_2314_000_with_camera_labels-70.png 344 696 89
big_dataset_depth/000000001226-segment-11183906854663518829_2294_000_2314_000_with_camera_labels-70.png 352 696 90
big_dataset_depth/000000001226-segment-11183906854663518829_2294_000_2314_000_with_camera_labels-70.png 360 680 90
big_dataset_depth/000000001226-segment-11183906854663518829_2294_000_2314_000_with_camera_labels-70.png 368 688 92
big_dataset_depth/000000001226-segment-11183906854663518829_2294_000_2314_000_with_camera_labels-70.png 376 688 93
big_dataset_depth/000000001226-segment-11183906854663518829_2294_000_2314_000_with_camera_labels-70.png 384 672 99
big_dataset_depth/000000001226-segment-11183906854663518829_2294_000_2314_000_with_camera_labels-70.png 392 680 100
big_dataset_depth/000000001226-segment-11183906854663518829_2294_000_2314_000_with_camera_labels-70.png 400 680 99
big_dataset_depth/000000001226-segment-11183906854663518829_2294_000_2314_000_with_camera_labels-70.png 408 688 100
big_dataset_depth/000000001226-segment-11183906854663518829_2294_000_2314_000_with_camera_labels-70.png 416 672 100
big_dataset_depth/000000001226-segment-11183906854663518829_2294_000_2314_000_with_camera_labels-70.png 424 672 89
big_dataset_depth/000000001226-segment-11183906854663518829_2294_000_2314_000_with_camera_labels-70.png 448 696 88
big_dataset_depth/000000001226-segment-11183906854663518829_2294_000_2314_000_with_camera_labels-70.png 456 696 88
big_dataset_depth/000000001226-segment-11183906854663518829_2294_000_2314_000_with_camera_labels-70.png 464 696 88
big_dataset_depth/000000001226-segment-11183906854663518829_2294_000_2314_000_with_camera_labels-70.png 472 696 88
big_dataset_depth/000000001226-segment-11183906854663518829_2294_000_2314_000_with_camera_labels-70.png 480 688 88
big_dataset_depth/000000001226-segment-11183906854663518829_2294_000_2314_000_with_camera_labels-70.png 520 672 86
big_dataset_depth/000000001226-segment-11183906854663518829_2294_000_2314_000_with_camera_labels-70.png 528 688 85
big_dataset_depth/000000001226-segment-11183906854663518829_2294_000_2314_000_with_camera_labels-70.png 536 688 85
big_dataset_depth/000000001226-segment-11183906854663518829_2294_000_2314_000_with_camera_labels-70.png 544 688 85
big_dataset_depth/000000001226-segment-11183906854663518829_2294_000_2314_000_with_camera_labels-70.png 552 688 85
big_dataset_depth/000000001226-segment-11183906854663518829_2294_000_2314_000_with_camera_labels-70.png 560 696 85
big_dataset_depth/000000001226-segment-11183906854663518829_2294_000_2314_000_with_camera_labels-70.png 568 696 85
big_dataset_depth/000000001226-segment-11183906854663518829_2294_000_2314_000_with_camera_labels-70.png 576 672 85
big_dataset_depth/000000001226-segment-11183906854663518829_2294_000_2314_000_with_camera_labels-70.png 584 688 85
big_dataset_depth/000000001226-segment-11183906854663518829_2294_000_2314_000_with_camera_labels-70.png 592 696 86
big_dataset_depth/000000001226-segment-11183906854663518829_2294_000_2314_000_with_camera_labels-70.png 600 680 88
big_dataset_depth/000000001226-segment-11183906854663518829_2294_000_2314_000_with_camera_labels-70.png 608 680 90
big_dataset_depth/000000001226-segment-11183906854663518829_2294_000_2314_000_with_camera_labels-70.png 616 672 92
big_dataset_depth/000000001226-segment-11183906854663518829_2294_000_2314_000_with_camera_labels-70.png 864 704 87
big_dataset_depth/000000001226-segment-11183906854663518829_2294_000_2314_000_with_camera_labels-70.png 872 680 87
big_dataset_depth/000000001226-segment-11183906854663518829_2294_000_2314_000_with_camera_labels-70.png 880 688 87
big_dataset_depth/000000001226-segment-11183906854663518829_2294_000_2314_000_with_camera_labels-70.png 888 688 87
big_dataset_depth/000000001226-segment-11183906854663518829_2294_000_2314_000_with_camera_labels-70.png 896 696 86
big_dataset_depth/000000001226-segment-11183906854663518829_2294_000_2314_000_with_camera_labels-70.png 1376 680 103
big_dataset_depth/000000001226-segment-11183906854663518829_2294_000_2314_000_with_camera_labels-70.png 1384 704 100
big_dataset_depth/000000001226-segment-11183906854663518829_2294_000_2314_000_with_camera_labels-70.png 1400 696 104
big_dataset_depth/000000001226-segment-11183906854663518829_2294_000_2314_000_with_camera_labels-70.png 1408 696 108
big_dataset_depth/000000001226-segment-11183906854663518829_2294_000_2314_000_with_camera_labels-70.png 1416 704 96
big_dataset_depth/000000001226-segment-11183906854663518829_2294_000_2314_000_with_camera_labels-70.png 1424 704 94
big_dataset_depth/000000001226-segment-11183906854663518829_2294_000_2314_000_with_camera_labels-70.png 1432 704 93
big_dataset_depth/000000001226-segment-11183906854663518829_2294_000_2314_000_with_camera_labels-70.png 1440 696 100
big_dataset_depth/000000001226-segment-11183906854663518829_2294_000_2314_000_with_camera_labels-70.png 1448 704 94
big_dataset_depth/000000001226-segment-11183906854663518829_2294_000_2314_000_with_camera_labels-70.png 1456 688 100
big_dataset_depth/000000001226-segment-11183906854663518829_2294_000_2314_000_with_camera_labels-70.png 1464 704 99
big_dataset_depth/000000001226-segment-11183906854663518829_2294_000_2314_000_with_camera_labels-70.png 1472 712 88
big_dataset_depth/000000001226-segment-11183906854663518829_2294_000_2314_000_with_camera_labels-70.png 1480 712 88
big_dataset_depth/000000001226-segment-11183906854663518829_2294_000_2314_000_with_camera_labels-70.png 1488 712 94
big_dataset_depth/000000001226-segment-11183906854663518829_2294_000_2314_000_with_camera_labels-70.png 1496 704 96
big_dataset_depth/000000001226-segment-11183906854663518829_2294_000_2314_000_with_camera_labels-70.png 1504 704 92
big_dataset_depth/000000001226-segment-11183906854663518829_2294_000_2314_000_with_camera_labels-70.png 1512 696 89
big_dataset_depth/000000001226-segment-11183906854663518829_2294_000_2314_000_with_camera_labels-70.png 1520 712 89
big_dataset_depth/000000001226-segment-11183906854663518829_2294_000_2314_000_with_camera_labels-70.png 1528 696 91
big_dataset_depth/000000001226-segment-11183906854663518829_2294_000_2314_000_with_camera_labels-70.png 1536 712 90
big_dataset_depth/000000001226-segment-11183906854663518829_2294_000_2314_000_with_camera_labels-70.png 1544 704 92
big_dataset_depth/000000001226-segment-11183906854663518829_2294_000_2314_000_with_camera_labels-70.png 1552 712 90
big_dataset_depth/000000001226-segment-11183906854663518829_2294_000_2314_000_with_camera_labels-70.png 1560 712 90
big_dataset_depth/000000001226-segment-11183906854663518829_2294_000_2314_000_with_camera_labels-70.png 1568 704 90
big_dataset_depth/000000001226-segment-11183906854663518829_2294_000_2314_000_with_camera_labels-70.png 1576 696 95
big_dataset_depth/000000001226-segment-11183906854663518829_2294_000_2314_000_with_camera_labels-70.png 1584 704 93
big_dataset_depth/000000001226-segment-11183906854663518829_2294_000_2314_000_with_camera_labels-70.png 1592 712 88
big_dataset_depth/000000001226-segment-11183906854663518829_2294_000_2314_000_with_camera_labels-70.png 1600 712 88
big_dataset_depth/000000001226-segment-11183906854663518829_2294_000_2314_000_with_camera_labels-70.png 1608 712 89
big_dataset_depth/000000001226-segment-11183906854663518829_2294_000_2314_000_with_camera_labels-70.png 1616 712 89
big_dataset_depth/000000001226-segment-11183906854663518829_2294_000_2314_000_with_camera_labels-70.png 1624 712 91
big_dataset_depth/000000001226-segment-11183906854663518829_2294_000_2314_000_with_camera_labels-70.png 1632 704 91
big_dataset_depth/000000001226-segment-11183906854663518829_2294_000_2314_000_with_camera_labels-70.png 1640 712 89
big_dataset_depth/000000001226-segment-11183906854663518829_2294_000_2314_000_with_camera_labels-70.png 1648 712 89
big_dataset_depth/000000001226-segment-11183906854663518829_2294_000_2314_000_with_camera_labels-70.png 1656 712 86
big_dataset_depth/000000001226-segment-11183906854663518829_2294_000_2314_000_with_camera_labels-70.png 1664 712 90
big_dataset_depth/000000001226-segment-11183906854663518829_2294_000_2314_000_with_camera_labels-70.png 1672 712 90
big_dataset_depth/000000001226-segment-11183906854663518829_2294_000_2314_000_with_camera_labels-70.png 1680 712 93
big_dataset_depth/000000001226-segment-11183906854663518829_2294_000_2314_000_with_camera_labels-70.png 1688 712 88
big_dataset_depth/000000001226-segment-11183906854663518829_2294_000_2314_000_with_camera_labels-70.png 1696 712 92
big_dataset_depth/000000001226-segment-11183906854663518829_2294_000_2314_000_with_camera_labels-70.png 1704 616 91
big_dataset_depth/000000001226-segment-11183906854663518829_2294_000_2314_000_with_camera_labels-70.png 1712 712 98
big_dataset_depth/000000001226-segment-11183906854663518829_2294_000_2314_000_with_camera_labels-70.png 1768 728 88
big_dataset_depth/000000001226-segment-11183906854663518829_2294_000_2314_000_with_camera_labels-70.png 1776 712 91
big_dataset_depth/000000001226-segment-11183906854663518829_2294_000_2314_000_with_camera_labels-70.png 1784 712 93
big_dataset_depth/000000001226-segment-11183906854663518829_2294_000_2314_000_with_camera_labels-70.png 1792 728 88
big_dataset_depth/000000001226-segment-11183906854663518829_2294_000_2314_000_with_camera_labels-70.png 1800 728 87
big_dataset_depth/000000001226-segment-11183906854663518829_2294_000_2314_000_with_camera_labels-70.png 1808 728 87
big_dataset_depth/000000001226-segment-11183906854663518829_2294_000_2314_000_with_camera_labels-70.png 1816 728 87
big_dataset_depth/000000001226-segment-11183906854663518829_2294_000_2314_000_with_camera_labels-70.png 1824 728 87
big_dataset_depth/000000001226-segment-11183906854663518829_2294_000_2314_000_with_camera_labels-70.png 1832 720 87
big_dataset_depth/000000001226-segment-11183906854663518829_2294_000_2314_000_with_camera_labels-70.png 1840 728 88
big_dataset_depth/000000001226-segment-11183906854663518829_2294_000_2314_000_with_camera_labels-70.png 1848 736 83
big_dataset_depth/000000001226-segment-11183906854663518829_2294_000_2314_000_with_camera_labels-70.png 1856 728 87
big_dataset_depth/000000001226-segment-11183906854663518829_2294_000_2314_000_with_camera_labels-70.png 1864 728 87
big_dataset_depth/000000001226-segment-11183906854663518829_2294_000_2314_000_with_camera_labels-70.png 1872 744 80
big_dataset_depth/000000001226-segment-11183906854663518829_2294_000_2314_000_with_camera_labels-70.png 1880 728 84
big_dataset_depth/000000001226-segment-11183906854663518829_2294_000_2314_000_with_camera_labels-70.png 1888 712 93
big_dataset_depth/000000001226-segment-11183906854663518829_2294_000_2314_000_with_camera_labels-70.png 1896 712 93
big_dataset_depth/000000001226-segment-11183906854663518829_2294_000_2314_000_with_camera_labels-70.png 1904 744 80
big_dataset_depth/000000001226-segment-11183906854663518829_2294_000_2314_000_with_camera_labels-70.png 1912 736 83
