big_dataset_depth/000000000953-segment-10927752430968246422_4940_000_4960_000_with_camera_labels-130.png 0 840 33
big_dataset_depth/000000000953-segment-10927752430968246422_4940_000_4960_000_with_camera_labels-130.png 8 864 35
big_dataset_depth/000000000953-segment-10927752430968246422_4940_000_4960_000_with_camera_labels-130.png 16 960 27
big_dataset_depth/000000000953-segment-10927752430968246422_4940_000_4960_000_with_camera_labels-130.png 24 944 27
big_dataset_depth/000000000953-segment-10927752430968246422_4940_000_4960_000_with_camera_labels-130.png 32 960 27
big_dataset_depth/000000000953-segment-10927752430968246422_4940_000_4960_000_with_camera_labels-130.png 40 936 27
big_dataset_depth/000000000953-segment-10927752430968246422_4940_000_4960_000_with_camera_labels-130.png 48 952 27
big_dataset_depth/000000000953-segment-10927752430968246422_4940_000_4960_000_with_camera_labels-130.png 56 952 27
big_dataset_depth/000000000953-segment-10927752430968246422_4940_000_4960_000_with_camera_labels-130.png 64 928 27
big_dataset_depth/000000000953-segment-10927752430968246422_4940_000_4960_000_with_camera_labels-130.png 72 936 27
big_dataset_depth/000000000953-segment-10927752430968246422_4940_000_4960_000_with_camera_labels-130.png 80 936 28
big_dataset_depth/000000000953-segment-10927752430968246422_4940_000_4960_000_with_camera_labels-130.png 88 920 28
big_dataset_depth/000000000953-segment-10927752430968246422_4940_000_4960_000_with_camera_labels-130.png 96 904 28
big_dataset_depth/000000000953-segment-10927752430968246422_4940_000_4960_000_with_camera_labels-130.png 104 904 28
big_dataset_depth/000000000953-segment-10927752430968246422_4940_000_4960_000_with_camera_labels-130.png 112 904 29
big_dataset_depth/000000000953-segment-10927752430968246422_4940_000_4960_000_with_camera_labels-130.png 120 904 29
big_dataset_depth/000000000953-segment-10927752430968246422_4940_000_4960_000_with_camera_labels-130.png 128 896 29
big_dataset_depth/000000000953-segment-10927752430968246422_4940_000_4960_000_with_camera_labels-130.png 136 904 29
big_dataset_depth/000000000953-segment-10927752430968246422_4940_000_4960_000_with_camera_labels-130.png 144 904 30
big_dataset_depth/000000000953-segment-10927752430968246422_4940_000_4960_000_with_camera_labels-130.png 152 888 30
big_dataset_depth/000000000953-segment-10927752430968246422_4940_000_4960_000_with_camera_labels-130.png 160 904 30
big_dataset_depth/000000000953-segment-10927752430968246422_4940_000_4960_000_with_camera_labels-130.png 168 888 30
big_dataset_depth/000000000953-segment-10927752430968246422_4940_000_4960_000_with_camera_labels-130.png 176 904 31
big_dataset_depth/000000000953-segment-10927752430968246422_4940_000_4960_000_with_camera_labels-130.png 184 904 31
big_dataset_depth/000000000953-segment-10927752430968246422_4940_000_4960_000_with_camera_labels-130.png 192 904 31
big_dataset_depth/000000000953-segment-10927752430968246422_4940_000_4960_000_with_camera_labels-130.png 200 904 31
big_dataset_depth/000000000953-segment-10927752430968246422_4940_000_4960_000_with_camera_labels-130.png 208 880 33
big_dataset_depth/000000000953-segment-10927752430968246422_4940_000_4960_000_with_camera_labels-130.png 216 840 35
big_dataset_depth/000000000953-segment-10927752430968246422_4940_000_4960_000_with_camera_labels-130.png 224 856 35
big_dataset_depth/000000000953-segment-10927752430968246422_4940_000_4960_000_with_camera_labels-130.png 232 856 35
big_dataset_depth/000000000953-segment-10927752430968246422_4940_000_4960_000_with_camera_labels-130.png 240 864 36
big_dataset_depth/000000000953-segment-10927752430968246422_4940_000_4960_000_with_camera_labels-130.png 248 856 35
big_dataset_depth/000000000953-segment-10927752430968246422_4940_000_4960_000_with_camera_labels-130.png 256 864 36
big_dataset_depth/000000000953-segment-10927752430968246422_4940_000_4960_000_with_camera_labels-130.png 264 856 35
big_dataset_depth/000000000953-segment-10927752430968246422_4940_000_4960_000_with_camera_labels-130.png 272 856 35
big_dataset_depth/000000000953-segment-10927752430968246422_4940_000_4960_000_with_camera_labels-130.png 280 864 35
big_dataset_depth/000000000953-segment-10927752430968246422_4940_000_4960_000_with_camera_labels-130.png 288 856 35
big_dataset_depth/000000000953-segment-10927752430968246422_4940_000_4960_000_with_camera_labels-130.png 296 864 35
big_dataset_depth/000000000953-segment-10927752430968246422_4940_000_4960_000_with_camera_labels-130.png 304 872 35
big_dataset_depth/000000000953-segment-10927752430968246422_4940_000_4960_000_with_camera_labels-130.png 312 872 36
big_dataset_depth/000000000953-segment-10927752430968246422_4940_000_4960_000_with_camera_labels-130.png 320 856 36
big_dataset_depth/000000000953-segment-10927752430968246422_4940_000_4960_000_with_camera_labels-130.png 336 832 37
big_dataset_depth/000000000953-segment-10927752430968246422_4940_000_4960_000_with_camera_labels-130.png 344 816 37
big_dataset_depth/000000000953-segment-10927752430968246422_4940_000_4960_000_with_camera_labels-130.png 352 824 38
big_dataset_depth/000000000953-segment-10927752430968246422_4940_000_4960_000_with_camera_labels-130.png 360 832 39
big_dataset_depth/000000000953-segment-10927752430968246422_4940_000_4960_000_with_camera_labels-130.png 368 840 39
big_dataset_depth/000000000953-segment-10927752430968246422_4940_000_4960_000_with_camera_labels-130.png 376 840 39
big_dataset_depth/000000000953-segment-10927752430968246422_4940_000_4960_000_with_camera_labels-130.png 384 824 40
big_dataset_depth/000000000953-segment-10927752430968246422_4940_000_4960_000_with_camera_labels-130.png 392 800 43
big_dataset_depth/000000000953-segment-10927752430968246422_4940_000_4960_000_with_camera_labels-130.png 400 800 45
big_dataset_depth/000000000953-segment-10927752430968246422_4940_000_4960_000_with_camera_labels-130.png 408 872 45
big_dataset_depth/000000000953-segment-10927752430968246422_4940_000_4960_000_with_camera_labels-130.png 416 800 45
big_dataset_depth/000000000953-segment-10927752430968246422_4940_000_4960_000_with_camera_labels-130.png 424 768 55
big_dataset_depth/000000000953-segment-10927752430968246422_4940_000_4960_000_with_camera_labels-130.png 440 792 45
big_dataset_depth/000000000953-segment-10927752430968246422_4940_000_4960_000_with_camera_labels-130.png 448 752 61
big_dataset_depth/000000000953-segment-10927752430968246422_4940_000_4960_000_with_camera_labels-130.png 456 816 46
big_dataset_depth/000000000953-segment-10927752430968246422_4940_000_4960_000_with_camera_labels-130.png 464 816 46
big_dataset_depth/000000000953-segment-10927752430968246422_4940_000_4960_000_with_camera_labels-130.png 472 816 46
big_dataset_depth/000000000953-segment-10927752430968246422_4940_000_4960_000_with_camera_labels-130.png 480 808 46
big_dataset_depth/000000000953-segment-10927752430968246422_4940_000_4960_000_with_camera_labels-130.png 488 800 46
big_dataset_depth/000000000953-segment-10927752430968246422_4940_000_4960_000_with_camera_labels-130.png 496 704 87
big_dataset_depth/000000000953-segment-10927752430968246422_4940_000_4960_000_with_camera_labels-130.png 504 704 87
big_dataset_depth/000000000953-segment-10927752430968246422_4940_000_4960_000_with_camera_labels-130.png 512 696 88
big_dataset_depth/000000000953-segment-10927752430968246422_4940_000_4960_000_with_camera_labels-130.png 520 792 49
big_dataset_depth/000000000953-segment-10927752430968246422_4940_000_4960_000_with_camera_labels-130.png 528 752 64
big_dataset_depth/000000000953-segment-10927752430968246422_4940_000_4960_000_with_camera_labels-130.png 536 760 53
big_dataset_depth/000000000953-segment-10927752430968246422_4940_000_4960_000_with_camera_labels-130.png 544 696 90
big_dataset_depth/000000000953-segment-10927752430968246422_4940_000_4960_000_with_camera_labels-130.png 552 696 90
big_dataset_depth/000000000953-segment-10927752430968246422_4940_000_4960_000_with_camera_labels-130.png 560 728 75
big_dataset_depth/000000000953-segment-10927752430968246422_4940_000_4960_000_with_camera_labels-130.png 568 704 74
big_dataset_depth/000000000953-segment-10927752430968246422_4940_000_4960_000_with_camera_labels-130.png 576 688 102
big_dataset_depth/000000000953-segment-10927752430968246422_4940_000_4960_000_with_camera_labels-130.png 584 744 80
big_dataset_depth/000000000953-segment-10927752430968246422_4940_000_4960_000_with_camera_labels-130.png 592 680 106
big_dataset_depth/000000000953-segment-10927752430968246422_4940_000_4960_000_with_camera_labels-130.png 608 736 69
big_dataset_depth/000000000953-segment-10927752430968246422_4940_000_4960_000_with_camera_labels-130.png 616 736 69
big_dataset_depth/000000000953-segment-10927752430968246422_4940_000_4960_000_with_camera_labels-130.png 624 736 69
big_dataset_depth/000000000953-segment-10927752430968246422_4940_000_4960_000_with_camera_labels-130.png 632 736 69
big_dataset_depth/000000000953-segment-10927752430968246422_4940_000_4960_000_with_camera_labels-130.png 640 736 69
big_dataset_depth/000000000953-segment-10927752430968246422_4940_000_4960_000_with_camera_labels-130.png 648 728 69
big_dataset_depth/000000000953-segment-10927752430968246422_4940_000_4960_000_with_camera_labels-130.png 656 728 69
big_dataset_depth/000000000953-segment-10927752430968246422_4940_000_4960_000_with_camera_labels-130.png 664 744 70
big_dataset_depth/000000000953-segment-10927752430968246422_4940_000_4960_000_with_camera_labels-130.png 688 728 80
big_dataset_depth/000000000953-segment-10927752430968246422_4940_000_4960_000_with_camera_labels-130.png 696 736 86
big_dataset_depth/000000000953-segment-10927752430968246422_4940_000_4960_000_with_camera_labels-130.png 720 712 86
big_dataset_depth/000000000953-segment-10927752430968246422_4940_000_4960_000_with_camera_labels-130.png 744 712 96
big_dataset_depth/000000000953-segment-10927752430968246422_4940_000_4960_000_with_camera_labels-130.png 800 720 73
big_dataset_depth/000000000953-segment-10927752430968246422_4940_000_4960_000_with_camera_labels-130.png 808 728 72
big_dataset_depth/000000000953-segment-10927752430968246422_4940_000_4960_000_with_camera_labels-130.png 816 728 72
big_dataset_depth/000000000953-segment-10927752430968246422_4940_000_4960_000_with_camera_labels-130.png 824 728 72
big_dataset_depth/000000000953-segment-10927752430968246422_4940_000_4960_000_with_camera_labels-130.png 832 736 72
big_dataset_depth/000000000953-segment-10927752430968246422_4940_000_4960_000_with_camera_labels-130.png 840 768 72
big_dataset_depth/000000000953-segment-10927752430968246422_4940_000_4960_000_with_camera_labels-130.png 848 720 72
big_dataset_depth/000000000953-segment-10927752430968246422_4940_000_4960_000_with_camera_labels-130.png 856 728 72
big_dataset_depth/000000000953-segment-10927752430968246422_4940_000_4960_000_with_camera_labels-130.png 864 720 72
big_dataset_depth/000000000953-segment-10927752430968246422_4940_000_4960_000_with_camera_labels-130.png 872 720 73
big_dataset_depth/000000000953-segment-10927752430968246422_4940_000_4960_000_with_camera_labels-130.png 1088 696 89
big_dataset_depth/000000000953-segment-10927752430968246422_4940_000_4960_000_with_camera_labels-130.png 1096 712 88
big_dataset_depth/000000000953-segment-10927752430968246422_4940_000_4960_000_with_camera_labels-130.png 1104 688 88
big_dataset_depth/000000000953-segment-10927752430968246422_4940_000_4960_000_with_camera_labels-130.png 1120 776 71
big_dataset_depth/000000000953-segment-10927752430968246422_4940_000_4960_000_with_camera_labels-130.png 1128 680 90
big_dataset_depth/000000000953-segment-10927752430968246422_4940_000_4960_000_with_camera_labels-130.png 1136 664 98
big_dataset_depth/000000000953-segment-10927752430968246422_4940_000_4960_000_with_camera_labels-130.png 1144 752 53
big_dataset_depth/000000000953-segment-10927752430968246422_4940_000_4960_000_with_camera_labels-130.png 1152 648 92
big_dataset_depth/000000000953-segment-10927752430968246422_4940_000_4960_000_with_camera_labels-130.png 1160 712 70
big_dataset_depth/000000000953-segment-10927752430968246422_4940_000_4960_000_with_camera_labels-130.png 1176 744 48
big_dataset_depth/000000000953-segment-10927752430968246422_4940_000_4960_000_with_camera_labels-130.png 1184 792 43
big_dataset_depth/000000000953-segment-10927752430968246422_4940_000_4960_000_with_camera_labels-130.png 1192 808 43
big_dataset_depth/000000000953-segment-10927752430968246422_4940_000_4960_000_with_camera_labels-130.png 1200 808 43
big_dataset_depth/000000000953-segment-10927752430968246422_4940_000_4960_000_with_camera_labels-130.png 1216 816 39
big_dataset_depth/000000000953-segment-10927752430968246422_4940_000_4960_000_with_camera_labels-130.png 1224 816 39
big_dataset_depth/000000000953-segment-10927752430968246422_4940_000_4960_000_with_camera_labels-130.png 1232 808 39
big_dataset_depth/000000000953-segment-10927752430968246422_4940_000_4960_000_with_camera_labels-130.png 1240 792 38
big_dataset_depth/000000000953-segment-10927752430968246422_4940_000_4960_000_with_camera_labels-130.png 1248 832 36
big_dataset_depth/000000000953-segment-10927752430968246422_4940_000_4960_000_with_camera_labels-130.png 1256 832 36
big_dataset_depth/000000000953-segment-10927752430968246422_4940_000_4960_000_with_camera_labels-130.png 1264 816 35
big_dataset_depth/000000000953-segment-10927752430968246422_4940_000_4960_000_with_camera_labels-130.png 1272 856 32
big_dataset_depth/000000000953-segment-10927752430968246422_4940_000_4960_000_with_camera_labels-130.png 1280 848 32
big_dataset_depth/000000000953-segment-10927752430968246422_4940_000_4960_000_with_camera_labels-130.png 1288 832 31
big_dataset_depth/000000000953-segment-10927752430968246422_4940_000_4960_000_with_camera_labels-130.png 1296 816 31
big_dataset_depth/000000000953-segment-10927752430968246422_4940_000_4960_000_with_camera_labels-130.png 1304 832 31
big_dataset_depth/000000000953-segment-10927752430968246422_4940_000_4960_000_with_camera_labels-130.png 1312 848 32
big_dataset_depth/000000000953-segment-10927752430968246422_4940_000_4960_000_with_camera_labels-130.png 1320 832 31
big_dataset_depth/000000000953-segment-10927752430968246422_4940_000_4960_000_with_camera_labels-130.png 1328 824 31
big_dataset_depth/000000000953-segment-10927752430968246422_4940_000_4960_000_with_camera_labels-130.png 1336 832 31
big_dataset_depth/000000000953-segment-10927752430968246422_4940_000_4960_000_with_camera_labels-130.png 1344 840 31
big_dataset_depth/000000000953-segment-10927752430968246422_4940_000_4960_000_with_camera_labels-130.png 1352 848 31
big_dataset_depth/000000000953-segment-10927752430968246422_4940_000_4960_000_with_camera_labels-130.png 1360 848 31
big_dataset_depth/000000000953-segment-10927752430968246422_4940_000_4960_000_with_camera_labels-130.png 1368 864 30
big_dataset_depth/000000000953-segment-10927752430968246422_4940_000_4960_000_with_camera_labels-130.png 1376 832 31
big_dataset_depth/000000000953-segment-10927752430968246422_4940_000_4960_000_with_camera_labels-130.png 1384 832 31
big_dataset_depth/000000000953-segment-10927752430968246422_4940_000_4960_000_with_camera_labels-130.png 1392 888 30
big_dataset_depth/000000000953-segment-10927752430968246422_4940_000_4960_000_with_camera_labels-130.png 1400 832 31
big_dataset_depth/000000000953-segment-10927752430968246422_4940_000_4960_000_with_camera_labels-130.png 1408 848 31
big_dataset_depth/000000000953-segment-10927752430968246422_4940_000_4960_000_with_camera_labels-130.png 1416 832 31
big_dataset_depth/000000000953-segment-10927752430968246422_4940_000_4960_000_with_camera_labels-130.png 1424 848 31
big_dataset_depth/000000000953-segment-10927752430968246422_4940_000_4960_000_with_camera_labels-130.png 1432 848 31
big_dataset_depth/000000000953-segment-10927752430968246422_4940_000_4960_000_with_camera_labels-130.png 1440 840 31
big_dataset_depth/000000000953-segment-10927752430968246422_4940_000_4960_000_with_camera_labels-130.png 1448 840 31
big_dataset_depth/000000000953-segment-10927752430968246422_4940_000_4960_000_with_camera_labels-130.png 1456 808 39
big_dataset_depth/000000000953-segment-10927752430968246422_4940_000_4960_000_with_camera_labels-130.png 1464 728 34
big_dataset_depth/000000000953-segment-10927752430968246422_4940_000_4960_000_with_camera_labels-130.png 1472 752 52
big_dataset_depth/000000000953-segment-10927752430968246422_4940_000_4960_000_with_camera_labels-130.png 1480 760 50
big_dataset_depth/000000000953-segment-10927752430968246422_4940_000_4960_000_with_camera_labels-130.png 1488 752 50
big_dataset_depth/000000000953-segment-10927752430968246422_4940_000_4960_000_with_camera_labels-130.png 1496 752 50
big_dataset_depth/000000000953-segment-10927752430968246422_4940_000_4960_000_with_camera_labels-130.png 1504 760 48
big_dataset_depth/000000000953-segment-10927752430968246422_4940_000_4960_000_with_camera_labels-130.png 1512 752 48
big_dataset_depth/000000000953-segment-10927752430968246422_4940_000_4960_000_with_camera_labels-130.png 1520 776 46
big_dataset_depth/000000000953-segment-10927752430968246422_4940_000_4960_000_with_camera_labels-130.png 1528 752 48
big_dataset_depth/000000000953-segment-10927752430968246422_4940_000_4960_000_with_camera_labels-130.png 1536 880 31
big_dataset_depth/000000000953-segment-10927752430968246422_4940_000_4960_000_with_camera_labels-130.png 1544 864 31
big_dataset_depth/000000000953-segment-10927752430968246422_4940_000_4960_000_with_camera_labels-130.png 1552 864 31
big_dataset_depth/000000000953-segment-10927752430968246422_4940_000_4960_000_with_camera_labels-130.png 1560 872 31
big_dataset_depth/000000000953-segment-10927752430968246422_4940_000_4960_000_with_camera_labels-130.png 1568 872 31
big_dataset_depth/000000000953-segment-10927752430968246422_4940_000_4960_000_with_camera_labels-130.png 1576 880 31
big_dataset_depth/000000000953-segment-10927752430968246422_4940_000_4960_000_with_camera_labels-130.png 1592 880 30
big_dataset_depth/000000000953-segment-10927752430968246422_4940_000_4960_000_with_camera_labels-130.png 1600 880 30
big_dataset_depth/000000000953-segment-10927752430968246422_4940_000_4960_000_with_camera_labels-130.png 1608 880 30
big_dataset_depth/000000000953-segment-10927752430968246422_4940_000_4960_000_with_camera_labels-130.png 1616 864 31
big_dataset_depth/000000000953-segment-10927752430968246422_4940_000_4960_000_with_camera_labels-130.png 1624 856 31
big_dataset_depth/000000000953-segment-10927752430968246422_4940_000_4960_000_with_camera_labels-130.png 1632 800 36
big_dataset_depth/000000000953-segment-10927752430968246422_4940_000_4960_000_with_camera_labels-130.png 1640 872 31
big_dataset_depth/000000000953-segment-10927752430968246422_4940_000_4960_000_with_camera_labels-130.png 1648 816 40
big_dataset_depth/000000000953-segment-10927752430968246422_4940_000_4960_000_with_camera_labels-130.png 1656 832 39
big_dataset_depth/000000000953-segment-10927752430968246422_4940_000_4960_000_with_camera_labels-130.png 1664 856 39
big_dataset_depth/000000000953-segment-10927752430968246422_4940_000_4960_000_with_camera_labels-130.png 1672 864 32
big_dataset_depth/000000000953-segment-10927752430968246422_4940_000_4960_000_with_camera_labels-130.png 1688 824 38
big_dataset_depth/000000000953-segment-10927752430968246422_4940_000_4960_000_with_camera_labels-130.png 1696 848 34
big_dataset_depth/000000000953-segment-10927752430968246422_4940_000_4960_000_with_camera_labels-130.png 1704 904 30
big_dataset_depth/000000000953-segment-10927752430968246422_4940_000_4960_000_with_camera_labels-130.png 1712 840 37
big_dataset_depth/000000000953-segment-10927752430968246422_4940_000_4960_000_with_camera_labels-130.png 1720 840 35
big_dataset_depth/000000000953-segment-10927752430968246422_4940_000_4960_000_with_camera_labels-130.png 1728 816 38
big_dataset_depth/000000000953-segment-10927752430968246422_4940_000_4960_000_with_camera_labels-130.png 1736 824 37
big_dataset_depth/000000000953-segment-10927752430968246422_4940_000_4960_000_with_camera_labels-130.png 1744 808 37
big_dataset_depth/000000000953-segment-10927752430968246422_4940_000_4960_000_with_camera_labels-130.png 1752 824 37
big_dataset_depth/000000000953-segment-10927752430968246422_4940_000_4960_000_with_camera_labels-130.png 1760 832 36
big_dataset_depth/000000000953-segment-10927752430968246422_4940_000_4960_000_with_camera_labels-130.png 1768 832 36
big_dataset_depth/000000000953-segment-10927752430968246422_4940_000_4960_000_with_camera_labels-130.png 1776 832 36
big_dataset_depth/000000000953-segment-10927752430968246422_4940_000_4960_000_with_camera_labels-130.png 1784 824 35
big_dataset_depth/000000000953-segment-10927752430968246422_4940_000_4960_000_with_camera_labels-130.png 1792 856 33
big_dataset_depth/000000000953-segment-10927752430968246422_4940_000_4960_000_with_camera_labels-130.png 1800 848 33
big_dataset_depth/000000000953-segment-10927752430968246422_4940_000_4960_000_with_camera_labels-130.png 1808 856 33
big_dataset_depth/000000000953-segment-10927752430968246422_4940_000_4960_000_with_camera_labels-130.png 1816 856 33
big_dataset_depth/000000000953-segment-10927752430968246422_4940_000_4960_000_with_camera_labels-130.png 1824 856 33
big_dataset_depth/000000000953-segment-10927752430968246422_4940_000_4960_000_with_camera_labels-130.png 1832 856 32
big_dataset_depth/000000000953-segment-10927752430968246422_4940_000_4960_000_with_camera_labels-130.png 1840 856 32
big_dataset_depth/000000000953-segment-10927752430968246422_4940_000_4960_000_with_camera_labels-130.png 1848 856 32
big_dataset_depth/000000000953-segment-10927752430968246422_4940_000_4960_000_with_camera_labels-130.png 1856 864 32
big_dataset_depth/000000000953-segment-10927752430968246422_4940_000_4960_000_with_camera_labels-130.png 1864 856 32
big_dataset_depth/000000000953-segment-10927752430968246422_4940_000_4960_000_with_camera_labels-130.png 1880 880 30
big_dataset_depth/000000000953-segment-10927752430968246422_4940_000_4960_000_with_camera_labels-130.png 1888 872 31
big_dataset_depth/000000000953-segment-10927752430968246422_4940_000_4960_000_with_camera_labels-130.png 1896 872 30
big_dataset_depth/000000000953-segment-10927752430968246422_4940_000_4960_000_with_camera_labels-130.png 1904 872 30
big_dataset_depth/000000000953-segment-10927752430968246422_4940_000_4960_000_with_camera_labels-130.png 1912 864 30
