big_dataset_depth/000000002652-segment-12956664801249730713_2840_000_2860_000_with_camera_labels-150.png 0 824 51
big_dataset_depth/000000002652-segment-12956664801249730713_2840_000_2860_000_with_camera_labels-150.png 8 840 49
big_dataset_depth/000000002652-segment-12956664801249730713_2840_000_2860_000_with_camera_labels-150.png 16 1056 16
big_dataset_depth/000000002652-segment-12956664801249730713_2840_000_2860_000_with_camera_labels-150.png 24 800 48
big_dataset_depth/000000002652-segment-12956664801249730713_2840_000_2860_000_with_camera_labels-150.png 32 1112 16
big_dataset_depth/000000002652-segment-12956664801249730713_2840_000_2860_000_with_camera_labels-150.png 40 920 43
big_dataset_depth/000000002652-segment-12956664801249730713_2840_000_2860_000_with_camera_labels-150.png 48 952 34
big_dataset_depth/000000002652-segment-12956664801249730713_2840_000_2860_000_with_camera_labels-150.png 56 1120 16
big_dataset_depth/000000002652-segment-12956664801249730713_2840_000_2860_000_with_camera_labels-150.png 64 1016 25
big_dataset_depth/000000002652-segment-12956664801249730713_2840_000_2860_000_with_camera_labels-150.png 72 1072 16
big_dataset_depth/000000002652-segment-12956664801249730713_2840_000_2860_000_with_camera_labels-150.png 80 1056 15
big_dataset_depth/000000002652-segment-12956664801249730713_2840_000_2860_000_with_camera_labels-150.png 88 1048 15
big_dataset_depth/000000002652-segment-12956664801249730713_2840_000_2860_000_with_camera_labels-150.png 96 904 41
big_dataset_depth/000000002652-segment-12956664801249730713_2840_000_2860_000_with_camera_labels-150.png 104 1056 15
big_dataset_depth/000000002652-segment-12956664801249730713_2840_000_2860_000_with_camera_labels-150.png 112 1040 15
big_dataset_depth/000000002652-segment-12956664801249730713_2840_000_2860_000_with_camera_labels-150.png 120 1056 15
big_dataset_depth/000000002652-segment-12956664801249730713_2840_000_2860_000_with_camera_labels-150.png 136 1072 15
big_dataset_depth/000000002652-segment-12956664801249730713_2840_000_2860_000_with_camera_labels-150.png 144 1056 15
big_dataset_depth/000000002652-segment-12956664801249730713_2840_000_2860_000_with_camera_labels-150.png 152 1056 15
big_dataset_depth/000000002652-segment-12956664801249730713_2840_000_2860_000_with_camera_labels-150.png 160 1040 15
big_dataset_depth/000000002652-segment-12956664801249730713_2840_000_2860_000_with_camera_labels-150.png 168 1048 15
big_dataset_depth/000000002652-segment-12956664801249730713_2840_000_2860_000_with_camera_labels-150.png 176 1048 15
big_dataset_depth/000000002652-segment-12956664801249730713_2840_000_2860_000_with_camera_labels-150.png 184 1048 15
big_dataset_depth/000000002652-segment-12956664801249730713_2840_000_2860_000_with_camera_labels-150.png 192 1040 15
big_dataset_depth/000000002652-segment-12956664801249730713_2840_000_2860_000_with_camera_labels-150.png 200 1048 15
big_dataset_depth/000000002652-segment-12956664801249730713_2840_000_2860_000_with_camera_labels-150.png 208 1048 15
big_dataset_depth/000000002652-segment-12956664801249730713_2840_000_2860_000_with_camera_labels-150.png 216 1048 15
big_dataset_depth/000000002652-segment-12956664801249730713_2840_000_2860_000_with_camera_labels-150.png 224 1048 15
big_dataset_depth/000000002652-segment-12956664801249730713_2840_000_2860_000_with_camera_labels-150.png 232 1048 15
big_dataset_depth/000000002652-segment-12956664801249730713_2840_000_2860_000_with_camera_labels-150.png 240 1048 15
big_dataset_depth/000000002652-segment-12956664801249730713_2840_000_2860_000_with_camera_labels-150.png 248 1040 15
big_dataset_depth/000000002652-segment-12956664801249730713_2840_000_2860_000_with_camera_labels-150.png 256 1048 15
big_dataset_depth/000000002652-segment-12956664801249730713_2840_000_2860_000_with_camera_labels-150.png 272 1072 15
big_dataset_depth/000000002652-segment-12956664801249730713_2840_000_2860_000_with_camera_labels-150.png 280 1032 15
big_dataset_depth/000000002652-segment-12956664801249730713_2840_000_2860_000_with_camera_labels-150.png 288 1040 15
big_dataset_depth/000000002652-segment-12956664801249730713_2840_000_2860_000_with_camera_labels-150.png 296 1040 15
big_dataset_depth/000000002652-segment-12956664801249730713_2840_000_2860_000_with_camera_labels-150.png 304 1040 15
big_dataset_depth/000000002652-segment-12956664801249730713_2840_000_2860_000_with_camera_labels-150.png 312 1040 15
big_dataset_depth/000000002652-segment-12956664801249730713_2840_000_2860_000_with_camera_labels-150.png 320 1040 15
big_dataset_depth/000000002652-segment-12956664801249730713_2840_000_2860_000_with_camera_labels-150.png 328 1040 15
big_dataset_depth/000000002652-segment-12956664801249730713_2840_000_2860_000_with_camera_labels-150.png 336 1032 15
big_dataset_depth/000000002652-segment-12956664801249730713_2840_000_2860_000_with_camera_labels-150.png 344 1040 15
big_dataset_depth/000000002652-segment-12956664801249730713_2840_000_2860_000_with_camera_labels-150.png 352 1040 15
big_dataset_depth/000000002652-segment-12956664801249730713_2840_000_2860_000_with_camera_labels-150.png 368 1064 16
big_dataset_depth/000000002652-segment-12956664801249730713_2840_000_2860_000_with_camera_labels-150.png 376 1088 16
big_dataset_depth/000000002652-segment-12956664801249730713_2840_000_2860_000_with_camera_labels-150.png 384 1080 16
big_dataset_depth/000000002652-segment-12956664801249730713_2840_000_2860_000_with_camera_labels-150.png 392 1080 16
big_dataset_depth/000000002652-segment-12956664801249730713_2840_000_2860_000_with_camera_labels-150.png 400 1072 16
big_dataset_depth/000000002652-segment-12956664801249730713_2840_000_2860_000_with_camera_labels-150.png 408 1080 16
big_dataset_depth/000000002652-segment-12956664801249730713_2840_000_2860_000_with_camera_labels-150.png 416 1080 16
big_dataset_depth/000000002652-segment-12956664801249730713_2840_000_2860_000_with_camera_labels-150.png 424 1080 16
big_dataset_depth/000000002652-segment-12956664801249730713_2840_000_2860_000_with_camera_labels-150.png 432 992 17
big_dataset_depth/000000002652-segment-12956664801249730713_2840_000_2860_000_with_camera_labels-150.png 448 992 18
big_dataset_depth/000000002652-segment-12956664801249730713_2840_000_2860_000_with_camera_labels-150.png 456 944 18
big_dataset_depth/000000002652-segment-12956664801249730713_2840_000_2860_000_with_camera_labels-150.png 464 1000 19
big_dataset_depth/000000002652-segment-12956664801249730713_2840_000_2860_000_with_camera_labels-150.png 472 984 20
big_dataset_depth/000000002652-segment-12956664801249730713_2840_000_2860_000_with_camera_labels-150.png 480 928 18
big_dataset_depth/000000002652-segment-12956664801249730713_2840_000_2860_000_with_camera_labels-150.png 488 984 20
big_dataset_depth/000000002652-segment-12956664801249730713_2840_000_2860_000_with_camera_labels-150.png 496 984 20
big_dataset_depth/000000002652-segment-12956664801249730713_2840_000_2860_000_with_camera_labels-150.png 504 984 20
big_dataset_depth/000000002652-segment-12956664801249730713_2840_000_2860_000_with_camera_labels-150.png 512 984 20
big_dataset_depth/000000002652-segment-12956664801249730713_2840_000_2860_000_with_camera_labels-150.png 520 944 20
big_dataset_depth/000000002652-segment-12956664801249730713_2840_000_2860_000_with_camera_labels-150.png 536 944 21
big_dataset_depth/000000002652-segment-12956664801249730713_2840_000_2860_000_with_camera_labels-150.png 568 680 91
big_dataset_depth/000000002652-segment-12956664801249730713_2840_000_2860_000_with_camera_labels-150.png 576 728 50
big_dataset_depth/000000002652-segment-12956664801249730713_2840_000_2860_000_with_camera_labels-150.png 584 736 49
big_dataset_depth/000000002652-segment-12956664801249730713_2840_000_2860_000_with_camera_labels-150.png 592 736 48
big_dataset_depth/000000002652-segment-12956664801249730713_2840_000_2860_000_with_camera_labels-150.png 600 736 49
big_dataset_depth/000000002652-segment-12956664801249730713_2840_000_2860_000_with_camera_labels-150.png 608 688 52
big_dataset_depth/000000002652-segment-12956664801249730713_2840_000_2860_000_with_camera_labels-150.png 616 704 51
big_dataset_depth/000000002652-segment-12956664801249730713_2840_000_2860_000_with_camera_labels-150.png 624 728 52
big_dataset_depth/000000002652-segment-12956664801249730713_2840_000_2860_000_with_camera_labels-150.png 632 664 104
big_dataset_depth/000000002652-segment-12956664801249730713_2840_000_2860_000_with_camera_labels-150.png 640 680 104
big_dataset_depth/000000002652-segment-12956664801249730713_2840_000_2860_000_with_camera_labels-150.png 648 680 90
big_dataset_depth/000000002652-segment-12956664801249730713_2840_000_2860_000_with_camera_labels-150.png 656 680 89
big_dataset_depth/000000002652-segment-12956664801249730713_2840_000_2860_000_with_camera_labels-150.png 664 680 89
big_dataset_depth/000000002652-segment-12956664801249730713_2840_000_2860_000_with_camera_labels-150.png 672 680 89
big_dataset_depth/000000002652-segment-12956664801249730713_2840_000_2860_000_with_camera_labels-150.png 680 680 89
big_dataset_depth/000000002652-segment-12956664801249730713_2840_000_2860_000_with_camera_labels-150.png 688 704 61
big_dataset_depth/000000002652-segment-12956664801249730713_2840_000_2860_000_with_camera_labels-150.png 696 736 48
big_dataset_depth/000000002652-segment-12956664801249730713_2840_000_2860_000_with_camera_labels-150.png 704 720 49
big_dataset_depth/000000002652-segment-12956664801249730713_2840_000_2860_000_with_camera_labels-150.png 712 736 47
big_dataset_depth/000000002652-segment-12956664801249730713_2840_000_2860_000_with_camera_labels-150.png 720 776 34
big_dataset_depth/000000002652-segment-12956664801249730713_2840_000_2860_000_with_camera_labels-150.png 728 776 34
big_dataset_depth/000000002652-segment-12956664801249730713_2840_000_2860_000_with_camera_labels-150.png 736 936 21
big_dataset_depth/000000002652-segment-12956664801249730713_2840_000_2860_000_with_camera_labels-150.png 744 920 22
big_dataset_depth/000000002652-segment-12956664801249730713_2840_000_2860_000_with_camera_labels-150.png 752 920 22
big_dataset_depth/000000002652-segment-12956664801249730713_2840_000_2860_000_with_camera_labels-150.png 760 928 22
big_dataset_depth/000000002652-segment-12956664801249730713_2840_000_2860_000_with_camera_labels-150.png 768 920 22
big_dataset_depth/000000002652-segment-12956664801249730713_2840_000_2860_000_with_camera_labels-150.png 776 880 21
big_dataset_depth/000000002652-segment-12956664801249730713_2840_000_2860_000_with_camera_labels-150.png 784 920 21
big_dataset_depth/000000002652-segment-12956664801249730713_2840_000_2860_000_with_camera_labels-150.png 792 888 21
big_dataset_depth/000000002652-segment-12956664801249730713_2840_000_2860_000_with_camera_labels-150.png 800 896 22
big_dataset_depth/000000002652-segment-12956664801249730713_2840_000_2860_000_with_camera_labels-150.png 808 888 21
big_dataset_depth/000000002652-segment-12956664801249730713_2840_000_2860_000_with_camera_labels-150.png 816 888 21
big_dataset_depth/000000002652-segment-12956664801249730713_2840_000_2860_000_with_camera_labels-150.png 824 928 21
big_dataset_depth/000000002652-segment-12956664801249730713_2840_000_2860_000_with_camera_labels-150.png 832 904 21
big_dataset_depth/000000002652-segment-12956664801249730713_2840_000_2860_000_with_camera_labels-150.png 840 888 21
big_dataset_depth/000000002652-segment-12956664801249730713_2840_000_2860_000_with_camera_labels-150.png 848 928 22
big_dataset_depth/000000002652-segment-12956664801249730713_2840_000_2860_000_with_camera_labels-150.png 856 896 21
big_dataset_depth/000000002652-segment-12956664801249730713_2840_000_2860_000_with_camera_labels-150.png 864 928 21
big_dataset_depth/000000002652-segment-12956664801249730713_2840_000_2860_000_with_camera_labels-150.png 872 896 21
big_dataset_depth/000000002652-segment-12956664801249730713_2840_000_2860_000_with_camera_labels-150.png 880 896 21
big_dataset_depth/000000002652-segment-12956664801249730713_2840_000_2860_000_with_camera_labels-150.png 888 968 19
big_dataset_depth/000000002652-segment-12956664801249730713_2840_000_2860_000_with_camera_labels-150.png 896 888 21
big_dataset_depth/000000002652-segment-12956664801249730713_2840_000_2860_000_with_camera_labels-150.png 904 896 21
big_dataset_depth/000000002652-segment-12956664801249730713_2840_000_2860_000_with_camera_labels-150.png 912 920 21
big_dataset_depth/000000002652-segment-12956664801249730713_2840_000_2860_000_with_camera_labels-150.png 920 904 21
big_dataset_depth/000000002652-segment-12956664801249730713_2840_000_2860_000_with_camera_labels-150.png 928 888 21
big_dataset_depth/000000002652-segment-12956664801249730713_2840_000_2860_000_with_camera_labels-150.png 936 880 21
big_dataset_depth/000000002652-segment-12956664801249730713_2840_000_2860_000_with_camera_labels-150.png 944 904 21
big_dataset_depth/000000002652-segment-12956664801249730713_2840_000_2860_000_with_camera_labels-150.png 952 888 21
big_dataset_depth/000000002652-segment-12956664801249730713_2840_000_2860_000_with_camera_labels-150.png 960 920 22
big_dataset_depth/000000002652-segment-12956664801249730713_2840_000_2860_000_with_camera_labels-150.png 968 888 21
big_dataset_depth/000000002652-segment-12956664801249730713_2840_000_2860_000_with_camera_labels-150.png 976 904 21
big_dataset_depth/000000002652-segment-12956664801249730713_2840_000_2860_000_with_camera_labels-150.png 984 920 22
big_dataset_depth/000000002652-segment-12956664801249730713_2840_000_2860_000_with_camera_labels-150.png 992 920 22
big_dataset_depth/000000002652-segment-12956664801249730713_2840_000_2860_000_with_camera_labels-150.png 1000 920 22
big_dataset_depth/000000002652-segment-12956664801249730713_2840_000_2860_000_with_camera_labels-150.png 1008 920 22
big_dataset_depth/000000002652-segment-12956664801249730713_2840_000_2860_000_with_camera_labels-150.png 1016 792 34
big_dataset_depth/000000002652-segment-12956664801249730713_2840_000_2860_000_with_camera_labels-150.png 1024 800 33
big_dataset_depth/000000002652-segment-12956664801249730713_2840_000_2860_000_with_camera_labels-150.png 1032 736 36
big_dataset_depth/000000002652-segment-12956664801249730713_2840_000_2860_000_with_camera_labels-150.png 1040 672 85
big_dataset_depth/000000002652-segment-12956664801249730713_2840_000_2860_000_with_camera_labels-150.png 1048 672 90
big_dataset_depth/000000002652-segment-12956664801249730713_2840_000_2860_000_with_camera_labels-150.png 1056 664 90
big_dataset_depth/000000002652-segment-12956664801249730713_2840_000_2860_000_with_camera_labels-150.png 1064 664 90
big_dataset_depth/000000002652-segment-12956664801249730713_2840_000_2860_000_with_camera_labels-150.png 1072 672 88
big_dataset_depth/000000002652-segment-12956664801249730713_2840_000_2860_000_with_camera_labels-150.png 1080 656 94
big_dataset_depth/000000002652-segment-12956664801249730713_2840_000_2860_000_with_camera_labels-150.png 1088 656 92
big_dataset_depth/000000002652-segment-12956664801249730713_2840_000_2860_000_with_camera_labels-150.png 1096 656 88
big_dataset_depth/000000002652-segment-12956664801249730713_2840_000_2860_000_with_camera_labels-150.png 1104 656 89
big_dataset_depth/000000002652-segment-12956664801249730713_2840_000_2860_000_with_camera_labels-150.png 1112 752 43
big_dataset_depth/000000002652-segment-12956664801249730713_2840_000_2860_000_with_camera_labels-150.png 1120 768 37
big_dataset_depth/000000002652-segment-12956664801249730713_2840_000_2860_000_with_camera_labels-150.png 1128 760 35
big_dataset_depth/000000002652-segment-12956664801249730713_2840_000_2860_000_with_camera_labels-150.png 1136 760 34
big_dataset_depth/000000002652-segment-12956664801249730713_2840_000_2860_000_with_camera_labels-150.png 1144 792 34
big_dataset_depth/000000002652-segment-12956664801249730713_2840_000_2860_000_with_camera_labels-150.png 1152 800 33
big_dataset_depth/000000002652-segment-12956664801249730713_2840_000_2860_000_with_camera_labels-150.png 1160 768 33
big_dataset_depth/000000002652-segment-12956664801249730713_2840_000_2860_000_with_camera_labels-150.png 1168 768 33
big_dataset_depth/000000002652-segment-12956664801249730713_2840_000_2860_000_with_camera_labels-150.png 1176 768 33
big_dataset_depth/000000002652-segment-12956664801249730713_2840_000_2860_000_with_camera_labels-150.png 1184 768 33
big_dataset_depth/000000002652-segment-12956664801249730713_2840_000_2860_000_with_camera_labels-150.png 1192 808 32
big_dataset_depth/000000002652-segment-12956664801249730713_2840_000_2860_000_with_camera_labels-150.png 1200 768 33
big_dataset_depth/000000002652-segment-12956664801249730713_2840_000_2860_000_with_camera_labels-150.png 1208 776 34
big_dataset_depth/000000002652-segment-12956664801249730713_2840_000_2860_000_with_camera_labels-150.png 1216 768 33
big_dataset_depth/000000002652-segment-12956664801249730713_2840_000_2860_000_with_camera_labels-150.png 1224 768 33
big_dataset_depth/000000002652-segment-12956664801249730713_2840_000_2860_000_with_camera_labels-150.png 1232 776 34
big_dataset_depth/000000002652-segment-12956664801249730713_2840_000_2860_000_with_camera_labels-150.png 1240 768 33
big_dataset_depth/000000002652-segment-12956664801249730713_2840_000_2860_000_with_camera_labels-150.png 1248 808 32
big_dataset_depth/000000002652-segment-12956664801249730713_2840_000_2860_000_with_camera_labels-150.png 1256 768 33
big_dataset_depth/000000002652-segment-12956664801249730713_2840_000_2860_000_with_camera_labels-150.png 1264 824 30
big_dataset_depth/000000002652-segment-12956664801249730713_2840_000_2860_000_with_camera_labels-150.png 1272 808 30
big_dataset_depth/000000002652-segment-12956664801249730713_2840_000_2860_000_with_camera_labels-150.png 1280 784 33
big_dataset_depth/000000002652-segment-12956664801249730713_2840_000_2860_000_with_camera_labels-150.png 1288 784 34
big_dataset_depth/000000002652-segment-12956664801249730713_2840_000_2860_000_with_camera_labels-150.png 1296 784 35
big_dataset_depth/000000002652-segment-12956664801249730713_2840_000_2860_000_with_camera_labels-150.png 1304 720 37
big_dataset_depth/000000002652-segment-12956664801249730713_2840_000_2860_000_with_camera_labels-150.png 1312 792 34
big_dataset_depth/000000002652-segment-12956664801249730713_2840_000_2860_000_with_camera_labels-150.png 1320 736 37
big_dataset_depth/000000002652-segment-12956664801249730713_2840_000_2860_000_with_camera_labels-150.png 1328 744 37
big_dataset_depth/000000002652-segment-12956664801249730713_2840_000_2860_000_with_camera_labels-150.png 1336 680 55
big_dataset_depth/000000002652-segment-12956664801249730713_2840_000_2860_000_with_camera_labels-150.png 1352 824 30
big_dataset_depth/000000002652-segment-12956664801249730713_2840_000_2860_000_with_camera_labels-150.png 1360 824 30
big_dataset_depth/000000002652-segment-12956664801249730713_2840_000_2860_000_with_camera_labels-150.png 1368 800 32
big_dataset_depth/000000002652-segment-12956664801249730713_2840_000_2860_000_with_camera_labels-150.png 1376 768 33
big_dataset_depth/000000002652-segment-12956664801249730713_2840_000_2860_000_with_camera_labels-150.png 1384 832 29
big_dataset_depth/000000002652-segment-12956664801249730713_2840_000_2860_000_with_camera_labels-150.png 1392 768 35
big_dataset_depth/000000002652-segment-12956664801249730713_2840_000_2860_000_with_camera_labels-150.png 1408 712 35
big_dataset_depth/000000002652-segment-12956664801249730713_2840_000_2860_000_with_camera_labels-150.png 1416 824 30
big_dataset_depth/000000002652-segment-12956664801249730713_2840_000_2860_000_with_camera_labels-150.png 1424 808 31
big_dataset_depth/000000002652-segment-12956664801249730713_2840_000_2860_000_with_camera_labels-150.png 1432 752 37
big_dataset_depth/000000002652-segment-12956664801249730713_2840_000_2860_000_with_camera_labels-150.png 1440 704 40
big_dataset_depth/000000002652-segment-12956664801249730713_2840_000_2860_000_with_camera_labels-150.png 1448 712 44
big_dataset_depth/000000002652-segment-12956664801249730713_2840_000_2860_000_with_camera_labels-150.png 1456 712 43
big_dataset_depth/000000002652-segment-12956664801249730713_2840_000_2860_000_with_camera_labels-150.png 1472 728 36
big_dataset_depth/000000002652-segment-12956664801249730713_2840_000_2860_000_with_camera_labels-150.png 1480 760 36
big_dataset_depth/000000002652-segment-12956664801249730713_2840_000_2860_000_with_camera_labels-150.png 1488 736 36
big_dataset_depth/000000002652-segment-12956664801249730713_2840_000_2860_000_with_camera_labels-150.png 1496 720 36
big_dataset_depth/000000002652-segment-12956664801249730713_2840_000_2860_000_with_camera_labels-150.png 1504 680 36
big_dataset_depth/000000002652-segment-12956664801249730713_2840_000_2860_000_with_camera_labels-150.png 1520 752 25
big_dataset_depth/000000002652-segment-12956664801249730713_2840_000_2860_000_with_camera_labels-150.png 1528 864 25
big_dataset_depth/000000002652-segment-12956664801249730713_2840_000_2860_000_with_camera_labels-150.png 1536 848 25
big_dataset_depth/000000002652-segment-12956664801249730713_2840_000_2860_000_with_camera_labels-150.png 1544 856 25
big_dataset_depth/000000002652-segment-12956664801249730713_2840_000_2860_000_with_camera_labels-150.png 1552 832 25
big_dataset_depth/000000002652-segment-12956664801249730713_2840_000_2860_000_with_camera_labels-150.png 1584 792 18
big_dataset_depth/000000002652-segment-12956664801249730713_2840_000_2860_000_with_camera_labels-150.png 1592 832 18
big_dataset_depth/000000002652-segment-12956664801249730713_2840_000_2860_000_with_camera_labels-150.png 1600 832 18
big_dataset_depth/000000002652-segment-12956664801249730713_2840_000_2860_000_with_camera_labels-150.png 1608 928 18
big_dataset_depth/000000002652-segment-12956664801249730713_2840_000_2860_000_with_camera_labels-150.png 1616 1024 18
big_dataset_depth/000000002652-segment-12956664801249730713_2840_000_2860_000_with_camera_labels-150.png 1624 1016 18
big_dataset_depth/000000002652-segment-12956664801249730713_2840_000_2860_000_with_camera_labels-150.png 1632 1024 18
big_dataset_depth/000000002652-segment-12956664801249730713_2840_000_2860_000_with_camera_labels-150.png 1640 1024 18
big_dataset_depth/000000002652-segment-12956664801249730713_2840_000_2860_000_with_camera_labels-150.png 1648 1024 18
big_dataset_depth/000000002652-segment-12956664801249730713_2840_000_2860_000_with_camera_labels-150.png 1656 896 18
big_dataset_depth/000000002652-segment-12956664801249730713_2840_000_2860_000_with_camera_labels-150.png 1664 864 18
big_dataset_depth/000000002652-segment-12956664801249730713_2840_000_2860_000_with_camera_labels-150.png 1672 856 20
big_dataset_depth/000000002652-segment-12956664801249730713_2840_000_2860_000_with_camera_labels-150.png 1680 816 20
big_dataset_depth/000000002652-segment-12956664801249730713_2840_000_2860_000_with_camera_labels-150.png 1704 1008 18
big_dataset_depth/000000002652-segment-12956664801249730713_2840_000_2860_000_with_camera_labels-150.png 1712 1008 18
big_dataset_depth/000000002652-segment-12956664801249730713_2840_000_2860_000_with_camera_labels-150.png 1720 1008 18
big_dataset_depth/000000002652-segment-12956664801249730713_2840_000_2860_000_with_camera_labels-150.png 1728 1008 18
big_dataset_depth/000000002652-segment-12956664801249730713_2840_000_2860_000_with_camera_labels-150.png 1736 1008 18
big_dataset_depth/000000002652-segment-12956664801249730713_2840_000_2860_000_with_camera_labels-150.png 1744 1024 18
big_dataset_depth/000000002652-segment-12956664801249730713_2840_000_2860_000_with_camera_labels-150.png 1752 1024 18
big_dataset_depth/000000002652-segment-12956664801249730713_2840_000_2860_000_with_camera_labels-150.png 1760 1024 18
big_dataset_depth/000000002652-segment-12956664801249730713_2840_000_2860_000_with_camera_labels-150.png 1768 1032 17
big_dataset_depth/000000002652-segment-12956664801249730713_2840_000_2860_000_with_camera_labels-150.png 1776 1032 17
big_dataset_depth/000000002652-segment-12956664801249730713_2840_000_2860_000_with_camera_labels-150.png 1784 1040 17
big_dataset_depth/000000002652-segment-12956664801249730713_2840_000_2860_000_with_camera_labels-150.png 1792 1048 17
big_dataset_depth/000000002652-segment-12956664801249730713_2840_000_2860_000_with_camera_labels-150.png 1800 1048 17
big_dataset_depth/000000002652-segment-12956664801249730713_2840_000_2860_000_with_camera_labels-150.png 1808 1248 13
big_dataset_depth/000000002652-segment-12956664801249730713_2840_000_2860_000_with_camera_labels-150.png 1848 1032 15
big_dataset_depth/000000002652-segment-12956664801249730713_2840_000_2860_000_with_camera_labels-150.png 1856 1240 13
big_dataset_depth/000000002652-segment-12956664801249730713_2840_000_2860_000_with_camera_labels-150.png 1864 1224 13
big_dataset_depth/000000002652-segment-12956664801249730713_2840_000_2860_000_with_camera_labels-150.png 1872 1240 13
big_dataset_depth/000000002652-segment-12956664801249730713_2840_000_2860_000_with_camera_labels-150.png 1880 1112 16
big_dataset_depth/000000002652-segment-12956664801249730713_2840_000_2860_000_with_camera_labels-150.png 1888 1040 15
big_dataset_depth/000000002652-segment-12956664801249730713_2840_000_2860_000_with_camera_labels-150.png 1896 1048 17
big_dataset_depth/000000002652-segment-12956664801249730713_2840_000_2860_000_with_camera_labels-150.png 1904 864 21
big_dataset_depth/000000002652-segment-12956664801249730713_2840_000_2860_000_with_camera_labels-150.png 1912 1000 19
