big_dataset_depth/000000000211-segment-10096619443888687526_2820_000_2840_000_with_camera_labels-110.png 0 824 50
big_dataset_depth/000000000211-segment-10096619443888687526_2820_000_2840_000_with_camera_labels-110.png 8 912 48
big_dataset_depth/000000000211-segment-10096619443888687526_2820_000_2840_000_with_camera_labels-110.png 16 776 67
big_dataset_depth/000000000211-segment-10096619443888687526_2820_000_2840_000_with_camera_labels-110.png 24 856 56
big_dataset_depth/000000000211-segment-10096619443888687526_2820_000_2840_000_with_camera_labels-110.png 32 1056 23
big_dataset_depth/000000000211-segment-10096619443888687526_2820_000_2840_000_with_camera_labels-110.png 40 1040 24
big_dataset_depth/000000000211-segment-10096619443888687526_2820_000_2840_000_with_camera_labels-110.png 48 1080 23
big_dataset_depth/000000000211-segment-10096619443888687526_2820_000_2840_000_with_camera_labels-110.png 56 944 50
big_dataset_depth/000000000211-segment-10096619443888687526_2820_000_2840_000_with_camera_labels-110.png 64 1096 22
big_dataset_depth/000000000211-segment-10096619443888687526_2820_000_2840_000_with_camera_labels-110.png 72 1120 22
big_dataset_depth/000000000211-segment-10096619443888687526_2820_000_2840_000_with_camera_labels-110.png 88 1080 23
big_dataset_depth/000000000211-segment-10096619443888687526_2820_000_2840_000_with_camera_labels-110.png 96 1080 23
big_dataset_depth/000000000211-segment-10096619443888687526_2820_000_2840_000_with_camera_labels-110.png 104 1040 24
big_dataset_depth/000000000211-segment-10096619443888687526_2820_000_2840_000_with_camera_labels-110.png 112 1080 23
big_dataset_depth/000000000211-segment-10096619443888687526_2820_000_2840_000_with_camera_labels-110.png 120 1072 24
big_dataset_depth/000000000211-segment-10096619443888687526_2820_000_2840_000_with_camera_labels-110.png 128 1056 24
big_dataset_depth/000000000211-segment-10096619443888687526_2820_000_2840_000_with_camera_labels-110.png 136 1056 24
big_dataset_depth/000000000211-segment-10096619443888687526_2820_000_2840_000_with_camera_labels-110.png 144 1040 25
big_dataset_depth/000000000211-segment-10096619443888687526_2820_000_2840_000_with_camera_labels-110.png 152 1056 24
big_dataset_depth/000000000211-segment-10096619443888687526_2820_000_2840_000_with_camera_labels-110.png 160 1072 24
big_dataset_depth/000000000211-segment-10096619443888687526_2820_000_2840_000_with_camera_labels-110.png 168 1056 25
big_dataset_depth/000000000211-segment-10096619443888687526_2820_000_2840_000_with_camera_labels-110.png 176 1032 25
big_dataset_depth/000000000211-segment-10096619443888687526_2820_000_2840_000_with_camera_labels-110.png 184 1032 25
big_dataset_depth/000000000211-segment-10096619443888687526_2820_000_2840_000_with_camera_labels-110.png 192 1032 26
big_dataset_depth/000000000211-segment-10096619443888687526_2820_000_2840_000_with_camera_labels-110.png 200 1032 26
big_dataset_depth/000000000211-segment-10096619443888687526_2820_000_2840_000_with_camera_labels-110.png 208 1032 26
big_dataset_depth/000000000211-segment-10096619443888687526_2820_000_2840_000_with_camera_labels-110.png 216 1024 26
big_dataset_depth/000000000211-segment-10096619443888687526_2820_000_2840_000_with_camera_labels-110.png 224 1016 27
big_dataset_depth/000000000211-segment-10096619443888687526_2820_000_2840_000_with_camera_labels-110.png 232 1000 27
big_dataset_depth/000000000211-segment-10096619443888687526_2820_000_2840_000_with_camera_labels-110.png 240 992 27
big_dataset_depth/000000000211-segment-10096619443888687526_2820_000_2840_000_with_camera_labels-110.png 248 1032 27
big_dataset_depth/000000000211-segment-10096619443888687526_2820_000_2840_000_with_camera_labels-110.png 256 824 27
big_dataset_depth/000000000211-segment-10096619443888687526_2820_000_2840_000_with_camera_labels-110.png 264 992 28
big_dataset_depth/000000000211-segment-10096619443888687526_2820_000_2840_000_with_camera_labels-110.png 272 1016 27
big_dataset_depth/000000000211-segment-10096619443888687526_2820_000_2840_000_with_camera_labels-110.png 280 984 27
big_dataset_depth/000000000211-segment-10096619443888687526_2820_000_2840_000_with_camera_labels-110.png 288 992 26
big_dataset_depth/000000000211-segment-10096619443888687526_2820_000_2840_000_with_camera_labels-110.png 296 992 26
big_dataset_depth/000000000211-segment-10096619443888687526_2820_000_2840_000_with_camera_labels-110.png 304 1000 27
big_dataset_depth/000000000211-segment-10096619443888687526_2820_000_2840_000_with_camera_labels-110.png 312 992 26
big_dataset_depth/000000000211-segment-10096619443888687526_2820_000_2840_000_with_camera_labels-110.png 320 984 26
big_dataset_depth/000000000211-segment-10096619443888687526_2820_000_2840_000_with_camera_labels-110.png 328 1008 26
big_dataset_depth/000000000211-segment-10096619443888687526_2820_000_2840_000_with_camera_labels-110.png 336 992 27
big_dataset_depth/000000000211-segment-10096619443888687526_2820_000_2840_000_with_camera_labels-110.png 344 1000 26
big_dataset_depth/000000000211-segment-10096619443888687526_2820_000_2840_000_with_camera_labels-110.png 352 952 26
big_dataset_depth/000000000211-segment-10096619443888687526_2820_000_2840_000_with_camera_labels-110.png 360 960 26
big_dataset_depth/000000000211-segment-10096619443888687526_2820_000_2840_000_with_camera_labels-110.png 368 968 26
big_dataset_depth/000000000211-segment-10096619443888687526_2820_000_2840_000_with_camera_labels-110.png 376 968 26
big_dataset_depth/000000000211-segment-10096619443888687526_2820_000_2840_000_with_camera_labels-110.png 384 976 26
big_dataset_depth/000000000211-segment-10096619443888687526_2820_000_2840_000_with_camera_labels-110.png 392 968 26
big_dataset_depth/000000000211-segment-10096619443888687526_2820_000_2840_000_with_camera_labels-110.png 400 968 26
big_dataset_depth/000000000211-segment-10096619443888687526_2820_000_2840_000_with_camera_labels-110.png 408 984 26
big_dataset_depth/000000000211-segment-10096619443888687526_2820_000_2840_000_with_camera_labels-110.png 416 968 26
big_dataset_depth/000000000211-segment-10096619443888687526_2820_000_2840_000_with_camera_labels-110.png 424 928 26
big_dataset_depth/000000000211-segment-10096619443888687526_2820_000_2840_000_with_camera_labels-110.png 432 952 26
big_dataset_depth/000000000211-segment-10096619443888687526_2820_000_2840_000_with_camera_labels-110.png 440 968 27
big_dataset_depth/000000000211-segment-10096619443888687526_2820_000_2840_000_with_camera_labels-110.png 448 952 26
big_dataset_depth/000000000211-segment-10096619443888687526_2820_000_2840_000_with_camera_labels-110.png 456 968 26
big_dataset_depth/000000000211-segment-10096619443888687526_2820_000_2840_000_with_camera_labels-110.png 464 952 26
big_dataset_depth/000000000211-segment-10096619443888687526_2820_000_2840_000_with_camera_labels-110.png 472 968 27
big_dataset_depth/000000000211-segment-10096619443888687526_2820_000_2840_000_with_camera_labels-110.png 480 968 27
big_dataset_depth/000000000211-segment-10096619443888687526_2820_000_2840_000_with_camera_labels-110.png 488 968 27
big_dataset_depth/000000000211-segment-10096619443888687526_2820_000_2840_000_with_camera_labels-110.png 496 968 27
big_dataset_depth/000000000211-segment-10096619443888687526_2820_000_2840_000_with_camera_labels-110.png 504 928 28
big_dataset_depth/000000000211-segment-10096619443888687526_2820_000_2840_000_with_camera_labels-110.png 512 952 29
big_dataset_depth/000000000211-segment-10096619443888687526_2820_000_2840_000_with_camera_labels-110.png 520 920 29
big_dataset_depth/000000000211-segment-10096619443888687526_2820_000_2840_000_with_camera_labels-110.png 528 912 29
big_dataset_depth/000000000211-segment-10096619443888687526_2820_000_2840_000_with_camera_labels-110.png 536 928 30
big_dataset_depth/000000000211-segment-10096619443888687526_2820_000_2840_000_with_camera_labels-110.png 544 928 30
big_dataset_depth/000000000211-segment-10096619443888687526_2820_000_2840_000_with_camera_labels-110.png 552 920 30
big_dataset_depth/000000000211-segment-10096619443888687526_2820_000_2840_000_with_camera_labels-110.png 568 792 59
big_dataset_depth/000000000211-segment-10096619443888687526_2820_000_2840_000_with_camera_labels-110.png 576 792 59
big_dataset_depth/000000000211-segment-10096619443888687526_2820_000_2840_000_with_camera_labels-110.png 584 784 60
big_dataset_depth/000000000211-segment-10096619443888687526_2820_000_2840_000_with_camera_labels-110.png 592 792 59
big_dataset_depth/000000000211-segment-10096619443888687526_2820_000_2840_000_with_camera_labels-110.png 600 776 59
big_dataset_depth/000000000211-segment-10096619443888687526_2820_000_2840_000_with_camera_labels-110.png 608 792 60
big_dataset_depth/000000000211-segment-10096619443888687526_2820_000_2840_000_with_camera_labels-110.png 616 792 59
big_dataset_depth/000000000211-segment-10096619443888687526_2820_000_2840_000_with_camera_labels-110.png 624 792 59
big_dataset_depth/000000000211-segment-10096619443888687526_2820_000_2840_000_with_camera_labels-110.png 632 816 57
big_dataset_depth/000000000211-segment-10096619443888687526_2820_000_2840_000_with_camera_labels-110.png 640 808 58
big_dataset_depth/000000000211-segment-10096619443888687526_2820_000_2840_000_with_camera_labels-110.png 648 800 64
big_dataset_depth/000000000211-segment-10096619443888687526_2820_000_2840_000_with_camera_labels-110.png 656 760 64
big_dataset_depth/000000000211-segment-10096619443888687526_2820_000_2840_000_with_camera_labels-110.png 664 768 68
big_dataset_depth/000000000211-segment-10096619443888687526_2820_000_2840_000_with_camera_labels-110.png 672 792 68
big_dataset_depth/000000000211-segment-10096619443888687526_2820_000_2840_000_with_camera_labels-110.png 680 760 83
big_dataset_depth/000000000211-segment-10096619443888687526_2820_000_2840_000_with_camera_labels-110.png 688 744 89
big_dataset_depth/000000000211-segment-10096619443888687526_2820_000_2840_000_with_camera_labels-110.png 696 760 83
big_dataset_depth/000000000211-segment-10096619443888687526_2820_000_2840_000_with_camera_labels-110.png 704 760 83
big_dataset_depth/000000000211-segment-10096619443888687526_2820_000_2840_000_with_camera_labels-110.png 712 728 100
big_dataset_depth/000000000211-segment-10096619443888687526_2820_000_2840_000_with_camera_labels-110.png 720 776 75
big_dataset_depth/000000000211-segment-10096619443888687526_2820_000_2840_000_with_camera_labels-110.png 728 776 76
big_dataset_depth/000000000211-segment-10096619443888687526_2820_000_2840_000_with_camera_labels-110.png 736 776 76
big_dataset_depth/000000000211-segment-10096619443888687526_2820_000_2840_000_with_camera_labels-110.png 744 752 76
big_dataset_depth/000000000211-segment-10096619443888687526_2820_000_2840_000_with_camera_labels-110.png 752 760 88
big_dataset_depth/000000000211-segment-10096619443888687526_2820_000_2840_000_with_camera_labels-110.png 760 752 98
big_dataset_depth/000000000211-segment-10096619443888687526_2820_000_2840_000_with_camera_labels-110.png 768 744 100
big_dataset_depth/000000000211-segment-10096619443888687526_2820_000_2840_000_with_camera_labels-110.png 776 752 99
big_dataset_depth/000000000211-segment-10096619443888687526_2820_000_2840_000_with_camera_labels-110.png 784 752 100
big_dataset_depth/000000000211-segment-10096619443888687526_2820_000_2840_000_with_camera_labels-110.png 792 744 101
big_dataset_depth/000000000211-segment-10096619443888687526_2820_000_2840_000_with_camera_labels-110.png 800 752 85
big_dataset_depth/000000000211-segment-10096619443888687526_2820_000_2840_000_with_camera_labels-110.png 808 752 92
big_dataset_depth/000000000211-segment-10096619443888687526_2820_000_2840_000_with_camera_labels-110.png 816 752 102
big_dataset_depth/000000000211-segment-10096619443888687526_2820_000_2840_000_with_camera_labels-110.png 824 760 101
big_dataset_depth/000000000211-segment-10096619443888687526_2820_000_2840_000_with_camera_labels-110.png 832 744 103
big_dataset_depth/000000000211-segment-10096619443888687526_2820_000_2840_000_with_camera_labels-110.png 840 752 102
big_dataset_depth/000000000211-segment-10096619443888687526_2820_000_2840_000_with_camera_labels-110.png 848 752 103
big_dataset_depth/000000000211-segment-10096619443888687526_2820_000_2840_000_with_camera_labels-110.png 856 624 77
big_dataset_depth/000000000211-segment-10096619443888687526_2820_000_2840_000_with_camera_labels-110.png 864 632 75
big_dataset_depth/000000000211-segment-10096619443888687526_2820_000_2840_000_with_camera_labels-110.png 872 632 74
big_dataset_depth/000000000211-segment-10096619443888687526_2820_000_2840_000_with_camera_labels-110.png 880 744 99
big_dataset_depth/000000000211-segment-10096619443888687526_2820_000_2840_000_with_camera_labels-110.png 888 744 99
big_dataset_depth/000000000211-segment-10096619443888687526_2820_000_2840_000_with_camera_labels-110.png 896 632 80
big_dataset_depth/000000000211-segment-10096619443888687526_2820_000_2840_000_with_camera_labels-110.png 904 624 79
big_dataset_depth/000000000211-segment-10096619443888687526_2820_000_2840_000_with_camera_labels-110.png 912 600 80
big_dataset_depth/000000000211-segment-10096619443888687526_2820_000_2840_000_with_camera_labels-110.png 1040 592 96
big_dataset_depth/000000000211-segment-10096619443888687526_2820_000_2840_000_with_camera_labels-110.png 1048 592 96
big_dataset_depth/000000000211-segment-10096619443888687526_2820_000_2840_000_with_camera_labels-110.png 1056 592 95
big_dataset_depth/000000000211-segment-10096619443888687526_2820_000_2840_000_with_camera_labels-110.png 1064 592 84
big_dataset_depth/000000000211-segment-10096619443888687526_2820_000_2840_000_with_camera_labels-110.png 1072 608 73
big_dataset_depth/000000000211-segment-10096619443888687526_2820_000_2840_000_with_camera_labels-110.png 1080 608 72
big_dataset_depth/000000000211-segment-10096619443888687526_2820_000_2840_000_with_camera_labels-110.png 1088 656 72
big_dataset_depth/000000000211-segment-10096619443888687526_2820_000_2840_000_with_camera_labels-110.png 1096 664 72
big_dataset_depth/000000000211-segment-10096619443888687526_2820_000_2840_000_with_camera_labels-110.png 1104 680 73
big_dataset_depth/000000000211-segment-10096619443888687526_2820_000_2840_000_with_camera_labels-110.png 1112 680 72
big_dataset_depth/000000000211-segment-10096619443888687526_2820_000_2840_000_with_camera_labels-110.png 1120 752 72
big_dataset_depth/000000000211-segment-10096619443888687526_2820_000_2840_000_with_camera_labels-110.png 1128 752 72
big_dataset_depth/000000000211-segment-10096619443888687526_2820_000_2840_000_with_camera_labels-110.png 1136 744 76
big_dataset_depth/000000000211-segment-10096619443888687526_2820_000_2840_000_with_camera_labels-110.png 1144 744 77
big_dataset_depth/000000000211-segment-10096619443888687526_2820_000_2840_000_with_camera_labels-110.png 1152 736 73
big_dataset_depth/000000000211-segment-10096619443888687526_2820_000_2840_000_with_camera_labels-110.png 1160 696 71
big_dataset_depth/000000000211-segment-10096619443888687526_2820_000_2840_000_with_camera_labels-110.png 1168 664 72
big_dataset_depth/000000000211-segment-10096619443888687526_2820_000_2840_000_with_camera_labels-110.png 1176 664 72
big_dataset_depth/000000000211-segment-10096619443888687526_2820_000_2840_000_with_camera_labels-110.png 1184 696 64
big_dataset_depth/000000000211-segment-10096619443888687526_2820_000_2840_000_with_camera_labels-110.png 1192 656 80
big_dataset_depth/000000000211-segment-10096619443888687526_2820_000_2840_000_with_camera_labels-110.png 1208 776 35
big_dataset_depth/000000000211-segment-10096619443888687526_2820_000_2840_000_with_camera_labels-110.png 1216 848 32
big_dataset_depth/000000000211-segment-10096619443888687526_2820_000_2840_000_with_camera_labels-110.png 1224 808 35
big_dataset_depth/000000000211-segment-10096619443888687526_2820_000_2840_000_with_camera_labels-110.png 1232 824 34
big_dataset_depth/000000000211-segment-10096619443888687526_2820_000_2840_000_with_camera_labels-110.png 1240 768 31
big_dataset_depth/000000000211-segment-10096619443888687526_2820_000_2840_000_with_camera_labels-110.png 1248 824 33
big_dataset_depth/000000000211-segment-10096619443888687526_2820_000_2840_000_with_camera_labels-110.png 1256 784 30
big_dataset_depth/000000000211-segment-10096619443888687526_2820_000_2840_000_with_camera_labels-110.png 1264 832 31
big_dataset_depth/000000000211-segment-10096619443888687526_2820_000_2840_000_with_camera_labels-110.png 1272 824 30
big_dataset_depth/000000000211-segment-10096619443888687526_2820_000_2840_000_with_camera_labels-110.png 1280 824 29
big_dataset_depth/000000000211-segment-10096619443888687526_2820_000_2840_000_with_camera_labels-110.png 1288 848 30
big_dataset_depth/000000000211-segment-10096619443888687526_2820_000_2840_000_with_camera_labels-110.png 1296 824 29
big_dataset_depth/000000000211-segment-10096619443888687526_2820_000_2840_000_with_camera_labels-110.png 1304 864 30
big_dataset_depth/000000000211-segment-10096619443888687526_2820_000_2840_000_with_camera_labels-110.png 1312 848 29
big_dataset_depth/000000000211-segment-10096619443888687526_2820_000_2840_000_with_camera_labels-110.png 1320 832 27
big_dataset_depth/000000000211-segment-10096619443888687526_2820_000_2840_000_with_camera_labels-110.png 1336 864 28
big_dataset_depth/000000000211-segment-10096619443888687526_2820_000_2840_000_with_camera_labels-110.png 1344 880 27
big_dataset_depth/000000000211-segment-10096619443888687526_2820_000_2840_000_with_camera_labels-110.png 1352 864 28
big_dataset_depth/000000000211-segment-10096619443888687526_2820_000_2840_000_with_camera_labels-110.png 1360 880 27
big_dataset_depth/000000000211-segment-10096619443888687526_2820_000_2840_000_with_camera_labels-110.png 1368 864 28
big_dataset_depth/000000000211-segment-10096619443888687526_2820_000_2840_000_with_camera_labels-110.png 1376 864 28
big_dataset_depth/000000000211-segment-10096619443888687526_2820_000_2840_000_with_camera_labels-110.png 1384 896 26
big_dataset_depth/000000000211-segment-10096619443888687526_2820_000_2840_000_with_camera_labels-110.png 1392 856 28
big_dataset_depth/000000000211-segment-10096619443888687526_2820_000_2840_000_with_camera_labels-110.png 1424 1136 16
big_dataset_depth/000000000211-segment-10096619443888687526_2820_000_2840_000_with_camera_labels-110.png 1432 1112 16
big_dataset_depth/000000000211-segment-10096619443888687526_2820_000_2840_000_with_camera_labels-110.png 1440 1136 16
big_dataset_depth/000000000211-segment-10096619443888687526_2820_000_2840_000_with_camera_labels-110.png 1448 1096 16
big_dataset_depth/000000000211-segment-10096619443888687526_2820_000_2840_000_with_camera_labels-110.png 1456 1136 16
big_dataset_depth/000000000211-segment-10096619443888687526_2820_000_2840_000_with_camera_labels-110.png 1464 1112 15
big_dataset_depth/000000000211-segment-10096619443888687526_2820_000_2840_000_with_camera_labels-110.png 1472 1152 16
big_dataset_depth/000000000211-segment-10096619443888687526_2820_000_2840_000_with_camera_labels-110.png 1480 1168 15
big_dataset_depth/000000000211-segment-10096619443888687526_2820_000_2840_000_with_camera_labels-110.png 1488 1176 15
big_dataset_depth/000000000211-segment-10096619443888687526_2820_000_2840_000_with_camera_labels-110.png 1496 1184 15
big_dataset_depth/000000000211-segment-10096619443888687526_2820_000_2840_000_with_camera_labels-110.png 1504 1184 15
big_dataset_depth/000000000211-segment-10096619443888687526_2820_000_2840_000_with_camera_labels-110.png 1512 1192 15
big_dataset_depth/000000000211-segment-10096619443888687526_2820_000_2840_000_with_camera_labels-110.png 1520 1200 15
big_dataset_depth/000000000211-segment-10096619443888687526_2820_000_2840_000_with_camera_labels-110.png 1528 1200 14
big_dataset_depth/000000000211-segment-10096619443888687526_2820_000_2840_000_with_camera_labels-110.png 1536 1200 14
big_dataset_depth/000000000211-segment-10096619443888687526_2820_000_2840_000_with_camera_labels-110.png 1544 1224 14
big_dataset_depth/000000000211-segment-10096619443888687526_2820_000_2840_000_with_camera_labels-110.png 1552 1232 14
big_dataset_depth/000000000211-segment-10096619443888687526_2820_000_2840_000_with_camera_labels-110.png 1560 1240 14
big_dataset_depth/000000000211-segment-10096619443888687526_2820_000_2840_000_with_camera_labels-110.png 1568 1256 14
big_dataset_depth/000000000211-segment-10096619443888687526_2820_000_2840_000_with_camera_labels-110.png 1576 1256 14
big_dataset_depth/000000000211-segment-10096619443888687526_2820_000_2840_000_with_camera_labels-110.png 1584 1256 13
big_dataset_depth/000000000211-segment-10096619443888687526_2820_000_2840_000_with_camera_labels-110.png 1592 1256 13
big_dataset_depth/000000000211-segment-10096619443888687526_2820_000_2840_000_with_camera_labels-110.png 1600 1256 13
big_dataset_depth/000000000211-segment-10096619443888687526_2820_000_2840_000_with_camera_labels-110.png 1608 1256 13
big_dataset_depth/000000000211-segment-10096619443888687526_2820_000_2840_000_with_camera_labels-110.png 1624 1248 13
big_dataset_depth/000000000211-segment-10096619443888687526_2820_000_2840_000_with_camera_labels-110.png 1632 1232 13
big_dataset_depth/000000000211-segment-10096619443888687526_2820_000_2840_000_with_camera_labels-110.png 1656 1224 12
big_dataset_depth/000000000211-segment-10096619443888687526_2820_000_2840_000_with_camera_labels-110.png 1664 1144 12
big_dataset_depth/000000000211-segment-10096619443888687526_2820_000_2840_000_with_camera_labels-110.png 1672 1192 12
big_dataset_depth/000000000211-segment-10096619443888687526_2820_000_2840_000_with_camera_labels-110.png 1680 1168 12
big_dataset_depth/000000000211-segment-10096619443888687526_2820_000_2840_000_with_camera_labels-110.png 1688 1264 11
big_dataset_depth/000000000211-segment-10096619443888687526_2820_000_2840_000_with_camera_labels-110.png 1696 1264 11
big_dataset_depth/000000000211-segment-10096619443888687526_2820_000_2840_000_with_camera_labels-110.png 1704 1264 11
big_dataset_depth/000000000211-segment-10096619443888687526_2820_000_2840_000_with_camera_labels-110.png 1712 1264 11
big_dataset_depth/000000000211-segment-10096619443888687526_2820_000_2840_000_with_camera_labels-110.png 1720 1264 11
big_dataset_depth/000000000211-segment-10096619443888687526_2820_000_2840_000_with_camera_labels-110.png 1728 1168 12
big_dataset_depth/000000000211-segment-10096619443888687526_2820_000_2840_000_with_camera_labels-110.png 1736 1256 11
big_dataset_depth/000000000211-segment-10096619443888687526_2820_000_2840_000_with_camera_labels-110.png 1752 1264 11
big_dataset_depth/000000000211-segment-10096619443888687526_2820_000_2840_000_with_camera_labels-110.png 1760 1272 11
big_dataset_depth/000000000211-segment-10096619443888687526_2820_000_2840_000_with_camera_labels-110.png 1768 1272 11
big_dataset_depth/000000000211-segment-10096619443888687526_2820_000_2840_000_with_camera_labels-110.png 1776 1272 11
big_dataset_depth/000000000211-segment-10096619443888687526_2820_000_2840_000_with_camera_labels-110.png 1784 1240 11
big_dataset_depth/000000000211-segment-10096619443888687526_2820_000_2840_000_with_camera_labels-110.png 1792 1272 11
big_dataset_depth/000000000211-segment-10096619443888687526_2820_000_2840_000_with_camera_labels-110.png 1800 1272 11
big_dataset_depth/000000000211-segment-10096619443888687526_2820_000_2840_000_with_camera_labels-110.png 1808 1232 11
big_dataset_depth/000000000211-segment-10096619443888687526_2820_000_2840_000_with_camera_labels-110.png 1816 1096 16
big_dataset_depth/000000000211-segment-10096619443888687526_2820_000_2840_000_with_camera_labels-110.png 1824 648 30
big_dataset_depth/000000000211-segment-10096619443888687526_2820_000_2840_000_with_camera_labels-110.png 1832 1064 17
big_dataset_depth/000000000211-segment-10096619443888687526_2820_000_2840_000_with_camera_labels-110.png 1840 864 24
big_dataset_depth/000000000211-segment-10096619443888687526_2820_000_2840_000_with_camera_labels-110.png 1848 1272 11
big_dataset_depth/000000000211-segment-10096619443888687526_2820_000_2840_000_with_camera_labels-110.png 1856 1056 17
big_dataset_depth/000000000211-segment-10096619443888687526_2820_000_2840_000_with_camera_labels-110.png 1864 864 26
big_dataset_depth/000000000211-segment-10096619443888687526_2820_000_2840_000_with_camera_labels-110.png 1872 880 24
big_dataset_depth/000000000211-segment-10096619443888687526_2820_000_2840_000_with_camera_labels-110.png 1880 824 27
big_dataset_depth/000000000211-segment-10096619443888687526_2820_000_2840_000_with_camera_labels-110.png 1888 952 21
big_dataset_depth/000000000211-segment-10096619443888687526_2820_000_2840_000_with_camera_labels-110.png 1896 1024 26
big_dataset_depth/000000000211-segment-10096619443888687526_2820_000_2840_000_with_camera_labels-110.png 1904 1280 11
big_dataset_depth/000000000211-segment-10096619443888687526_2820_000_2840_000_with_camera_labels-110.png 1912 1000 12
