big_dataset_depth/000000000613-segment-10526338824408452410_5714_660_5734_660_with_camera_labels-130.png 0 744 53
big_dataset_depth/000000000613-segment-10526338824408452410_5714_660_5734_660_with_camera_labels-130.png 8 792 48
big_dataset_depth/000000000613-segment-10526338824408452410_5714_660_5734_660_with_camera_labels-130.png 16 816 43
big_dataset_depth/000000000613-segment-10526338824408452410_5714_660_5734_660_with_camera_labels-130.png 24 816 43
big_dataset_depth/000000000613-segment-10526338824408452410_5714_660_5734_660_with_camera_labels-130.png 32 816 43
big_dataset_depth/000000000613-segment-10526338824408452410_5714_660_5734_660_with_camera_labels-130.png 40 824 43
big_dataset_depth/000000000613-segment-10526338824408452410_5714_660_5734_660_with_camera_labels-130.png 48 816 43
big_dataset_depth/000000000613-segment-10526338824408452410_5714_660_5734_660_with_camera_labels-130.png 56 816 43
big_dataset_depth/000000000613-segment-10526338824408452410_5714_660_5734_660_with_camera_labels-130.png 64 824 43
big_dataset_depth/000000000613-segment-10526338824408452410_5714_660_5734_660_with_camera_labels-130.png 72 832 42
big_dataset_depth/000000000613-segment-10526338824408452410_5714_660_5734_660_with_camera_labels-130.png 80 816 43
big_dataset_depth/000000000613-segment-10526338824408452410_5714_660_5734_660_with_camera_labels-130.png 88 816 44
big_dataset_depth/000000000613-segment-10526338824408452410_5714_660_5734_660_with_camera_labels-130.png 96 816 44
big_dataset_depth/000000000613-segment-10526338824408452410_5714_660_5734_660_with_camera_labels-130.png 104 816 44
big_dataset_depth/000000000613-segment-10526338824408452410_5714_660_5734_660_with_camera_labels-130.png 112 808 45
big_dataset_depth/000000000613-segment-10526338824408452410_5714_660_5734_660_with_camera_labels-130.png 120 816 44
big_dataset_depth/000000000613-segment-10526338824408452410_5714_660_5734_660_with_camera_labels-130.png 128 784 46
big_dataset_depth/000000000613-segment-10526338824408452410_5714_660_5734_660_with_camera_labels-130.png 136 800 46
big_dataset_depth/000000000613-segment-10526338824408452410_5714_660_5734_660_with_camera_labels-130.png 144 792 47
big_dataset_depth/000000000613-segment-10526338824408452410_5714_660_5734_660_with_camera_labels-130.png 152 808 44
big_dataset_depth/000000000613-segment-10526338824408452410_5714_660_5734_660_with_camera_labels-130.png 160 808 47
big_dataset_depth/000000000613-segment-10526338824408452410_5714_660_5734_660_with_camera_labels-130.png 168 808 47
big_dataset_depth/000000000613-segment-10526338824408452410_5714_660_5734_660_with_camera_labels-130.png 176 792 46
big_dataset_depth/000000000613-segment-10526338824408452410_5714_660_5734_660_with_camera_labels-130.png 184 808 45
big_dataset_depth/000000000613-segment-10526338824408452410_5714_660_5734_660_with_camera_labels-130.png 192 808 45
big_dataset_depth/000000000613-segment-10526338824408452410_5714_660_5734_660_with_camera_labels-130.png 200 808 45
big_dataset_depth/000000000613-segment-10526338824408452410_5714_660_5734_660_with_camera_labels-130.png 208 800 45
big_dataset_depth/000000000613-segment-10526338824408452410_5714_660_5734_660_with_camera_labels-130.png 216 784 46
big_dataset_depth/000000000613-segment-10526338824408452410_5714_660_5734_660_with_camera_labels-130.png 224 800 45
big_dataset_depth/000000000613-segment-10526338824408452410_5714_660_5734_660_with_camera_labels-130.png 232 808 46
big_dataset_depth/000000000613-segment-10526338824408452410_5714_660_5734_660_with_camera_labels-130.png 240 792 46
big_dataset_depth/000000000613-segment-10526338824408452410_5714_660_5734_660_with_camera_labels-130.png 248 808 47
big_dataset_depth/000000000613-segment-10526338824408452410_5714_660_5734_660_with_camera_labels-130.png 256 784 46
big_dataset_depth/000000000613-segment-10526338824408452410_5714_660_5734_660_with_camera_labels-130.png 264 792 46
big_dataset_depth/000000000613-segment-10526338824408452410_5714_660_5734_660_with_camera_labels-130.png 272 800 46
big_dataset_depth/000000000613-segment-10526338824408452410_5714_660_5734_660_with_camera_labels-130.png 280 808 46
big_dataset_depth/000000000613-segment-10526338824408452410_5714_660_5734_660_with_camera_labels-130.png 288 808 47
big_dataset_depth/000000000613-segment-10526338824408452410_5714_660_5734_660_with_camera_labels-130.png 296 792 47
big_dataset_depth/000000000613-segment-10526338824408452410_5714_660_5734_660_with_camera_labels-130.png 304 792 47
big_dataset_depth/000000000613-segment-10526338824408452410_5714_660_5734_660_with_camera_labels-130.png 312 768 47
big_dataset_depth/000000000613-segment-10526338824408452410_5714_660_5734_660_with_camera_labels-130.png 328 760 65
big_dataset_depth/000000000613-segment-10526338824408452410_5714_660_5734_660_with_camera_labels-130.png 336 760 65
big_dataset_depth/000000000613-segment-10526338824408452410_5714_660_5734_660_with_camera_labels-130.png 344 760 65
big_dataset_depth/000000000613-segment-10526338824408452410_5714_660_5734_660_with_camera_labels-130.png 352 760 65
big_dataset_depth/000000000613-segment-10526338824408452410_5714_660_5734_660_with_camera_labels-130.png 360 760 65
big_dataset_depth/000000000613-segment-10526338824408452410_5714_660_5734_660_with_camera_labels-130.png 368 752 65
big_dataset_depth/000000000613-segment-10526338824408452410_5714_660_5734_660_with_camera_labels-130.png 376 760 65
big_dataset_depth/000000000613-segment-10526338824408452410_5714_660_5734_660_with_camera_labels-130.png 384 760 65
big_dataset_depth/000000000613-segment-10526338824408452410_5714_660_5734_660_with_camera_labels-130.png 392 752 65
big_dataset_depth/000000000613-segment-10526338824408452410_5714_660_5734_660_with_camera_labels-130.png 400 752 65
big_dataset_depth/000000000613-segment-10526338824408452410_5714_660_5734_660_with_camera_labels-130.png 408 752 65
big_dataset_depth/000000000613-segment-10526338824408452410_5714_660_5734_660_with_camera_labels-130.png 416 752 65
big_dataset_depth/000000000613-segment-10526338824408452410_5714_660_5734_660_with_camera_labels-130.png 424 752 65
big_dataset_depth/000000000613-segment-10526338824408452410_5714_660_5734_660_with_camera_labels-130.png 432 760 66
big_dataset_depth/000000000613-segment-10526338824408452410_5714_660_5734_660_with_camera_labels-130.png 440 752 66
big_dataset_depth/000000000613-segment-10526338824408452410_5714_660_5734_660_with_camera_labels-130.png 448 736 66
big_dataset_depth/000000000613-segment-10526338824408452410_5714_660_5734_660_with_camera_labels-130.png 456 736 79
big_dataset_depth/000000000613-segment-10526338824408452410_5714_660_5734_660_with_camera_labels-130.png 464 736 76
big_dataset_depth/000000000613-segment-10526338824408452410_5714_660_5734_660_with_camera_labels-130.png 472 760 67
big_dataset_depth/000000000613-segment-10526338824408452410_5714_660_5734_660_with_camera_labels-130.png 480 752 69
big_dataset_depth/000000000613-segment-10526338824408452410_5714_660_5734_660_with_camera_labels-130.png 488 752 69
big_dataset_depth/000000000613-segment-10526338824408452410_5714_660_5734_660_with_camera_labels-130.png 496 720 78
big_dataset_depth/000000000613-segment-10526338824408452410_5714_660_5734_660_with_camera_labels-130.png 504 720 78
big_dataset_depth/000000000613-segment-10526338824408452410_5714_660_5734_660_with_camera_labels-130.png 512 744 78
big_dataset_depth/000000000613-segment-10526338824408452410_5714_660_5734_660_with_camera_labels-130.png 520 744 78
big_dataset_depth/000000000613-segment-10526338824408452410_5714_660_5734_660_with_camera_labels-130.png 528 744 78
big_dataset_depth/000000000613-segment-10526338824408452410_5714_660_5734_660_with_camera_labels-130.png 536 744 78
big_dataset_depth/000000000613-segment-10526338824408452410_5714_660_5734_660_with_camera_labels-130.png 544 744 78
big_dataset_depth/000000000613-segment-10526338824408452410_5714_660_5734_660_with_camera_labels-130.png 552 720 78
big_dataset_depth/000000000613-segment-10526338824408452410_5714_660_5734_660_with_camera_labels-130.png 560 712 86
big_dataset_depth/000000000613-segment-10526338824408452410_5714_660_5734_660_with_camera_labels-130.png 568 728 79
big_dataset_depth/000000000613-segment-10526338824408452410_5714_660_5734_660_with_camera_labels-130.png 576 688 94
big_dataset_depth/000000000613-segment-10526338824408452410_5714_660_5734_660_with_camera_labels-130.png 584 712 105
big_dataset_depth/000000000613-segment-10526338824408452410_5714_660_5734_660_with_camera_labels-130.png 592 688 102
big_dataset_depth/000000000613-segment-10526338824408452410_5714_660_5734_660_with_camera_labels-130.png 600 712 105
big_dataset_depth/000000000613-segment-10526338824408452410_5714_660_5734_660_with_camera_labels-130.png 608 712 104
big_dataset_depth/000000000613-segment-10526338824408452410_5714_660_5734_660_with_camera_labels-130.png 616 712 104
big_dataset_depth/000000000613-segment-10526338824408452410_5714_660_5734_660_with_camera_labels-130.png 624 712 104
big_dataset_depth/000000000613-segment-10526338824408452410_5714_660_5734_660_with_camera_labels-130.png 632 712 104
big_dataset_depth/000000000613-segment-10526338824408452410_5714_660_5734_660_with_camera_labels-130.png 640 712 104
big_dataset_depth/000000000613-segment-10526338824408452410_5714_660_5734_660_with_camera_labels-130.png 648 704 104
big_dataset_depth/000000000613-segment-10526338824408452410_5714_660_5734_660_with_camera_labels-130.png 656 688 104
big_dataset_depth/000000000613-segment-10526338824408452410_5714_660_5734_660_with_camera_labels-130.png 664 696 105
big_dataset_depth/000000000613-segment-10526338824408452410_5714_660_5734_660_with_camera_labels-130.png 672 712 104
big_dataset_depth/000000000613-segment-10526338824408452410_5714_660_5734_660_with_camera_labels-130.png 680 696 106
big_dataset_depth/000000000613-segment-10526338824408452410_5714_660_5734_660_with_camera_labels-130.png 688 696 106
big_dataset_depth/000000000613-segment-10526338824408452410_5714_660_5734_660_with_camera_labels-130.png 696 704 106
big_dataset_depth/000000000613-segment-10526338824408452410_5714_660_5734_660_with_camera_labels-130.png 704 704 106
big_dataset_depth/000000000613-segment-10526338824408452410_5714_660_5734_660_with_camera_labels-130.png 712 704 106
big_dataset_depth/000000000613-segment-10526338824408452410_5714_660_5734_660_with_camera_labels-130.png 720 704 106
big_dataset_depth/000000000613-segment-10526338824408452410_5714_660_5734_660_with_camera_labels-130.png 728 704 106
big_dataset_depth/000000000613-segment-10526338824408452410_5714_660_5734_660_with_camera_labels-130.png 736 712 107
big_dataset_depth/000000000613-segment-10526338824408452410_5714_660_5734_660_with_camera_labels-130.png 744 696 107
big_dataset_depth/000000000613-segment-10526338824408452410_5714_660_5734_660_with_camera_labels-130.png 1056 720 78
big_dataset_depth/000000000613-segment-10526338824408452410_5714_660_5734_660_with_camera_labels-130.png 1064 744 77
big_dataset_depth/000000000613-segment-10526338824408452410_5714_660_5734_660_with_camera_labels-130.png 1072 736 78
big_dataset_depth/000000000613-segment-10526338824408452410_5714_660_5734_660_with_camera_labels-130.png 1080 736 78
big_dataset_depth/000000000613-segment-10526338824408452410_5714_660_5734_660_with_camera_labels-130.png 1088 720 98
big_dataset_depth/000000000613-segment-10526338824408452410_5714_660_5734_660_with_camera_labels-130.png 1096 712 98
big_dataset_depth/000000000613-segment-10526338824408452410_5714_660_5734_660_with_camera_labels-130.png 1120 728 88
big_dataset_depth/000000000613-segment-10526338824408452410_5714_660_5734_660_with_camera_labels-130.png 1128 728 84
big_dataset_depth/000000000613-segment-10526338824408452410_5714_660_5734_660_with_camera_labels-130.png 1136 632 81
big_dataset_depth/000000000613-segment-10526338824408452410_5714_660_5734_660_with_camera_labels-130.png 1144 640 81
big_dataset_depth/000000000613-segment-10526338824408452410_5714_660_5734_660_with_camera_labels-130.png 1152 720 79
big_dataset_depth/000000000613-segment-10526338824408452410_5714_660_5734_660_with_camera_labels-130.png 1160 656 78
big_dataset_depth/000000000613-segment-10526338824408452410_5714_660_5734_660_with_camera_labels-130.png 1168 720 78
big_dataset_depth/000000000613-segment-10526338824408452410_5714_660_5734_660_with_camera_labels-130.png 1184 664 44
big_dataset_depth/000000000613-segment-10526338824408452410_5714_660_5734_660_with_camera_labels-130.png 1192 688 84
big_dataset_depth/000000000613-segment-10526338824408452410_5714_660_5734_660_with_camera_labels-130.png 1200 680 76
big_dataset_depth/000000000613-segment-10526338824408452410_5714_660_5734_660_with_camera_labels-130.png 1208 720 87
big_dataset_depth/000000000613-segment-10526338824408452410_5714_660_5734_660_with_camera_labels-130.png 1216 696 79
big_dataset_depth/000000000613-segment-10526338824408452410_5714_660_5734_660_with_camera_labels-130.png 1224 704 101
big_dataset_depth/000000000613-segment-10526338824408452410_5714_660_5734_660_with_camera_labels-130.png 1232 704 95
big_dataset_depth/000000000613-segment-10526338824408452410_5714_660_5734_660_with_camera_labels-130.png 1240 696 101
big_dataset_depth/000000000613-segment-10526338824408452410_5714_660_5734_660_with_camera_labels-130.png 1248 712 78
big_dataset_depth/000000000613-segment-10526338824408452410_5714_660_5734_660_with_camera_labels-130.png 1256 712 88
big_dataset_depth/000000000613-segment-10526338824408452410_5714_660_5734_660_with_camera_labels-130.png 1264 720 82
big_dataset_depth/000000000613-segment-10526338824408452410_5714_660_5734_660_with_camera_labels-130.png 1272 720 88
big_dataset_depth/000000000613-segment-10526338824408452410_5714_660_5734_660_with_camera_labels-130.png 1288 792 45
big_dataset_depth/000000000613-segment-10526338824408452410_5714_660_5734_660_with_camera_labels-130.png 1296 792 44
big_dataset_depth/000000000613-segment-10526338824408452410_5714_660_5734_660_with_camera_labels-130.png 1304 792 44
big_dataset_depth/000000000613-segment-10526338824408452410_5714_660_5734_660_with_camera_labels-130.png 1312 792 44
big_dataset_depth/000000000613-segment-10526338824408452410_5714_660_5734_660_with_camera_labels-130.png 1320 792 44
big_dataset_depth/000000000613-segment-10526338824408452410_5714_660_5734_660_with_camera_labels-130.png 1328 792 44
big_dataset_depth/000000000613-segment-10526338824408452410_5714_660_5734_660_with_camera_labels-130.png 1336 792 44
big_dataset_depth/000000000613-segment-10526338824408452410_5714_660_5734_660_with_camera_labels-130.png 1344 792 44
big_dataset_depth/000000000613-segment-10526338824408452410_5714_660_5734_660_with_camera_labels-130.png 1352 776 49
big_dataset_depth/000000000613-segment-10526338824408452410_5714_660_5734_660_with_camera_labels-130.png 1360 792 44
big_dataset_depth/000000000613-segment-10526338824408452410_5714_660_5734_660_with_camera_labels-130.png 1368 792 44
big_dataset_depth/000000000613-segment-10526338824408452410_5714_660_5734_660_with_camera_labels-130.png 1376 728 59
big_dataset_depth/000000000613-segment-10526338824408452410_5714_660_5734_660_with_camera_labels-130.png 1384 752 46
big_dataset_depth/000000000613-segment-10526338824408452410_5714_660_5734_660_with_camera_labels-130.png 1392 776 44
big_dataset_depth/000000000613-segment-10526338824408452410_5714_660_5734_660_with_camera_labels-130.png 1400 744 57
big_dataset_depth/000000000613-segment-10526338824408452410_5714_660_5734_660_with_camera_labels-130.png 1408 744 46
big_dataset_depth/000000000613-segment-10526338824408452410_5714_660_5734_660_with_camera_labels-130.png 1416 768 43
big_dataset_depth/000000000613-segment-10526338824408452410_5714_660_5734_660_with_camera_labels-130.png 1424 776 43
big_dataset_depth/000000000613-segment-10526338824408452410_5714_660_5734_660_with_camera_labels-130.png 1432 784 43
big_dataset_depth/000000000613-segment-10526338824408452410_5714_660_5734_660_with_camera_labels-130.png 1440 792 42
big_dataset_depth/000000000613-segment-10526338824408452410_5714_660_5734_660_with_camera_labels-130.png 1448 792 42
big_dataset_depth/000000000613-segment-10526338824408452410_5714_660_5734_660_with_camera_labels-130.png 1456 776 45
big_dataset_depth/000000000613-segment-10526338824408452410_5714_660_5734_660_with_camera_labels-130.png 1464 792 44
big_dataset_depth/000000000613-segment-10526338824408452410_5714_660_5734_660_with_camera_labels-130.png 1472 784 44
big_dataset_depth/000000000613-segment-10526338824408452410_5714_660_5734_660_with_camera_labels-130.png 1480 776 43
big_dataset_depth/000000000613-segment-10526338824408452410_5714_660_5734_660_with_camera_labels-130.png 1488 784 44
big_dataset_depth/000000000613-segment-10526338824408452410_5714_660_5734_660_with_camera_labels-130.png 1496 792 43
big_dataset_depth/000000000613-segment-10526338824408452410_5714_660_5734_660_with_camera_labels-130.png 1504 784 44
big_dataset_depth/000000000613-segment-10526338824408452410_5714_660_5734_660_with_camera_labels-130.png 1512 768 45
big_dataset_depth/000000000613-segment-10526338824408452410_5714_660_5734_660_with_camera_labels-130.png 1520 784 44
big_dataset_depth/000000000613-segment-10526338824408452410_5714_660_5734_660_with_camera_labels-130.png 1528 768 45
big_dataset_depth/000000000613-segment-10526338824408452410_5714_660_5734_660_with_camera_labels-130.png 1536 808 41
big_dataset_depth/000000000613-segment-10526338824408452410_5714_660_5734_660_with_camera_labels-130.png 1544 800 40
big_dataset_depth/000000000613-segment-10526338824408452410_5714_660_5734_660_with_camera_labels-130.png 1552 808 40
big_dataset_depth/000000000613-segment-10526338824408452410_5714_660_5734_660_with_camera_labels-130.png 1560 808 40
big_dataset_depth/000000000613-segment-10526338824408452410_5714_660_5734_660_with_camera_labels-130.png 1568 848 37
big_dataset_depth/000000000613-segment-10526338824408452410_5714_660_5734_660_with_camera_labels-130.png 1576 848 37
big_dataset_depth/000000000613-segment-10526338824408452410_5714_660_5734_660_with_camera_labels-130.png 1584 824 38
big_dataset_depth/000000000613-segment-10526338824408452410_5714_660_5734_660_with_camera_labels-130.png 1592 848 37
big_dataset_depth/000000000613-segment-10526338824408452410_5714_660_5734_660_with_camera_labels-130.png 1600 824 39
big_dataset_depth/000000000613-segment-10526338824408452410_5714_660_5734_660_with_camera_labels-130.png 1608 848 37
big_dataset_depth/000000000613-segment-10526338824408452410_5714_660_5734_660_with_camera_labels-130.png 1616 824 39
big_dataset_depth/000000000613-segment-10526338824408452410_5714_660_5734_660_with_camera_labels-130.png 1624 848 37
big_dataset_depth/000000000613-segment-10526338824408452410_5714_660_5734_660_with_camera_labels-130.png 1632 848 37
big_dataset_depth/000000000613-segment-10526338824408452410_5714_660_5734_660_with_camera_labels-130.png 1640 848 37
big_dataset_depth/000000000613-segment-10526338824408452410_5714_660_5734_660_with_camera_labels-130.png 1648 848 37
big_dataset_depth/000000000613-segment-10526338824408452410_5714_660_5734_660_with_camera_labels-130.png 1656 800 41
big_dataset_depth/000000000613-segment-10526338824408452410_5714_660_5734_660_with_camera_labels-130.png 1664 792 43
big_dataset_depth/000000000613-segment-10526338824408452410_5714_660_5734_660_with_camera_labels-130.png 1672 776 44
big_dataset_depth/000000000613-segment-10526338824408452410_5714_660_5734_660_with_camera_labels-130.png 1680 792 43
big_dataset_depth/000000000613-segment-10526338824408452410_5714_660_5734_660_with_camera_labels-130.png 1688 792 40
big_dataset_depth/000000000613-segment-10526338824408452410_5714_660_5734_660_with_camera_labels-130.png 1696 784 42
big_dataset_depth/000000000613-segment-10526338824408452410_5714_660_5734_660_with_camera_labels-130.png 1704 776 47
big_dataset_depth/000000000613-segment-10526338824408452410_5714_660_5734_660_with_camera_labels-130.png 1712 792 42
big_dataset_depth/000000000613-segment-10526338824408452410_5714_660_5734_660_with_camera_labels-130.png 1720 792 42
big_dataset_depth/000000000613-segment-10526338824408452410_5714_660_5734_660_with_camera_labels-130.png 1728 792 43
big_dataset_depth/000000000613-segment-10526338824408452410_5714_660_5734_660_with_camera_labels-130.png 1736 800 42
big_dataset_depth/000000000613-segment-10526338824408452410_5714_660_5734_660_with_camera_labels-130.png 1744 800 42
big_dataset_depth/000000000613-segment-10526338824408452410_5714_660_5734_660_with_camera_labels-130.png 1752 800 42
big_dataset_depth/000000000613-segment-10526338824408452410_5714_660_5734_660_with_camera_labels-130.png 1760 800 42
big_dataset_depth/000000000613-segment-10526338824408452410_5714_660_5734_660_with_camera_labels-130.png 1768 800 42
big_dataset_depth/000000000613-segment-10526338824408452410_5714_660_5734_660_with_camera_labels-130.png 1776 792 45
big_dataset_depth/000000000613-segment-10526338824408452410_5714_660_5734_660_with_camera_labels-130.png 1784 800 42
big_dataset_depth/000000000613-segment-10526338824408452410_5714_660_5734_660_with_camera_labels-130.png 1792 776 47
big_dataset_depth/000000000613-segment-10526338824408452410_5714_660_5734_660_with_camera_labels-130.png 1800 792 42
big_dataset_depth/000000000613-segment-10526338824408452410_5714_660_5734_660_with_camera_labels-130.png 1816 840 38
big_dataset_depth/000000000613-segment-10526338824408452410_5714_660_5734_660_with_camera_labels-130.png 1824 840 38
big_dataset_depth/000000000613-segment-10526338824408452410_5714_660_5734_660_with_camera_labels-130.png 1832 840 38
big_dataset_depth/000000000613-segment-10526338824408452410_5714_660_5734_660_with_camera_labels-130.png 1840 840 38
big_dataset_depth/000000000613-segment-10526338824408452410_5714_660_5734_660_with_camera_labels-130.png 1848 840 38
big_dataset_depth/000000000613-segment-10526338824408452410_5714_660_5734_660_with_camera_labels-130.png 1856 840 38
big_dataset_depth/000000000613-segment-10526338824408452410_5714_660_5734_660_with_camera_labels-130.png 1864 816 40
big_dataset_depth/000000000613-segment-10526338824408452410_5714_660_5734_660_with_camera_labels-130.png 1872 816 40
big_dataset_depth/000000000613-segment-10526338824408452410_5714_660_5734_660_with_camera_labels-130.png 1880 792 43
big_dataset_depth/000000000613-segment-10526338824408452410_5714_660_5734_660_with_camera_labels-130.png 1888 792 42
big_dataset_depth/000000000613-segment-10526338824408452410_5714_660_5734_660_with_camera_labels-130.png 1896 792 42
big_dataset_depth/000000000613-segment-10526338824408452410_5714_660_5734_660_with_camera_labels-130.png 1904 776 45
big_dataset_depth/000000000613-segment-10526338824408452410_5714_660_5734_660_with_camera_labels-130.png 1912 776 43
