big_dataset_depth/000000001328-segment-11318901554551149504_520_000_540_000_with_camera_labels-90.png 0 656 46
big_dataset_depth/000000001328-segment-11318901554551149504_520_000_540_000_with_camera_labels-90.png 8 952 28
big_dataset_depth/000000001328-segment-11318901554551149504_520_000_540_000_with_camera_labels-90.png 16 1216 10
big_dataset_depth/000000001328-segment-11318901554551149504_520_000_540_000_with_camera_labels-90.png 24 848 35
big_dataset_depth/000000001328-segment-11318901554551149504_520_000_540_000_with_camera_labels-90.png 32 1216 10
big_dataset_depth/000000001328-segment-11318901554551149504_520_000_540_000_with_camera_labels-90.png 40 1208 10
big_dataset_depth/000000001328-segment-11318901554551149504_520_000_540_000_with_camera_labels-90.png 48 656 47
big_dataset_depth/000000001328-segment-11318901554551149504_520_000_540_000_with_camera_labels-90.png 56 1208 10
big_dataset_depth/000000001328-segment-11318901554551149504_520_000_540_000_with_camera_labels-90.png 64 960 29
big_dataset_depth/000000001328-segment-11318901554551149504_520_000_540_000_with_camera_labels-90.png 72 1256 10
big_dataset_depth/000000001328-segment-11318901554551149504_520_000_540_000_with_camera_labels-90.png 80 1256 10
big_dataset_depth/000000001328-segment-11318901554551149504_520_000_540_000_with_camera_labels-90.png 88 1048 23
big_dataset_depth/000000001328-segment-11318901554551149504_520_000_540_000_with_camera_labels-90.png 96 1048 23
big_dataset_depth/000000001328-segment-11318901554551149504_520_000_540_000_with_camera_labels-90.png 104 1048 23
big_dataset_depth/000000001328-segment-11318901554551149504_520_000_540_000_with_camera_labels-90.png 112 1256 10
big_dataset_depth/000000001328-segment-11318901554551149504_520_000_540_000_with_camera_labels-90.png 120 968 29
big_dataset_depth/000000001328-segment-11318901554551149504_520_000_540_000_with_camera_labels-90.png 128 1256 10
big_dataset_depth/000000001328-segment-11318901554551149504_520_000_540_000_with_camera_labels-90.png 136 848 36
big_dataset_depth/000000001328-segment-11318901554551149504_520_000_540_000_with_camera_labels-90.png 144 1256 10
big_dataset_depth/000000001328-segment-11318901554551149504_520_000_540_000_with_camera_labels-90.png 152 1232 10
big_dataset_depth/000000001328-segment-11318901554551149504_520_000_540_000_with_camera_labels-90.png 160 944 30
big_dataset_depth/000000001328-segment-11318901554551149504_520_000_540_000_with_camera_labels-90.png 168 1224 10
big_dataset_depth/000000001328-segment-11318901554551149504_520_000_540_000_with_camera_labels-90.png 176 936 30
big_dataset_depth/000000001328-segment-11318901554551149504_520_000_540_000_with_camera_labels-90.png 184 1184 10
big_dataset_depth/000000001328-segment-11318901554551149504_520_000_540_000_with_camera_labels-90.png 192 1184 11
big_dataset_depth/000000001328-segment-11318901554551149504_520_000_540_000_with_camera_labels-90.png 200 1184 11
big_dataset_depth/000000001328-segment-11318901554551149504_520_000_540_000_with_camera_labels-90.png 208 920 30
big_dataset_depth/000000001328-segment-11318901554551149504_520_000_540_000_with_camera_labels-90.png 216 1176 11
big_dataset_depth/000000001328-segment-11318901554551149504_520_000_540_000_with_camera_labels-90.png 224 1176 11
big_dataset_depth/000000001328-segment-11318901554551149504_520_000_540_000_with_camera_labels-90.png 240 992 12
big_dataset_depth/000000001328-segment-11318901554551149504_520_000_540_000_with_camera_labels-90.png 256 1072 12
big_dataset_depth/000000001328-segment-11318901554551149504_520_000_540_000_with_camera_labels-90.png 264 1072 12
big_dataset_depth/000000001328-segment-11318901554551149504_520_000_540_000_with_camera_labels-90.png 288 1176 14
big_dataset_depth/000000001328-segment-11318901554551149504_520_000_540_000_with_camera_labels-90.png 296 1192 14
big_dataset_depth/000000001328-segment-11318901554551149504_520_000_540_000_with_camera_labels-90.png 304 1176 14
big_dataset_depth/000000001328-segment-11318901554551149504_520_000_540_000_with_camera_labels-90.png 312 1200 14
big_dataset_depth/000000001328-segment-11318901554551149504_520_000_540_000_with_camera_labels-90.png 320 1176 14
big_dataset_depth/000000001328-segment-11318901554551149504_520_000_540_000_with_camera_labels-90.png 328 1192 14
big_dataset_depth/000000001328-segment-11318901554551149504_520_000_540_000_with_camera_labels-90.png 336 1192 14
big_dataset_depth/000000001328-segment-11318901554551149504_520_000_540_000_with_camera_labels-90.png 344 1192 14
big_dataset_depth/000000001328-segment-11318901554551149504_520_000_540_000_with_camera_labels-90.png 352 1176 14
big_dataset_depth/000000001328-segment-11318901554551149504_520_000_540_000_with_camera_labels-90.png 360 1176 14
big_dataset_depth/000000001328-segment-11318901554551149504_520_000_540_000_with_camera_labels-90.png 368 1176 14
big_dataset_depth/000000001328-segment-11318901554551149504_520_000_540_000_with_camera_labels-90.png 376 1032 14
big_dataset_depth/000000001328-segment-11318901554551149504_520_000_540_000_with_camera_labels-90.png 384 968 15
big_dataset_depth/000000001328-segment-11318901554551149504_520_000_540_000_with_camera_labels-90.png 488 664 100
big_dataset_depth/000000001328-segment-11318901554551149504_520_000_540_000_with_camera_labels-90.png 496 664 99
big_dataset_depth/000000001328-segment-11318901554551149504_520_000_540_000_with_camera_labels-90.png 504 664 99
big_dataset_depth/000000001328-segment-11318901554551149504_520_000_540_000_with_camera_labels-90.png 512 672 94
big_dataset_depth/000000001328-segment-11318901554551149504_520_000_540_000_with_camera_labels-90.png 520 664 99
big_dataset_depth/000000001328-segment-11318901554551149504_520_000_540_000_with_camera_labels-90.png 528 672 90
big_dataset_depth/000000001328-segment-11318901554551149504_520_000_540_000_with_camera_labels-90.png 536 664 100
big_dataset_depth/000000001328-segment-11318901554551149504_520_000_540_000_with_camera_labels-90.png 544 656 94
big_dataset_depth/000000001328-segment-11318901554551149504_520_000_540_000_with_camera_labels-90.png 552 664 96
big_dataset_depth/000000001328-segment-11318901554551149504_520_000_540_000_with_camera_labels-90.png 560 576 98
big_dataset_depth/000000001328-segment-11318901554551149504_520_000_540_000_with_camera_labels-90.png 616 1256 12
big_dataset_depth/000000001328-segment-11318901554551149504_520_000_540_000_with_camera_labels-90.png 624 1272 12
big_dataset_depth/000000001328-segment-11318901554551149504_520_000_540_000_with_camera_labels-90.png 632 1272 12
big_dataset_depth/000000001328-segment-11318901554551149504_520_000_540_000_with_camera_labels-90.png 640 1264 12
big_dataset_depth/000000001328-segment-11318901554551149504_520_000_540_000_with_camera_labels-90.png 648 1272 12
big_dataset_depth/000000001328-segment-11318901554551149504_520_000_540_000_with_camera_labels-90.png 656 1272 12
big_dataset_depth/000000001328-segment-11318901554551149504_520_000_540_000_with_camera_labels-90.png 664 1256 11
big_dataset_depth/000000001328-segment-11318901554551149504_520_000_540_000_with_camera_labels-90.png 672 1272 12
big_dataset_depth/000000001328-segment-11318901554551149504_520_000_540_000_with_camera_labels-90.png 680 1272 12
big_dataset_depth/000000001328-segment-11318901554551149504_520_000_540_000_with_camera_labels-90.png 688 1272 12
big_dataset_depth/000000001328-segment-11318901554551149504_520_000_540_000_with_camera_labels-90.png 696 1272 12
big_dataset_depth/000000001328-segment-11318901554551149504_520_000_540_000_with_camera_labels-90.png 704 1240 11
big_dataset_depth/000000001328-segment-11318901554551149504_520_000_540_000_with_camera_labels-90.png 712 1272 12
big_dataset_depth/000000001328-segment-11318901554551149504_520_000_540_000_with_camera_labels-90.png 720 1240 11
big_dataset_depth/000000001328-segment-11318901554551149504_520_000_540_000_with_camera_labels-90.png 728 1216 11
big_dataset_depth/000000001328-segment-11318901554551149504_520_000_540_000_with_camera_labels-90.png 736 1240 11
big_dataset_depth/000000001328-segment-11318901554551149504_520_000_540_000_with_camera_labels-90.png 744 1240 11
big_dataset_depth/000000001328-segment-11318901554551149504_520_000_540_000_with_camera_labels-90.png 752 1240 11
big_dataset_depth/000000001328-segment-11318901554551149504_520_000_540_000_with_camera_labels-90.png 760 1232 11
big_dataset_depth/000000001328-segment-11318901554551149504_520_000_540_000_with_camera_labels-90.png 768 1240 11
big_dataset_depth/000000001328-segment-11318901554551149504_520_000_540_000_with_camera_labels-90.png 776 1240 11
big_dataset_depth/000000001328-segment-11318901554551149504_520_000_540_000_with_camera_labels-90.png 784 1240 11
big_dataset_depth/000000001328-segment-11318901554551149504_520_000_540_000_with_camera_labels-90.png 792 1240 11
big_dataset_depth/000000001328-segment-11318901554551149504_520_000_540_000_with_camera_labels-90.png 800 1240 11
big_dataset_depth/000000001328-segment-11318901554551149504_520_000_540_000_with_camera_labels-90.png 808 1232 11
big_dataset_depth/000000001328-segment-11318901554551149504_520_000_540_000_with_camera_labels-90.png 816 1240 11
big_dataset_depth/000000001328-segment-11318901554551149504_520_000_540_000_with_camera_labels-90.png 824 1240 11
big_dataset_depth/000000001328-segment-11318901554551149504_520_000_540_000_with_camera_labels-90.png 832 1240 11
big_dataset_depth/000000001328-segment-11318901554551149504_520_000_540_000_with_camera_labels-90.png 840 1240 11
big_dataset_depth/000000001328-segment-11318901554551149504_520_000_540_000_with_camera_labels-90.png 848 1240 11
big_dataset_depth/000000001328-segment-11318901554551149504_520_000_540_000_with_camera_labels-90.png 856 1256 12
big_dataset_depth/000000001328-segment-11318901554551149504_520_000_540_000_with_camera_labels-90.png 864 1240 11
big_dataset_depth/000000001328-segment-11318901554551149504_520_000_540_000_with_camera_labels-90.png 872 1240 11
big_dataset_depth/000000001328-segment-11318901554551149504_520_000_540_000_with_camera_labels-90.png 880 1240 11
big_dataset_depth/000000001328-segment-11318901554551149504_520_000_540_000_with_camera_labels-90.png 888 1240 11
big_dataset_depth/000000001328-segment-11318901554551149504_520_000_540_000_with_camera_labels-90.png 896 1240 11
big_dataset_depth/000000001328-segment-11318901554551149504_520_000_540_000_with_camera_labels-90.png 904 1240 11
big_dataset_depth/000000001328-segment-11318901554551149504_520_000_540_000_with_camera_labels-90.png 912 1256 12
big_dataset_depth/000000001328-segment-11318901554551149504_520_000_540_000_with_camera_labels-90.png 920 1240 11
big_dataset_depth/000000001328-segment-11318901554551149504_520_000_540_000_with_camera_labels-90.png 928 1240 11
big_dataset_depth/000000001328-segment-11318901554551149504_520_000_540_000_with_camera_labels-90.png 936 1240 11
big_dataset_depth/000000001328-segment-11318901554551149504_520_000_540_000_with_camera_labels-90.png 944 1240 11
big_dataset_depth/000000001328-segment-11318901554551149504_520_000_540_000_with_camera_labels-90.png 952 1240 11
big_dataset_depth/000000001328-segment-11318901554551149504_520_000_540_000_with_camera_labels-90.png 960 1232 11
big_dataset_depth/000000001328-segment-11318901554551149504_520_000_540_000_with_camera_labels-90.png 968 1240 11
big_dataset_depth/000000001328-segment-11318901554551149504_520_000_540_000_with_camera_labels-90.png 976 1240 11
big_dataset_depth/000000001328-segment-11318901554551149504_520_000_540_000_with_camera_labels-90.png 984 1240 11
big_dataset_depth/000000001328-segment-11318901554551149504_520_000_540_000_with_camera_labels-90.png 992 1240 11
big_dataset_depth/000000001328-segment-11318901554551149504_520_000_540_000_with_camera_labels-90.png 1000 1240 11
big_dataset_depth/000000001328-segment-11318901554551149504_520_000_540_000_with_camera_labels-90.png 1008 1232 11
big_dataset_depth/000000001328-segment-11318901554551149504_520_000_540_000_with_camera_labels-90.png 1016 1264 12
big_dataset_depth/000000001328-segment-11318901554551149504_520_000_540_000_with_camera_labels-90.png 1024 1240 12
big_dataset_depth/000000001328-segment-11318901554551149504_520_000_540_000_with_camera_labels-90.png 1032 1240 12
big_dataset_depth/000000001328-segment-11318901554551149504_520_000_540_000_with_camera_labels-90.png 1040 1216 11
big_dataset_depth/000000001328-segment-11318901554551149504_520_000_540_000_with_camera_labels-90.png 1048 1216 11
big_dataset_depth/000000001328-segment-11318901554551149504_520_000_540_000_with_camera_labels-90.png 1056 1216 11
big_dataset_depth/000000001328-segment-11318901554551149504_520_000_540_000_with_camera_labels-90.png 1064 1200 11
big_dataset_depth/000000001328-segment-11318901554551149504_520_000_540_000_with_camera_labels-90.png 1072 1216 11
big_dataset_depth/000000001328-segment-11318901554551149504_520_000_540_000_with_camera_labels-90.png 1080 1216 11
big_dataset_depth/000000001328-segment-11318901554551149504_520_000_540_000_with_camera_labels-90.png 1088 1248 12
big_dataset_depth/000000001328-segment-11318901554551149504_520_000_540_000_with_camera_labels-90.png 1096 1264 12
big_dataset_depth/000000001328-segment-11318901554551149504_520_000_540_000_with_camera_labels-90.png 1104 1264 12
big_dataset_depth/000000001328-segment-11318901554551149504_520_000_540_000_with_camera_labels-90.png 1112 1264 12
big_dataset_depth/000000001328-segment-11318901554551149504_520_000_540_000_with_camera_labels-90.png 1120 1264 12
big_dataset_depth/000000001328-segment-11318901554551149504_520_000_540_000_with_camera_labels-90.png 1128 1264 12
big_dataset_depth/000000001328-segment-11318901554551149504_520_000_540_000_with_camera_labels-90.png 1136 1264 12
big_dataset_depth/000000001328-segment-11318901554551149504_520_000_540_000_with_camera_labels-90.png 1144 1024 30
big_dataset_depth/000000001328-segment-11318901554551149504_520_000_540_000_with_camera_labels-90.png 1152 976 35
big_dataset_depth/000000001328-segment-11318901554551149504_520_000_540_000_with_camera_labels-90.png 1160 1232 12
big_dataset_depth/000000001328-segment-11318901554551149504_520_000_540_000_with_camera_labels-90.png 1168 960 51
big_dataset_depth/000000001328-segment-11318901554551149504_520_000_540_000_with_camera_labels-90.png 1176 672 89
big_dataset_depth/000000001328-segment-11318901554551149504_520_000_540_000_with_camera_labels-90.png 1184 672 89
big_dataset_depth/000000001328-segment-11318901554551149504_520_000_540_000_with_camera_labels-90.png 1192 672 89
big_dataset_depth/000000001328-segment-11318901554551149504_520_000_540_000_with_camera_labels-90.png 1200 672 89
big_dataset_depth/000000001328-segment-11318901554551149504_520_000_540_000_with_camera_labels-90.png 1208 672 89
big_dataset_depth/000000001328-segment-11318901554551149504_520_000_540_000_with_camera_labels-90.png 1216 672 86
big_dataset_depth/000000001328-segment-11318901554551149504_520_000_540_000_with_camera_labels-90.png 1224 672 89
big_dataset_depth/000000001328-segment-11318901554551149504_520_000_540_000_with_camera_labels-90.png 1232 672 89
big_dataset_depth/000000001328-segment-11318901554551149504_520_000_540_000_with_camera_labels-90.png 1240 672 90
big_dataset_depth/000000001328-segment-11318901554551149504_520_000_540_000_with_camera_labels-90.png 1248 672 90
big_dataset_depth/000000001328-segment-11318901554551149504_520_000_540_000_with_camera_labels-90.png 1256 672 90
big_dataset_depth/000000001328-segment-11318901554551149504_520_000_540_000_with_camera_labels-90.png 1264 672 90
big_dataset_depth/000000001328-segment-11318901554551149504_520_000_540_000_with_camera_labels-90.png 1288 648 91
big_dataset_depth/000000001328-segment-11318901554551149504_520_000_540_000_with_camera_labels-90.png 1296 672 92
big_dataset_depth/000000001328-segment-11318901554551149504_520_000_540_000_with_camera_labels-90.png 1304 672 92
big_dataset_depth/000000001328-segment-11318901554551149504_520_000_540_000_with_camera_labels-90.png 1312 656 92
big_dataset_depth/000000001328-segment-11318901554551149504_520_000_540_000_with_camera_labels-90.png 1320 664 91
big_dataset_depth/000000001328-segment-11318901554551149504_520_000_540_000_with_camera_labels-90.png 1400 744 24
big_dataset_depth/000000001328-segment-11318901554551149504_520_000_540_000_with_camera_labels-90.png 1408 704 60
big_dataset_depth/000000001328-segment-11318901554551149504_520_000_540_000_with_camera_labels-90.png 1416 744 24
big_dataset_depth/000000001328-segment-11318901554551149504_520_000_540_000_with_camera_labels-90.png 1432 736 24
big_dataset_depth/000000001328-segment-11318901554551149504_520_000_540_000_with_camera_labels-90.png 1440 888 23
big_dataset_depth/000000001328-segment-11318901554551149504_520_000_540_000_with_camera_labels-90.png 1448 888 23
big_dataset_depth/000000001328-segment-11318901554551149504_520_000_540_000_with_camera_labels-90.png 1456 896 24
big_dataset_depth/000000001328-segment-11318901554551149504_520_000_540_000_with_camera_labels-90.png 1464 832 24
big_dataset_depth/000000001328-segment-11318901554551149504_520_000_540_000_with_camera_labels-90.png 1472 832 24
big_dataset_depth/000000001328-segment-11318901554551149504_520_000_540_000_with_camera_labels-90.png 1480 840 24
big_dataset_depth/000000001328-segment-11318901554551149504_520_000_540_000_with_camera_labels-90.png 1488 824 24
big_dataset_depth/000000001328-segment-11318901554551149504_520_000_540_000_with_camera_labels-90.png 1496 864 24
big_dataset_depth/000000001328-segment-11318901554551149504_520_000_540_000_with_camera_labels-90.png 1504 872 24
big_dataset_depth/000000001328-segment-11318901554551149504_520_000_540_000_with_camera_labels-90.png 1512 880 25
big_dataset_depth/000000001328-segment-11318901554551149504_520_000_540_000_with_camera_labels-90.png 1520 680 60
big_dataset_depth/000000001328-segment-11318901554551149504_520_000_540_000_with_camera_labels-90.png 1528 896 24
big_dataset_depth/000000001328-segment-11318901554551149504_520_000_540_000_with_camera_labels-90.png 1536 896 24
big_dataset_depth/000000001328-segment-11318901554551149504_520_000_540_000_with_camera_labels-90.png 1544 888 24
big_dataset_depth/000000001328-segment-11318901554551149504_520_000_540_000_with_camera_labels-90.png 1552 880 25
big_dataset_depth/000000001328-segment-11318901554551149504_520_000_540_000_with_camera_labels-90.png 1560 880 25
big_dataset_depth/000000001328-segment-11318901554551149504_520_000_540_000_with_camera_labels-90.png 1568 880 25
big_dataset_depth/000000001328-segment-11318901554551149504_520_000_540_000_with_camera_labels-90.png 1576 880 25
big_dataset_depth/000000001328-segment-11318901554551149504_520_000_540_000_with_camera_labels-90.png 1584 880 25
big_dataset_depth/000000001328-segment-11318901554551149504_520_000_540_000_with_camera_labels-90.png 1592 880 25
big_dataset_depth/000000001328-segment-11318901554551149504_520_000_540_000_with_camera_labels-90.png 1600 880 25
big_dataset_depth/000000001328-segment-11318901554551149504_520_000_540_000_with_camera_labels-90.png 1608 928 22
big_dataset_depth/000000001328-segment-11318901554551149504_520_000_540_000_with_camera_labels-90.png 1616 928 22
big_dataset_depth/000000001328-segment-11318901554551149504_520_000_540_000_with_camera_labels-90.png 1624 928 22
big_dataset_depth/000000001328-segment-11318901554551149504_520_000_540_000_with_camera_labels-90.png 1632 904 23
big_dataset_depth/000000001328-segment-11318901554551149504_520_000_540_000_with_camera_labels-90.png 1640 936 22
big_dataset_depth/000000001328-segment-11318901554551149504_520_000_540_000_with_camera_labels-90.png 1648 944 21
big_dataset_depth/000000001328-segment-11318901554551149504_520_000_540_000_with_camera_labels-90.png 1656 944 21
big_dataset_depth/000000001328-segment-11318901554551149504_520_000_540_000_with_camera_labels-90.png 1664 944 21
big_dataset_depth/000000001328-segment-11318901554551149504_520_000_540_000_with_camera_labels-90.png 1672 960 21
big_dataset_depth/000000001328-segment-11318901554551149504_520_000_540_000_with_camera_labels-90.png 1680 960 21
big_dataset_depth/000000001328-segment-11318901554551149504_520_000_540_000_with_camera_labels-90.png 1696 960 21
big_dataset_depth/000000001328-segment-11318901554551149504_520_000_540_000_with_camera_labels-90.png 1704 960 20
big_dataset_depth/000000001328-segment-11318901554551149504_520_000_540_000_with_camera_labels-90.png 1712 984 20
big_dataset_depth/000000001328-segment-11318901554551149504_520_000_540_000_with_camera_labels-90.png 1720 984 20
big_dataset_depth/000000001328-segment-11318901554551149504_520_000_540_000_with_camera_labels-90.png 1728 984 20
big_dataset_depth/000000001328-segment-11318901554551149504_520_000_540_000_with_camera_labels-90.png 1736 984 20
big_dataset_depth/000000001328-segment-11318901554551149504_520_000_540_000_with_camera_labels-90.png 1744 992 20
big_dataset_depth/000000001328-segment-11318901554551149504_520_000_540_000_with_camera_labels-90.png 1752 1000 19
big_dataset_depth/000000001328-segment-11318901554551149504_520_000_540_000_with_camera_labels-90.png 1760 1000 19
big_dataset_depth/000000001328-segment-11318901554551149504_520_000_540_000_with_camera_labels-90.png 1768 1000 19
big_dataset_depth/000000001328-segment-11318901554551149504_520_000_540_000_with_camera_labels-90.png 1776 1000 19
big_dataset_depth/000000001328-segment-11318901554551149504_520_000_540_000_with_camera_labels-90.png 1784 1000 19
big_dataset_depth/000000001328-segment-11318901554551149504_520_000_540_000_with_camera_labels-90.png 1792 1000 19
big_dataset_depth/000000001328-segment-11318901554551149504_520_000_540_000_with_camera_labels-90.png 1800 1000 19
big_dataset_depth/000000001328-segment-11318901554551149504_520_000_540_000_with_camera_labels-90.png 1808 1000 19
big_dataset_depth/000000001328-segment-11318901554551149504_520_000_540_000_with_camera_labels-90.png 1816 1024 18
big_dataset_depth/000000001328-segment-11318901554551149504_520_000_540_000_with_camera_labels-90.png 1824 1024 18
big_dataset_depth/000000001328-segment-11318901554551149504_520_000_540_000_with_camera_labels-90.png 1840 840 58
big_dataset_depth/000000001328-segment-11318901554551149504_520_000_540_000_with_camera_labels-90.png 1848 896 41
big_dataset_depth/000000001328-segment-11318901554551149504_520_000_540_000_with_camera_labels-90.png 1856 1040 18
big_dataset_depth/000000001328-segment-11318901554551149504_520_000_540_000_with_camera_labels-90.png 1864 912 46
big_dataset_depth/000000001328-segment-11318901554551149504_520_000_540_000_with_camera_labels-90.png 1872 1048 18
big_dataset_depth/000000001328-segment-11318901554551149504_520_000_540_000_with_camera_labels-90.png 1880 856 41
big_dataset_depth/000000001328-segment-11318901554551149504_520_000_540_000_with_camera_labels-90.png 1888 1048 18
big_dataset_depth/000000001328-segment-11318901554551149504_520_000_540_000_with_camera_labels-90.png 1904 1048 17
big_dataset_depth/000000001328-segment-11318901554551149504_520_000_540_000_with_camera_labels-90.png 1912 1032 18
