big_dataset_depth/000000000532-segment-10485926982439064520_4980_000_5000_000_with_camera_labels-120.png 0 848 62
big_dataset_depth/000000000532-segment-10485926982439064520_4980_000_5000_000_with_camera_labels-120.png 8 1192 14
big_dataset_depth/000000000532-segment-10485926982439064520_4980_000_5000_000_with_camera_labels-120.png 16 864 49
big_dataset_depth/000000000532-segment-10485926982439064520_4980_000_5000_000_with_camera_labels-120.png 24 1200 14
big_dataset_depth/000000000532-segment-10485926982439064520_4980_000_5000_000_with_camera_labels-120.png 32 904 45
big_dataset_depth/000000000532-segment-10485926982439064520_4980_000_5000_000_with_camera_labels-120.png 40 1040 15
big_dataset_depth/000000000532-segment-10485926982439064520_4980_000_5000_000_with_camera_labels-120.png 48 856 48
big_dataset_depth/000000000532-segment-10485926982439064520_4980_000_5000_000_with_camera_labels-120.png 56 1088 30
big_dataset_depth/000000000532-segment-10485926982439064520_4980_000_5000_000_with_camera_labels-120.png 64 944 39
big_dataset_depth/000000000532-segment-10485926982439064520_4980_000_5000_000_with_camera_labels-120.png 72 928 42
big_dataset_depth/000000000532-segment-10485926982439064520_4980_000_5000_000_with_camera_labels-120.png 80 1016 26
big_dataset_depth/000000000532-segment-10485926982439064520_4980_000_5000_000_with_camera_labels-120.png 88 1000 29
big_dataset_depth/000000000532-segment-10485926982439064520_4980_000_5000_000_with_camera_labels-120.png 96 1096 19
big_dataset_depth/000000000532-segment-10485926982439064520_4980_000_5000_000_with_camera_labels-120.png 104 1136 10
big_dataset_depth/000000000532-segment-10485926982439064520_4980_000_5000_000_with_camera_labels-120.png 112 1160 11
big_dataset_depth/000000000532-segment-10485926982439064520_4980_000_5000_000_with_camera_labels-120.png 120 1208 11
big_dataset_depth/000000000532-segment-10485926982439064520_4980_000_5000_000_with_camera_labels-120.png 128 1272 11
big_dataset_depth/000000000532-segment-10485926982439064520_4980_000_5000_000_with_camera_labels-120.png 136 1272 10
big_dataset_depth/000000000532-segment-10485926982439064520_4980_000_5000_000_with_camera_labels-120.png 144 1248 10
big_dataset_depth/000000000532-segment-10485926982439064520_4980_000_5000_000_with_camera_labels-120.png 152 1248 10
big_dataset_depth/000000000532-segment-10485926982439064520_4980_000_5000_000_with_camera_labels-120.png 160 1272 10
big_dataset_depth/000000000532-segment-10485926982439064520_4980_000_5000_000_with_camera_labels-120.png 168 1272 10
big_dataset_depth/000000000532-segment-10485926982439064520_4980_000_5000_000_with_camera_labels-120.png 176 1264 10
big_dataset_depth/000000000532-segment-10485926982439064520_4980_000_5000_000_with_camera_labels-120.png 184 1248 10
big_dataset_depth/000000000532-segment-10485926982439064520_4980_000_5000_000_with_camera_labels-120.png 192 800 54
big_dataset_depth/000000000532-segment-10485926982439064520_4980_000_5000_000_with_camera_labels-120.png 200 1256 10
big_dataset_depth/000000000532-segment-10485926982439064520_4980_000_5000_000_with_camera_labels-120.png 208 1256 10
big_dataset_depth/000000000532-segment-10485926982439064520_4980_000_5000_000_with_camera_labels-120.png 224 1264 10
big_dataset_depth/000000000532-segment-10485926982439064520_4980_000_5000_000_with_camera_labels-120.png 232 1264 10
big_dataset_depth/000000000532-segment-10485926982439064520_4980_000_5000_000_with_camera_labels-120.png 240 1240 10
big_dataset_depth/000000000532-segment-10485926982439064520_4980_000_5000_000_with_camera_labels-120.png 248 1264 10
big_dataset_depth/000000000532-segment-10485926982439064520_4980_000_5000_000_with_camera_labels-120.png 256 1240 10
big_dataset_depth/000000000532-segment-10485926982439064520_4980_000_5000_000_with_camera_labels-120.png 264 1216 10
big_dataset_depth/000000000532-segment-10485926982439064520_4980_000_5000_000_with_camera_labels-120.png 288 1024 10
big_dataset_depth/000000000532-segment-10485926982439064520_4980_000_5000_000_with_camera_labels-120.png 432 728 65
big_dataset_depth/000000000532-segment-10485926982439064520_4980_000_5000_000_with_camera_labels-120.png 440 736 66
big_dataset_depth/000000000532-segment-10485926982439064520_4980_000_5000_000_with_camera_labels-120.png 448 736 71
big_dataset_depth/000000000532-segment-10485926982439064520_4980_000_5000_000_with_camera_labels-120.png 456 736 51
big_dataset_depth/000000000532-segment-10485926982439064520_4980_000_5000_000_with_camera_labels-120.png 464 728 60
big_dataset_depth/000000000532-segment-10485926982439064520_4980_000_5000_000_with_camera_labels-120.png 472 808 41
big_dataset_depth/000000000532-segment-10485926982439064520_4980_000_5000_000_with_camera_labels-120.png 480 800 42
big_dataset_depth/000000000532-segment-10485926982439064520_4980_000_5000_000_with_camera_labels-120.png 488 792 40
big_dataset_depth/000000000532-segment-10485926982439064520_4980_000_5000_000_with_camera_labels-120.png 496 800 40
big_dataset_depth/000000000532-segment-10485926982439064520_4980_000_5000_000_with_camera_labels-120.png 504 776 40
big_dataset_depth/000000000532-segment-10485926982439064520_4980_000_5000_000_with_camera_labels-120.png 512 776 40
big_dataset_depth/000000000532-segment-10485926982439064520_4980_000_5000_000_with_camera_labels-120.png 520 816 40
big_dataset_depth/000000000532-segment-10485926982439064520_4980_000_5000_000_with_camera_labels-120.png 528 744 40
big_dataset_depth/000000000532-segment-10485926982439064520_4980_000_5000_000_with_camera_labels-120.png 536 808 40
big_dataset_depth/000000000532-segment-10485926982439064520_4980_000_5000_000_with_camera_labels-120.png 552 704 91
big_dataset_depth/000000000532-segment-10485926982439064520_4980_000_5000_000_with_camera_labels-120.png 560 704 92
big_dataset_depth/000000000532-segment-10485926982439064520_4980_000_5000_000_with_camera_labels-120.png 576 704 100
big_dataset_depth/000000000532-segment-10485926982439064520_4980_000_5000_000_with_camera_labels-120.png 584 704 101
big_dataset_depth/000000000532-segment-10485926982439064520_4980_000_5000_000_with_camera_labels-120.png 592 888 59
big_dataset_depth/000000000532-segment-10485926982439064520_4980_000_5000_000_with_camera_labels-120.png 600 960 47
big_dataset_depth/000000000532-segment-10485926982439064520_4980_000_5000_000_with_camera_labels-120.png 608 960 47
big_dataset_depth/000000000532-segment-10485926982439064520_4980_000_5000_000_with_camera_labels-120.png 616 872 16
big_dataset_depth/000000000532-segment-10485926982439064520_4980_000_5000_000_with_camera_labels-120.png 624 1032 17
big_dataset_depth/000000000532-segment-10485926982439064520_4980_000_5000_000_with_camera_labels-120.png 632 992 14
big_dataset_depth/000000000532-segment-10485926982439064520_4980_000_5000_000_with_camera_labels-120.png 640 1024 15
big_dataset_depth/000000000532-segment-10485926982439064520_4980_000_5000_000_with_camera_labels-120.png 648 1032 18
big_dataset_depth/000000000532-segment-10485926982439064520_4980_000_5000_000_with_camera_labels-120.png 656 1040 17
big_dataset_depth/000000000532-segment-10485926982439064520_4980_000_5000_000_with_camera_labels-120.png 664 1072 16
big_dataset_depth/000000000532-segment-10485926982439064520_4980_000_5000_000_with_camera_labels-120.png 672 1088 16
big_dataset_depth/000000000532-segment-10485926982439064520_4980_000_5000_000_with_camera_labels-120.png 680 1056 13
big_dataset_depth/000000000532-segment-10485926982439064520_4980_000_5000_000_with_camera_labels-120.png 688 1088 16
big_dataset_depth/000000000532-segment-10485926982439064520_4980_000_5000_000_with_camera_labels-120.png 696 1024 11
big_dataset_depth/000000000532-segment-10485926982439064520_4980_000_5000_000_with_camera_labels-120.png 704 1080 11
big_dataset_depth/000000000532-segment-10485926982439064520_4980_000_5000_000_with_camera_labels-120.png 712 1080 11
big_dataset_depth/000000000532-segment-10485926982439064520_4980_000_5000_000_with_camera_labels-120.png 720 1104 11
big_dataset_depth/000000000532-segment-10485926982439064520_4980_000_5000_000_with_camera_labels-120.png 728 1112 11
big_dataset_depth/000000000532-segment-10485926982439064520_4980_000_5000_000_with_camera_labels-120.png 736 1216 11
big_dataset_depth/000000000532-segment-10485926982439064520_4980_000_5000_000_with_camera_labels-120.png 744 1240 11
big_dataset_depth/000000000532-segment-10485926982439064520_4980_000_5000_000_with_camera_labels-120.png 752 1232 11
big_dataset_depth/000000000532-segment-10485926982439064520_4980_000_5000_000_with_camera_labels-120.png 760 1256 11
big_dataset_depth/000000000532-segment-10485926982439064520_4980_000_5000_000_with_camera_labels-120.png 768 1264 11
big_dataset_depth/000000000532-segment-10485926982439064520_4980_000_5000_000_with_camera_labels-120.png 776 1264 11
big_dataset_depth/000000000532-segment-10485926982439064520_4980_000_5000_000_with_camera_labels-120.png 784 1256 11
big_dataset_depth/000000000532-segment-10485926982439064520_4980_000_5000_000_with_camera_labels-120.png 792 1232 11
big_dataset_depth/000000000532-segment-10485926982439064520_4980_000_5000_000_with_camera_labels-120.png 800 1256 11
big_dataset_depth/000000000532-segment-10485926982439064520_4980_000_5000_000_with_camera_labels-120.png 808 1208 11
big_dataset_depth/000000000532-segment-10485926982439064520_4980_000_5000_000_with_camera_labels-120.png 816 1208 11
big_dataset_depth/000000000532-segment-10485926982439064520_4980_000_5000_000_with_camera_labels-120.png 824 1152 11
big_dataset_depth/000000000532-segment-10485926982439064520_4980_000_5000_000_with_camera_labels-120.png 848 1040 11
big_dataset_depth/000000000532-segment-10485926982439064520_4980_000_5000_000_with_camera_labels-120.png 856 1056 11
big_dataset_depth/000000000532-segment-10485926982439064520_4980_000_5000_000_with_camera_labels-120.png 864 776 42
big_dataset_depth/000000000532-segment-10485926982439064520_4980_000_5000_000_with_camera_labels-120.png 872 920 26
big_dataset_depth/000000000532-segment-10485926982439064520_4980_000_5000_000_with_camera_labels-120.png 888 776 41
big_dataset_depth/000000000532-segment-10485926982439064520_4980_000_5000_000_with_camera_labels-120.png 896 744 41
big_dataset_depth/000000000532-segment-10485926982439064520_4980_000_5000_000_with_camera_labels-120.png 904 776 46
big_dataset_depth/000000000532-segment-10485926982439064520_4980_000_5000_000_with_camera_labels-120.png 912 768 46
big_dataset_depth/000000000532-segment-10485926982439064520_4980_000_5000_000_with_camera_labels-120.png 920 720 46
big_dataset_depth/000000000532-segment-10485926982439064520_4980_000_5000_000_with_camera_labels-120.png 928 776 46
big_dataset_depth/000000000532-segment-10485926982439064520_4980_000_5000_000_with_camera_labels-120.png 936 776 46
big_dataset_depth/000000000532-segment-10485926982439064520_4980_000_5000_000_with_camera_labels-120.png 968 776 44
big_dataset_depth/000000000532-segment-10485926982439064520_4980_000_5000_000_with_camera_labels-120.png 976 776 44
big_dataset_depth/000000000532-segment-10485926982439064520_4980_000_5000_000_with_camera_labels-120.png 984 760 44
big_dataset_depth/000000000532-segment-10485926982439064520_4980_000_5000_000_with_camera_labels-120.png 992 760 43
big_dataset_depth/000000000532-segment-10485926982439064520_4980_000_5000_000_with_camera_labels-120.png 1000 776 43
big_dataset_depth/000000000532-segment-10485926982439064520_4980_000_5000_000_with_camera_labels-120.png 1008 784 41
big_dataset_depth/000000000532-segment-10485926982439064520_4980_000_5000_000_with_camera_labels-120.png 1016 776 41
big_dataset_depth/000000000532-segment-10485926982439064520_4980_000_5000_000_with_camera_labels-120.png 1024 760 41
big_dataset_depth/000000000532-segment-10485926982439064520_4980_000_5000_000_with_camera_labels-120.png 1032 760 41
big_dataset_depth/000000000532-segment-10485926982439064520_4980_000_5000_000_with_camera_labels-120.png 1040 776 41
big_dataset_depth/000000000532-segment-10485926982439064520_4980_000_5000_000_with_camera_labels-120.png 1048 784 43
big_dataset_depth/000000000532-segment-10485926982439064520_4980_000_5000_000_with_camera_labels-120.png 1056 752 43
big_dataset_depth/000000000532-segment-10485926982439064520_4980_000_5000_000_with_camera_labels-120.png 1064 752 43
big_dataset_depth/000000000532-segment-10485926982439064520_4980_000_5000_000_with_camera_labels-120.png 1072 720 61
big_dataset_depth/000000000532-segment-10485926982439064520_4980_000_5000_000_with_camera_labels-120.png 1080 712 61
big_dataset_depth/000000000532-segment-10485926982439064520_4980_000_5000_000_with_camera_labels-120.png 1088 720 61
big_dataset_depth/000000000532-segment-10485926982439064520_4980_000_5000_000_with_camera_labels-120.png 1096 720 61
big_dataset_depth/000000000532-segment-10485926982439064520_4980_000_5000_000_with_camera_labels-120.png 1112 1088 16
big_dataset_depth/000000000532-segment-10485926982439064520_4980_000_5000_000_with_camera_labels-120.png 1120 1088 16
big_dataset_depth/000000000532-segment-10485926982439064520_4980_000_5000_000_with_camera_labels-120.png 1128 1048 16
big_dataset_depth/000000000532-segment-10485926982439064520_4980_000_5000_000_with_camera_labels-120.png 1136 1088 16
big_dataset_depth/000000000532-segment-10485926982439064520_4980_000_5000_000_with_camera_labels-120.png 1144 928 16
big_dataset_depth/000000000532-segment-10485926982439064520_4980_000_5000_000_with_camera_labels-120.png 1152 912 16
big_dataset_depth/000000000532-segment-10485926982439064520_4980_000_5000_000_with_camera_labels-120.png 1160 1064 16
big_dataset_depth/000000000532-segment-10485926982439064520_4980_000_5000_000_with_camera_labels-120.png 1168 912 16
big_dataset_depth/000000000532-segment-10485926982439064520_4980_000_5000_000_with_camera_labels-120.png 1176 976 16
big_dataset_depth/000000000532-segment-10485926982439064520_4980_000_5000_000_with_camera_labels-120.png 1184 976 16
big_dataset_depth/000000000532-segment-10485926982439064520_4980_000_5000_000_with_camera_labels-120.png 1192 976 16
big_dataset_depth/000000000532-segment-10485926982439064520_4980_000_5000_000_with_camera_labels-120.png 1200 992 16
big_dataset_depth/000000000532-segment-10485926982439064520_4980_000_5000_000_with_camera_labels-120.png 1208 976 16
big_dataset_depth/000000000532-segment-10485926982439064520_4980_000_5000_000_with_camera_labels-120.png 1216 1032 16
big_dataset_depth/000000000532-segment-10485926982439064520_4980_000_5000_000_with_camera_labels-120.png 1224 1168 10
big_dataset_depth/000000000532-segment-10485926982439064520_4980_000_5000_000_with_camera_labels-120.png 1232 1064 14
big_dataset_depth/000000000532-segment-10485926982439064520_4980_000_5000_000_with_camera_labels-120.png 1256 1264 11
big_dataset_depth/000000000532-segment-10485926982439064520_4980_000_5000_000_with_camera_labels-120.png 1264 1248 11
big_dataset_depth/000000000532-segment-10485926982439064520_4980_000_5000_000_with_camera_labels-120.png 1272 1240 11
big_dataset_depth/000000000532-segment-10485926982439064520_4980_000_5000_000_with_camera_labels-120.png 1280 1240 11
big_dataset_depth/000000000532-segment-10485926982439064520_4980_000_5000_000_with_camera_labels-120.png 1288 1264 11
big_dataset_depth/000000000532-segment-10485926982439064520_4980_000_5000_000_with_camera_labels-120.png 1296 1248 11
big_dataset_depth/000000000532-segment-10485926982439064520_4980_000_5000_000_with_camera_labels-120.png 1304 1264 11
big_dataset_depth/000000000532-segment-10485926982439064520_4980_000_5000_000_with_camera_labels-120.png 1312 1248 11
big_dataset_depth/000000000532-segment-10485926982439064520_4980_000_5000_000_with_camera_labels-120.png 1320 1264 11
big_dataset_depth/000000000532-segment-10485926982439064520_4980_000_5000_000_with_camera_labels-120.png 1328 1248 11
big_dataset_depth/000000000532-segment-10485926982439064520_4980_000_5000_000_with_camera_labels-120.png 1336 1264 11
big_dataset_depth/000000000532-segment-10485926982439064520_4980_000_5000_000_with_camera_labels-120.png 1344 1240 10
big_dataset_depth/000000000532-segment-10485926982439064520_4980_000_5000_000_with_camera_labels-120.png 1352 1264 10
big_dataset_depth/000000000532-segment-10485926982439064520_4980_000_5000_000_with_camera_labels-120.png 1360 1256 10
big_dataset_depth/000000000532-segment-10485926982439064520_4980_000_5000_000_with_camera_labels-120.png 1368 1256 10
big_dataset_depth/000000000532-segment-10485926982439064520_4980_000_5000_000_with_camera_labels-120.png 1376 1256 10
big_dataset_depth/000000000532-segment-10485926982439064520_4980_000_5000_000_with_camera_labels-120.png 1384 1240 10
big_dataset_depth/000000000532-segment-10485926982439064520_4980_000_5000_000_with_camera_labels-120.png 1392 1216 10
big_dataset_depth/000000000532-segment-10485926982439064520_4980_000_5000_000_with_camera_labels-120.png 1400 1128 11
big_dataset_depth/000000000532-segment-10485926982439064520_4980_000_5000_000_with_camera_labels-120.png 1416 1168 9
big_dataset_depth/000000000532-segment-10485926982439064520_4980_000_5000_000_with_camera_labels-120.png 1432 1232 9
big_dataset_depth/000000000532-segment-10485926982439064520_4980_000_5000_000_with_camera_labels-120.png 1448 1256 9
big_dataset_depth/000000000532-segment-10485926982439064520_4980_000_5000_000_with_camera_labels-120.png 1456 1256 9
big_dataset_depth/000000000532-segment-10485926982439064520_4980_000_5000_000_with_camera_labels-120.png 1464 1264 9
big_dataset_depth/000000000532-segment-10485926982439064520_4980_000_5000_000_with_camera_labels-120.png 1472 1240 9
big_dataset_depth/000000000532-segment-10485926982439064520_4980_000_5000_000_with_camera_labels-120.png 1480 1272 9
big_dataset_depth/000000000532-segment-10485926982439064520_4980_000_5000_000_with_camera_labels-120.png 1488 1080 23
big_dataset_depth/000000000532-segment-10485926982439064520_4980_000_5000_000_with_camera_labels-120.png 1496 1272 9
big_dataset_depth/000000000532-segment-10485926982439064520_4980_000_5000_000_with_camera_labels-120.png 1504 1256 9
big_dataset_depth/000000000532-segment-10485926982439064520_4980_000_5000_000_with_camera_labels-120.png 1512 1256 9
big_dataset_depth/000000000532-segment-10485926982439064520_4980_000_5000_000_with_camera_labels-120.png 1520 1256 9
big_dataset_depth/000000000532-segment-10485926982439064520_4980_000_5000_000_with_camera_labels-120.png 1528 1272 9
big_dataset_depth/000000000532-segment-10485926982439064520_4980_000_5000_000_with_camera_labels-120.png 1536 1256 9
big_dataset_depth/000000000532-segment-10485926982439064520_4980_000_5000_000_with_camera_labels-120.png 1544 1264 9
big_dataset_depth/000000000532-segment-10485926982439064520_4980_000_5000_000_with_camera_labels-120.png 1552 1272 9
big_dataset_depth/000000000532-segment-10485926982439064520_4980_000_5000_000_with_camera_labels-120.png 1560 1136 9
big_dataset_depth/000000000532-segment-10485926982439064520_4980_000_5000_000_with_camera_labels-120.png 1568 1136 9
big_dataset_depth/000000000532-segment-10485926982439064520_4980_000_5000_000_with_camera_labels-120.png 1576 1136 9
big_dataset_depth/000000000532-segment-10485926982439064520_4980_000_5000_000_with_camera_labels-120.png 1592 1136 9
big_dataset_depth/000000000532-segment-10485926982439064520_4980_000_5000_000_with_camera_labels-120.png 1600 1160 9
big_dataset_depth/000000000532-segment-10485926982439064520_4980_000_5000_000_with_camera_labels-120.png 1608 1136 9
big_dataset_depth/000000000532-segment-10485926982439064520_4980_000_5000_000_with_camera_labels-120.png 1616 1232 12
big_dataset_depth/000000000532-segment-10485926982439064520_4980_000_5000_000_with_camera_labels-120.png 1624 1256 12
big_dataset_depth/000000000532-segment-10485926982439064520_4980_000_5000_000_with_camera_labels-120.png 1632 1256 12
big_dataset_depth/000000000532-segment-10485926982439064520_4980_000_5000_000_with_camera_labels-120.png 1640 1264 12
big_dataset_depth/000000000532-segment-10485926982439064520_4980_000_5000_000_with_camera_labels-120.png 1648 1264 12
big_dataset_depth/000000000532-segment-10485926982439064520_4980_000_5000_000_with_camera_labels-120.png 1656 1264 12
big_dataset_depth/000000000532-segment-10485926982439064520_4980_000_5000_000_with_camera_labels-120.png 1664 1256 13
big_dataset_depth/000000000532-segment-10485926982439064520_4980_000_5000_000_with_camera_labels-120.png 1680 1216 11
big_dataset_depth/000000000532-segment-10485926982439064520_4980_000_5000_000_with_camera_labels-120.png 1688 1264 13
big_dataset_depth/000000000532-segment-10485926982439064520_4980_000_5000_000_with_camera_labels-120.png 1696 1264 13
big_dataset_depth/000000000532-segment-10485926982439064520_4980_000_5000_000_with_camera_labels-120.png 1704 1264 13
big_dataset_depth/000000000532-segment-10485926982439064520_4980_000_5000_000_with_camera_labels-120.png 1712 1264 13
big_dataset_depth/000000000532-segment-10485926982439064520_4980_000_5000_000_with_camera_labels-120.png 1720 1264 13
big_dataset_depth/000000000532-segment-10485926982439064520_4980_000_5000_000_with_camera_labels-120.png 1728 1264 13
big_dataset_depth/000000000532-segment-10485926982439064520_4980_000_5000_000_with_camera_labels-120.png 1736 1256 13
big_dataset_depth/000000000532-segment-10485926982439064520_4980_000_5000_000_with_camera_labels-120.png 1744 1264 13
big_dataset_depth/000000000532-segment-10485926982439064520_4980_000_5000_000_with_camera_labels-120.png 1752 1152 12
big_dataset_depth/000000000532-segment-10485926982439064520_4980_000_5000_000_with_camera_labels-120.png 1760 1168 14
big_dataset_depth/000000000532-segment-10485926982439064520_4980_000_5000_000_with_camera_labels-120.png 1768 1168 14
big_dataset_depth/000000000532-segment-10485926982439064520_4980_000_5000_000_with_camera_labels-120.png 1776 1192 13
big_dataset_depth/000000000532-segment-10485926982439064520_4980_000_5000_000_with_camera_labels-120.png 1784 1176 15
big_dataset_depth/000000000532-segment-10485926982439064520_4980_000_5000_000_with_camera_labels-120.png 1792 768 40
big_dataset_depth/000000000532-segment-10485926982439064520_4980_000_5000_000_with_camera_labels-120.png 1800 840 38
big_dataset_depth/000000000532-segment-10485926982439064520_4980_000_5000_000_with_camera_labels-120.png 1808 1000 23
big_dataset_depth/000000000532-segment-10485926982439064520_4980_000_5000_000_with_camera_labels-120.png 1816 912 32
big_dataset_depth/000000000532-segment-10485926982439064520_4980_000_5000_000_with_camera_labels-120.png 1824 1144 14
big_dataset_depth/000000000532-segment-10485926982439064520_4980_000_5000_000_with_camera_labels-120.png 1832 1184 14
big_dataset_depth/000000000532-segment-10485926982439064520_4980_000_5000_000_with_camera_labels-120.png 1840 888 38
big_dataset_depth/000000000532-segment-10485926982439064520_4980_000_5000_000_with_camera_labels-120.png 1848 1048 26
big_dataset_depth/000000000532-segment-10485926982439064520_4980_000_5000_000_with_camera_labels-120.png 1856 976 30
big_dataset_depth/000000000532-segment-10485926982439064520_4980_000_5000_000_with_camera_labels-120.png 1864 720 50
big_dataset_depth/000000000532-segment-10485926982439064520_4980_000_5000_000_with_camera_labels-120.png 1872 1040 23
big_dataset_depth/000000000532-segment-10485926982439064520_4980_000_5000_000_with_camera_labels-120.png 1880 728 50
big_dataset_depth/000000000532-segment-10485926982439064520_4980_000_5000_000_with_camera_labels-120.png 1888 1208 14
big_dataset_depth/000000000532-segment-10485926982439064520_4980_000_5000_000_with_camera_labels-120.png 1896 720 48
big_dataset_depth/000000000532-segment-10485926982439064520_4980_000_5000_000_with_camera_labels-120.png 1904 792 40
big_dataset_depth/000000000532-segment-10485926982439064520_4980_000_5000_000_with_camera_labels-120.png 1912 696 49
