big_dataset_depth/000000002827-segment-13145971249179441231_1640_000_1660_000_with_camera_labels-100.png 0 880 29
big_dataset_depth/000000002827-segment-13145971249179441231_1640_000_1660_000_with_camera_labels-100.png 8 912 27
big_dataset_depth/000000002827-segment-13145971249179441231_1640_000_1660_000_with_camera_labels-100.png 16 1048 23
big_dataset_depth/000000002827-segment-13145971249179441231_1640_000_1660_000_with_camera_labels-100.png 24 992 24
big_dataset_depth/000000002827-segment-13145971249179441231_1640_000_1660_000_with_camera_labels-100.png 32 1088 19
big_dataset_depth/000000002827-segment-13145971249179441231_1640_000_1660_000_with_camera_labels-100.png 40 1000 25
big_dataset_depth/000000002827-segment-13145971249179441231_1640_000_1660_000_with_camera_labels-100.png 48 1080 19
big_dataset_depth/000000002827-segment-13145971249179441231_1640_000_1660_000_with_camera_labels-100.png 56 1088 19
big_dataset_depth/000000002827-segment-13145971249179441231_1640_000_1660_000_with_camera_labels-100.png 64 1072 19
big_dataset_depth/000000002827-segment-13145971249179441231_1640_000_1660_000_with_camera_labels-100.png 80 1064 20
big_dataset_depth/000000002827-segment-13145971249179441231_1640_000_1660_000_with_camera_labels-100.png 88 1064 20
big_dataset_depth/000000002827-segment-13145971249179441231_1640_000_1660_000_with_camera_labels-100.png 96 1064 20
big_dataset_depth/000000002827-segment-13145971249179441231_1640_000_1660_000_with_camera_labels-100.png 104 1064 20
big_dataset_depth/000000002827-segment-13145971249179441231_1640_000_1660_000_with_camera_labels-100.png 128 872 34
big_dataset_depth/000000002827-segment-13145971249179441231_1640_000_1660_000_with_camera_labels-100.png 136 1048 21
big_dataset_depth/000000002827-segment-13145971249179441231_1640_000_1660_000_with_camera_labels-100.png 144 1024 21
big_dataset_depth/000000002827-segment-13145971249179441231_1640_000_1660_000_with_camera_labels-100.png 152 1024 21
big_dataset_depth/000000002827-segment-13145971249179441231_1640_000_1660_000_with_camera_labels-100.png 160 912 30
big_dataset_depth/000000002827-segment-13145971249179441231_1640_000_1660_000_with_camera_labels-100.png 168 952 28
big_dataset_depth/000000002827-segment-13145971249179441231_1640_000_1660_000_with_camera_labels-100.png 176 1024 22
big_dataset_depth/000000002827-segment-13145971249179441231_1640_000_1660_000_with_camera_labels-100.png 184 1008 22
big_dataset_depth/000000002827-segment-13145971249179441231_1640_000_1660_000_with_camera_labels-100.png 192 1008 22
big_dataset_depth/000000002827-segment-13145971249179441231_1640_000_1660_000_with_camera_labels-100.png 200 1008 22
big_dataset_depth/000000002827-segment-13145971249179441231_1640_000_1660_000_with_camera_labels-100.png 208 1008 23
big_dataset_depth/000000002827-segment-13145971249179441231_1640_000_1660_000_with_camera_labels-100.png 216 1008 23
big_dataset_depth/000000002827-segment-13145971249179441231_1640_000_1660_000_with_camera_labels-100.png 256 976 24
big_dataset_depth/000000002827-segment-13145971249179441231_1640_000_1660_000_with_camera_labels-100.png 264 976 24
big_dataset_depth/000000002827-segment-13145971249179441231_1640_000_1660_000_with_camera_labels-100.png 272 976 25
big_dataset_depth/000000002827-segment-13145971249179441231_1640_000_1660_000_with_camera_labels-100.png 280 976 25
big_dataset_depth/000000002827-segment-13145971249179441231_1640_000_1660_000_with_camera_labels-100.png 288 976 25
big_dataset_depth/000000002827-segment-13145971249179441231_1640_000_1660_000_with_camera_labels-100.png 320 944 27
big_dataset_depth/000000002827-segment-13145971249179441231_1640_000_1660_000_with_camera_labels-100.png 328 944 27
big_dataset_depth/000000002827-segment-13145971249179441231_1640_000_1660_000_with_camera_labels-100.png 336 944 28
big_dataset_depth/000000002827-segment-13145971249179441231_1640_000_1660_000_with_camera_labels-100.png 344 944 28
big_dataset_depth/000000002827-segment-13145971249179441231_1640_000_1660_000_with_camera_labels-100.png 360 928 29
big_dataset_depth/000000002827-segment-13145971249179441231_1640_000_1660_000_with_camera_labels-100.png 368 928 29
big_dataset_depth/000000002827-segment-13145971249179441231_1640_000_1660_000_with_camera_labels-100.png 376 848 41
big_dataset_depth/000000002827-segment-13145971249179441231_1640_000_1660_000_with_camera_labels-100.png 384 848 41
big_dataset_depth/000000002827-segment-13145971249179441231_1640_000_1660_000_with_camera_labels-100.png 392 848 41
big_dataset_depth/000000002827-segment-13145971249179441231_1640_000_1660_000_with_camera_labels-100.png 400 848 41
big_dataset_depth/000000002827-segment-13145971249179441231_1640_000_1660_000_with_camera_labels-100.png 408 840 41
big_dataset_depth/000000002827-segment-13145971249179441231_1640_000_1660_000_with_camera_labels-100.png 416 848 36
big_dataset_depth/000000002827-segment-13145971249179441231_1640_000_1660_000_with_camera_labels-100.png 424 744 42
big_dataset_depth/000000002827-segment-13145971249179441231_1640_000_1660_000_with_camera_labels-100.png 432 896 33
big_dataset_depth/000000002827-segment-13145971249179441231_1640_000_1660_000_with_camera_labels-100.png 440 888 35
big_dataset_depth/000000002827-segment-13145971249179441231_1640_000_1660_000_with_camera_labels-100.png 448 888 35
big_dataset_depth/000000002827-segment-13145971249179441231_1640_000_1660_000_with_camera_labels-100.png 488 856 40
big_dataset_depth/000000002827-segment-13145971249179441231_1640_000_1660_000_with_camera_labels-100.png 536 880 36
big_dataset_depth/000000002827-segment-13145971249179441231_1640_000_1660_000_with_camera_labels-100.png 544 872 35
big_dataset_depth/000000002827-segment-13145971249179441231_1640_000_1660_000_with_camera_labels-100.png 552 880 35
big_dataset_depth/000000002827-segment-13145971249179441231_1640_000_1660_000_with_camera_labels-100.png 560 880 35
big_dataset_depth/000000002827-segment-13145971249179441231_1640_000_1660_000_with_camera_labels-100.png 568 864 34
big_dataset_depth/000000002827-segment-13145971249179441231_1640_000_1660_000_with_camera_labels-100.png 576 856 34
big_dataset_depth/000000002827-segment-13145971249179441231_1640_000_1660_000_with_camera_labels-100.png 584 856 34
big_dataset_depth/000000002827-segment-13145971249179441231_1640_000_1660_000_with_camera_labels-100.png 592 896 34
big_dataset_depth/000000002827-segment-13145971249179441231_1640_000_1660_000_with_camera_labels-100.png 600 864 34
big_dataset_depth/000000002827-segment-13145971249179441231_1640_000_1660_000_with_camera_labels-100.png 608 856 34
big_dataset_depth/000000002827-segment-13145971249179441231_1640_000_1660_000_with_camera_labels-100.png 616 856 34
big_dataset_depth/000000002827-segment-13145971249179441231_1640_000_1660_000_with_camera_labels-100.png 624 880 34
big_dataset_depth/000000002827-segment-13145971249179441231_1640_000_1660_000_with_camera_labels-100.png 632 856 34
big_dataset_depth/000000002827-segment-13145971249179441231_1640_000_1660_000_with_camera_labels-100.png 640 856 34
big_dataset_depth/000000002827-segment-13145971249179441231_1640_000_1660_000_with_camera_labels-100.png 648 856 34
big_dataset_depth/000000002827-segment-13145971249179441231_1640_000_1660_000_with_camera_labels-100.png 656 1080 21
big_dataset_depth/000000002827-segment-13145971249179441231_1640_000_1660_000_with_camera_labels-100.png 664 1224 15
big_dataset_depth/000000002827-segment-13145971249179441231_1640_000_1660_000_with_camera_labels-100.png 672 1032 24
big_dataset_depth/000000002827-segment-13145971249179441231_1640_000_1660_000_with_camera_labels-100.png 680 1088 22
big_dataset_depth/000000002827-segment-13145971249179441231_1640_000_1660_000_with_camera_labels-100.png 688 1208 15
big_dataset_depth/000000002827-segment-13145971249179441231_1640_000_1660_000_with_camera_labels-100.png 696 1200 15
big_dataset_depth/000000002827-segment-13145971249179441231_1640_000_1660_000_with_camera_labels-100.png 704 1208 15
big_dataset_depth/000000002827-segment-13145971249179441231_1640_000_1660_000_with_camera_labels-100.png 712 1200 15
big_dataset_depth/000000002827-segment-13145971249179441231_1640_000_1660_000_with_camera_labels-100.png 720 1152 14
big_dataset_depth/000000002827-segment-13145971249179441231_1640_000_1660_000_with_camera_labels-100.png 728 1144 14
big_dataset_depth/000000002827-segment-13145971249179441231_1640_000_1660_000_with_camera_labels-100.png 736 1184 15
big_dataset_depth/000000002827-segment-13145971249179441231_1640_000_1660_000_with_camera_labels-100.png 744 1160 14
big_dataset_depth/000000002827-segment-13145971249179441231_1640_000_1660_000_with_camera_labels-100.png 752 1144 14
big_dataset_depth/000000002827-segment-13145971249179441231_1640_000_1660_000_with_camera_labels-100.png 760 1144 14
big_dataset_depth/000000002827-segment-13145971249179441231_1640_000_1660_000_with_camera_labels-100.png 768 1144 14
big_dataset_depth/000000002827-segment-13145971249179441231_1640_000_1660_000_with_camera_labels-100.png 776 1136 14
big_dataset_depth/000000002827-segment-13145971249179441231_1640_000_1660_000_with_camera_labels-100.png 784 1144 14
big_dataset_depth/000000002827-segment-13145971249179441231_1640_000_1660_000_with_camera_labels-100.png 792 1144 14
big_dataset_depth/000000002827-segment-13145971249179441231_1640_000_1660_000_with_camera_labels-100.png 800 1144 14
big_dataset_depth/000000002827-segment-13145971249179441231_1640_000_1660_000_with_camera_labels-100.png 808 1144 14
big_dataset_depth/000000002827-segment-13145971249179441231_1640_000_1660_000_with_camera_labels-100.png 816 1144 14
big_dataset_depth/000000002827-segment-13145971249179441231_1640_000_1660_000_with_camera_labels-100.png 824 1144 14
big_dataset_depth/000000002827-segment-13145971249179441231_1640_000_1660_000_with_camera_labels-100.png 832 1144 14
big_dataset_depth/000000002827-segment-13145971249179441231_1640_000_1660_000_with_camera_labels-100.png 840 1144 14
big_dataset_depth/000000002827-segment-13145971249179441231_1640_000_1660_000_with_camera_labels-100.png 848 1152 15
big_dataset_depth/000000002827-segment-13145971249179441231_1640_000_1660_000_with_camera_labels-100.png 856 1144 14
big_dataset_depth/000000002827-segment-13145971249179441231_1640_000_1660_000_with_camera_labels-100.png 864 1144 14
big_dataset_depth/000000002827-segment-13145971249179441231_1640_000_1660_000_with_camera_labels-100.png 872 1144 14
big_dataset_depth/000000002827-segment-13145971249179441231_1640_000_1660_000_with_camera_labels-100.png 880 1152 14
big_dataset_depth/000000002827-segment-13145971249179441231_1640_000_1660_000_with_camera_labels-100.png 888 1144 14
big_dataset_depth/000000002827-segment-13145971249179441231_1640_000_1660_000_with_camera_labels-100.png 896 1144 14
big_dataset_depth/000000002827-segment-13145971249179441231_1640_000_1660_000_with_camera_labels-100.png 904 1144 14
big_dataset_depth/000000002827-segment-13145971249179441231_1640_000_1660_000_with_camera_labels-100.png 912 1200 14
big_dataset_depth/000000002827-segment-13145971249179441231_1640_000_1660_000_with_camera_labels-100.png 920 1144 14
big_dataset_depth/000000002827-segment-13145971249179441231_1640_000_1660_000_with_camera_labels-100.png 928 1144 14
big_dataset_depth/000000002827-segment-13145971249179441231_1640_000_1660_000_with_camera_labels-100.png 936 1144 14
big_dataset_depth/000000002827-segment-13145971249179441231_1640_000_1660_000_with_camera_labels-100.png 944 1144 14
big_dataset_depth/000000002827-segment-13145971249179441231_1640_000_1660_000_with_camera_labels-100.png 952 1144 14
big_dataset_depth/000000002827-segment-13145971249179441231_1640_000_1660_000_with_camera_labels-100.png 960 1144 14
big_dataset_depth/000000002827-segment-13145971249179441231_1640_000_1660_000_with_camera_labels-100.png 968 1144 14
big_dataset_depth/000000002827-segment-13145971249179441231_1640_000_1660_000_with_camera_labels-100.png 976 1208 15
big_dataset_depth/000000002827-segment-13145971249179441231_1640_000_1660_000_with_camera_labels-100.png 984 1144 14
big_dataset_depth/000000002827-segment-13145971249179441231_1640_000_1660_000_with_camera_labels-100.png 992 1168 15
big_dataset_depth/000000002827-segment-13145971249179441231_1640_000_1660_000_with_camera_labels-100.png 1000 1168 14
big_dataset_depth/000000002827-segment-13145971249179441231_1640_000_1660_000_with_camera_labels-100.png 1008 1184 14
big_dataset_depth/000000002827-segment-13145971249179441231_1640_000_1660_000_with_camera_labels-100.png 1016 1144 14
big_dataset_depth/000000002827-segment-13145971249179441231_1640_000_1660_000_with_camera_labels-100.png 1024 1184 15
big_dataset_depth/000000002827-segment-13145971249179441231_1640_000_1660_000_with_camera_labels-100.png 1032 1208 15
big_dataset_depth/000000002827-segment-13145971249179441231_1640_000_1660_000_with_camera_labels-100.png 1040 1200 15
big_dataset_depth/000000002827-segment-13145971249179441231_1640_000_1660_000_with_camera_labels-100.png 1048 1208 15
big_dataset_depth/000000002827-segment-13145971249179441231_1640_000_1660_000_with_camera_labels-100.png 1056 1192 15
big_dataset_depth/000000002827-segment-13145971249179441231_1640_000_1660_000_with_camera_labels-100.png 1072 1192 15
big_dataset_depth/000000002827-segment-13145971249179441231_1640_000_1660_000_with_camera_labels-100.png 1080 1208 15
big_dataset_depth/000000002827-segment-13145971249179441231_1640_000_1660_000_with_camera_labels-100.png 1088 1208 15
big_dataset_depth/000000002827-segment-13145971249179441231_1640_000_1660_000_with_camera_labels-100.png 1096 1024 26
big_dataset_depth/000000002827-segment-13145971249179441231_1640_000_1660_000_with_camera_labels-100.png 1104 856 36
big_dataset_depth/000000002827-segment-13145971249179441231_1640_000_1660_000_with_camera_labels-100.png 1112 864 36
big_dataset_depth/000000002827-segment-13145971249179441231_1640_000_1660_000_with_camera_labels-100.png 1120 856 36
big_dataset_depth/000000002827-segment-13145971249179441231_1640_000_1660_000_with_camera_labels-100.png 1128 904 31
big_dataset_depth/000000002827-segment-13145971249179441231_1640_000_1660_000_with_camera_labels-100.png 1136 912 31
big_dataset_depth/000000002827-segment-13145971249179441231_1640_000_1660_000_with_camera_labels-100.png 1144 912 31
big_dataset_depth/000000002827-segment-13145971249179441231_1640_000_1660_000_with_camera_labels-100.png 1152 912 30
big_dataset_depth/000000002827-segment-13145971249179441231_1640_000_1660_000_with_camera_labels-100.png 1160 912 30
big_dataset_depth/000000002827-segment-13145971249179441231_1640_000_1660_000_with_camera_labels-100.png 1168 928 30
big_dataset_depth/000000002827-segment-13145971249179441231_1640_000_1660_000_with_camera_labels-100.png 1176 912 28
big_dataset_depth/000000002827-segment-13145971249179441231_1640_000_1660_000_with_camera_labels-100.png 1184 944 28
big_dataset_depth/000000002827-segment-13145971249179441231_1640_000_1660_000_with_camera_labels-100.png 1192 920 28
big_dataset_depth/000000002827-segment-13145971249179441231_1640_000_1660_000_with_camera_labels-100.png 1200 768 84
big_dataset_depth/000000002827-segment-13145971249179441231_1640_000_1660_000_with_camera_labels-100.png 1208 952 27
big_dataset_depth/000000002827-segment-13145971249179441231_1640_000_1660_000_with_camera_labels-100.png 1216 928 27
big_dataset_depth/000000002827-segment-13145971249179441231_1640_000_1660_000_with_camera_labels-100.png 1232 1008 23
big_dataset_depth/000000002827-segment-13145971249179441231_1640_000_1660_000_with_camera_labels-100.png 1240 1008 22
big_dataset_depth/000000002827-segment-13145971249179441231_1640_000_1660_000_with_camera_labels-100.png 1248 1024 22
big_dataset_depth/000000002827-segment-13145971249179441231_1640_000_1660_000_with_camera_labels-100.png 1256 1016 22
big_dataset_depth/000000002827-segment-13145971249179441231_1640_000_1660_000_with_camera_labels-100.png 1264 1024 22
big_dataset_depth/000000002827-segment-13145971249179441231_1640_000_1660_000_with_camera_labels-100.png 1272 984 21
big_dataset_depth/000000002827-segment-13145971249179441231_1640_000_1660_000_with_camera_labels-100.png 1280 1040 21
big_dataset_depth/000000002827-segment-13145971249179441231_1640_000_1660_000_with_camera_labels-100.png 1288 1008 20
big_dataset_depth/000000002827-segment-13145971249179441231_1640_000_1660_000_with_camera_labels-100.png 1296 1008 21
big_dataset_depth/000000002827-segment-13145971249179441231_1640_000_1660_000_with_camera_labels-100.png 1304 992 20
big_dataset_depth/000000002827-segment-13145971249179441231_1640_000_1660_000_with_camera_labels-100.png 1312 1048 20
big_dataset_depth/000000002827-segment-13145971249179441231_1640_000_1660_000_with_camera_labels-100.png 1320 1032 19
big_dataset_depth/000000002827-segment-13145971249179441231_1640_000_1660_000_with_camera_labels-100.png 1328 1080 19
big_dataset_depth/000000002827-segment-13145971249179441231_1640_000_1660_000_with_camera_labels-100.png 1336 1088 19
big_dataset_depth/000000002827-segment-13145971249179441231_1640_000_1660_000_with_camera_labels-100.png 1344 1096 19
big_dataset_depth/000000002827-segment-13145971249179441231_1640_000_1660_000_with_camera_labels-100.png 1352 1104 19
big_dataset_depth/000000002827-segment-13145971249179441231_1640_000_1660_000_with_camera_labels-100.png 1360 1104 19
big_dataset_depth/000000002827-segment-13145971249179441231_1640_000_1660_000_with_camera_labels-100.png 1368 1104 19
big_dataset_depth/000000002827-segment-13145971249179441231_1640_000_1660_000_with_camera_labels-100.png 1376 1080 18
big_dataset_depth/000000002827-segment-13145971249179441231_1640_000_1660_000_with_camera_labels-100.png 1384 1080 18
big_dataset_depth/000000002827-segment-13145971249179441231_1640_000_1660_000_with_camera_labels-100.png 1392 1048 18
big_dataset_depth/000000002827-segment-13145971249179441231_1640_000_1660_000_with_camera_labels-100.png 1400 1048 18
big_dataset_depth/000000002827-segment-13145971249179441231_1640_000_1660_000_with_camera_labels-100.png 1408 1064 19
big_dataset_depth/000000002827-segment-13145971249179441231_1640_000_1660_000_with_camera_labels-100.png 1416 1104 19
big_dataset_depth/000000002827-segment-13145971249179441231_1640_000_1660_000_with_camera_labels-100.png 1424 1048 18
big_dataset_depth/000000002827-segment-13145971249179441231_1640_000_1660_000_with_camera_labels-100.png 1432 1048 18
big_dataset_depth/000000002827-segment-13145971249179441231_1640_000_1660_000_with_camera_labels-100.png 1440 1040 18
big_dataset_depth/000000002827-segment-13145971249179441231_1640_000_1660_000_with_camera_labels-100.png 1448 1048 18
big_dataset_depth/000000002827-segment-13145971249179441231_1640_000_1660_000_with_camera_labels-100.png 1456 1048 18
big_dataset_depth/000000002827-segment-13145971249179441231_1640_000_1660_000_with_camera_labels-100.png 1464 1032 18
big_dataset_depth/000000002827-segment-13145971249179441231_1640_000_1660_000_with_camera_labels-100.png 1472 1048 18
big_dataset_depth/000000002827-segment-13145971249179441231_1640_000_1660_000_with_camera_labels-100.png 1480 1048 18
big_dataset_depth/000000002827-segment-13145971249179441231_1640_000_1660_000_with_camera_labels-100.png 1488 1048 18
big_dataset_depth/000000002827-segment-13145971249179441231_1640_000_1660_000_with_camera_labels-100.png 1496 1040 18
big_dataset_depth/000000002827-segment-13145971249179441231_1640_000_1660_000_with_camera_labels-100.png 1504 1056 18
big_dataset_depth/000000002827-segment-13145971249179441231_1640_000_1660_000_with_camera_labels-100.png 1512 1056 18
big_dataset_depth/000000002827-segment-13145971249179441231_1640_000_1660_000_with_camera_labels-100.png 1520 1048 18
big_dataset_depth/000000002827-segment-13145971249179441231_1640_000_1660_000_with_camera_labels-100.png 1528 1056 18
big_dataset_depth/000000002827-segment-13145971249179441231_1640_000_1660_000_with_camera_labels-100.png 1536 1064 19
big_dataset_depth/000000002827-segment-13145971249179441231_1640_000_1660_000_with_camera_labels-100.png 1544 1056 18
big_dataset_depth/000000002827-segment-13145971249179441231_1640_000_1660_000_with_camera_labels-100.png 1552 1056 18
big_dataset_depth/000000002827-segment-13145971249179441231_1640_000_1660_000_with_camera_labels-100.png 1560 1056 18
big_dataset_depth/000000002827-segment-13145971249179441231_1640_000_1660_000_with_camera_labels-100.png 1568 1048 18
big_dataset_depth/000000002827-segment-13145971249179441231_1640_000_1660_000_with_camera_labels-100.png 1576 1056 18
big_dataset_depth/000000002827-segment-13145971249179441231_1640_000_1660_000_with_camera_labels-100.png 1584 1056 18
big_dataset_depth/000000002827-segment-13145971249179441231_1640_000_1660_000_with_camera_labels-100.png 1592 1056 18
big_dataset_depth/000000002827-segment-13145971249179441231_1640_000_1660_000_with_camera_labels-100.png 1600 1080 19
big_dataset_depth/000000002827-segment-13145971249179441231_1640_000_1660_000_with_camera_labels-100.png 1608 1040 18
big_dataset_depth/000000002827-segment-13145971249179441231_1640_000_1660_000_with_camera_labels-100.png 1616 1048 18
big_dataset_depth/000000002827-segment-13145971249179441231_1640_000_1660_000_with_camera_labels-100.png 1624 992 31
big_dataset_depth/000000002827-segment-13145971249179441231_1640_000_1660_000_with_camera_labels-100.png 1632 888 50
big_dataset_depth/000000002827-segment-13145971249179441231_1640_000_1660_000_with_camera_labels-100.png 1640 1096 19
big_dataset_depth/000000002827-segment-13145971249179441231_1640_000_1660_000_with_camera_labels-100.png 1648 1096 19
big_dataset_depth/000000002827-segment-13145971249179441231_1640_000_1660_000_with_camera_labels-100.png 1656 1088 19
big_dataset_depth/000000002827-segment-13145971249179441231_1640_000_1660_000_with_camera_labels-100.png 1664 928 37
big_dataset_depth/000000002827-segment-13145971249179441231_1640_000_1660_000_with_camera_labels-100.png 1672 1048 18
big_dataset_depth/000000002827-segment-13145971249179441231_1640_000_1660_000_with_camera_labels-100.png 1680 976 31
big_dataset_depth/000000002827-segment-13145971249179441231_1640_000_1660_000_with_camera_labels-100.png 1688 1048 19
big_dataset_depth/000000002827-segment-13145971249179441231_1640_000_1660_000_with_camera_labels-100.png 1696 968 28
big_dataset_depth/000000002827-segment-13145971249179441231_1640_000_1660_000_with_camera_labels-100.png 1704 776 68
big_dataset_depth/000000002827-segment-13145971249179441231_1640_000_1660_000_with_camera_labels-100.png 1712 968 27
big_dataset_depth/000000002827-segment-13145971249179441231_1640_000_1660_000_with_camera_labels-100.png 1720 968 27
big_dataset_depth/000000002827-segment-13145971249179441231_1640_000_1660_000_with_camera_labels-100.png 1744 744 95
big_dataset_depth/000000002827-segment-13145971249179441231_1640_000_1660_000_with_camera_labels-100.png 1752 984 26
big_dataset_depth/000000002827-segment-13145971249179441231_1640_000_1660_000_with_camera_labels-100.png 1760 984 26
big_dataset_depth/000000002827-segment-13145971249179441231_1640_000_1660_000_with_camera_labels-100.png 1776 984 26
big_dataset_depth/000000002827-segment-13145971249179441231_1640_000_1660_000_with_camera_labels-100.png 1792 840 54
big_dataset_depth/000000002827-segment-13145971249179441231_1640_000_1660_000_with_camera_labels-100.png 1800 752 88
big_dataset_depth/000000002827-segment-13145971249179441231_1640_000_1660_000_with_camera_labels-100.png 1808 968 27
big_dataset_depth/000000002827-segment-13145971249179441231_1640_000_1660_000_with_camera_labels-100.png 1816 1008 25
big_dataset_depth/000000002827-segment-13145971249179441231_1640_000_1660_000_with_camera_labels-100.png 1824 744 104
big_dataset_depth/000000002827-segment-13145971249179441231_1640_000_1660_000_with_camera_labels-100.png 1832 752 50
big_dataset_depth/000000002827-segment-13145971249179441231_1640_000_1660_000_with_camera_labels-100.png 1840 1144 12
big_dataset_depth/000000002827-segment-13145971249179441231_1640_000_1660_000_with_camera_labels-100.png 1848 1232 12
big_dataset_depth/000000002827-segment-13145971249179441231_1640_000_1660_000_with_camera_labels-100.png 1856 832 49
big_dataset_depth/000000002827-segment-13145971249179441231_1640_000_1660_000_with_camera_labels-100.png 1864 968 39
big_dataset_depth/000000002827-segment-13145971249179441231_1640_000_1660_000_with_camera_labels-100.png 1872 752 50
big_dataset_depth/000000002827-segment-13145971249179441231_1640_000_1660_000_with_camera_labels-100.png 1880 752 51
big_dataset_depth/000000002827-segment-13145971249179441231_1640_000_1660_000_with_camera_labels-100.png 1888 920 37
big_dataset_depth/000000002827-segment-13145971249179441231_1640_000_1660_000_with_camera_labels-100.png 1896 1032 28
big_dataset_depth/000000002827-segment-13145971249179441231_1640_000_1660_000_with_camera_labels-100.png 1904 1256 11
big_dataset_depth/000000002827-segment-13145971249179441231_1640_000_1660_000_with_camera_labels-100.png 1912 984 34
