big_dataset_depth/000000003393-segment-13679757109245957439_4167_170_4187_170_with_camera_labels-160.png 0 736 69
big_dataset_depth/000000003393-segment-13679757109245957439_4167_170_4187_170_with_camera_labels-160.png 8 784 60
big_dataset_depth/000000003393-segment-13679757109245957439_4167_170_4187_170_with_camera_labels-160.png 16 808 48
big_dataset_depth/000000003393-segment-13679757109245957439_4167_170_4187_170_with_camera_labels-160.png 24 776 66
big_dataset_depth/000000003393-segment-13679757109245957439_4167_170_4187_170_with_camera_labels-160.png 32 760 66
big_dataset_depth/000000003393-segment-13679757109245957439_4167_170_4187_170_with_camera_labels-160.png 48 768 66
big_dataset_depth/000000003393-segment-13679757109245957439_4167_170_4187_170_with_camera_labels-160.png 56 760 66
big_dataset_depth/000000003393-segment-13679757109245957439_4167_170_4187_170_with_camera_labels-160.png 64 768 69
big_dataset_depth/000000003393-segment-13679757109245957439_4167_170_4187_170_with_camera_labels-160.png 80 752 74
big_dataset_depth/000000003393-segment-13679757109245957439_4167_170_4187_170_with_camera_labels-160.png 88 744 76
big_dataset_depth/000000003393-segment-13679757109245957439_4167_170_4187_170_with_camera_labels-160.png 96 760 74
big_dataset_depth/000000003393-segment-13679757109245957439_4167_170_4187_170_with_camera_labels-160.png 104 776 67
big_dataset_depth/000000003393-segment-13679757109245957439_4167_170_4187_170_with_camera_labels-160.png 112 760 71
big_dataset_depth/000000003393-segment-13679757109245957439_4167_170_4187_170_with_camera_labels-160.png 120 776 67
big_dataset_depth/000000003393-segment-13679757109245957439_4167_170_4187_170_with_camera_labels-160.png 128 760 69
big_dataset_depth/000000003393-segment-13679757109245957439_4167_170_4187_170_with_camera_labels-160.png 136 760 67
big_dataset_depth/000000003393-segment-13679757109245957439_4167_170_4187_170_with_camera_labels-160.png 144 768 63
big_dataset_depth/000000003393-segment-13679757109245957439_4167_170_4187_170_with_camera_labels-160.png 152 768 63
big_dataset_depth/000000003393-segment-13679757109245957439_4167_170_4187_170_with_camera_labels-160.png 160 768 62
big_dataset_depth/000000003393-segment-13679757109245957439_4167_170_4187_170_with_camera_labels-160.png 168 768 63
big_dataset_depth/000000003393-segment-13679757109245957439_4167_170_4187_170_with_camera_labels-160.png 176 768 62
big_dataset_depth/000000003393-segment-13679757109245957439_4167_170_4187_170_with_camera_labels-160.png 184 768 62
big_dataset_depth/000000003393-segment-13679757109245957439_4167_170_4187_170_with_camera_labels-160.png 192 768 62
big_dataset_depth/000000003393-segment-13679757109245957439_4167_170_4187_170_with_camera_labels-160.png 200 768 63
big_dataset_depth/000000003393-segment-13679757109245957439_4167_170_4187_170_with_camera_labels-160.png 208 768 63
big_dataset_depth/000000003393-segment-13679757109245957439_4167_170_4187_170_with_camera_labels-160.png 216 768 63
big_dataset_depth/000000003393-segment-13679757109245957439_4167_170_4187_170_with_camera_labels-160.png 224 768 63
big_dataset_depth/000000003393-segment-13679757109245957439_4167_170_4187_170_with_camera_labels-160.png 232 768 63
big_dataset_depth/000000003393-segment-13679757109245957439_4167_170_4187_170_with_camera_labels-160.png 240 760 64
big_dataset_depth/000000003393-segment-13679757109245957439_4167_170_4187_170_with_camera_labels-160.png 248 768 65
big_dataset_depth/000000003393-segment-13679757109245957439_4167_170_4187_170_with_camera_labels-160.png 256 760 70
big_dataset_depth/000000003393-segment-13679757109245957439_4167_170_4187_170_with_camera_labels-160.png 264 760 70
big_dataset_depth/000000003393-segment-13679757109245957439_4167_170_4187_170_with_camera_labels-160.png 272 760 70
big_dataset_depth/000000003393-segment-13679757109245957439_4167_170_4187_170_with_camera_labels-160.png 280 752 71
big_dataset_depth/000000003393-segment-13679757109245957439_4167_170_4187_170_with_camera_labels-160.png 288 752 62
big_dataset_depth/000000003393-segment-13679757109245957439_4167_170_4187_170_with_camera_labels-160.png 296 712 82
big_dataset_depth/000000003393-segment-13679757109245957439_4167_170_4187_170_with_camera_labels-160.png 304 752 77
big_dataset_depth/000000003393-segment-13679757109245957439_4167_170_4187_170_with_camera_labels-160.png 312 736 79
big_dataset_depth/000000003393-segment-13679757109245957439_4167_170_4187_170_with_camera_labels-160.png 320 752 77
big_dataset_depth/000000003393-segment-13679757109245957439_4167_170_4187_170_with_camera_labels-160.png 328 760 76
big_dataset_depth/000000003393-segment-13679757109245957439_4167_170_4187_170_with_camera_labels-160.png 336 760 76
big_dataset_depth/000000003393-segment-13679757109245957439_4167_170_4187_170_with_camera_labels-160.png 344 736 83
big_dataset_depth/000000003393-segment-13679757109245957439_4167_170_4187_170_with_camera_labels-160.png 352 752 77
big_dataset_depth/000000003393-segment-13679757109245957439_4167_170_4187_170_with_camera_labels-160.png 360 736 86
big_dataset_depth/000000003393-segment-13679757109245957439_4167_170_4187_170_with_camera_labels-160.png 368 736 80
big_dataset_depth/000000003393-segment-13679757109245957439_4167_170_4187_170_with_camera_labels-160.png 376 744 84
big_dataset_depth/000000003393-segment-13679757109245957439_4167_170_4187_170_with_camera_labels-160.png 384 744 79
big_dataset_depth/000000003393-segment-13679757109245957439_4167_170_4187_170_with_camera_labels-160.png 392 760 70
big_dataset_depth/000000003393-segment-13679757109245957439_4167_170_4187_170_with_camera_labels-160.png 400 744 89
big_dataset_depth/000000003393-segment-13679757109245957439_4167_170_4187_170_with_camera_labels-160.png 408 728 104
big_dataset_depth/000000003393-segment-13679757109245957439_4167_170_4187_170_with_camera_labels-160.png 416 728 103
big_dataset_depth/000000003393-segment-13679757109245957439_4167_170_4187_170_with_camera_labels-160.png 424 720 91
big_dataset_depth/000000003393-segment-13679757109245957439_4167_170_4187_170_with_camera_labels-160.png 432 752 74
big_dataset_depth/000000003393-segment-13679757109245957439_4167_170_4187_170_with_camera_labels-160.png 440 752 74
big_dataset_depth/000000003393-segment-13679757109245957439_4167_170_4187_170_with_camera_labels-160.png 448 744 74
big_dataset_depth/000000003393-segment-13679757109245957439_4167_170_4187_170_with_camera_labels-160.png 456 736 77
big_dataset_depth/000000003393-segment-13679757109245957439_4167_170_4187_170_with_camera_labels-160.png 464 744 80
big_dataset_depth/000000003393-segment-13679757109245957439_4167_170_4187_170_with_camera_labels-160.png 472 744 80
big_dataset_depth/000000003393-segment-13679757109245957439_4167_170_4187_170_with_camera_labels-160.png 480 736 79
big_dataset_depth/000000003393-segment-13679757109245957439_4167_170_4187_170_with_camera_labels-160.png 488 736 89
big_dataset_depth/000000003393-segment-13679757109245957439_4167_170_4187_170_with_camera_labels-160.png 496 744 85
big_dataset_depth/000000003393-segment-13679757109245957439_4167_170_4187_170_with_camera_labels-160.png 504 736 86
big_dataset_depth/000000003393-segment-13679757109245957439_4167_170_4187_170_with_camera_labels-160.png 512 744 86
big_dataset_depth/000000003393-segment-13679757109245957439_4167_170_4187_170_with_camera_labels-160.png 520 744 86
big_dataset_depth/000000003393-segment-13679757109245957439_4167_170_4187_170_with_camera_labels-160.png 528 744 86
big_dataset_depth/000000003393-segment-13679757109245957439_4167_170_4187_170_with_camera_labels-160.png 536 744 86
big_dataset_depth/000000003393-segment-13679757109245957439_4167_170_4187_170_with_camera_labels-160.png 544 744 87
big_dataset_depth/000000003393-segment-13679757109245957439_4167_170_4187_170_with_camera_labels-160.png 552 736 94
big_dataset_depth/000000003393-segment-13679757109245957439_4167_170_4187_170_with_camera_labels-160.png 560 728 102
big_dataset_depth/000000003393-segment-13679757109245957439_4167_170_4187_170_with_camera_labels-160.png 568 728 108
big_dataset_depth/000000003393-segment-13679757109245957439_4167_170_4187_170_with_camera_labels-160.png 576 736 96
big_dataset_depth/000000003393-segment-13679757109245957439_4167_170_4187_170_with_camera_labels-160.png 584 728 108
big_dataset_depth/000000003393-segment-13679757109245957439_4167_170_4187_170_with_camera_labels-160.png 592 728 108
big_dataset_depth/000000003393-segment-13679757109245957439_4167_170_4187_170_with_camera_labels-160.png 600 736 98
big_dataset_depth/000000003393-segment-13679757109245957439_4167_170_4187_170_with_camera_labels-160.png 616 576 104
big_dataset_depth/000000003393-segment-13679757109245957439_4167_170_4187_170_with_camera_labels-160.png 1104 592 92
big_dataset_depth/000000003393-segment-13679757109245957439_4167_170_4187_170_with_camera_labels-160.png 1112 744 92
big_dataset_depth/000000003393-segment-13679757109245957439_4167_170_4187_170_with_camera_labels-160.png 1120 744 87
big_dataset_depth/000000003393-segment-13679757109245957439_4167_170_4187_170_with_camera_labels-160.png 1136 616 91
big_dataset_depth/000000003393-segment-13679757109245957439_4167_170_4187_170_with_camera_labels-160.png 1144 632 90
big_dataset_depth/000000003393-segment-13679757109245957439_4167_170_4187_170_with_camera_labels-160.png 1152 640 90
big_dataset_depth/000000003393-segment-13679757109245957439_4167_170_4187_170_with_camera_labels-160.png 1160 728 95
big_dataset_depth/000000003393-segment-13679757109245957439_4167_170_4187_170_with_camera_labels-160.png 1168 728 97
big_dataset_depth/000000003393-segment-13679757109245957439_4167_170_4187_170_with_camera_labels-160.png 1176 728 93
big_dataset_depth/000000003393-segment-13679757109245957439_4167_170_4187_170_with_camera_labels-160.png 1184 632 89
big_dataset_depth/000000003393-segment-13679757109245957439_4167_170_4187_170_with_camera_labels-160.png 1192 720 91
big_dataset_depth/000000003393-segment-13679757109245957439_4167_170_4187_170_with_camera_labels-160.png 1200 720 90
big_dataset_depth/000000003393-segment-13679757109245957439_4167_170_4187_170_with_camera_labels-160.png 1208 720 89
big_dataset_depth/000000003393-segment-13679757109245957439_4167_170_4187_170_with_camera_labels-160.png 1216 720 88
big_dataset_depth/000000003393-segment-13679757109245957439_4167_170_4187_170_with_camera_labels-160.png 1224 720 87
big_dataset_depth/000000003393-segment-13679757109245957439_4167_170_4187_170_with_camera_labels-160.png 1232 704 86
big_dataset_depth/000000003393-segment-13679757109245957439_4167_170_4187_170_with_camera_labels-160.png 1240 728 77
big_dataset_depth/000000003393-segment-13679757109245957439_4167_170_4187_170_with_camera_labels-160.png 1248 728 65
big_dataset_depth/000000003393-segment-13679757109245957439_4167_170_4187_170_with_camera_labels-160.png 1256 744 63
big_dataset_depth/000000003393-segment-13679757109245957439_4167_170_4187_170_with_camera_labels-160.png 1264 752 63
big_dataset_depth/000000003393-segment-13679757109245957439_4167_170_4187_170_with_camera_labels-160.png 1272 760 64
big_dataset_depth/000000003393-segment-13679757109245957439_4167_170_4187_170_with_camera_labels-160.png 1280 784 54
big_dataset_depth/000000003393-segment-13679757109245957439_4167_170_4187_170_with_camera_labels-160.png 1288 736 71
big_dataset_depth/000000003393-segment-13679757109245957439_4167_170_4187_170_with_camera_labels-160.png 1296 744 69
big_dataset_depth/000000003393-segment-13679757109245957439_4167_170_4187_170_with_camera_labels-160.png 1304 760 66
big_dataset_depth/000000003393-segment-13679757109245957439_4167_170_4187_170_with_camera_labels-160.png 1312 744 66
big_dataset_depth/000000003393-segment-13679757109245957439_4167_170_4187_170_with_camera_labels-160.png 1320 760 64
big_dataset_depth/000000003393-segment-13679757109245957439_4167_170_4187_170_with_camera_labels-160.png 1328 760 63
big_dataset_depth/000000003393-segment-13679757109245957439_4167_170_4187_170_with_camera_labels-160.png 1336 760 62
big_dataset_depth/000000003393-segment-13679757109245957439_4167_170_4187_170_with_camera_labels-160.png 1344 864 38
big_dataset_depth/000000003393-segment-13679757109245957439_4167_170_4187_170_with_camera_labels-160.png 1352 864 38
big_dataset_depth/000000003393-segment-13679757109245957439_4167_170_4187_170_with_camera_labels-160.png 1360 760 54
big_dataset_depth/000000003393-segment-13679757109245957439_4167_170_4187_170_with_camera_labels-160.png 1368 752 57
big_dataset_depth/000000003393-segment-13679757109245957439_4167_170_4187_170_with_camera_labels-160.png 1376 880 35
big_dataset_depth/000000003393-segment-13679757109245957439_4167_170_4187_170_with_camera_labels-160.png 1384 768 55
big_dataset_depth/000000003393-segment-13679757109245957439_4167_170_4187_170_with_camera_labels-160.png 1400 808 43
big_dataset_depth/000000003393-segment-13679757109245957439_4167_170_4187_170_with_camera_labels-160.png 1408 896 33
big_dataset_depth/000000003393-segment-13679757109245957439_4167_170_4187_170_with_camera_labels-160.png 1416 784 49
big_dataset_depth/000000003393-segment-13679757109245957439_4167_170_4187_170_with_camera_labels-160.png 1424 728 50
big_dataset_depth/000000003393-segment-13679757109245957439_4167_170_4187_170_with_camera_labels-160.png 1432 736 47
big_dataset_depth/000000003393-segment-13679757109245957439_4167_170_4187_170_with_camera_labels-160.png 1440 848 39
big_dataset_depth/000000003393-segment-13679757109245957439_4167_170_4187_170_with_camera_labels-160.png 1448 784 48
big_dataset_depth/000000003393-segment-13679757109245957439_4167_170_4187_170_with_camera_labels-160.png 1456 784 47
big_dataset_depth/000000003393-segment-13679757109245957439_4167_170_4187_170_with_camera_labels-160.png 1472 880 35
big_dataset_depth/000000003393-segment-13679757109245957439_4167_170_4187_170_with_camera_labels-160.png 1480 856 38
big_dataset_depth/000000003393-segment-13679757109245957439_4167_170_4187_170_with_camera_labels-160.png 1488 768 47
big_dataset_depth/000000003393-segment-13679757109245957439_4167_170_4187_170_with_camera_labels-160.png 1504 944 27
big_dataset_depth/000000003393-segment-13679757109245957439_4167_170_4187_170_with_camera_labels-160.png 1512 832 40
big_dataset_depth/000000003393-segment-13679757109245957439_4167_170_4187_170_with_camera_labels-160.png 1520 760 46
big_dataset_depth/000000003393-segment-13679757109245957439_4167_170_4187_170_with_camera_labels-160.png 1528 736 54
big_dataset_depth/000000003393-segment-13679757109245957439_4167_170_4187_170_with_camera_labels-160.png 1544 960 26
big_dataset_depth/000000003393-segment-13679757109245957439_4167_170_4187_170_with_camera_labels-160.png 1552 960 26
big_dataset_depth/000000003393-segment-13679757109245957439_4167_170_4187_170_with_camera_labels-160.png 1560 960 26
big_dataset_depth/000000003393-segment-13679757109245957439_4167_170_4187_170_with_camera_labels-160.png 1568 896 32
big_dataset_depth/000000003393-segment-13679757109245957439_4167_170_4187_170_with_camera_labels-160.png 1576 912 30
big_dataset_depth/000000003393-segment-13679757109245957439_4167_170_4187_170_with_camera_labels-160.png 1584 824 38
big_dataset_depth/000000003393-segment-13679757109245957439_4167_170_4187_170_with_camera_labels-160.png 1592 824 38
big_dataset_depth/000000003393-segment-13679757109245957439_4167_170_4187_170_with_camera_labels-160.png 1600 824 38
big_dataset_depth/000000003393-segment-13679757109245957439_4167_170_4187_170_with_camera_labels-160.png 1624 896 31
big_dataset_depth/000000003393-segment-13679757109245957439_4167_170_4187_170_with_camera_labels-160.png 1632 976 25
big_dataset_depth/000000003393-segment-13679757109245957439_4167_170_4187_170_with_camera_labels-160.png 1640 832 39
big_dataset_depth/000000003393-segment-13679757109245957439_4167_170_4187_170_with_camera_labels-160.png 1648 976 24
big_dataset_depth/000000003393-segment-13679757109245957439_4167_170_4187_170_with_camera_labels-160.png 1656 864 35
big_dataset_depth/000000003393-segment-13679757109245957439_4167_170_4187_170_with_camera_labels-160.png 1664 752 45
big_dataset_depth/000000003393-segment-13679757109245957439_4167_170_4187_170_with_camera_labels-160.png 1672 752 45
big_dataset_depth/000000003393-segment-13679757109245957439_4167_170_4187_170_with_camera_labels-160.png 1680 752 44
big_dataset_depth/000000003393-segment-13679757109245957439_4167_170_4187_170_with_camera_labels-160.png 1688 760 44
big_dataset_depth/000000003393-segment-13679757109245957439_4167_170_4187_170_with_camera_labels-160.png 1704 752 43
big_dataset_depth/000000003393-segment-13679757109245957439_4167_170_4187_170_with_camera_labels-160.png 1712 752 43
big_dataset_depth/000000003393-segment-13679757109245957439_4167_170_4187_170_with_camera_labels-160.png 1728 832 30
big_dataset_depth/000000003393-segment-13679757109245957439_4167_170_4187_170_with_camera_labels-160.png 1752 1000 23
big_dataset_depth/000000003393-segment-13679757109245957439_4167_170_4187_170_with_camera_labels-160.png 1760 1000 23
big_dataset_depth/000000003393-segment-13679757109245957439_4167_170_4187_170_with_camera_labels-160.png 1768 1000 23
big_dataset_depth/000000003393-segment-13679757109245957439_4167_170_4187_170_with_camera_labels-160.png 1776 1000 23
big_dataset_depth/000000003393-segment-13679757109245957439_4167_170_4187_170_with_camera_labels-160.png 1784 1000 23
big_dataset_depth/000000003393-segment-13679757109245957439_4167_170_4187_170_with_camera_labels-160.png 1792 1000 23
big_dataset_depth/000000003393-segment-13679757109245957439_4167_170_4187_170_with_camera_labels-160.png 1800 1000 23
big_dataset_depth/000000003393-segment-13679757109245957439_4167_170_4187_170_with_camera_labels-160.png 1808 968 24
big_dataset_depth/000000003393-segment-13679757109245957439_4167_170_4187_170_with_camera_labels-160.png 1816 928 27
big_dataset_depth/000000003393-segment-13679757109245957439_4167_170_4187_170_with_camera_labels-160.png 1824 928 27
big_dataset_depth/000000003393-segment-13679757109245957439_4167_170_4187_170_with_camera_labels-160.png 1832 936 27
big_dataset_depth/000000003393-segment-13679757109245957439_4167_170_4187_170_with_camera_labels-160.png 1840 920 27
big_dataset_depth/000000003393-segment-13679757109245957439_4167_170_4187_170_with_camera_labels-160.png 1848 928 27
big_dataset_depth/000000003393-segment-13679757109245957439_4167_170_4187_170_with_camera_labels-160.png 1856 928 27
big_dataset_depth/000000003393-segment-13679757109245957439_4167_170_4187_170_with_camera_labels-160.png 1864 944 26
big_dataset_depth/000000003393-segment-13679757109245957439_4167_170_4187_170_with_camera_labels-160.png 1872 928 27
big_dataset_depth/000000003393-segment-13679757109245957439_4167_170_4187_170_with_camera_labels-160.png 1880 912 26
big_dataset_depth/000000003393-segment-13679757109245957439_4167_170_4187_170_with_camera_labels-160.png 1888 944 26
big_dataset_depth/000000003393-segment-13679757109245957439_4167_170_4187_170_with_camera_labels-160.png 1896 944 26
big_dataset_depth/000000003393-segment-13679757109245957439_4167_170_4187_170_with_camera_labels-160.png 1904 816 31
big_dataset_depth/000000003393-segment-13679757109245957439_4167_170_4187_170_with_camera_labels-160.png 1912 832 32
