big_dataset_depth/000000002730-segment-13005562150845909564_3141_360_3161_360_with_camera_labels-130.png 0 824 66
big_dataset_depth/000000002730-segment-13005562150845909564_3141_360_3161_360_with_camera_labels-130.png 8 840 67
big_dataset_depth/000000002730-segment-13005562150845909564_3141_360_3161_360_with_camera_labels-130.png 16 824 67
big_dataset_depth/000000002730-segment-13005562150845909564_3141_360_3161_360_with_camera_labels-130.png 24 824 67
big_dataset_depth/000000002730-segment-13005562150845909564_3141_360_3161_360_with_camera_labels-130.png 32 784 76
big_dataset_depth/000000002730-segment-13005562150845909564_3141_360_3161_360_with_camera_labels-130.png 40 792 74
big_dataset_depth/000000002730-segment-13005562150845909564_3141_360_3161_360_with_camera_labels-130.png 48 784 75
big_dataset_depth/000000002730-segment-13005562150845909564_3141_360_3161_360_with_camera_labels-130.png 56 808 54
big_dataset_depth/000000002730-segment-13005562150845909564_3141_360_3161_360_with_camera_labels-130.png 64 896 38
big_dataset_depth/000000002730-segment-13005562150845909564_3141_360_3161_360_with_camera_labels-130.png 72 864 52
big_dataset_depth/000000002730-segment-13005562150845909564_3141_360_3161_360_with_camera_labels-130.png 80 896 37
big_dataset_depth/000000002730-segment-13005562150845909564_3141_360_3161_360_with_camera_labels-130.png 88 856 41
big_dataset_depth/000000002730-segment-13005562150845909564_3141_360_3161_360_with_camera_labels-130.png 96 888 38
big_dataset_depth/000000002730-segment-13005562150845909564_3141_360_3161_360_with_camera_labels-130.png 104 888 38
big_dataset_depth/000000002730-segment-13005562150845909564_3141_360_3161_360_with_camera_labels-130.png 112 864 38
big_dataset_depth/000000002730-segment-13005562150845909564_3141_360_3161_360_with_camera_labels-130.png 120 872 38
big_dataset_depth/000000002730-segment-13005562150845909564_3141_360_3161_360_with_camera_labels-130.png 128 872 38
big_dataset_depth/000000002730-segment-13005562150845909564_3141_360_3161_360_with_camera_labels-130.png 136 880 37
big_dataset_depth/000000002730-segment-13005562150845909564_3141_360_3161_360_with_camera_labels-130.png 144 880 37
big_dataset_depth/000000002730-segment-13005562150845909564_3141_360_3161_360_with_camera_labels-130.png 152 880 38
big_dataset_depth/000000002730-segment-13005562150845909564_3141_360_3161_360_with_camera_labels-130.png 160 912 36
big_dataset_depth/000000002730-segment-13005562150845909564_3141_360_3161_360_with_camera_labels-130.png 168 936 33
big_dataset_depth/000000002730-segment-13005562150845909564_3141_360_3161_360_with_camera_labels-130.png 184 832 44
big_dataset_depth/000000002730-segment-13005562150845909564_3141_360_3161_360_with_camera_labels-130.png 192 856 45
big_dataset_depth/000000002730-segment-13005562150845909564_3141_360_3161_360_with_camera_labels-130.png 200 840 44
big_dataset_depth/000000002730-segment-13005562150845909564_3141_360_3161_360_with_camera_labels-130.png 208 832 44
big_dataset_depth/000000002730-segment-13005562150845909564_3141_360_3161_360_with_camera_labels-130.png 216 840 45
big_dataset_depth/000000002730-segment-13005562150845909564_3141_360_3161_360_with_camera_labels-130.png 224 856 47
big_dataset_depth/000000002730-segment-13005562150845909564_3141_360_3161_360_with_camera_labels-130.png 232 816 54
big_dataset_depth/000000002730-segment-13005562150845909564_3141_360_3161_360_with_camera_labels-130.png 240 832 54
big_dataset_depth/000000002730-segment-13005562150845909564_3141_360_3161_360_with_camera_labels-130.png 248 832 53
big_dataset_depth/000000002730-segment-13005562150845909564_3141_360_3161_360_with_camera_labels-130.png 256 840 52
big_dataset_depth/000000002730-segment-13005562150845909564_3141_360_3161_360_with_camera_labels-130.png 264 840 52
big_dataset_depth/000000002730-segment-13005562150845909564_3141_360_3161_360_with_camera_labels-130.png 272 840 52
big_dataset_depth/000000002730-segment-13005562150845909564_3141_360_3161_360_with_camera_labels-130.png 280 832 52
big_dataset_depth/000000002730-segment-13005562150845909564_3141_360_3161_360_with_camera_labels-130.png 288 840 51
big_dataset_depth/000000002730-segment-13005562150845909564_3141_360_3161_360_with_camera_labels-130.png 296 840 51
big_dataset_depth/000000002730-segment-13005562150845909564_3141_360_3161_360_with_camera_labels-130.png 304 840 51
big_dataset_depth/000000002730-segment-13005562150845909564_3141_360_3161_360_with_camera_labels-130.png 312 856 45
big_dataset_depth/000000002730-segment-13005562150845909564_3141_360_3161_360_with_camera_labels-130.png 320 888 39
big_dataset_depth/000000002730-segment-13005562150845909564_3141_360_3161_360_with_camera_labels-130.png 328 856 43
big_dataset_depth/000000002730-segment-13005562150845909564_3141_360_3161_360_with_camera_labels-130.png 336 888 40
big_dataset_depth/000000002730-segment-13005562150845909564_3141_360_3161_360_with_camera_labels-130.png 344 864 39
big_dataset_depth/000000002730-segment-13005562150845909564_3141_360_3161_360_with_camera_labels-130.png 352 880 39
big_dataset_depth/000000002730-segment-13005562150845909564_3141_360_3161_360_with_camera_labels-130.png 360 888 38
big_dataset_depth/000000002730-segment-13005562150845909564_3141_360_3161_360_with_camera_labels-130.png 368 880 39
big_dataset_depth/000000002730-segment-13005562150845909564_3141_360_3161_360_with_camera_labels-130.png 376 872 39
big_dataset_depth/000000002730-segment-13005562150845909564_3141_360_3161_360_with_camera_labels-130.png 384 856 44
big_dataset_depth/000000002730-segment-13005562150845909564_3141_360_3161_360_with_camera_labels-130.png 392 888 39
big_dataset_depth/000000002730-segment-13005562150845909564_3141_360_3161_360_with_camera_labels-130.png 400 816 54
big_dataset_depth/000000002730-segment-13005562150845909564_3141_360_3161_360_with_camera_labels-130.png 416 776 69
big_dataset_depth/000000002730-segment-13005562150845909564_3141_360_3161_360_with_camera_labels-130.png 424 784 69
big_dataset_depth/000000002730-segment-13005562150845909564_3141_360_3161_360_with_camera_labels-130.png 432 808 63
big_dataset_depth/000000002730-segment-13005562150845909564_3141_360_3161_360_with_camera_labels-130.png 448 808 61
big_dataset_depth/000000002730-segment-13005562150845909564_3141_360_3161_360_with_camera_labels-130.png 456 768 73
big_dataset_depth/000000002730-segment-13005562150845909564_3141_360_3161_360_with_camera_labels-130.png 464 776 73
big_dataset_depth/000000002730-segment-13005562150845909564_3141_360_3161_360_with_camera_labels-130.png 472 800 63
big_dataset_depth/000000002730-segment-13005562150845909564_3141_360_3161_360_with_camera_labels-130.png 480 824 54
big_dataset_depth/000000002730-segment-13005562150845909564_3141_360_3161_360_with_camera_labels-130.png 488 824 54
big_dataset_depth/000000002730-segment-13005562150845909564_3141_360_3161_360_with_camera_labels-130.png 496 824 54
big_dataset_depth/000000002730-segment-13005562150845909564_3141_360_3161_360_with_camera_labels-130.png 504 824 54
big_dataset_depth/000000002730-segment-13005562150845909564_3141_360_3161_360_with_camera_labels-130.png 512 824 54
big_dataset_depth/000000002730-segment-13005562150845909564_3141_360_3161_360_with_camera_labels-130.png 520 824 54
big_dataset_depth/000000002730-segment-13005562150845909564_3141_360_3161_360_with_camera_labels-130.png 528 816 54
big_dataset_depth/000000002730-segment-13005562150845909564_3141_360_3161_360_with_camera_labels-130.png 536 824 54
big_dataset_depth/000000002730-segment-13005562150845909564_3141_360_3161_360_with_camera_labels-130.png 552 776 73
big_dataset_depth/000000002730-segment-13005562150845909564_3141_360_3161_360_with_camera_labels-130.png 560 776 73
big_dataset_depth/000000002730-segment-13005562150845909564_3141_360_3161_360_with_camera_labels-130.png 568 776 73
big_dataset_depth/000000002730-segment-13005562150845909564_3141_360_3161_360_with_camera_labels-130.png 576 768 69
big_dataset_depth/000000002730-segment-13005562150845909564_3141_360_3161_360_with_camera_labels-130.png 584 784 69
big_dataset_depth/000000002730-segment-13005562150845909564_3141_360_3161_360_with_camera_labels-130.png 592 784 69
big_dataset_depth/000000002730-segment-13005562150845909564_3141_360_3161_360_with_camera_labels-130.png 600 760 73
big_dataset_depth/000000002730-segment-13005562150845909564_3141_360_3161_360_with_camera_labels-130.png 608 776 73
big_dataset_depth/000000002730-segment-13005562150845909564_3141_360_3161_360_with_camera_labels-130.png 616 776 73
big_dataset_depth/000000002730-segment-13005562150845909564_3141_360_3161_360_with_camera_labels-130.png 624 784 69
big_dataset_depth/000000002730-segment-13005562150845909564_3141_360_3161_360_with_camera_labels-130.png 632 768 71
big_dataset_depth/000000002730-segment-13005562150845909564_3141_360_3161_360_with_camera_labels-130.png 640 784 69
big_dataset_depth/000000002730-segment-13005562150845909564_3141_360_3161_360_with_camera_labels-130.png 648 760 71
big_dataset_depth/000000002730-segment-13005562150845909564_3141_360_3161_360_with_camera_labels-130.png 656 776 69
big_dataset_depth/000000002730-segment-13005562150845909564_3141_360_3161_360_with_camera_labels-130.png 664 760 72
big_dataset_depth/000000002730-segment-13005562150845909564_3141_360_3161_360_with_camera_labels-130.png 672 776 73
big_dataset_depth/000000002730-segment-13005562150845909564_3141_360_3161_360_with_camera_labels-130.png 680 776 72
big_dataset_depth/000000002730-segment-13005562150845909564_3141_360_3161_360_with_camera_labels-130.png 688 808 63
big_dataset_depth/000000002730-segment-13005562150845909564_3141_360_3161_360_with_camera_labels-130.png 696 824 58
big_dataset_depth/000000002730-segment-13005562150845909564_3141_360_3161_360_with_camera_labels-130.png 704 808 63
big_dataset_depth/000000002730-segment-13005562150845909564_3141_360_3161_360_with_camera_labels-130.png 712 752 87
big_dataset_depth/000000002730-segment-13005562150845909564_3141_360_3161_360_with_camera_labels-130.png 720 736 92
big_dataset_depth/000000002730-segment-13005562150845909564_3141_360_3161_360_with_camera_labels-130.png 728 752 87
big_dataset_depth/000000002730-segment-13005562150845909564_3141_360_3161_360_with_camera_labels-130.png 736 736 93
big_dataset_depth/000000002730-segment-13005562150845909564_3141_360_3161_360_with_camera_labels-130.png 744 760 87
big_dataset_depth/000000002730-segment-13005562150845909564_3141_360_3161_360_with_camera_labels-130.png 752 744 85
big_dataset_depth/000000002730-segment-13005562150845909564_3141_360_3161_360_with_camera_labels-130.png 760 744 83
big_dataset_depth/000000002730-segment-13005562150845909564_3141_360_3161_360_with_camera_labels-130.png 768 768 75
big_dataset_depth/000000002730-segment-13005562150845909564_3141_360_3161_360_with_camera_labels-130.png 776 776 76
big_dataset_depth/000000002730-segment-13005562150845909564_3141_360_3161_360_with_camera_labels-130.png 784 776 76
big_dataset_depth/000000002730-segment-13005562150845909564_3141_360_3161_360_with_camera_labels-130.png 792 768 75
big_dataset_depth/000000002730-segment-13005562150845909564_3141_360_3161_360_with_camera_labels-130.png 800 776 77
big_dataset_depth/000000002730-segment-13005562150845909564_3141_360_3161_360_with_camera_labels-130.png 808 752 77
big_dataset_depth/000000002730-segment-13005562150845909564_3141_360_3161_360_with_camera_labels-130.png 816 776 78
big_dataset_depth/000000002730-segment-13005562150845909564_3141_360_3161_360_with_camera_labels-130.png 824 776 79
big_dataset_depth/000000002730-segment-13005562150845909564_3141_360_3161_360_with_camera_labels-130.png 832 760 78
big_dataset_depth/000000002730-segment-13005562150845909564_3141_360_3161_360_with_camera_labels-130.png 840 760 79
big_dataset_depth/000000002730-segment-13005562150845909564_3141_360_3161_360_with_camera_labels-130.png 848 760 92
big_dataset_depth/000000002730-segment-13005562150845909564_3141_360_3161_360_with_camera_labels-130.png 856 752 92
big_dataset_depth/000000002730-segment-13005562150845909564_3141_360_3161_360_with_camera_labels-130.png 864 744 92
big_dataset_depth/000000002730-segment-13005562150845909564_3141_360_3161_360_with_camera_labels-130.png 872 752 93
big_dataset_depth/000000002730-segment-13005562150845909564_3141_360_3161_360_with_camera_labels-130.png 880 744 93
big_dataset_depth/000000002730-segment-13005562150845909564_3141_360_3161_360_with_camera_labels-130.png 888 664 99
big_dataset_depth/000000002730-segment-13005562150845909564_3141_360_3161_360_with_camera_labels-130.png 896 752 103
big_dataset_depth/000000002730-segment-13005562150845909564_3141_360_3161_360_with_camera_labels-130.png 904 752 103
big_dataset_depth/000000002730-segment-13005562150845909564_3141_360_3161_360_with_camera_labels-130.png 912 752 103
big_dataset_depth/000000002730-segment-13005562150845909564_3141_360_3161_360_with_camera_labels-130.png 920 752 103
big_dataset_depth/000000002730-segment-13005562150845909564_3141_360_3161_360_with_camera_labels-130.png 928 752 103
big_dataset_depth/000000002730-segment-13005562150845909564_3141_360_3161_360_with_camera_labels-130.png 936 752 98
big_dataset_depth/000000002730-segment-13005562150845909564_3141_360_3161_360_with_camera_labels-130.png 944 752 103
big_dataset_depth/000000002730-segment-13005562150845909564_3141_360_3161_360_with_camera_labels-130.png 952 688 100
big_dataset_depth/000000002730-segment-13005562150845909564_3141_360_3161_360_with_camera_labels-130.png 960 752 104
big_dataset_depth/000000002730-segment-13005562150845909564_3141_360_3161_360_with_camera_labels-130.png 968 752 105
big_dataset_depth/000000002730-segment-13005562150845909564_3141_360_3161_360_with_camera_labels-130.png 976 752 105
big_dataset_depth/000000002730-segment-13005562150845909564_3141_360_3161_360_with_camera_labels-130.png 984 752 105
big_dataset_depth/000000002730-segment-13005562150845909564_3141_360_3161_360_with_camera_labels-130.png 992 752 105
big_dataset_depth/000000002730-segment-13005562150845909564_3141_360_3161_360_with_camera_labels-130.png 1000 752 105
big_dataset_depth/000000002730-segment-13005562150845909564_3141_360_3161_360_with_camera_labels-130.png 1008 744 104
big_dataset_depth/000000002730-segment-13005562150845909564_3141_360_3161_360_with_camera_labels-130.png 1016 744 103
big_dataset_depth/000000002730-segment-13005562150845909564_3141_360_3161_360_with_camera_labels-130.png 1024 744 103
big_dataset_depth/000000002730-segment-13005562150845909564_3141_360_3161_360_with_camera_labels-130.png 1032 744 103
big_dataset_depth/000000002730-segment-13005562150845909564_3141_360_3161_360_with_camera_labels-130.png 1040 744 103
big_dataset_depth/000000002730-segment-13005562150845909564_3141_360_3161_360_with_camera_labels-130.png 1048 744 103
big_dataset_depth/000000002730-segment-13005562150845909564_3141_360_3161_360_with_camera_labels-130.png 1056 744 103
big_dataset_depth/000000002730-segment-13005562150845909564_3141_360_3161_360_with_camera_labels-130.png 1064 752 103
big_dataset_depth/000000002730-segment-13005562150845909564_3141_360_3161_360_with_camera_labels-130.png 1072 752 104
big_dataset_depth/000000002730-segment-13005562150845909564_3141_360_3161_360_with_camera_labels-130.png 1488 744 72
big_dataset_depth/000000002730-segment-13005562150845909564_3141_360_3161_360_with_camera_labels-130.png 1496 760 71
big_dataset_depth/000000002730-segment-13005562150845909564_3141_360_3161_360_with_camera_labels-130.png 1504 776 71
big_dataset_depth/000000002730-segment-13005562150845909564_3141_360_3161_360_with_camera_labels-130.png 1512 776 70
big_dataset_depth/000000002730-segment-13005562150845909564_3141_360_3161_360_with_camera_labels-130.png 1520 784 68
big_dataset_depth/000000002730-segment-13005562150845909564_3141_360_3161_360_with_camera_labels-130.png 1528 784 68
big_dataset_depth/000000002730-segment-13005562150845909564_3141_360_3161_360_with_camera_labels-130.png 1536 776 64
big_dataset_depth/000000002730-segment-13005562150845909564_3141_360_3161_360_with_camera_labels-130.png 1544 776 61
big_dataset_depth/000000002730-segment-13005562150845909564_3141_360_3161_360_with_camera_labels-130.png 1552 784 61
big_dataset_depth/000000002730-segment-13005562150845909564_3141_360_3161_360_with_camera_labels-130.png 1560 784 60
big_dataset_depth/000000002730-segment-13005562150845909564_3141_360_3161_360_with_camera_labels-130.png 1568 784 60
big_dataset_depth/000000002730-segment-13005562150845909564_3141_360_3161_360_with_camera_labels-130.png 1576 784 60
big_dataset_depth/000000002730-segment-13005562150845909564_3141_360_3161_360_with_camera_labels-130.png 1584 792 60
big_dataset_depth/000000002730-segment-13005562150845909564_3141_360_3161_360_with_camera_labels-130.png 1592 800 60
big_dataset_depth/000000002730-segment-13005562150845909564_3141_360_3161_360_with_camera_labels-130.png 1600 784 60
big_dataset_depth/000000002730-segment-13005562150845909564_3141_360_3161_360_with_camera_labels-130.png 1608 808 59
big_dataset_depth/000000002730-segment-13005562150845909564_3141_360_3161_360_with_camera_labels-130.png 1616 968 28
big_dataset_depth/000000002730-segment-13005562150845909564_3141_360_3161_360_with_camera_labels-130.png 1624 792 61
big_dataset_depth/000000002730-segment-13005562150845909564_3141_360_3161_360_with_camera_labels-130.png 1632 792 61
big_dataset_depth/000000002730-segment-13005562150845909564_3141_360_3161_360_with_camera_labels-130.png 1640 880 44
big_dataset_depth/000000002730-segment-13005562150845909564_3141_360_3161_360_with_camera_labels-130.png 1648 984 26
big_dataset_depth/000000002730-segment-13005562150845909564_3141_360_3161_360_with_camera_labels-130.png 1656 984 26
big_dataset_depth/000000002730-segment-13005562150845909564_3141_360_3161_360_with_camera_labels-130.png 1664 776 57
big_dataset_depth/000000002730-segment-13005562150845909564_3141_360_3161_360_with_camera_labels-130.png 1672 800 57
big_dataset_depth/000000002730-segment-13005562150845909564_3141_360_3161_360_with_camera_labels-130.png 1680 1000 25
big_dataset_depth/000000002730-segment-13005562150845909564_3141_360_3161_360_with_camera_labels-130.png 1688 912 40
big_dataset_depth/000000002730-segment-13005562150845909564_3141_360_3161_360_with_camera_labels-130.png 1696 816 57
big_dataset_depth/000000002730-segment-13005562150845909564_3141_360_3161_360_with_camera_labels-130.png 1712 1016 24
big_dataset_depth/000000002730-segment-13005562150845909564_3141_360_3161_360_with_camera_labels-130.png 1720 816 56
big_dataset_depth/000000002730-segment-13005562150845909564_3141_360_3161_360_with_camera_labels-130.png 1728 816 56
big_dataset_depth/000000002730-segment-13005562150845909564_3141_360_3161_360_with_camera_labels-130.png 1736 1032 23
big_dataset_depth/000000002730-segment-13005562150845909564_3141_360_3161_360_with_camera_labels-130.png 1744 1040 23
big_dataset_depth/000000002730-segment-13005562150845909564_3141_360_3161_360_with_camera_labels-130.png 1752 928 39
big_dataset_depth/000000002730-segment-13005562150845909564_3141_360_3161_360_with_camera_labels-130.png 1760 816 56
big_dataset_depth/000000002730-segment-13005562150845909564_3141_360_3161_360_with_camera_labels-130.png 1768 816 56
big_dataset_depth/000000002730-segment-13005562150845909564_3141_360_3161_360_with_camera_labels-130.png 1776 976 33
big_dataset_depth/000000002730-segment-13005562150845909564_3141_360_3161_360_with_camera_labels-130.png 1784 936 39
big_dataset_depth/000000002730-segment-13005562150845909564_3141_360_3161_360_with_camera_labels-130.png 1792 1056 22
big_dataset_depth/000000002730-segment-13005562150845909564_3141_360_3161_360_with_camera_labels-130.png 1816 1072 21
big_dataset_depth/000000002730-segment-13005562150845909564_3141_360_3161_360_with_camera_labels-130.png 1832 792 57
big_dataset_depth/000000002730-segment-13005562150845909564_3141_360_3161_360_with_camera_labels-130.png 1840 1096 20
big_dataset_depth/000000002730-segment-13005562150845909564_3141_360_3161_360_with_camera_labels-130.png 1848 1096 20
big_dataset_depth/000000002730-segment-13005562150845909564_3141_360_3161_360_with_camera_labels-130.png 1856 1096 20
big_dataset_depth/000000002730-segment-13005562150845909564_3141_360_3161_360_with_camera_labels-130.png 1864 936 44
big_dataset_depth/000000002730-segment-13005562150845909564_3141_360_3161_360_with_camera_labels-130.png 1872 936 44
big_dataset_depth/000000002730-segment-13005562150845909564_3141_360_3161_360_with_camera_labels-130.png 1880 1000 36
big_dataset_depth/000000002730-segment-13005562150845909564_3141_360_3161_360_with_camera_labels-130.png 1888 776 68
big_dataset_depth/000000002730-segment-13005562150845909564_3141_360_3161_360_with_camera_labels-130.png 1896 944 44
big_dataset_depth/000000002730-segment-13005562150845909564_3141_360_3161_360_with_camera_labels-130.png 1904 1000 35
big_dataset_depth/000000002730-segment-13005562150845909564_3141_360_3161_360_with_camera_labels-130.png 1912 824 52
