big_dataset_depth/000000002753-segment-13033853066564892960_1040_000_1060_000_with_camera_labels-160.png 0 744 37
big_dataset_depth/000000002753-segment-13033853066564892960_1040_000_1060_000_with_camera_labels-160.png 8 816 28
big_dataset_depth/000000002753-segment-13033853066564892960_1040_000_1060_000_with_camera_labels-160.png 16 808 33
big_dataset_depth/000000002753-segment-13033853066564892960_1040_000_1060_000_with_camera_labels-160.png 24 912 20
big_dataset_depth/000000002753-segment-13033853066564892960_1040_000_1060_000_with_camera_labels-160.png 32 744 38
big_dataset_depth/000000002753-segment-13033853066564892960_1040_000_1060_000_with_camera_labels-160.png 40 928 21
big_dataset_depth/000000002753-segment-13033853066564892960_1040_000_1060_000_with_camera_labels-160.png 48 912 21
big_dataset_depth/000000002753-segment-13033853066564892960_1040_000_1060_000_with_camera_labels-160.png 56 952 21
big_dataset_depth/000000002753-segment-13033853066564892960_1040_000_1060_000_with_camera_labels-160.png 64 952 21
big_dataset_depth/000000002753-segment-13033853066564892960_1040_000_1060_000_with_camera_labels-160.png 72 952 21
big_dataset_depth/000000002753-segment-13033853066564892960_1040_000_1060_000_with_camera_labels-160.png 80 952 21
big_dataset_depth/000000002753-segment-13033853066564892960_1040_000_1060_000_with_camera_labels-160.png 88 936 21
big_dataset_depth/000000002753-segment-13033853066564892960_1040_000_1060_000_with_camera_labels-160.png 96 944 21
big_dataset_depth/000000002753-segment-13033853066564892960_1040_000_1060_000_with_camera_labels-160.png 104 944 21
big_dataset_depth/000000002753-segment-13033853066564892960_1040_000_1060_000_with_camera_labels-160.png 112 912 21
big_dataset_depth/000000002753-segment-13033853066564892960_1040_000_1060_000_with_camera_labels-160.png 120 888 22
big_dataset_depth/000000002753-segment-13033853066564892960_1040_000_1060_000_with_camera_labels-160.png 128 872 22
big_dataset_depth/000000002753-segment-13033853066564892960_1040_000_1060_000_with_camera_labels-160.png 136 872 22
big_dataset_depth/000000002753-segment-13033853066564892960_1040_000_1060_000_with_camera_labels-160.png 144 848 22
big_dataset_depth/000000002753-segment-13033853066564892960_1040_000_1060_000_with_camera_labels-160.png 152 864 22
big_dataset_depth/000000002753-segment-13033853066564892960_1040_000_1060_000_with_camera_labels-160.png 160 864 22
big_dataset_depth/000000002753-segment-13033853066564892960_1040_000_1060_000_with_camera_labels-160.png 168 864 23
big_dataset_depth/000000002753-segment-13033853066564892960_1040_000_1060_000_with_camera_labels-160.png 176 864 23
big_dataset_depth/000000002753-segment-13033853066564892960_1040_000_1060_000_with_camera_labels-160.png 184 864 23
big_dataset_depth/000000002753-segment-13033853066564892960_1040_000_1060_000_with_camera_labels-160.png 192 848 23
big_dataset_depth/000000002753-segment-13033853066564892960_1040_000_1060_000_with_camera_labels-160.png 200 848 23
big_dataset_depth/000000002753-segment-13033853066564892960_1040_000_1060_000_with_camera_labels-160.png 208 880 24
big_dataset_depth/000000002753-segment-13033853066564892960_1040_000_1060_000_with_camera_labels-160.png 216 880 24
big_dataset_depth/000000002753-segment-13033853066564892960_1040_000_1060_000_with_camera_labels-160.png 224 888 24
big_dataset_depth/000000002753-segment-13033853066564892960_1040_000_1060_000_with_camera_labels-160.png 232 880 24
big_dataset_depth/000000002753-segment-13033853066564892960_1040_000_1060_000_with_camera_labels-160.png 240 880 25
big_dataset_depth/000000002753-segment-13033853066564892960_1040_000_1060_000_with_camera_labels-160.png 248 864 25
big_dataset_depth/000000002753-segment-13033853066564892960_1040_000_1060_000_with_camera_labels-160.png 264 808 32
big_dataset_depth/000000002753-segment-13033853066564892960_1040_000_1060_000_with_camera_labels-160.png 272 736 32
big_dataset_depth/000000002753-segment-13033853066564892960_1040_000_1060_000_with_camera_labels-160.png 280 784 33
big_dataset_depth/000000002753-segment-13033853066564892960_1040_000_1060_000_with_camera_labels-160.png 288 800 32
big_dataset_depth/000000002753-segment-13033853066564892960_1040_000_1060_000_with_camera_labels-160.png 296 760 32
big_dataset_depth/000000002753-segment-13033853066564892960_1040_000_1060_000_with_camera_labels-160.png 304 784 31
big_dataset_depth/000000002753-segment-13033853066564892960_1040_000_1060_000_with_camera_labels-160.png 312 784 31
big_dataset_depth/000000002753-segment-13033853066564892960_1040_000_1060_000_with_camera_labels-160.png 320 792 32
big_dataset_depth/000000002753-segment-13033853066564892960_1040_000_1060_000_with_camera_labels-160.png 328 792 32
big_dataset_depth/000000002753-segment-13033853066564892960_1040_000_1060_000_with_camera_labels-160.png 336 776 31
big_dataset_depth/000000002753-segment-13033853066564892960_1040_000_1060_000_with_camera_labels-160.png 344 808 32
big_dataset_depth/000000002753-segment-13033853066564892960_1040_000_1060_000_with_camera_labels-160.png 352 792 32
big_dataset_depth/000000002753-segment-13033853066564892960_1040_000_1060_000_with_camera_labels-160.png 360 800 32
big_dataset_depth/000000002753-segment-13033853066564892960_1040_000_1060_000_with_camera_labels-160.png 368 784 31
big_dataset_depth/000000002753-segment-13033853066564892960_1040_000_1060_000_with_camera_labels-160.png 376 792 32
big_dataset_depth/000000002753-segment-13033853066564892960_1040_000_1060_000_with_camera_labels-160.png 384 792 32
big_dataset_depth/000000002753-segment-13033853066564892960_1040_000_1060_000_with_camera_labels-160.png 392 784 31
big_dataset_depth/000000002753-segment-13033853066564892960_1040_000_1060_000_with_camera_labels-160.png 400 792 32
big_dataset_depth/000000002753-segment-13033853066564892960_1040_000_1060_000_with_camera_labels-160.png 408 784 32
big_dataset_depth/000000002753-segment-13033853066564892960_1040_000_1060_000_with_camera_labels-160.png 416 800 31
big_dataset_depth/000000002753-segment-13033853066564892960_1040_000_1060_000_with_camera_labels-160.png 424 792 32
big_dataset_depth/000000002753-segment-13033853066564892960_1040_000_1060_000_with_camera_labels-160.png 432 784 32
big_dataset_depth/000000002753-segment-13033853066564892960_1040_000_1060_000_with_camera_labels-160.png 440 768 34
big_dataset_depth/000000002753-segment-13033853066564892960_1040_000_1060_000_with_camera_labels-160.png 448 760 35
big_dataset_depth/000000002753-segment-13033853066564892960_1040_000_1060_000_with_camera_labels-160.png 456 760 35
big_dataset_depth/000000002753-segment-13033853066564892960_1040_000_1060_000_with_camera_labels-160.png 464 768 36
big_dataset_depth/000000002753-segment-13033853066564892960_1040_000_1060_000_with_camera_labels-160.png 472 768 37
big_dataset_depth/000000002753-segment-13033853066564892960_1040_000_1060_000_with_camera_labels-160.png 480 736 37
big_dataset_depth/000000002753-segment-13033853066564892960_1040_000_1060_000_with_camera_labels-160.png 488 712 43
big_dataset_depth/000000002753-segment-13033853066564892960_1040_000_1060_000_with_camera_labels-160.png 496 720 44
big_dataset_depth/000000002753-segment-13033853066564892960_1040_000_1060_000_with_camera_labels-160.png 504 712 43
big_dataset_depth/000000002753-segment-13033853066564892960_1040_000_1060_000_with_camera_labels-160.png 512 712 43
big_dataset_depth/000000002753-segment-13033853066564892960_1040_000_1060_000_with_camera_labels-160.png 520 712 43
big_dataset_depth/000000002753-segment-13033853066564892960_1040_000_1060_000_with_camera_labels-160.png 528 720 43
big_dataset_depth/000000002753-segment-13033853066564892960_1040_000_1060_000_with_camera_labels-160.png 536 736 46
big_dataset_depth/000000002753-segment-13033853066564892960_1040_000_1060_000_with_camera_labels-160.png 544 728 44
big_dataset_depth/000000002753-segment-13033853066564892960_1040_000_1060_000_with_camera_labels-160.png 552 736 44
big_dataset_depth/000000002753-segment-13033853066564892960_1040_000_1060_000_with_camera_labels-160.png 560 736 44
big_dataset_depth/000000002753-segment-13033853066564892960_1040_000_1060_000_with_camera_labels-160.png 568 736 45
big_dataset_depth/000000002753-segment-13033853066564892960_1040_000_1060_000_with_camera_labels-160.png 576 720 47
big_dataset_depth/000000002753-segment-13033853066564892960_1040_000_1060_000_with_camera_labels-160.png 584 712 48
big_dataset_depth/000000002753-segment-13033853066564892960_1040_000_1060_000_with_camera_labels-160.png 592 696 54
big_dataset_depth/000000002753-segment-13033853066564892960_1040_000_1060_000_with_camera_labels-160.png 600 696 54
big_dataset_depth/000000002753-segment-13033853066564892960_1040_000_1060_000_with_camera_labels-160.png 608 696 54
big_dataset_depth/000000002753-segment-13033853066564892960_1040_000_1060_000_with_camera_labels-160.png 616 696 55
big_dataset_depth/000000002753-segment-13033853066564892960_1040_000_1060_000_with_camera_labels-160.png 624 704 55
big_dataset_depth/000000002753-segment-13033853066564892960_1040_000_1060_000_with_camera_labels-160.png 632 704 56
big_dataset_depth/000000002753-segment-13033853066564892960_1040_000_1060_000_with_camera_labels-160.png 640 688 57
big_dataset_depth/000000002753-segment-13033853066564892960_1040_000_1060_000_with_camera_labels-160.png 648 688 58
big_dataset_depth/000000002753-segment-13033853066564892960_1040_000_1060_000_with_camera_labels-160.png 656 664 71
big_dataset_depth/000000002753-segment-13033853066564892960_1040_000_1060_000_with_camera_labels-160.png 664 664 71
big_dataset_depth/000000002753-segment-13033853066564892960_1040_000_1060_000_with_camera_labels-160.png 672 664 71
big_dataset_depth/000000002753-segment-13033853066564892960_1040_000_1060_000_with_camera_labels-160.png 680 664 71
big_dataset_depth/000000002753-segment-13033853066564892960_1040_000_1060_000_with_camera_labels-160.png 688 672 72
big_dataset_depth/000000002753-segment-13033853066564892960_1040_000_1060_000_with_camera_labels-160.png 696 672 72
big_dataset_depth/000000002753-segment-13033853066564892960_1040_000_1060_000_with_camera_labels-160.png 704 672 72
big_dataset_depth/000000002753-segment-13033853066564892960_1040_000_1060_000_with_camera_labels-160.png 712 672 72
big_dataset_depth/000000002753-segment-13033853066564892960_1040_000_1060_000_with_camera_labels-160.png 720 672 76
big_dataset_depth/000000002753-segment-13033853066564892960_1040_000_1060_000_with_camera_labels-160.png 744 712 32
big_dataset_depth/000000002753-segment-13033853066564892960_1040_000_1060_000_with_camera_labels-160.png 752 792 30
big_dataset_depth/000000002753-segment-13033853066564892960_1040_000_1060_000_with_camera_labels-160.png 760 816 30
big_dataset_depth/000000002753-segment-13033853066564892960_1040_000_1060_000_with_camera_labels-160.png 768 824 29
big_dataset_depth/000000002753-segment-13033853066564892960_1040_000_1060_000_with_camera_labels-160.png 776 808 30
big_dataset_depth/000000002753-segment-13033853066564892960_1040_000_1060_000_with_camera_labels-160.png 784 792 30
big_dataset_depth/000000002753-segment-13033853066564892960_1040_000_1060_000_with_camera_labels-160.png 792 808 30
big_dataset_depth/000000002753-segment-13033853066564892960_1040_000_1060_000_with_camera_labels-160.png 800 816 30
big_dataset_depth/000000002753-segment-13033853066564892960_1040_000_1060_000_with_camera_labels-160.png 808 816 30
big_dataset_depth/000000002753-segment-13033853066564892960_1040_000_1060_000_with_camera_labels-160.png 816 776 30
big_dataset_depth/000000002753-segment-13033853066564892960_1040_000_1060_000_with_camera_labels-160.png 824 816 30
big_dataset_depth/000000002753-segment-13033853066564892960_1040_000_1060_000_with_camera_labels-160.png 832 776 30
big_dataset_depth/000000002753-segment-13033853066564892960_1040_000_1060_000_with_camera_labels-160.png 840 736 30
big_dataset_depth/000000002753-segment-13033853066564892960_1040_000_1060_000_with_camera_labels-160.png 848 792 31
big_dataset_depth/000000002753-segment-13033853066564892960_1040_000_1060_000_with_camera_labels-160.png 856 784 31
big_dataset_depth/000000002753-segment-13033853066564892960_1040_000_1060_000_with_camera_labels-160.png 864 808 30
big_dataset_depth/000000002753-segment-13033853066564892960_1040_000_1060_000_with_camera_labels-160.png 872 784 31
big_dataset_depth/000000002753-segment-13033853066564892960_1040_000_1060_000_with_camera_labels-160.png 880 800 30
big_dataset_depth/000000002753-segment-13033853066564892960_1040_000_1060_000_with_camera_labels-160.png 888 776 31
big_dataset_depth/000000002753-segment-13033853066564892960_1040_000_1060_000_with_camera_labels-160.png 896 768 31
big_dataset_depth/000000002753-segment-13033853066564892960_1040_000_1060_000_with_camera_labels-160.png 904 792 31
big_dataset_depth/000000002753-segment-13033853066564892960_1040_000_1060_000_with_camera_labels-160.png 912 768 30
big_dataset_depth/000000002753-segment-13033853066564892960_1040_000_1060_000_with_camera_labels-160.png 920 768 30
big_dataset_depth/000000002753-segment-13033853066564892960_1040_000_1060_000_with_camera_labels-160.png 928 752 30
big_dataset_depth/000000002753-segment-13033853066564892960_1040_000_1060_000_with_camera_labels-160.png 936 768 31
big_dataset_depth/000000002753-segment-13033853066564892960_1040_000_1060_000_with_camera_labels-160.png 944 792 30
big_dataset_depth/000000002753-segment-13033853066564892960_1040_000_1060_000_with_camera_labels-160.png 952 792 30
big_dataset_depth/000000002753-segment-13033853066564892960_1040_000_1060_000_with_camera_labels-160.png 960 792 30
big_dataset_depth/000000002753-segment-13033853066564892960_1040_000_1060_000_with_camera_labels-160.png 968 792 30
big_dataset_depth/000000002753-segment-13033853066564892960_1040_000_1060_000_with_camera_labels-160.png 976 792 30
big_dataset_depth/000000002753-segment-13033853066564892960_1040_000_1060_000_with_camera_labels-160.png 984 816 30
big_dataset_depth/000000002753-segment-13033853066564892960_1040_000_1060_000_with_camera_labels-160.png 992 832 29
big_dataset_depth/000000002753-segment-13033853066564892960_1040_000_1060_000_with_camera_labels-160.png 1000 792 30
big_dataset_depth/000000002753-segment-13033853066564892960_1040_000_1060_000_with_camera_labels-160.png 1008 784 32
big_dataset_depth/000000002753-segment-13033853066564892960_1040_000_1060_000_with_camera_labels-160.png 1016 776 34
big_dataset_depth/000000002753-segment-13033853066564892960_1040_000_1060_000_with_camera_labels-160.png 1024 776 34
big_dataset_depth/000000002753-segment-13033853066564892960_1040_000_1060_000_with_camera_labels-160.png 1032 784 35
big_dataset_depth/000000002753-segment-13033853066564892960_1040_000_1060_000_with_camera_labels-160.png 1040 712 47
big_dataset_depth/000000002753-segment-13033853066564892960_1040_000_1060_000_with_camera_labels-160.png 1048 712 47
big_dataset_depth/000000002753-segment-13033853066564892960_1040_000_1060_000_with_camera_labels-160.png 1056 720 47
big_dataset_depth/000000002753-segment-13033853066564892960_1040_000_1060_000_with_camera_labels-160.png 1064 720 46
big_dataset_depth/000000002753-segment-13033853066564892960_1040_000_1060_000_with_camera_labels-160.png 1072 720 47
big_dataset_depth/000000002753-segment-13033853066564892960_1040_000_1060_000_with_camera_labels-160.png 1080 720 46
big_dataset_depth/000000002753-segment-13033853066564892960_1040_000_1060_000_with_camera_labels-160.png 1088 712 46
big_dataset_depth/000000002753-segment-13033853066564892960_1040_000_1060_000_with_camera_labels-160.png 1096 736 46
big_dataset_depth/000000002753-segment-13033853066564892960_1040_000_1060_000_with_camera_labels-160.png 1104 744 46
big_dataset_depth/000000002753-segment-13033853066564892960_1040_000_1060_000_with_camera_labels-160.png 1112 744 46
big_dataset_depth/000000002753-segment-13033853066564892960_1040_000_1060_000_with_camera_labels-160.png 1120 744 46
big_dataset_depth/000000002753-segment-13033853066564892960_1040_000_1060_000_with_camera_labels-160.png 1128 744 47
big_dataset_depth/000000002753-segment-13033853066564892960_1040_000_1060_000_with_camera_labels-160.png 1136 712 41
big_dataset_depth/000000002753-segment-13033853066564892960_1040_000_1060_000_with_camera_labels-160.png 1144 728 38
big_dataset_depth/000000002753-segment-13033853066564892960_1040_000_1060_000_with_camera_labels-160.png 1152 744 35
big_dataset_depth/000000002753-segment-13033853066564892960_1040_000_1060_000_with_camera_labels-160.png 1160 752 35
big_dataset_depth/000000002753-segment-13033853066564892960_1040_000_1060_000_with_camera_labels-160.png 1168 752 36
big_dataset_depth/000000002753-segment-13033853066564892960_1040_000_1060_000_with_camera_labels-160.png 1176 752 35
big_dataset_depth/000000002753-segment-13033853066564892960_1040_000_1060_000_with_camera_labels-160.png 1184 760 31
big_dataset_depth/000000002753-segment-13033853066564892960_1040_000_1060_000_with_camera_labels-160.png 1192 768 31
big_dataset_depth/000000002753-segment-13033853066564892960_1040_000_1060_000_with_camera_labels-160.png 1200 784 34
big_dataset_depth/000000002753-segment-13033853066564892960_1040_000_1060_000_with_camera_labels-160.png 1208 784 30
big_dataset_depth/000000002753-segment-13033853066564892960_1040_000_1060_000_with_camera_labels-160.png 1216 808 33
big_dataset_depth/000000002753-segment-13033853066564892960_1040_000_1060_000_with_camera_labels-160.png 1224 776 30
big_dataset_depth/000000002753-segment-13033853066564892960_1040_000_1060_000_with_camera_labels-160.png 1232 824 32
big_dataset_depth/000000002753-segment-13033853066564892960_1040_000_1060_000_with_camera_labels-160.png 1240 784 31
big_dataset_depth/000000002753-segment-13033853066564892960_1040_000_1060_000_with_camera_labels-160.png 1248 808 32
big_dataset_depth/000000002753-segment-13033853066564892960_1040_000_1060_000_with_camera_labels-160.png 1256 824 31
big_dataset_depth/000000002753-segment-13033853066564892960_1040_000_1060_000_with_camera_labels-160.png 1264 824 30
big_dataset_depth/000000002753-segment-13033853066564892960_1040_000_1060_000_with_camera_labels-160.png 1272 840 30
big_dataset_depth/000000002753-segment-13033853066564892960_1040_000_1060_000_with_camera_labels-160.png 1280 832 30
big_dataset_depth/000000002753-segment-13033853066564892960_1040_000_1060_000_with_camera_labels-160.png 1288 840 30
big_dataset_depth/000000002753-segment-13033853066564892960_1040_000_1060_000_with_camera_labels-160.png 1296 840 30
big_dataset_depth/000000002753-segment-13033853066564892960_1040_000_1060_000_with_camera_labels-160.png 1304 840 30
big_dataset_depth/000000002753-segment-13033853066564892960_1040_000_1060_000_with_camera_labels-160.png 1312 840 30
big_dataset_depth/000000002753-segment-13033853066564892960_1040_000_1060_000_with_camera_labels-160.png 1320 840 30
big_dataset_depth/000000002753-segment-13033853066564892960_1040_000_1060_000_with_camera_labels-160.png 1328 840 30
big_dataset_depth/000000002753-segment-13033853066564892960_1040_000_1060_000_with_camera_labels-160.png 1336 816 31
big_dataset_depth/000000002753-segment-13033853066564892960_1040_000_1060_000_with_camera_labels-160.png 1344 800 31
big_dataset_depth/000000002753-segment-13033853066564892960_1040_000_1060_000_with_camera_labels-160.png 1352 800 31
big_dataset_depth/000000002753-segment-13033853066564892960_1040_000_1060_000_with_camera_labels-160.png 1360 816 31
big_dataset_depth/000000002753-segment-13033853066564892960_1040_000_1060_000_with_camera_labels-160.png 1368 824 30
big_dataset_depth/000000002753-segment-13033853066564892960_1040_000_1060_000_with_camera_labels-160.png 1376 800 30
big_dataset_depth/000000002753-segment-13033853066564892960_1040_000_1060_000_with_camera_labels-160.png 1384 800 31
big_dataset_depth/000000002753-segment-13033853066564892960_1040_000_1060_000_with_camera_labels-160.png 1392 800 30
big_dataset_depth/000000002753-segment-13033853066564892960_1040_000_1060_000_with_camera_labels-160.png 1400 800 31
big_dataset_depth/000000002753-segment-13033853066564892960_1040_000_1060_000_with_camera_labels-160.png 1408 800 31
big_dataset_depth/000000002753-segment-13033853066564892960_1040_000_1060_000_with_camera_labels-160.png 1416 808 31
big_dataset_depth/000000002753-segment-13033853066564892960_1040_000_1060_000_with_camera_labels-160.png 1424 824 31
big_dataset_depth/000000002753-segment-13033853066564892960_1040_000_1060_000_with_camera_labels-160.png 1432 800 31
big_dataset_depth/000000002753-segment-13033853066564892960_1040_000_1060_000_with_camera_labels-160.png 1440 800 31
big_dataset_depth/000000002753-segment-13033853066564892960_1040_000_1060_000_with_camera_labels-160.png 1448 800 31
big_dataset_depth/000000002753-segment-13033853066564892960_1040_000_1060_000_with_camera_labels-160.png 1456 800 31
big_dataset_depth/000000002753-segment-13033853066564892960_1040_000_1060_000_with_camera_labels-160.png 1472 944 18
big_dataset_depth/000000002753-segment-13033853066564892960_1040_000_1060_000_with_camera_labels-160.png 1480 960 17
big_dataset_depth/000000002753-segment-13033853066564892960_1040_000_1060_000_with_camera_labels-160.png 1496 1000 17
big_dataset_depth/000000002753-segment-13033853066564892960_1040_000_1060_000_with_camera_labels-160.png 1504 984 17
big_dataset_depth/000000002753-segment-13033853066564892960_1040_000_1060_000_with_camera_labels-160.png 1512 1008 16
big_dataset_depth/000000002753-segment-13033853066564892960_1040_000_1060_000_with_camera_labels-160.png 1520 1016 16
big_dataset_depth/000000002753-segment-13033853066564892960_1040_000_1060_000_with_camera_labels-160.png 1528 1016 16
big_dataset_depth/000000002753-segment-13033853066564892960_1040_000_1060_000_with_camera_labels-160.png 1536 1016 16
big_dataset_depth/000000002753-segment-13033853066564892960_1040_000_1060_000_with_camera_labels-160.png 1544 1016 16
big_dataset_depth/000000002753-segment-13033853066564892960_1040_000_1060_000_with_camera_labels-160.png 1552 1032 16
big_dataset_depth/000000002753-segment-13033853066564892960_1040_000_1060_000_with_camera_labels-160.png 1560 1040 16
big_dataset_depth/000000002753-segment-13033853066564892960_1040_000_1060_000_with_camera_labels-160.png 1568 1040 16
big_dataset_depth/000000002753-segment-13033853066564892960_1040_000_1060_000_with_camera_labels-160.png 1576 1040 16
big_dataset_depth/000000002753-segment-13033853066564892960_1040_000_1060_000_with_camera_labels-160.png 1584 1040 16
big_dataset_depth/000000002753-segment-13033853066564892960_1040_000_1060_000_with_camera_labels-160.png 1592 1040 16
big_dataset_depth/000000002753-segment-13033853066564892960_1040_000_1060_000_with_camera_labels-160.png 1600 1040 16
big_dataset_depth/000000002753-segment-13033853066564892960_1040_000_1060_000_with_camera_labels-160.png 1608 1040 16
big_dataset_depth/000000002753-segment-13033853066564892960_1040_000_1060_000_with_camera_labels-160.png 1616 1008 16
big_dataset_depth/000000002753-segment-13033853066564892960_1040_000_1060_000_with_camera_labels-160.png 1624 1064 16
big_dataset_depth/000000002753-segment-13033853066564892960_1040_000_1060_000_with_camera_labels-160.png 1632 1104 14
big_dataset_depth/000000002753-segment-13033853066564892960_1040_000_1060_000_with_camera_labels-160.png 1640 1064 14
big_dataset_depth/000000002753-segment-13033853066564892960_1040_000_1060_000_with_camera_labels-160.png 1648 1120 13
big_dataset_depth/000000002753-segment-13033853066564892960_1040_000_1060_000_with_camera_labels-160.png 1656 1120 13
big_dataset_depth/000000002753-segment-13033853066564892960_1040_000_1060_000_with_camera_labels-160.png 1664 1128 13
big_dataset_depth/000000002753-segment-13033853066564892960_1040_000_1060_000_with_camera_labels-160.png 1672 1160 13
big_dataset_depth/000000002753-segment-13033853066564892960_1040_000_1060_000_with_camera_labels-160.png 1680 1216 14
big_dataset_depth/000000002753-segment-13033853066564892960_1040_000_1060_000_with_camera_labels-160.png 1688 1168 13
big_dataset_depth/000000002753-segment-13033853066564892960_1040_000_1060_000_with_camera_labels-160.png 1696 1168 13
big_dataset_depth/000000002753-segment-13033853066564892960_1040_000_1060_000_with_camera_labels-160.png 1704 1192 13
big_dataset_depth/000000002753-segment-13033853066564892960_1040_000_1060_000_with_camera_labels-160.png 1712 1192 13
big_dataset_depth/000000002753-segment-13033853066564892960_1040_000_1060_000_with_camera_labels-160.png 1720 1192 12
big_dataset_depth/000000002753-segment-13033853066564892960_1040_000_1060_000_with_camera_labels-160.png 1736 1192 12
big_dataset_depth/000000002753-segment-13033853066564892960_1040_000_1060_000_with_camera_labels-160.png 1744 1192 12
big_dataset_depth/000000002753-segment-13033853066564892960_1040_000_1060_000_with_camera_labels-160.png 1752 1216 12
big_dataset_depth/000000002753-segment-13033853066564892960_1040_000_1060_000_with_camera_labels-160.png 1760 1208 12
big_dataset_depth/000000002753-segment-13033853066564892960_1040_000_1060_000_with_camera_labels-160.png 1768 1216 12
big_dataset_depth/000000002753-segment-13033853066564892960_1040_000_1060_000_with_camera_labels-160.png 1776 1224 12
big_dataset_depth/000000002753-segment-13033853066564892960_1040_000_1060_000_with_camera_labels-160.png 1784 1248 12
big_dataset_depth/000000002753-segment-13033853066564892960_1040_000_1060_000_with_camera_labels-160.png 1792 1232 12
big_dataset_depth/000000002753-segment-13033853066564892960_1040_000_1060_000_with_camera_labels-160.png 1800 1240 12
big_dataset_depth/000000002753-segment-13033853066564892960_1040_000_1060_000_with_camera_labels-160.png 1808 1248 12
big_dataset_depth/000000002753-segment-13033853066564892960_1040_000_1060_000_with_camera_labels-160.png 1816 1072 24
big_dataset_depth/000000002753-segment-13033853066564892960_1040_000_1060_000_with_camera_labels-160.png 1832 1008 23
big_dataset_depth/000000002753-segment-13033853066564892960_1040_000_1060_000_with_camera_labels-160.png 1840 1248 12
big_dataset_depth/000000002753-segment-13033853066564892960_1040_000_1060_000_with_camera_labels-160.png 1848 1112 20
big_dataset_depth/000000002753-segment-13033853066564892960_1040_000_1060_000_with_camera_labels-160.png 1856 1248 12
big_dataset_depth/000000002753-segment-13033853066564892960_1040_000_1060_000_with_camera_labels-160.png 1864 992 28
big_dataset_depth/000000002753-segment-13033853066564892960_1040_000_1060_000_with_camera_labels-160.png 1872 952 25
big_dataset_depth/000000002753-segment-13033853066564892960_1040_000_1060_000_with_camera_labels-160.png 1880 1024 22
big_dataset_depth/000000002753-segment-13033853066564892960_1040_000_1060_000_with_camera_labels-160.png 1888 1080 23
big_dataset_depth/000000002753-segment-13033853066564892960_1040_000_1060_000_with_camera_labels-160.png 1896 1072 23
big_dataset_depth/000000002753-segment-13033853066564892960_1040_000_1060_000_with_camera_labels-160.png 1904 1088 22
big_dataset_depth/000000002753-segment-13033853066564892960_1040_000_1060_000_with_camera_labels-160.png 1912 936 21
