big_dataset_depth/000000003257-segment-13519445614718437933_4060_000_4080_000_with_camera_labels-0.png 0 912 33
big_dataset_depth/000000003257-segment-13519445614718437933_4060_000_4080_000_with_camera_labels-0.png 8 944 30
big_dataset_depth/000000003257-segment-13519445614718437933_4060_000_4080_000_with_camera_labels-0.png 16 1104 19
big_dataset_depth/000000003257-segment-13519445614718437933_4060_000_4080_000_with_camera_labels-0.png 24 944 31
big_dataset_depth/000000003257-segment-13519445614718437933_4060_000_4080_000_with_camera_labels-0.png 32 936 30
big_dataset_depth/000000003257-segment-13519445614718437933_4060_000_4080_000_with_camera_labels-0.png 40 976 27
big_dataset_depth/000000003257-segment-13519445614718437933_4060_000_4080_000_with_camera_labels-0.png 48 1080 20
big_dataset_depth/000000003257-segment-13519445614718437933_4060_000_4080_000_with_camera_labels-0.png 56 1080 20
big_dataset_depth/000000003257-segment-13519445614718437933_4060_000_4080_000_with_camera_labels-0.png 64 1080 20
big_dataset_depth/000000003257-segment-13519445614718437933_4060_000_4080_000_with_camera_labels-0.png 72 1072 20
big_dataset_depth/000000003257-segment-13519445614718437933_4060_000_4080_000_with_camera_labels-0.png 80 1080 20
big_dataset_depth/000000003257-segment-13519445614718437933_4060_000_4080_000_with_camera_labels-0.png 88 1072 20
big_dataset_depth/000000003257-segment-13519445614718437933_4060_000_4080_000_with_camera_labels-0.png 96 1080 20
big_dataset_depth/000000003257-segment-13519445614718437933_4060_000_4080_000_with_camera_labels-0.png 104 1056 20
big_dataset_depth/000000003257-segment-13519445614718437933_4060_000_4080_000_with_camera_labels-0.png 112 1024 21
big_dataset_depth/000000003257-segment-13519445614718437933_4060_000_4080_000_with_camera_labels-0.png 128 1024 22
big_dataset_depth/000000003257-segment-13519445614718437933_4060_000_4080_000_with_camera_labels-0.png 136 1040 23
big_dataset_depth/000000003257-segment-13519445614718437933_4060_000_4080_000_with_camera_labels-0.png 144 1040 23
big_dataset_depth/000000003257-segment-13519445614718437933_4060_000_4080_000_with_camera_labels-0.png 152 1032 23
big_dataset_depth/000000003257-segment-13519445614718437933_4060_000_4080_000_with_camera_labels-0.png 160 1040 23
big_dataset_depth/000000003257-segment-13519445614718437933_4060_000_4080_000_with_camera_labels-0.png 168 1024 23
big_dataset_depth/000000003257-segment-13519445614718437933_4060_000_4080_000_with_camera_labels-0.png 176 1040 23
big_dataset_depth/000000003257-segment-13519445614718437933_4060_000_4080_000_with_camera_labels-0.png 184 1040 23
big_dataset_depth/000000003257-segment-13519445614718437933_4060_000_4080_000_with_camera_labels-0.png 192 1032 23
big_dataset_depth/000000003257-segment-13519445614718437933_4060_000_4080_000_with_camera_labels-0.png 200 1040 23
big_dataset_depth/000000003257-segment-13519445614718437933_4060_000_4080_000_with_camera_labels-0.png 208 1008 23
big_dataset_depth/000000003257-segment-13519445614718437933_4060_000_4080_000_with_camera_labels-0.png 216 1000 24
big_dataset_depth/000000003257-segment-13519445614718437933_4060_000_4080_000_with_camera_labels-0.png 224 1000 24
big_dataset_depth/000000003257-segment-13519445614718437933_4060_000_4080_000_with_camera_labels-0.png 232 984 24
big_dataset_depth/000000003257-segment-13519445614718437933_4060_000_4080_000_with_camera_labels-0.png 240 1008 22
big_dataset_depth/000000003257-segment-13519445614718437933_4060_000_4080_000_with_camera_labels-0.png 248 1080 19
big_dataset_depth/000000003257-segment-13519445614718437933_4060_000_4080_000_with_camera_labels-0.png 256 1088 19
big_dataset_depth/000000003257-segment-13519445614718437933_4060_000_4080_000_with_camera_labels-0.png 264 1088 19
big_dataset_depth/000000003257-segment-13519445614718437933_4060_000_4080_000_with_camera_labels-0.png 272 1080 19
big_dataset_depth/000000003257-segment-13519445614718437933_4060_000_4080_000_with_camera_labels-0.png 280 1088 19
big_dataset_depth/000000003257-segment-13519445614718437933_4060_000_4080_000_with_camera_labels-0.png 288 1088 19
big_dataset_depth/000000003257-segment-13519445614718437933_4060_000_4080_000_with_camera_labels-0.png 296 1088 19
big_dataset_depth/000000003257-segment-13519445614718437933_4060_000_4080_000_with_camera_labels-0.png 304 1080 19
big_dataset_depth/000000003257-segment-13519445614718437933_4060_000_4080_000_with_camera_labels-0.png 312 1064 19
big_dataset_depth/000000003257-segment-13519445614718437933_4060_000_4080_000_with_camera_labels-0.png 320 1008 18
big_dataset_depth/000000003257-segment-13519445614718437933_4060_000_4080_000_with_camera_labels-0.png 336 1032 18
big_dataset_depth/000000003257-segment-13519445614718437933_4060_000_4080_000_with_camera_labels-0.png 344 1008 18
big_dataset_depth/000000003257-segment-13519445614718437933_4060_000_4080_000_with_camera_labels-0.png 352 1080 19
big_dataset_depth/000000003257-segment-13519445614718437933_4060_000_4080_000_with_camera_labels-0.png 360 1016 18
big_dataset_depth/000000003257-segment-13519445614718437933_4060_000_4080_000_with_camera_labels-0.png 376 1024 18
big_dataset_depth/000000003257-segment-13519445614718437933_4060_000_4080_000_with_camera_labels-0.png 384 1064 18
big_dataset_depth/000000003257-segment-13519445614718437933_4060_000_4080_000_with_camera_labels-0.png 392 1008 17
big_dataset_depth/000000003257-segment-13519445614718437933_4060_000_4080_000_with_camera_labels-0.png 400 1008 17
big_dataset_depth/000000003257-segment-13519445614718437933_4060_000_4080_000_with_camera_labels-0.png 408 1008 18
big_dataset_depth/000000003257-segment-13519445614718437933_4060_000_4080_000_with_camera_labels-0.png 424 1048 18
big_dataset_depth/000000003257-segment-13519445614718437933_4060_000_4080_000_with_camera_labels-0.png 432 984 18
big_dataset_depth/000000003257-segment-13519445614718437933_4060_000_4080_000_with_camera_labels-0.png 440 1024 18
big_dataset_depth/000000003257-segment-13519445614718437933_4060_000_4080_000_with_camera_labels-0.png 448 1000 18
big_dataset_depth/000000003257-segment-13519445614718437933_4060_000_4080_000_with_camera_labels-0.png 456 1016 18
big_dataset_depth/000000003257-segment-13519445614718437933_4060_000_4080_000_with_camera_labels-0.png 464 1016 18
big_dataset_depth/000000003257-segment-13519445614718437933_4060_000_4080_000_with_camera_labels-0.png 472 1000 17
big_dataset_depth/000000003257-segment-13519445614718437933_4060_000_4080_000_with_camera_labels-0.png 480 1000 17
big_dataset_depth/000000003257-segment-13519445614718437933_4060_000_4080_000_with_camera_labels-0.png 488 1008 18
big_dataset_depth/000000003257-segment-13519445614718437933_4060_000_4080_000_with_camera_labels-0.png 496 1000 17
big_dataset_depth/000000003257-segment-13519445614718437933_4060_000_4080_000_with_camera_labels-0.png 504 1000 18
big_dataset_depth/000000003257-segment-13519445614718437933_4060_000_4080_000_with_camera_labels-0.png 512 992 18
big_dataset_depth/000000003257-segment-13519445614718437933_4060_000_4080_000_with_camera_labels-0.png 520 1072 19
big_dataset_depth/000000003257-segment-13519445614718437933_4060_000_4080_000_with_camera_labels-0.png 528 1080 18
big_dataset_depth/000000003257-segment-13519445614718437933_4060_000_4080_000_with_camera_labels-0.png 536 1072 18
big_dataset_depth/000000003257-segment-13519445614718437933_4060_000_4080_000_with_camera_labels-0.png 544 1080 18
big_dataset_depth/000000003257-segment-13519445614718437933_4060_000_4080_000_with_camera_labels-0.png 552 1072 18
big_dataset_depth/000000003257-segment-13519445614718437933_4060_000_4080_000_with_camera_labels-0.png 560 1072 18
big_dataset_depth/000000003257-segment-13519445614718437933_4060_000_4080_000_with_camera_labels-0.png 568 1072 18
big_dataset_depth/000000003257-segment-13519445614718437933_4060_000_4080_000_with_camera_labels-0.png 576 1072 18
big_dataset_depth/000000003257-segment-13519445614718437933_4060_000_4080_000_with_camera_labels-0.png 584 1072 19
big_dataset_depth/000000003257-segment-13519445614718437933_4060_000_4080_000_with_camera_labels-0.png 592 928 20
big_dataset_depth/000000003257-segment-13519445614718437933_4060_000_4080_000_with_camera_labels-0.png 608 1000 23
big_dataset_depth/000000003257-segment-13519445614718437933_4060_000_4080_000_with_camera_labels-0.png 616 1000 23
big_dataset_depth/000000003257-segment-13519445614718437933_4060_000_4080_000_with_camera_labels-0.png 624 992 22
big_dataset_depth/000000003257-segment-13519445614718437933_4060_000_4080_000_with_camera_labels-0.png 632 1000 23
big_dataset_depth/000000003257-segment-13519445614718437933_4060_000_4080_000_with_camera_labels-0.png 640 992 22
big_dataset_depth/000000003257-segment-13519445614718437933_4060_000_4080_000_with_camera_labels-0.png 648 1000 23
big_dataset_depth/000000003257-segment-13519445614718437933_4060_000_4080_000_with_camera_labels-0.png 680 704 99
big_dataset_depth/000000003257-segment-13519445614718437933_4060_000_4080_000_with_camera_labels-0.png 688 752 93
big_dataset_depth/000000003257-segment-13519445614718437933_4060_000_4080_000_with_camera_labels-0.png 696 768 84
big_dataset_depth/000000003257-segment-13519445614718437933_4060_000_4080_000_with_camera_labels-0.png 704 768 83
big_dataset_depth/000000003257-segment-13519445614718437933_4060_000_4080_000_with_camera_labels-0.png 712 768 83
big_dataset_depth/000000003257-segment-13519445614718437933_4060_000_4080_000_with_camera_labels-0.png 720 768 83
big_dataset_depth/000000003257-segment-13519445614718437933_4060_000_4080_000_with_camera_labels-0.png 728 760 83
big_dataset_depth/000000003257-segment-13519445614718437933_4060_000_4080_000_with_camera_labels-0.png 736 760 83
big_dataset_depth/000000003257-segment-13519445614718437933_4060_000_4080_000_with_camera_labels-0.png 744 776 84
big_dataset_depth/000000003257-segment-13519445614718437933_4060_000_4080_000_with_camera_labels-0.png 752 776 84
big_dataset_depth/000000003257-segment-13519445614718437933_4060_000_4080_000_with_camera_labels-0.png 760 744 101
big_dataset_depth/000000003257-segment-13519445614718437933_4060_000_4080_000_with_camera_labels-0.png 768 736 102
big_dataset_depth/000000003257-segment-13519445614718437933_4060_000_4080_000_with_camera_labels-0.png 776 736 102
big_dataset_depth/000000003257-segment-13519445614718437933_4060_000_4080_000_with_camera_labels-0.png 952 632 64
big_dataset_depth/000000003257-segment-13519445614718437933_4060_000_4080_000_with_camera_labels-0.png 960 648 66
big_dataset_depth/000000003257-segment-13519445614718437933_4060_000_4080_000_with_camera_labels-0.png 968 632 66
big_dataset_depth/000000003257-segment-13519445614718437933_4060_000_4080_000_with_camera_labels-0.png 976 664 66
big_dataset_depth/000000003257-segment-13519445614718437933_4060_000_4080_000_with_camera_labels-0.png 984 752 90
big_dataset_depth/000000003257-segment-13519445614718437933_4060_000_4080_000_with_camera_labels-0.png 992 744 86
big_dataset_depth/000000003257-segment-13519445614718437933_4060_000_4080_000_with_camera_labels-0.png 1000 768 66
big_dataset_depth/000000003257-segment-13519445614718437933_4060_000_4080_000_with_camera_labels-0.png 1008 736 86
big_dataset_depth/000000003257-segment-13519445614718437933_4060_000_4080_000_with_camera_labels-0.png 1016 736 69
big_dataset_depth/000000003257-segment-13519445614718437933_4060_000_4080_000_with_camera_labels-0.png 1024 808 50
big_dataset_depth/000000003257-segment-13519445614718437933_4060_000_4080_000_with_camera_labels-0.png 1032 808 50
big_dataset_depth/000000003257-segment-13519445614718437933_4060_000_4080_000_with_camera_labels-0.png 1040 824 46
big_dataset_depth/000000003257-segment-13519445614718437933_4060_000_4080_000_with_camera_labels-0.png 1048 832 40
big_dataset_depth/000000003257-segment-13519445614718437933_4060_000_4080_000_with_camera_labels-0.png 1056 776 63
big_dataset_depth/000000003257-segment-13519445614718437933_4060_000_4080_000_with_camera_labels-0.png 1064 872 36
big_dataset_depth/000000003257-segment-13519445614718437933_4060_000_4080_000_with_camera_labels-0.png 1072 880 35
big_dataset_depth/000000003257-segment-13519445614718437933_4060_000_4080_000_with_camera_labels-0.png 1080 896 31
big_dataset_depth/000000003257-segment-13519445614718437933_4060_000_4080_000_with_camera_labels-0.png 1088 864 32
big_dataset_depth/000000003257-segment-13519445614718437933_4060_000_4080_000_with_camera_labels-0.png 1096 912 29
big_dataset_depth/000000003257-segment-13519445614718437933_4060_000_4080_000_with_camera_labels-0.png 1104 912 29
big_dataset_depth/000000003257-segment-13519445614718437933_4060_000_4080_000_with_camera_labels-0.png 1112 904 29
big_dataset_depth/000000003257-segment-13519445614718437933_4060_000_4080_000_with_camera_labels-0.png 1120 912 29
big_dataset_depth/000000003257-segment-13519445614718437933_4060_000_4080_000_with_camera_labels-0.png 1128 904 29
big_dataset_depth/000000003257-segment-13519445614718437933_4060_000_4080_000_with_camera_labels-0.png 1136 880 28
big_dataset_depth/000000003257-segment-13519445614718437933_4060_000_4080_000_with_camera_labels-0.png 1144 920 29
big_dataset_depth/000000003257-segment-13519445614718437933_4060_000_4080_000_with_camera_labels-0.png 1152 880 28
big_dataset_depth/000000003257-segment-13519445614718437933_4060_000_4080_000_with_camera_labels-0.png 1160 904 28
big_dataset_depth/000000003257-segment-13519445614718437933_4060_000_4080_000_with_camera_labels-0.png 1168 888 28
big_dataset_depth/000000003257-segment-13519445614718437933_4060_000_4080_000_with_camera_labels-0.png 1176 880 28
big_dataset_depth/000000003257-segment-13519445614718437933_4060_000_4080_000_with_camera_labels-0.png 1184 904 29
big_dataset_depth/000000003257-segment-13519445614718437933_4060_000_4080_000_with_camera_labels-0.png 1192 880 28
big_dataset_depth/000000003257-segment-13519445614718437933_4060_000_4080_000_with_camera_labels-0.png 1200 904 29
big_dataset_depth/000000003257-segment-13519445614718437933_4060_000_4080_000_with_camera_labels-0.png 1208 880 28
big_dataset_depth/000000003257-segment-13519445614718437933_4060_000_4080_000_with_camera_labels-0.png 1216 904 29
big_dataset_depth/000000003257-segment-13519445614718437933_4060_000_4080_000_with_camera_labels-0.png 1224 896 29
big_dataset_depth/000000003257-segment-13519445614718437933_4060_000_4080_000_with_camera_labels-0.png 1232 896 28
big_dataset_depth/000000003257-segment-13519445614718437933_4060_000_4080_000_with_camera_labels-0.png 1240 904 30
big_dataset_depth/000000003257-segment-13519445614718437933_4060_000_4080_000_with_camera_labels-0.png 1248 896 28
big_dataset_depth/000000003257-segment-13519445614718437933_4060_000_4080_000_with_camera_labels-0.png 1256 896 28
big_dataset_depth/000000003257-segment-13519445614718437933_4060_000_4080_000_with_camera_labels-0.png 1264 896 28
big_dataset_depth/000000003257-segment-13519445614718437933_4060_000_4080_000_with_camera_labels-0.png 1272 928 29
big_dataset_depth/000000003257-segment-13519445614718437933_4060_000_4080_000_with_camera_labels-0.png 1280 920 29
big_dataset_depth/000000003257-segment-13519445614718437933_4060_000_4080_000_with_camera_labels-0.png 1288 928 29
big_dataset_depth/000000003257-segment-13519445614718437933_4060_000_4080_000_with_camera_labels-0.png 1296 904 29
big_dataset_depth/000000003257-segment-13519445614718437933_4060_000_4080_000_with_camera_labels-0.png 1304 872 28
big_dataset_depth/000000003257-segment-13519445614718437933_4060_000_4080_000_with_camera_labels-0.png 1312 752 30
big_dataset_depth/000000003257-segment-13519445614718437933_4060_000_4080_000_with_camera_labels-0.png 1320 760 30
big_dataset_depth/000000003257-segment-13519445614718437933_4060_000_4080_000_with_camera_labels-0.png 1328 744 30
big_dataset_depth/000000003257-segment-13519445614718437933_4060_000_4080_000_with_camera_labels-0.png 1336 784 31
big_dataset_depth/000000003257-segment-13519445614718437933_4060_000_4080_000_with_camera_labels-0.png 1344 792 31
big_dataset_depth/000000003257-segment-13519445614718437933_4060_000_4080_000_with_camera_labels-0.png 1352 816 32
big_dataset_depth/000000003257-segment-13519445614718437933_4060_000_4080_000_with_camera_labels-0.png 1360 832 32
big_dataset_depth/000000003257-segment-13519445614718437933_4060_000_4080_000_with_camera_labels-0.png 1368 888 32
big_dataset_depth/000000003257-segment-13519445614718437933_4060_000_4080_000_with_camera_labels-0.png 1376 880 32
big_dataset_depth/000000003257-segment-13519445614718437933_4060_000_4080_000_with_camera_labels-0.png 1384 888 32
big_dataset_depth/000000003257-segment-13519445614718437933_4060_000_4080_000_with_camera_labels-0.png 1392 888 31
big_dataset_depth/000000003257-segment-13519445614718437933_4060_000_4080_000_with_camera_labels-0.png 1400 840 41
big_dataset_depth/000000003257-segment-13519445614718437933_4060_000_4080_000_with_camera_labels-0.png 1408 776 40
big_dataset_depth/000000003257-segment-13519445614718437933_4060_000_4080_000_with_camera_labels-0.png 1416 776 43
big_dataset_depth/000000003257-segment-13519445614718437933_4060_000_4080_000_with_camera_labels-0.png 1424 776 50
big_dataset_depth/000000003257-segment-13519445614718437933_4060_000_4080_000_with_camera_labels-0.png 1432 800 48
big_dataset_depth/000000003257-segment-13519445614718437933_4060_000_4080_000_with_camera_labels-0.png 1440 800 47
big_dataset_depth/000000003257-segment-13519445614718437933_4060_000_4080_000_with_camera_labels-0.png 1448 800 48
big_dataset_depth/000000003257-segment-13519445614718437933_4060_000_4080_000_with_camera_labels-0.png 1456 800 48
big_dataset_depth/000000003257-segment-13519445614718437933_4060_000_4080_000_with_camera_labels-0.png 1464 800 48
big_dataset_depth/000000003257-segment-13519445614718437933_4060_000_4080_000_with_camera_labels-0.png 1472 800 47
big_dataset_depth/000000003257-segment-13519445614718437933_4060_000_4080_000_with_camera_labels-0.png 1480 808 46
big_dataset_depth/000000003257-segment-13519445614718437933_4060_000_4080_000_with_camera_labels-0.png 1488 800 46
big_dataset_depth/000000003257-segment-13519445614718437933_4060_000_4080_000_with_camera_labels-0.png 1496 800 45
big_dataset_depth/000000003257-segment-13519445614718437933_4060_000_4080_000_with_camera_labels-0.png 1504 800 44
big_dataset_depth/000000003257-segment-13519445614718437933_4060_000_4080_000_with_camera_labels-0.png 1512 808 44
big_dataset_depth/000000003257-segment-13519445614718437933_4060_000_4080_000_with_camera_labels-0.png 1520 808 44
big_dataset_depth/000000003257-segment-13519445614718437933_4060_000_4080_000_with_camera_labels-0.png 1528 784 43
big_dataset_depth/000000003257-segment-13519445614718437933_4060_000_4080_000_with_camera_labels-0.png 1536 808 43
big_dataset_depth/000000003257-segment-13519445614718437933_4060_000_4080_000_with_camera_labels-0.png 1568 896 21
big_dataset_depth/000000003257-segment-13519445614718437933_4060_000_4080_000_with_camera_labels-0.png 1576 1016 21
big_dataset_depth/000000003257-segment-13519445614718437933_4060_000_4080_000_with_camera_labels-0.png 1584 1016 21
big_dataset_depth/000000003257-segment-13519445614718437933_4060_000_4080_000_with_camera_labels-0.png 1592 1016 21
big_dataset_depth/000000003257-segment-13519445614718437933_4060_000_4080_000_with_camera_labels-0.png 1600 1016 21
big_dataset_depth/000000003257-segment-13519445614718437933_4060_000_4080_000_with_camera_labels-0.png 1608 1024 21
big_dataset_depth/000000003257-segment-13519445614718437933_4060_000_4080_000_with_camera_labels-0.png 1616 1016 21
big_dataset_depth/000000003257-segment-13519445614718437933_4060_000_4080_000_with_camera_labels-0.png 1624 1008 21
big_dataset_depth/000000003257-segment-13519445614718437933_4060_000_4080_000_with_camera_labels-0.png 1632 776 27
big_dataset_depth/000000003257-segment-13519445614718437933_4060_000_4080_000_with_camera_labels-0.png 1640 792 30
big_dataset_depth/000000003257-segment-13519445614718437933_4060_000_4080_000_with_camera_labels-0.png 1648 960 26
big_dataset_depth/000000003257-segment-13519445614718437933_4060_000_4080_000_with_camera_labels-0.png 1656 1032 20
big_dataset_depth/000000003257-segment-13519445614718437933_4060_000_4080_000_with_camera_labels-0.png 1672 824 37
big_dataset_depth/000000003257-segment-13519445614718437933_4060_000_4080_000_with_camera_labels-0.png 1680 832 36
big_dataset_depth/000000003257-segment-13519445614718437933_4060_000_4080_000_with_camera_labels-0.png 1688 840 35
big_dataset_depth/000000003257-segment-13519445614718437933_4060_000_4080_000_with_camera_labels-0.png 1696 840 35
big_dataset_depth/000000003257-segment-13519445614718437933_4060_000_4080_000_with_camera_labels-0.png 1704 848 35
big_dataset_depth/000000003257-segment-13519445614718437933_4060_000_4080_000_with_camera_labels-0.png 1712 848 35
big_dataset_depth/000000003257-segment-13519445614718437933_4060_000_4080_000_with_camera_labels-0.png 1720 1160 17
big_dataset_depth/000000003257-segment-13519445614718437933_4060_000_4080_000_with_camera_labels-0.png 1728 1160 17
big_dataset_depth/000000003257-segment-13519445614718437933_4060_000_4080_000_with_camera_labels-0.png 1736 1160 16
big_dataset_depth/000000003257-segment-13519445614718437933_4060_000_4080_000_with_camera_labels-0.png 1752 824 33
big_dataset_depth/000000003257-segment-13519445614718437933_4060_000_4080_000_with_camera_labels-0.png 1760 864 33
big_dataset_depth/000000003257-segment-13519445614718437933_4060_000_4080_000_with_camera_labels-0.png 1776 856 32
big_dataset_depth/000000003257-segment-13519445614718437933_4060_000_4080_000_with_camera_labels-0.png 1784 864 32
big_dataset_depth/000000003257-segment-13519445614718437933_4060_000_4080_000_with_camera_labels-0.png 1792 1208 15
big_dataset_depth/000000003257-segment-13519445614718437933_4060_000_4080_000_with_camera_labels-0.png 1800 1208 15
big_dataset_depth/000000003257-segment-13519445614718437933_4060_000_4080_000_with_camera_labels-0.png 1808 1208 15
big_dataset_depth/000000003257-segment-13519445614718437933_4060_000_4080_000_with_camera_labels-0.png 1816 1208 15
big_dataset_depth/000000003257-segment-13519445614718437933_4060_000_4080_000_with_camera_labels-0.png 1824 1008 21
big_dataset_depth/000000003257-segment-13519445614718437933_4060_000_4080_000_with_camera_labels-0.png 1832 936 23
big_dataset_depth/000000003257-segment-13519445614718437933_4060_000_4080_000_with_camera_labels-0.png 1840 1024 17
big_dataset_depth/000000003257-segment-13519445614718437933_4060_000_4080_000_with_camera_labels-0.png 1848 880 31
big_dataset_depth/000000003257-segment-13519445614718437933_4060_000_4080_000_with_camera_labels-0.png 1856 872 30
big_dataset_depth/000000003257-segment-13519445614718437933_4060_000_4080_000_with_camera_labels-0.png 1864 960 24
big_dataset_depth/000000003257-segment-13519445614718437933_4060_000_4080_000_with_camera_labels-0.png 1872 880 30
big_dataset_depth/000000003257-segment-13519445614718437933_4060_000_4080_000_with_camera_labels-0.png 1880 880 30
big_dataset_depth/000000003257-segment-13519445614718437933_4060_000_4080_000_with_camera_labels-0.png 1888 872 29
big_dataset_depth/000000003257-segment-13519445614718437933_4060_000_4080_000_with_camera_labels-0.png 1896 1264 14
big_dataset_depth/000000003257-segment-13519445614718437933_4060_000_4080_000_with_camera_labels-0.png 1904 1072 22
big_dataset_depth/000000003257-segment-13519445614718437933_4060_000_4080_000_with_camera_labels-0.png 1912 872 29
