big_dataset_depth/000000003250-segment-13517115297021862252_2680_000_2700_000_with_camera_labels-130.png 0 744 58
big_dataset_depth/000000003250-segment-13517115297021862252_2680_000_2700_000_with_camera_labels-130.png 8 744 59
big_dataset_depth/000000003250-segment-13517115297021862252_2680_000_2700_000_with_camera_labels-130.png 16 728 59
big_dataset_depth/000000003250-segment-13517115297021862252_2680_000_2700_000_with_camera_labels-130.png 24 744 59
big_dataset_depth/000000003250-segment-13517115297021862252_2680_000_2700_000_with_camera_labels-130.png 32 744 59
big_dataset_depth/000000003250-segment-13517115297021862252_2680_000_2700_000_with_camera_labels-130.png 40 744 60
big_dataset_depth/000000003250-segment-13517115297021862252_2680_000_2700_000_with_camera_labels-130.png 48 744 60
big_dataset_depth/000000003250-segment-13517115297021862252_2680_000_2700_000_with_camera_labels-130.png 56 728 62
big_dataset_depth/000000003250-segment-13517115297021862252_2680_000_2700_000_with_camera_labels-130.png 64 736 63
big_dataset_depth/000000003250-segment-13517115297021862252_2680_000_2700_000_with_camera_labels-130.png 72 736 63
big_dataset_depth/000000003250-segment-13517115297021862252_2680_000_2700_000_with_camera_labels-130.png 80 712 69
big_dataset_depth/000000003250-segment-13517115297021862252_2680_000_2700_000_with_camera_labels-130.png 88 720 69
big_dataset_depth/000000003250-segment-13517115297021862252_2680_000_2700_000_with_camera_labels-130.png 96 736 65
big_dataset_depth/000000003250-segment-13517115297021862252_2680_000_2700_000_with_camera_labels-130.png 104 728 67
big_dataset_depth/000000003250-segment-13517115297021862252_2680_000_2700_000_with_camera_labels-130.png 112 736 67
big_dataset_depth/000000003250-segment-13517115297021862252_2680_000_2700_000_with_camera_labels-130.png 120 744 64
big_dataset_depth/000000003250-segment-13517115297021862252_2680_000_2700_000_with_camera_labels-130.png 128 736 64
big_dataset_depth/000000003250-segment-13517115297021862252_2680_000_2700_000_with_camera_labels-130.png 136 760 57
big_dataset_depth/000000003250-segment-13517115297021862252_2680_000_2700_000_with_camera_labels-130.png 144 752 58
big_dataset_depth/000000003250-segment-13517115297021862252_2680_000_2700_000_with_camera_labels-130.png 160 728 68
big_dataset_depth/000000003250-segment-13517115297021862252_2680_000_2700_000_with_camera_labels-130.png 168 736 67
big_dataset_depth/000000003250-segment-13517115297021862252_2680_000_2700_000_with_camera_labels-130.png 176 728 67
big_dataset_depth/000000003250-segment-13517115297021862252_2680_000_2700_000_with_camera_labels-130.png 184 728 67
big_dataset_depth/000000003250-segment-13517115297021862252_2680_000_2700_000_with_camera_labels-130.png 192 728 68
big_dataset_depth/000000003250-segment-13517115297021862252_2680_000_2700_000_with_camera_labels-130.png 200 712 71
big_dataset_depth/000000003250-segment-13517115297021862252_2680_000_2700_000_with_camera_labels-130.png 208 688 77
big_dataset_depth/000000003250-segment-13517115297021862252_2680_000_2700_000_with_camera_labels-130.png 216 712 75
big_dataset_depth/000000003250-segment-13517115297021862252_2680_000_2700_000_with_camera_labels-130.png 224 704 75
big_dataset_depth/000000003250-segment-13517115297021862252_2680_000_2700_000_with_camera_labels-130.png 232 752 61
big_dataset_depth/000000003250-segment-13517115297021862252_2680_000_2700_000_with_camera_labels-130.png 240 752 61
big_dataset_depth/000000003250-segment-13517115297021862252_2680_000_2700_000_with_camera_labels-130.png 248 736 60
big_dataset_depth/000000003250-segment-13517115297021862252_2680_000_2700_000_with_camera_labels-130.png 256 736 60
big_dataset_depth/000000003250-segment-13517115297021862252_2680_000_2700_000_with_camera_labels-130.png 264 736 60
big_dataset_depth/000000003250-segment-13517115297021862252_2680_000_2700_000_with_camera_labels-130.png 272 744 60
big_dataset_depth/000000003250-segment-13517115297021862252_2680_000_2700_000_with_camera_labels-130.png 280 744 60
big_dataset_depth/000000003250-segment-13517115297021862252_2680_000_2700_000_with_camera_labels-130.png 288 744 60
big_dataset_depth/000000003250-segment-13517115297021862252_2680_000_2700_000_with_camera_labels-130.png 296 752 60
big_dataset_depth/000000003250-segment-13517115297021862252_2680_000_2700_000_with_camera_labels-130.png 304 752 60
big_dataset_depth/000000003250-segment-13517115297021862252_2680_000_2700_000_with_camera_labels-130.png 312 752 60
big_dataset_depth/000000003250-segment-13517115297021862252_2680_000_2700_000_with_camera_labels-130.png 320 744 61
big_dataset_depth/000000003250-segment-13517115297021862252_2680_000_2700_000_with_camera_labels-130.png 328 736 61
big_dataset_depth/000000003250-segment-13517115297021862252_2680_000_2700_000_with_camera_labels-130.png 336 728 62
big_dataset_depth/000000003250-segment-13517115297021862252_2680_000_2700_000_with_camera_labels-130.png 344 728 63
big_dataset_depth/000000003250-segment-13517115297021862252_2680_000_2700_000_with_camera_labels-130.png 352 736 63
big_dataset_depth/000000003250-segment-13517115297021862252_2680_000_2700_000_with_camera_labels-130.png 360 744 64
big_dataset_depth/000000003250-segment-13517115297021862252_2680_000_2700_000_with_camera_labels-130.png 376 688 81
big_dataset_depth/000000003250-segment-13517115297021862252_2680_000_2700_000_with_camera_labels-130.png 384 728 69
big_dataset_depth/000000003250-segment-13517115297021862252_2680_000_2700_000_with_camera_labels-130.png 392 720 69
big_dataset_depth/000000003250-segment-13517115297021862252_2680_000_2700_000_with_camera_labels-130.png 400 728 69
big_dataset_depth/000000003250-segment-13517115297021862252_2680_000_2700_000_with_camera_labels-130.png 408 736 70
big_dataset_depth/000000003250-segment-13517115297021862252_2680_000_2700_000_with_camera_labels-130.png 416 728 71
big_dataset_depth/000000003250-segment-13517115297021862252_2680_000_2700_000_with_camera_labels-130.png 424 680 103
big_dataset_depth/000000003250-segment-13517115297021862252_2680_000_2700_000_with_camera_labels-130.png 432 680 103
big_dataset_depth/000000003250-segment-13517115297021862252_2680_000_2700_000_with_camera_labels-130.png 440 688 91
big_dataset_depth/000000003250-segment-13517115297021862252_2680_000_2700_000_with_camera_labels-130.png 448 720 82
big_dataset_depth/000000003250-segment-13517115297021862252_2680_000_2700_000_with_camera_labels-130.png 456 720 82
big_dataset_depth/000000003250-segment-13517115297021862252_2680_000_2700_000_with_camera_labels-130.png 464 704 87
big_dataset_depth/000000003250-segment-13517115297021862252_2680_000_2700_000_with_camera_labels-130.png 472 704 87
big_dataset_depth/000000003250-segment-13517115297021862252_2680_000_2700_000_with_camera_labels-130.png 480 704 86
big_dataset_depth/000000003250-segment-13517115297021862252_2680_000_2700_000_with_camera_labels-130.png 488 704 87
big_dataset_depth/000000003250-segment-13517115297021862252_2680_000_2700_000_with_camera_labels-130.png 496 704 86
big_dataset_depth/000000003250-segment-13517115297021862252_2680_000_2700_000_with_camera_labels-130.png 504 688 94
big_dataset_depth/000000003250-segment-13517115297021862252_2680_000_2700_000_with_camera_labels-130.png 512 704 87
big_dataset_depth/000000003250-segment-13517115297021862252_2680_000_2700_000_with_camera_labels-130.png 520 648 108
big_dataset_depth/000000003250-segment-13517115297021862252_2680_000_2700_000_with_camera_labels-130.png 528 688 99
big_dataset_depth/000000003250-segment-13517115297021862252_2680_000_2700_000_with_camera_labels-130.png 536 616 104
big_dataset_depth/000000003250-segment-13517115297021862252_2680_000_2700_000_with_camera_labels-130.png 544 592 105
big_dataset_depth/000000003250-segment-13517115297021862252_2680_000_2700_000_with_camera_labels-130.png 552 704 95
big_dataset_depth/000000003250-segment-13517115297021862252_2680_000_2700_000_with_camera_labels-130.png 560 592 106
big_dataset_depth/000000003250-segment-13517115297021862252_2680_000_2700_000_with_camera_labels-130.png 568 688 99
big_dataset_depth/000000003250-segment-13517115297021862252_2680_000_2700_000_with_camera_labels-130.png 576 696 99
big_dataset_depth/000000003250-segment-13517115297021862252_2680_000_2700_000_with_camera_labels-130.png 584 584 108
big_dataset_depth/000000003250-segment-13517115297021862252_2680_000_2700_000_with_camera_labels-130.png 592 584 108
big_dataset_depth/000000003250-segment-13517115297021862252_2680_000_2700_000_with_camera_labels-130.png 600 584 108
big_dataset_depth/000000003250-segment-13517115297021862252_2680_000_2700_000_with_camera_labels-130.png 608 552 106
big_dataset_depth/000000003250-segment-13517115297021862252_2680_000_2700_000_with_camera_labels-130.png 1008 688 99
big_dataset_depth/000000003250-segment-13517115297021862252_2680_000_2700_000_with_camera_labels-130.png 1016 696 98
big_dataset_depth/000000003250-segment-13517115297021862252_2680_000_2700_000_with_camera_labels-130.png 1032 712 77
big_dataset_depth/000000003250-segment-13517115297021862252_2680_000_2700_000_with_camera_labels-130.png 1040 712 77
big_dataset_depth/000000003250-segment-13517115297021862252_2680_000_2700_000_with_camera_labels-130.png 1048 744 55
big_dataset_depth/000000003250-segment-13517115297021862252_2680_000_2700_000_with_camera_labels-130.png 1056 744 55
big_dataset_depth/000000003250-segment-13517115297021862252_2680_000_2700_000_with_camera_labels-130.png 1064 752 54
big_dataset_depth/000000003250-segment-13517115297021862252_2680_000_2700_000_with_camera_labels-130.png 1072 752 54
big_dataset_depth/000000003250-segment-13517115297021862252_2680_000_2700_000_with_camera_labels-130.png 1080 768 39
big_dataset_depth/000000003250-segment-13517115297021862252_2680_000_2700_000_with_camera_labels-130.png 1088 776 39
big_dataset_depth/000000003250-segment-13517115297021862252_2680_000_2700_000_with_camera_labels-130.png 1096 776 39
big_dataset_depth/000000003250-segment-13517115297021862252_2680_000_2700_000_with_camera_labels-130.png 1104 792 39
big_dataset_depth/000000003250-segment-13517115297021862252_2680_000_2700_000_with_camera_labels-130.png 1112 800 38
big_dataset_depth/000000003250-segment-13517115297021862252_2680_000_2700_000_with_camera_labels-130.png 1120 800 38
big_dataset_depth/000000003250-segment-13517115297021862252_2680_000_2700_000_with_camera_labels-130.png 1128 800 38
big_dataset_depth/000000003250-segment-13517115297021862252_2680_000_2700_000_with_camera_labels-130.png 1136 792 39
big_dataset_depth/000000003250-segment-13517115297021862252_2680_000_2700_000_with_camera_labels-130.png 1144 784 38
big_dataset_depth/000000003250-segment-13517115297021862252_2680_000_2700_000_with_camera_labels-130.png 1152 768 38
big_dataset_depth/000000003250-segment-13517115297021862252_2680_000_2700_000_with_camera_labels-130.png 1160 776 38
big_dataset_depth/000000003250-segment-13517115297021862252_2680_000_2700_000_with_camera_labels-130.png 1168 776 38
big_dataset_depth/000000003250-segment-13517115297021862252_2680_000_2700_000_with_camera_labels-130.png 1176 776 38
big_dataset_depth/000000003250-segment-13517115297021862252_2680_000_2700_000_with_camera_labels-130.png 1184 800 38
big_dataset_depth/000000003250-segment-13517115297021862252_2680_000_2700_000_with_camera_labels-130.png 1192 816 33
big_dataset_depth/000000003250-segment-13517115297021862252_2680_000_2700_000_with_camera_labels-130.png 1200 832 33
big_dataset_depth/000000003250-segment-13517115297021862252_2680_000_2700_000_with_camera_labels-130.png 1208 824 32
big_dataset_depth/000000003250-segment-13517115297021862252_2680_000_2700_000_with_camera_labels-130.png 1216 824 32
big_dataset_depth/000000003250-segment-13517115297021862252_2680_000_2700_000_with_camera_labels-130.png 1224 840 32
big_dataset_depth/000000003250-segment-13517115297021862252_2680_000_2700_000_with_camera_labels-130.png 1232 840 32
big_dataset_depth/000000003250-segment-13517115297021862252_2680_000_2700_000_with_camera_labels-130.png 1240 832 32
big_dataset_depth/000000003250-segment-13517115297021862252_2680_000_2700_000_with_camera_labels-130.png 1248 848 27
big_dataset_depth/000000003250-segment-13517115297021862252_2680_000_2700_000_with_camera_labels-130.png 1256 840 29
big_dataset_depth/000000003250-segment-13517115297021862252_2680_000_2700_000_with_camera_labels-130.png 1264 864 27
big_dataset_depth/000000003250-segment-13517115297021862252_2680_000_2700_000_with_camera_labels-130.png 1272 864 27
big_dataset_depth/000000003250-segment-13517115297021862252_2680_000_2700_000_with_camera_labels-130.png 1280 872 27
big_dataset_depth/000000003250-segment-13517115297021862252_2680_000_2700_000_with_camera_labels-130.png 1288 864 27
big_dataset_depth/000000003250-segment-13517115297021862252_2680_000_2700_000_with_camera_labels-130.png 1296 888 27
big_dataset_depth/000000003250-segment-13517115297021862252_2680_000_2700_000_with_camera_labels-130.png 1304 896 27
big_dataset_depth/000000003250-segment-13517115297021862252_2680_000_2700_000_with_camera_labels-130.png 1312 864 27
big_dataset_depth/000000003250-segment-13517115297021862252_2680_000_2700_000_with_camera_labels-130.png 1320 896 22
big_dataset_depth/000000003250-segment-13517115297021862252_2680_000_2700_000_with_camera_labels-130.png 1328 904 22
big_dataset_depth/000000003250-segment-13517115297021862252_2680_000_2700_000_with_camera_labels-130.png 1336 912 22
big_dataset_depth/000000003250-segment-13517115297021862252_2680_000_2700_000_with_camera_labels-130.png 1344 912 22
big_dataset_depth/000000003250-segment-13517115297021862252_2680_000_2700_000_with_camera_labels-130.png 1352 912 22
big_dataset_depth/000000003250-segment-13517115297021862252_2680_000_2700_000_with_camera_labels-130.png 1360 936 22
big_dataset_depth/000000003250-segment-13517115297021862252_2680_000_2700_000_with_camera_labels-130.png 1368 912 22
big_dataset_depth/000000003250-segment-13517115297021862252_2680_000_2700_000_with_camera_labels-130.png 1376 936 22
big_dataset_depth/000000003250-segment-13517115297021862252_2680_000_2700_000_with_camera_labels-130.png 1384 952 22
big_dataset_depth/000000003250-segment-13517115297021862252_2680_000_2700_000_with_camera_labels-130.png 1392 960 22
big_dataset_depth/000000003250-segment-13517115297021862252_2680_000_2700_000_with_camera_labels-130.png 1400 960 22
big_dataset_depth/000000003250-segment-13517115297021862252_2680_000_2700_000_with_camera_labels-130.png 1408 944 22
big_dataset_depth/000000003250-segment-13517115297021862252_2680_000_2700_000_with_camera_labels-130.png 1424 1000 17
big_dataset_depth/000000003250-segment-13517115297021862252_2680_000_2700_000_with_camera_labels-130.png 1432 968 17
big_dataset_depth/000000003250-segment-13517115297021862252_2680_000_2700_000_with_camera_labels-130.png 1440 1000 17
big_dataset_depth/000000003250-segment-13517115297021862252_2680_000_2700_000_with_camera_labels-130.png 1448 1016 17
big_dataset_depth/000000003250-segment-13517115297021862252_2680_000_2700_000_with_camera_labels-130.png 1456 1000 17
big_dataset_depth/000000003250-segment-13517115297021862252_2680_000_2700_000_with_camera_labels-130.png 1464 1016 17
big_dataset_depth/000000003250-segment-13517115297021862252_2680_000_2700_000_with_camera_labels-130.png 1472 1016 17
big_dataset_depth/000000003250-segment-13517115297021862252_2680_000_2700_000_with_camera_labels-130.png 1480 1032 17
big_dataset_depth/000000003250-segment-13517115297021862252_2680_000_2700_000_with_camera_labels-130.png 1488 1048 17
big_dataset_depth/000000003250-segment-13517115297021862252_2680_000_2700_000_with_camera_labels-130.png 1496 1056 17
big_dataset_depth/000000003250-segment-13517115297021862252_2680_000_2700_000_with_camera_labels-130.png 1504 1088 17
big_dataset_depth/000000003250-segment-13517115297021862252_2680_000_2700_000_with_camera_labels-130.png 1512 1104 17
big_dataset_depth/000000003250-segment-13517115297021862252_2680_000_2700_000_with_camera_labels-130.png 1520 1088 17
big_dataset_depth/000000003250-segment-13517115297021862252_2680_000_2700_000_with_camera_labels-130.png 1528 1104 17
big_dataset_depth/000000003250-segment-13517115297021862252_2680_000_2700_000_with_camera_labels-130.png 1536 1104 17
big_dataset_depth/000000003250-segment-13517115297021862252_2680_000_2700_000_with_camera_labels-130.png 1544 1088 17
big_dataset_depth/000000003250-segment-13517115297021862252_2680_000_2700_000_with_camera_labels-130.png 1552 1104 17
big_dataset_depth/000000003250-segment-13517115297021862252_2680_000_2700_000_with_camera_labels-130.png 1560 1104 17
big_dataset_depth/000000003250-segment-13517115297021862252_2680_000_2700_000_with_camera_labels-130.png 1568 1104 17
big_dataset_depth/000000003250-segment-13517115297021862252_2680_000_2700_000_with_camera_labels-130.png 1576 1104 17
big_dataset_depth/000000003250-segment-13517115297021862252_2680_000_2700_000_with_camera_labels-130.png 1584 1088 17
big_dataset_depth/000000003250-segment-13517115297021862252_2680_000_2700_000_with_camera_labels-130.png 1592 1104 17
big_dataset_depth/000000003250-segment-13517115297021862252_2680_000_2700_000_with_camera_labels-130.png 1600 1104 17
big_dataset_depth/000000003250-segment-13517115297021862252_2680_000_2700_000_with_camera_labels-130.png 1608 1096 17
big_dataset_depth/000000003250-segment-13517115297021862252_2680_000_2700_000_with_camera_labels-130.png 1616 1112 17
big_dataset_depth/000000003250-segment-13517115297021862252_2680_000_2700_000_with_camera_labels-130.png 1624 1064 17
big_dataset_depth/000000003250-segment-13517115297021862252_2680_000_2700_000_with_camera_labels-130.png 1632 1072 17
big_dataset_depth/000000003250-segment-13517115297021862252_2680_000_2700_000_with_camera_labels-130.png 1640 1048 16
big_dataset_depth/000000003250-segment-13517115297021862252_2680_000_2700_000_with_camera_labels-130.png 1648 1048 16
big_dataset_depth/000000003250-segment-13517115297021862252_2680_000_2700_000_with_camera_labels-130.png 1656 1040 16
big_dataset_depth/000000003250-segment-13517115297021862252_2680_000_2700_000_with_camera_labels-130.png 1664 1048 16
big_dataset_depth/000000003250-segment-13517115297021862252_2680_000_2700_000_with_camera_labels-130.png 1672 1048 16
big_dataset_depth/000000003250-segment-13517115297021862252_2680_000_2700_000_with_camera_labels-130.png 1680 1048 16
big_dataset_depth/000000003250-segment-13517115297021862252_2680_000_2700_000_with_camera_labels-130.png 1688 1056 16
big_dataset_depth/000000003250-segment-13517115297021862252_2680_000_2700_000_with_camera_labels-130.png 1696 1048 16
big_dataset_depth/000000003250-segment-13517115297021862252_2680_000_2700_000_with_camera_labels-130.png 1704 1056 16
big_dataset_depth/000000003250-segment-13517115297021862252_2680_000_2700_000_with_camera_labels-130.png 1712 1056 16
big_dataset_depth/000000003250-segment-13517115297021862252_2680_000_2700_000_with_camera_labels-130.png 1720 1096 17
big_dataset_depth/000000003250-segment-13517115297021862252_2680_000_2700_000_with_camera_labels-130.png 1728 1056 16
big_dataset_depth/000000003250-segment-13517115297021862252_2680_000_2700_000_with_camera_labels-130.png 1736 1080 16
big_dataset_depth/000000003250-segment-13517115297021862252_2680_000_2700_000_with_camera_labels-130.png 1744 1080 16
big_dataset_depth/000000003250-segment-13517115297021862252_2680_000_2700_000_with_camera_labels-130.png 1752 1080 16
big_dataset_depth/000000003250-segment-13517115297021862252_2680_000_2700_000_with_camera_labels-130.png 1760 1096 16
big_dataset_depth/000000003250-segment-13517115297021862252_2680_000_2700_000_with_camera_labels-130.png 1768 1080 16
big_dataset_depth/000000003250-segment-13517115297021862252_2680_000_2700_000_with_camera_labels-130.png 1776 1080 16
big_dataset_depth/000000003250-segment-13517115297021862252_2680_000_2700_000_with_camera_labels-130.png 1784 1080 16
big_dataset_depth/000000003250-segment-13517115297021862252_2680_000_2700_000_with_camera_labels-130.png 1792 1080 16
big_dataset_depth/000000003250-segment-13517115297021862252_2680_000_2700_000_with_camera_labels-130.png 1800 1080 16
big_dataset_depth/000000003250-segment-13517115297021862252_2680_000_2700_000_with_camera_labels-130.png 1808 1072 16
big_dataset_depth/000000003250-segment-13517115297021862252_2680_000_2700_000_with_camera_labels-130.png 1816 1080 16
big_dataset_depth/000000003250-segment-13517115297021862252_2680_000_2700_000_with_camera_labels-130.png 1824 1080 16
big_dataset_depth/000000003250-segment-13517115297021862252_2680_000_2700_000_with_camera_labels-130.png 1832 1072 16
big_dataset_depth/000000003250-segment-13517115297021862252_2680_000_2700_000_with_camera_labels-130.png 1840 1088 16
big_dataset_depth/000000003250-segment-13517115297021862252_2680_000_2700_000_with_camera_labels-130.png 1848 928 33
big_dataset_depth/000000003250-segment-13517115297021862252_2680_000_2700_000_with_camera_labels-130.png 1856 1088 16
big_dataset_depth/000000003250-segment-13517115297021862252_2680_000_2700_000_with_camera_labels-130.png 1864 1088 16
big_dataset_depth/000000003250-segment-13517115297021862252_2680_000_2700_000_with_camera_labels-130.png 1872 864 37
big_dataset_depth/000000003250-segment-13517115297021862252_2680_000_2700_000_with_camera_labels-130.png 1880 1080 16
big_dataset_depth/000000003250-segment-13517115297021862252_2680_000_2700_000_with_camera_labels-130.png 1888 920 32
big_dataset_depth/000000003250-segment-13517115297021862252_2680_000_2700_000_with_camera_labels-130.png 1896 1008 24
big_dataset_depth/000000003250-segment-13517115297021862252_2680_000_2700_000_with_camera_labels-130.png 1904 992 26
big_dataset_depth/000000003250-segment-13517115297021862252_2680_000_2700_000_with_camera_labels-130.png 1912 920 33
