big_dataset_depth/000000000683-segment-10599748131695282446_1380_000_1400_000_with_camera_labels-30.png 0 608 51
big_dataset_depth/000000000683-segment-10599748131695282446_1380_000_1400_000_with_camera_labels-30.png 8 856 48
big_dataset_depth/000000000683-segment-10599748131695282446_1380_000_1400_000_with_camera_labels-30.png 16 784 41
big_dataset_depth/000000000683-segment-10599748131695282446_1380_000_1400_000_with_camera_labels-30.png 24 888 30
big_dataset_depth/000000000683-segment-10599748131695282446_1380_000_1400_000_with_camera_labels-30.png 32 992 25
big_dataset_depth/000000000683-segment-10599748131695282446_1380_000_1400_000_with_camera_labels-30.png 40 1216 11
big_dataset_depth/000000000683-segment-10599748131695282446_1380_000_1400_000_with_camera_labels-30.png 48 928 23
big_dataset_depth/000000000683-segment-10599748131695282446_1380_000_1400_000_with_camera_labels-30.png 56 1264 11
big_dataset_depth/000000000683-segment-10599748131695282446_1380_000_1400_000_with_camera_labels-30.png 64 1024 15
big_dataset_depth/000000000683-segment-10599748131695282446_1380_000_1400_000_with_camera_labels-30.png 72 1264 11
big_dataset_depth/000000000683-segment-10599748131695282446_1380_000_1400_000_with_camera_labels-30.png 80 1248 11
big_dataset_depth/000000000683-segment-10599748131695282446_1380_000_1400_000_with_camera_labels-30.png 88 1256 11
big_dataset_depth/000000000683-segment-10599748131695282446_1380_000_1400_000_with_camera_labels-30.png 96 776 20
big_dataset_depth/000000000683-segment-10599748131695282446_1380_000_1400_000_with_camera_labels-30.png 104 1256 11
big_dataset_depth/000000000683-segment-10599748131695282446_1380_000_1400_000_with_camera_labels-30.png 112 936 52
big_dataset_depth/000000000683-segment-10599748131695282446_1380_000_1400_000_with_camera_labels-30.png 120 712 42
big_dataset_depth/000000000683-segment-10599748131695282446_1380_000_1400_000_with_camera_labels-30.png 128 1240 11
big_dataset_depth/000000000683-segment-10599748131695282446_1380_000_1400_000_with_camera_labels-30.png 136 1232 11
big_dataset_depth/000000000683-segment-10599748131695282446_1380_000_1400_000_with_camera_labels-30.png 144 1232 12
big_dataset_depth/000000000683-segment-10599748131695282446_1380_000_1400_000_with_camera_labels-30.png 152 1232 12
big_dataset_depth/000000000683-segment-10599748131695282446_1380_000_1400_000_with_camera_labels-30.png 160 1232 12
big_dataset_depth/000000000683-segment-10599748131695282446_1380_000_1400_000_with_camera_labels-30.png 168 1184 12
big_dataset_depth/000000000683-segment-10599748131695282446_1380_000_1400_000_with_camera_labels-30.png 176 1208 12
big_dataset_depth/000000000683-segment-10599748131695282446_1380_000_1400_000_with_camera_labels-30.png 184 1208 12
big_dataset_depth/000000000683-segment-10599748131695282446_1380_000_1400_000_with_camera_labels-30.png 192 1200 12
big_dataset_depth/000000000683-segment-10599748131695282446_1380_000_1400_000_with_camera_labels-30.png 200 1184 12
big_dataset_depth/000000000683-segment-10599748131695282446_1380_000_1400_000_with_camera_labels-30.png 208 1184 12
big_dataset_depth/000000000683-segment-10599748131695282446_1380_000_1400_000_with_camera_labels-30.png 216 1184 13
big_dataset_depth/000000000683-segment-10599748131695282446_1380_000_1400_000_with_camera_labels-30.png 224 1248 13
big_dataset_depth/000000000683-segment-10599748131695282446_1380_000_1400_000_with_camera_labels-30.png 232 1184 13
big_dataset_depth/000000000683-segment-10599748131695282446_1380_000_1400_000_with_camera_labels-30.png 248 1208 14
big_dataset_depth/000000000683-segment-10599748131695282446_1380_000_1400_000_with_camera_labels-30.png 256 1200 14
big_dataset_depth/000000000683-segment-10599748131695282446_1380_000_1400_000_with_camera_labels-30.png 264 1216 14
big_dataset_depth/000000000683-segment-10599748131695282446_1380_000_1400_000_with_camera_labels-30.png 272 1208 14
big_dataset_depth/000000000683-segment-10599748131695282446_1380_000_1400_000_with_camera_labels-30.png 280 1208 13
big_dataset_depth/000000000683-segment-10599748131695282446_1380_000_1400_000_with_camera_labels-30.png 288 1176 14
big_dataset_depth/000000000683-segment-10599748131695282446_1380_000_1400_000_with_camera_labels-30.png 304 1176 14
big_dataset_depth/000000000683-segment-10599748131695282446_1380_000_1400_000_with_camera_labels-30.png 312 1176 14
big_dataset_depth/000000000683-segment-10599748131695282446_1380_000_1400_000_with_camera_labels-30.png 320 1176 14
big_dataset_depth/000000000683-segment-10599748131695282446_1380_000_1400_000_with_camera_labels-30.png 328 1048 14
big_dataset_depth/000000000683-segment-10599748131695282446_1380_000_1400_000_with_camera_labels-30.png 344 1056 19
big_dataset_depth/000000000683-segment-10599748131695282446_1380_000_1400_000_with_camera_labels-30.png 352 992 17
big_dataset_depth/000000000683-segment-10599748131695282446_1380_000_1400_000_with_camera_labels-30.png 360 984 17
big_dataset_depth/000000000683-segment-10599748131695282446_1380_000_1400_000_with_camera_labels-30.png 368 992 18
big_dataset_depth/000000000683-segment-10599748131695282446_1380_000_1400_000_with_camera_labels-30.png 376 992 17
big_dataset_depth/000000000683-segment-10599748131695282446_1380_000_1400_000_with_camera_labels-30.png 384 992 17
big_dataset_depth/000000000683-segment-10599748131695282446_1380_000_1400_000_with_camera_labels-30.png 392 984 17
big_dataset_depth/000000000683-segment-10599748131695282446_1380_000_1400_000_with_camera_labels-30.png 400 992 17
big_dataset_depth/000000000683-segment-10599748131695282446_1380_000_1400_000_with_camera_labels-30.png 408 984 17
big_dataset_depth/000000000683-segment-10599748131695282446_1380_000_1400_000_with_camera_labels-30.png 416 992 17
big_dataset_depth/000000000683-segment-10599748131695282446_1380_000_1400_000_with_camera_labels-30.png 424 992 17
big_dataset_depth/000000000683-segment-10599748131695282446_1380_000_1400_000_with_camera_labels-30.png 432 992 17
big_dataset_depth/000000000683-segment-10599748131695282446_1380_000_1400_000_with_camera_labels-30.png 440 992 18
big_dataset_depth/000000000683-segment-10599748131695282446_1380_000_1400_000_with_camera_labels-30.png 448 1008 18
big_dataset_depth/000000000683-segment-10599748131695282446_1380_000_1400_000_with_camera_labels-30.png 456 1008 18
big_dataset_depth/000000000683-segment-10599748131695282446_1380_000_1400_000_with_camera_labels-30.png 464 992 18
big_dataset_depth/000000000683-segment-10599748131695282446_1380_000_1400_000_with_camera_labels-30.png 472 1024 19
big_dataset_depth/000000000683-segment-10599748131695282446_1380_000_1400_000_with_camera_labels-30.png 480 1024 19
big_dataset_depth/000000000683-segment-10599748131695282446_1380_000_1400_000_with_camera_labels-30.png 488 1016 18
big_dataset_depth/000000000683-segment-10599748131695282446_1380_000_1400_000_with_camera_labels-30.png 496 1024 18
big_dataset_depth/000000000683-segment-10599748131695282446_1380_000_1400_000_with_camera_labels-30.png 504 1008 19
big_dataset_depth/000000000683-segment-10599748131695282446_1380_000_1400_000_with_camera_labels-30.png 512 992 19
big_dataset_depth/000000000683-segment-10599748131695282446_1380_000_1400_000_with_camera_labels-30.png 520 936 19
big_dataset_depth/000000000683-segment-10599748131695282446_1380_000_1400_000_with_camera_labels-30.png 528 992 20
big_dataset_depth/000000000683-segment-10599748131695282446_1380_000_1400_000_with_camera_labels-30.png 536 936 20
big_dataset_depth/000000000683-segment-10599748131695282446_1380_000_1400_000_with_camera_labels-30.png 544 944 21
big_dataset_depth/000000000683-segment-10599748131695282446_1380_000_1400_000_with_camera_labels-30.png 552 968 21
big_dataset_depth/000000000683-segment-10599748131695282446_1380_000_1400_000_with_camera_labels-30.png 560 1136 13
big_dataset_depth/000000000683-segment-10599748131695282446_1380_000_1400_000_with_camera_labels-30.png 568 1040 17
big_dataset_depth/000000000683-segment-10599748131695282446_1380_000_1400_000_with_camera_labels-30.png 576 1112 13
big_dataset_depth/000000000683-segment-10599748131695282446_1380_000_1400_000_with_camera_labels-30.png 584 1096 13
big_dataset_depth/000000000683-segment-10599748131695282446_1380_000_1400_000_with_camera_labels-30.png 592 1136 13
big_dataset_depth/000000000683-segment-10599748131695282446_1380_000_1400_000_with_camera_labels-30.png 600 1136 13
big_dataset_depth/000000000683-segment-10599748131695282446_1380_000_1400_000_with_camera_labels-30.png 608 1136 13
big_dataset_depth/000000000683-segment-10599748131695282446_1380_000_1400_000_with_camera_labels-30.png 616 1136 13
big_dataset_depth/000000000683-segment-10599748131695282446_1380_000_1400_000_with_camera_labels-30.png 624 1136 13
big_dataset_depth/000000000683-segment-10599748131695282446_1380_000_1400_000_with_camera_labels-30.png 632 1136 13
big_dataset_depth/000000000683-segment-10599748131695282446_1380_000_1400_000_with_camera_labels-30.png 640 1136 13
big_dataset_depth/000000000683-segment-10599748131695282446_1380_000_1400_000_with_camera_labels-30.png 648 1072 14
big_dataset_depth/000000000683-segment-10599748131695282446_1380_000_1400_000_with_camera_labels-30.png 656 1112 13
big_dataset_depth/000000000683-segment-10599748131695282446_1380_000_1400_000_with_camera_labels-30.png 664 1136 13
big_dataset_depth/000000000683-segment-10599748131695282446_1380_000_1400_000_with_camera_labels-30.png 672 1136 13
big_dataset_depth/000000000683-segment-10599748131695282446_1380_000_1400_000_with_camera_labels-30.png 680 1136 13
big_dataset_depth/000000000683-segment-10599748131695282446_1380_000_1400_000_with_camera_labels-30.png 688 1136 13
big_dataset_depth/000000000683-segment-10599748131695282446_1380_000_1400_000_with_camera_labels-30.png 696 1136 13
big_dataset_depth/000000000683-segment-10599748131695282446_1380_000_1400_000_with_camera_labels-30.png 704 1032 13
big_dataset_depth/000000000683-segment-10599748131695282446_1380_000_1400_000_with_camera_labels-30.png 712 1136 13
big_dataset_depth/000000000683-segment-10599748131695282446_1380_000_1400_000_with_camera_labels-30.png 720 1136 13
big_dataset_depth/000000000683-segment-10599748131695282446_1380_000_1400_000_with_camera_labels-30.png 728 1152 13
big_dataset_depth/000000000683-segment-10599748131695282446_1380_000_1400_000_with_camera_labels-30.png 736 1128 13
big_dataset_depth/000000000683-segment-10599748131695282446_1380_000_1400_000_with_camera_labels-30.png 744 1072 14
big_dataset_depth/000000000683-segment-10599748131695282446_1380_000_1400_000_with_camera_labels-30.png 752 1128 13
big_dataset_depth/000000000683-segment-10599748131695282446_1380_000_1400_000_with_camera_labels-30.png 760 1152 13
big_dataset_depth/000000000683-segment-10599748131695282446_1380_000_1400_000_with_camera_labels-30.png 768 1112 13
big_dataset_depth/000000000683-segment-10599748131695282446_1380_000_1400_000_with_camera_labels-30.png 776 1128 13
big_dataset_depth/000000000683-segment-10599748131695282446_1380_000_1400_000_with_camera_labels-30.png 784 1048 13
big_dataset_depth/000000000683-segment-10599748131695282446_1380_000_1400_000_with_camera_labels-30.png 792 1048 14
big_dataset_depth/000000000683-segment-10599748131695282446_1380_000_1400_000_with_camera_labels-30.png 800 1064 14
big_dataset_depth/000000000683-segment-10599748131695282446_1380_000_1400_000_with_camera_labels-30.png 808 1128 13
big_dataset_depth/000000000683-segment-10599748131695282446_1380_000_1400_000_with_camera_labels-30.png 816 1264 12
big_dataset_depth/000000000683-segment-10599748131695282446_1380_000_1400_000_with_camera_labels-30.png 824 1192 13
big_dataset_depth/000000000683-segment-10599748131695282446_1380_000_1400_000_with_camera_labels-30.png 832 1128 13
big_dataset_depth/000000000683-segment-10599748131695282446_1380_000_1400_000_with_camera_labels-30.png 840 1128 13
big_dataset_depth/000000000683-segment-10599748131695282446_1380_000_1400_000_with_camera_labels-30.png 848 1128 13
big_dataset_depth/000000000683-segment-10599748131695282446_1380_000_1400_000_with_camera_labels-30.png 856 1128 13
big_dataset_depth/000000000683-segment-10599748131695282446_1380_000_1400_000_with_camera_labels-30.png 864 1032 13
big_dataset_depth/000000000683-segment-10599748131695282446_1380_000_1400_000_with_camera_labels-30.png 872 1128 13
big_dataset_depth/000000000683-segment-10599748131695282446_1380_000_1400_000_with_camera_labels-30.png 880 1048 13
big_dataset_depth/000000000683-segment-10599748131695282446_1380_000_1400_000_with_camera_labels-30.png 888 1128 13
big_dataset_depth/000000000683-segment-10599748131695282446_1380_000_1400_000_with_camera_labels-30.png 896 1240 13
big_dataset_depth/000000000683-segment-10599748131695282446_1380_000_1400_000_with_camera_labels-30.png 904 1128 13
big_dataset_depth/000000000683-segment-10599748131695282446_1380_000_1400_000_with_camera_labels-30.png 912 1128 13
big_dataset_depth/000000000683-segment-10599748131695282446_1380_000_1400_000_with_camera_labels-30.png 920 1216 13
big_dataset_depth/000000000683-segment-10599748131695282446_1380_000_1400_000_with_camera_labels-30.png 928 1128 13
big_dataset_depth/000000000683-segment-10599748131695282446_1380_000_1400_000_with_camera_labels-30.png 936 1128 13
big_dataset_depth/000000000683-segment-10599748131695282446_1380_000_1400_000_with_camera_labels-30.png 944 1128 13
big_dataset_depth/000000000683-segment-10599748131695282446_1380_000_1400_000_with_camera_labels-30.png 952 1128 13
big_dataset_depth/000000000683-segment-10599748131695282446_1380_000_1400_000_with_camera_labels-30.png 960 1088 14
big_dataset_depth/000000000683-segment-10599748131695282446_1380_000_1400_000_with_camera_labels-30.png 968 1128 13
big_dataset_depth/000000000683-segment-10599748131695282446_1380_000_1400_000_with_camera_labels-30.png 976 1128 13
big_dataset_depth/000000000683-segment-10599748131695282446_1380_000_1400_000_with_camera_labels-30.png 984 1128 13
big_dataset_depth/000000000683-segment-10599748131695282446_1380_000_1400_000_with_camera_labels-30.png 992 1144 13
big_dataset_depth/000000000683-segment-10599748131695282446_1380_000_1400_000_with_camera_labels-30.png 1000 1128 12
big_dataset_depth/000000000683-segment-10599748131695282446_1380_000_1400_000_with_camera_labels-30.png 1008 1128 13
big_dataset_depth/000000000683-segment-10599748131695282446_1380_000_1400_000_with_camera_labels-30.png 1016 1192 13
big_dataset_depth/000000000683-segment-10599748131695282446_1380_000_1400_000_with_camera_labels-30.png 1024 1128 13
big_dataset_depth/000000000683-segment-10599748131695282446_1380_000_1400_000_with_camera_labels-30.png 1032 1128 13
big_dataset_depth/000000000683-segment-10599748131695282446_1380_000_1400_000_with_camera_labels-30.png 1040 1112 13
big_dataset_depth/000000000683-segment-10599748131695282446_1380_000_1400_000_with_camera_labels-30.png 1048 1128 13
big_dataset_depth/000000000683-segment-10599748131695282446_1380_000_1400_000_with_camera_labels-30.png 1056 1112 13
big_dataset_depth/000000000683-segment-10599748131695282446_1380_000_1400_000_with_camera_labels-30.png 1064 1128 13
big_dataset_depth/000000000683-segment-10599748131695282446_1380_000_1400_000_with_camera_labels-30.png 1072 1128 13
big_dataset_depth/000000000683-segment-10599748131695282446_1380_000_1400_000_with_camera_labels-30.png 1080 1160 13
big_dataset_depth/000000000683-segment-10599748131695282446_1380_000_1400_000_with_camera_labels-30.png 1088 1128 13
big_dataset_depth/000000000683-segment-10599748131695282446_1380_000_1400_000_with_camera_labels-30.png 1096 1128 13
big_dataset_depth/000000000683-segment-10599748131695282446_1380_000_1400_000_with_camera_labels-30.png 1104 1128 13
big_dataset_depth/000000000683-segment-10599748131695282446_1380_000_1400_000_with_camera_labels-30.png 1112 1096 13
big_dataset_depth/000000000683-segment-10599748131695282446_1380_000_1400_000_with_camera_labels-30.png 1128 1128 13
big_dataset_depth/000000000683-segment-10599748131695282446_1380_000_1400_000_with_camera_labels-30.png 1136 1128 13
big_dataset_depth/000000000683-segment-10599748131695282446_1380_000_1400_000_with_camera_labels-30.png 1144 1152 13
big_dataset_depth/000000000683-segment-10599748131695282446_1380_000_1400_000_with_camera_labels-30.png 1152 1128 13
big_dataset_depth/000000000683-segment-10599748131695282446_1380_000_1400_000_with_camera_labels-30.png 1168 1128 13
big_dataset_depth/000000000683-segment-10599748131695282446_1380_000_1400_000_with_camera_labels-30.png 1176 1088 13
big_dataset_depth/000000000683-segment-10599748131695282446_1380_000_1400_000_with_camera_labels-30.png 1184 1128 13
big_dataset_depth/000000000683-segment-10599748131695282446_1380_000_1400_000_with_camera_labels-30.png 1192 1128 13
big_dataset_depth/000000000683-segment-10599748131695282446_1380_000_1400_000_with_camera_labels-30.png 1200 1128 13
big_dataset_depth/000000000683-segment-10599748131695282446_1380_000_1400_000_with_camera_labels-30.png 1208 1128 13
big_dataset_depth/000000000683-segment-10599748131695282446_1380_000_1400_000_with_camera_labels-30.png 1216 1112 13
big_dataset_depth/000000000683-segment-10599748131695282446_1380_000_1400_000_with_camera_labels-30.png 1224 1128 13
big_dataset_depth/000000000683-segment-10599748131695282446_1380_000_1400_000_with_camera_labels-30.png 1232 1136 13
big_dataset_depth/000000000683-segment-10599748131695282446_1380_000_1400_000_with_camera_labels-30.png 1240 1112 13
big_dataset_depth/000000000683-segment-10599748131695282446_1380_000_1400_000_with_camera_labels-30.png 1248 1136 13
big_dataset_depth/000000000683-segment-10599748131695282446_1380_000_1400_000_with_camera_labels-30.png 1256 1104 13
big_dataset_depth/000000000683-segment-10599748131695282446_1380_000_1400_000_with_camera_labels-30.png 1264 888 25
big_dataset_depth/000000000683-segment-10599748131695282446_1380_000_1400_000_with_camera_labels-30.png 1272 856 25
big_dataset_depth/000000000683-segment-10599748131695282446_1380_000_1400_000_with_camera_labels-30.png 1280 888 27
big_dataset_depth/000000000683-segment-10599748131695282446_1380_000_1400_000_with_camera_labels-30.png 1288 880 25
big_dataset_depth/000000000683-segment-10599748131695282446_1380_000_1400_000_with_camera_labels-30.png 1296 816 47
big_dataset_depth/000000000683-segment-10599748131695282446_1380_000_1400_000_with_camera_labels-30.png 1304 840 25
big_dataset_depth/000000000683-segment-10599748131695282446_1380_000_1400_000_with_camera_labels-30.png 1312 760 58
big_dataset_depth/000000000683-segment-10599748131695282446_1380_000_1400_000_with_camera_labels-30.png 1320 696 91
big_dataset_depth/000000000683-segment-10599748131695282446_1380_000_1400_000_with_camera_labels-30.png 1328 696 91
big_dataset_depth/000000000683-segment-10599748131695282446_1380_000_1400_000_with_camera_labels-30.png 1336 696 91
big_dataset_depth/000000000683-segment-10599748131695282446_1380_000_1400_000_with_camera_labels-30.png 1344 696 91
big_dataset_depth/000000000683-segment-10599748131695282446_1380_000_1400_000_with_camera_labels-30.png 1352 696 91
big_dataset_depth/000000000683-segment-10599748131695282446_1380_000_1400_000_with_camera_labels-30.png 1360 696 91
big_dataset_depth/000000000683-segment-10599748131695282446_1380_000_1400_000_with_camera_labels-30.png 1368 696 91
big_dataset_depth/000000000683-segment-10599748131695282446_1380_000_1400_000_with_camera_labels-30.png 1376 712 85
big_dataset_depth/000000000683-segment-10599748131695282446_1380_000_1400_000_with_camera_labels-30.png 1384 728 69
big_dataset_depth/000000000683-segment-10599748131695282446_1380_000_1400_000_with_camera_labels-30.png 1392 728 64
big_dataset_depth/000000000683-segment-10599748131695282446_1380_000_1400_000_with_camera_labels-30.png 1400 704 71
big_dataset_depth/000000000683-segment-10599748131695282446_1380_000_1400_000_with_camera_labels-30.png 1408 728 61
big_dataset_depth/000000000683-segment-10599748131695282446_1380_000_1400_000_with_camera_labels-30.png 1424 848 36
big_dataset_depth/000000000683-segment-10599748131695282446_1380_000_1400_000_with_camera_labels-30.png 1432 848 36
big_dataset_depth/000000000683-segment-10599748131695282446_1380_000_1400_000_with_camera_labels-30.png 1440 832 36
big_dataset_depth/000000000683-segment-10599748131695282446_1380_000_1400_000_with_camera_labels-30.png 1448 792 47
big_dataset_depth/000000000683-segment-10599748131695282446_1380_000_1400_000_with_camera_labels-30.png 1456 832 35
big_dataset_depth/000000000683-segment-10599748131695282446_1380_000_1400_000_with_camera_labels-30.png 1464 768 51
big_dataset_depth/000000000683-segment-10599748131695282446_1380_000_1400_000_with_camera_labels-30.png 1472 728 60
big_dataset_depth/000000000683-segment-10599748131695282446_1380_000_1400_000_with_camera_labels-30.png 1480 760 52
big_dataset_depth/000000000683-segment-10599748131695282446_1380_000_1400_000_with_camera_labels-30.png 1488 752 52
big_dataset_depth/000000000683-segment-10599748131695282446_1380_000_1400_000_with_camera_labels-30.png 1496 760 52
big_dataset_depth/000000000683-segment-10599748131695282446_1380_000_1400_000_with_camera_labels-30.png 1504 760 52
big_dataset_depth/000000000683-segment-10599748131695282446_1380_000_1400_000_with_camera_labels-30.png 1512 760 52
big_dataset_depth/000000000683-segment-10599748131695282446_1380_000_1400_000_with_camera_labels-30.png 1520 760 52
big_dataset_depth/000000000683-segment-10599748131695282446_1380_000_1400_000_with_camera_labels-30.png 1528 760 52
big_dataset_depth/000000000683-segment-10599748131695282446_1380_000_1400_000_with_camera_labels-30.png 1536 784 49
big_dataset_depth/000000000683-segment-10599748131695282446_1380_000_1400_000_with_camera_labels-30.png 1544 776 49
big_dataset_depth/000000000683-segment-10599748131695282446_1380_000_1400_000_with_camera_labels-30.png 1552 784 48
big_dataset_depth/000000000683-segment-10599748131695282446_1380_000_1400_000_with_camera_labels-30.png 1560 784 48
big_dataset_depth/000000000683-segment-10599748131695282446_1380_000_1400_000_with_camera_labels-30.png 1568 784 48
big_dataset_depth/000000000683-segment-10599748131695282446_1380_000_1400_000_with_camera_labels-30.png 1576 808 47
big_dataset_depth/000000000683-segment-10599748131695282446_1380_000_1400_000_with_camera_labels-30.png 1584 704 68
big_dataset_depth/000000000683-segment-10599748131695282446_1380_000_1400_000_with_camera_labels-30.png 1592 792 43
big_dataset_depth/000000000683-segment-10599748131695282446_1380_000_1400_000_with_camera_labels-30.png 1600 808 43
big_dataset_depth/000000000683-segment-10599748131695282446_1380_000_1400_000_with_camera_labels-30.png 1608 808 43
big_dataset_depth/000000000683-segment-10599748131695282446_1380_000_1400_000_with_camera_labels-30.png 1616 784 42
big_dataset_depth/000000000683-segment-10599748131695282446_1380_000_1400_000_with_camera_labels-30.png 1624 792 42
big_dataset_depth/000000000683-segment-10599748131695282446_1380_000_1400_000_with_camera_labels-30.png 1632 800 41
big_dataset_depth/000000000683-segment-10599748131695282446_1380_000_1400_000_with_camera_labels-30.png 1640 800 41
big_dataset_depth/000000000683-segment-10599748131695282446_1380_000_1400_000_with_camera_labels-30.png 1648 824 40
big_dataset_depth/000000000683-segment-10599748131695282446_1380_000_1400_000_with_camera_labels-30.png 1656 896 28
big_dataset_depth/000000000683-segment-10599748131695282446_1380_000_1400_000_with_camera_labels-30.png 1664 896 28
big_dataset_depth/000000000683-segment-10599748131695282446_1380_000_1400_000_with_camera_labels-30.png 1672 904 28
big_dataset_depth/000000000683-segment-10599748131695282446_1380_000_1400_000_with_camera_labels-30.png 1680 816 39
big_dataset_depth/000000000683-segment-10599748131695282446_1380_000_1400_000_with_camera_labels-30.png 1688 872 30
big_dataset_depth/000000000683-segment-10599748131695282446_1380_000_1400_000_with_camera_labels-30.png 1696 840 35
big_dataset_depth/000000000683-segment-10599748131695282446_1380_000_1400_000_with_camera_labels-30.png 1704 816 39
big_dataset_depth/000000000683-segment-10599748131695282446_1380_000_1400_000_with_camera_labels-30.png 1712 816 39
big_dataset_depth/000000000683-segment-10599748131695282446_1380_000_1400_000_with_camera_labels-30.png 1720 816 39
big_dataset_depth/000000000683-segment-10599748131695282446_1380_000_1400_000_with_camera_labels-30.png 1728 808 39
big_dataset_depth/000000000683-segment-10599748131695282446_1380_000_1400_000_with_camera_labels-30.png 1736 816 39
big_dataset_depth/000000000683-segment-10599748131695282446_1380_000_1400_000_with_camera_labels-30.png 1744 824 37
big_dataset_depth/000000000683-segment-10599748131695282446_1380_000_1400_000_with_camera_labels-30.png 1752 776 39
big_dataset_depth/000000000683-segment-10599748131695282446_1380_000_1400_000_with_camera_labels-30.png 1760 840 35
big_dataset_depth/000000000683-segment-10599748131695282446_1380_000_1400_000_with_camera_labels-30.png 1768 848 36
big_dataset_depth/000000000683-segment-10599748131695282446_1380_000_1400_000_with_camera_labels-30.png 1776 824 38
big_dataset_depth/000000000683-segment-10599748131695282446_1380_000_1400_000_with_camera_labels-30.png 1784 712 44
big_dataset_depth/000000000683-segment-10599748131695282446_1380_000_1400_000_with_camera_labels-30.png 1800 888 34
big_dataset_depth/000000000683-segment-10599748131695282446_1380_000_1400_000_with_camera_labels-30.png 1808 736 49
big_dataset_depth/000000000683-segment-10599748131695282446_1380_000_1400_000_with_camera_labels-30.png 1816 720 52
big_dataset_depth/000000000683-segment-10599748131695282446_1380_000_1400_000_with_camera_labels-30.png 1824 832 34
big_dataset_depth/000000000683-segment-10599748131695282446_1380_000_1400_000_with_camera_labels-30.png 1832 720 53
big_dataset_depth/000000000683-segment-10599748131695282446_1380_000_1400_000_with_camera_labels-30.png 1848 888 34
big_dataset_depth/000000000683-segment-10599748131695282446_1380_000_1400_000_with_camera_labels-30.png 1864 888 32
big_dataset_depth/000000000683-segment-10599748131695282446_1380_000_1400_000_with_camera_labels-30.png 1872 888 32
big_dataset_depth/000000000683-segment-10599748131695282446_1380_000_1400_000_with_camera_labels-30.png 1880 904 32
big_dataset_depth/000000000683-segment-10599748131695282446_1380_000_1400_000_with_camera_labels-30.png 1888 904 32
big_dataset_depth/000000000683-segment-10599748131695282446_1380_000_1400_000_with_camera_labels-30.png 1896 864 32
big_dataset_depth/000000000683-segment-10599748131695282446_1380_000_1400_000_with_camera_labels-30.png 1904 792 36
big_dataset_depth/000000000683-segment-10599748131695282446_1380_000_1400_000_with_camera_labels-30.png 1912 736 38
