big_dataset_depth/000000001646-segment-11674150664140226235_680_000_700_000_with_camera_labels-70.png 0 856 37
big_dataset_depth/000000001646-segment-11674150664140226235_680_000_700_000_with_camera_labels-70.png 8 816 45
big_dataset_depth/000000001646-segment-11674150664140226235_680_000_700_000_with_camera_labels-70.png 16 872 37
big_dataset_depth/000000001646-segment-11674150664140226235_680_000_700_000_with_camera_labels-70.png 24 816 45
big_dataset_depth/000000001646-segment-11674150664140226235_680_000_700_000_with_camera_labels-70.png 32 920 30
big_dataset_depth/000000001646-segment-11674150664140226235_680_000_700_000_with_camera_labels-70.png 40 920 30
big_dataset_depth/000000001646-segment-11674150664140226235_680_000_700_000_with_camera_labels-70.png 48 904 30
big_dataset_depth/000000001646-segment-11674150664140226235_680_000_700_000_with_camera_labels-70.png 56 912 30
big_dataset_depth/000000001646-segment-11674150664140226235_680_000_700_000_with_camera_labels-70.png 64 920 30
big_dataset_depth/000000001646-segment-11674150664140226235_680_000_700_000_with_camera_labels-70.png 72 920 29
big_dataset_depth/000000001646-segment-11674150664140226235_680_000_700_000_with_camera_labels-70.png 80 920 29
big_dataset_depth/000000001646-segment-11674150664140226235_680_000_700_000_with_camera_labels-70.png 88 920 29
big_dataset_depth/000000001646-segment-11674150664140226235_680_000_700_000_with_camera_labels-70.png 96 920 29
big_dataset_depth/000000001646-segment-11674150664140226235_680_000_700_000_with_camera_labels-70.png 104 920 29
big_dataset_depth/000000001646-segment-11674150664140226235_680_000_700_000_with_camera_labels-70.png 112 912 29
big_dataset_depth/000000001646-segment-11674150664140226235_680_000_700_000_with_camera_labels-70.png 120 904 29
big_dataset_depth/000000001646-segment-11674150664140226235_680_000_700_000_with_camera_labels-70.png 128 904 30
big_dataset_depth/000000001646-segment-11674150664140226235_680_000_700_000_with_camera_labels-70.png 136 904 29
big_dataset_depth/000000001646-segment-11674150664140226235_680_000_700_000_with_camera_labels-70.png 144 904 29
big_dataset_depth/000000001646-segment-11674150664140226235_680_000_700_000_with_camera_labels-70.png 152 904 29
big_dataset_depth/000000001646-segment-11674150664140226235_680_000_700_000_with_camera_labels-70.png 160 904 29
big_dataset_depth/000000001646-segment-11674150664140226235_680_000_700_000_with_camera_labels-70.png 168 912 30
big_dataset_depth/000000001646-segment-11674150664140226235_680_000_700_000_with_camera_labels-70.png 176 904 29
big_dataset_depth/000000001646-segment-11674150664140226235_680_000_700_000_with_camera_labels-70.png 184 880 30
big_dataset_depth/000000001646-segment-11674150664140226235_680_000_700_000_with_camera_labels-70.png 192 920 30
big_dataset_depth/000000001646-segment-11674150664140226235_680_000_700_000_with_camera_labels-70.png 200 912 30
big_dataset_depth/000000001646-segment-11674150664140226235_680_000_700_000_with_camera_labels-70.png 208 784 57
big_dataset_depth/000000001646-segment-11674150664140226235_680_000_700_000_with_camera_labels-70.png 224 808 51
big_dataset_depth/000000001646-segment-11674150664140226235_680_000_700_000_with_camera_labels-70.png 232 784 51
big_dataset_depth/000000001646-segment-11674150664140226235_680_000_700_000_with_camera_labels-70.png 240 768 51
big_dataset_depth/000000001646-segment-11674150664140226235_680_000_700_000_with_camera_labels-70.png 248 800 56
big_dataset_depth/000000001646-segment-11674150664140226235_680_000_700_000_with_camera_labels-70.png 256 768 56
big_dataset_depth/000000001646-segment-11674150664140226235_680_000_700_000_with_camera_labels-70.png 264 752 56
big_dataset_depth/000000001646-segment-11674150664140226235_680_000_700_000_with_camera_labels-70.png 272 848 49
big_dataset_depth/000000001646-segment-11674150664140226235_680_000_700_000_with_camera_labels-70.png 280 840 49
big_dataset_depth/000000001646-segment-11674150664140226235_680_000_700_000_with_camera_labels-70.png 288 840 49
big_dataset_depth/000000001646-segment-11674150664140226235_680_000_700_000_with_camera_labels-70.png 296 824 49
big_dataset_depth/000000001646-segment-11674150664140226235_680_000_700_000_with_camera_labels-70.png 304 824 48
big_dataset_depth/000000001646-segment-11674150664140226235_680_000_700_000_with_camera_labels-70.png 312 816 48
big_dataset_depth/000000001646-segment-11674150664140226235_680_000_700_000_with_camera_labels-70.png 320 824 48
big_dataset_depth/000000001646-segment-11674150664140226235_680_000_700_000_with_camera_labels-70.png 328 824 48
big_dataset_depth/000000001646-segment-11674150664140226235_680_000_700_000_with_camera_labels-70.png 336 824 48
big_dataset_depth/000000001646-segment-11674150664140226235_680_000_700_000_with_camera_labels-70.png 344 824 48
big_dataset_depth/000000001646-segment-11674150664140226235_680_000_700_000_with_camera_labels-70.png 352 816 48
big_dataset_depth/000000001646-segment-11674150664140226235_680_000_700_000_with_camera_labels-70.png 360 808 48
big_dataset_depth/000000001646-segment-11674150664140226235_680_000_700_000_with_camera_labels-70.png 368 824 49
big_dataset_depth/000000001646-segment-11674150664140226235_680_000_700_000_with_camera_labels-70.png 376 840 49
big_dataset_depth/000000001646-segment-11674150664140226235_680_000_700_000_with_camera_labels-70.png 384 840 49
big_dataset_depth/000000001646-segment-11674150664140226235_680_000_700_000_with_camera_labels-70.png 392 840 49
big_dataset_depth/000000001646-segment-11674150664140226235_680_000_700_000_with_camera_labels-70.png 400 840 49
big_dataset_depth/000000001646-segment-11674150664140226235_680_000_700_000_with_camera_labels-70.png 408 840 49
big_dataset_depth/000000001646-segment-11674150664140226235_680_000_700_000_with_camera_labels-70.png 424 688 83
big_dataset_depth/000000001646-segment-11674150664140226235_680_000_700_000_with_camera_labels-70.png 432 752 60
big_dataset_depth/000000001646-segment-11674150664140226235_680_000_700_000_with_camera_labels-70.png 440 696 77
big_dataset_depth/000000001646-segment-11674150664140226235_680_000_700_000_with_camera_labels-70.png 448 808 53
big_dataset_depth/000000001646-segment-11674150664140226235_680_000_700_000_with_camera_labels-70.png 456 688 86
big_dataset_depth/000000001646-segment-11674150664140226235_680_000_700_000_with_camera_labels-70.png 464 744 65
big_dataset_depth/000000001646-segment-11674150664140226235_680_000_700_000_with_camera_labels-70.png 472 760 65
big_dataset_depth/000000001646-segment-11674150664140226235_680_000_700_000_with_camera_labels-70.png 480 600 73
big_dataset_depth/000000001646-segment-11674150664140226235_680_000_700_000_with_camera_labels-70.png 488 744 64
big_dataset_depth/000000001646-segment-11674150664140226235_680_000_700_000_with_camera_labels-70.png 496 784 57
big_dataset_depth/000000001646-segment-11674150664140226235_680_000_700_000_with_camera_labels-70.png 504 816 50
big_dataset_depth/000000001646-segment-11674150664140226235_680_000_700_000_with_camera_labels-70.png 512 824 51
big_dataset_depth/000000001646-segment-11674150664140226235_680_000_700_000_with_camera_labels-70.png 520 824 51
big_dataset_depth/000000001646-segment-11674150664140226235_680_000_700_000_with_camera_labels-70.png 528 824 51
big_dataset_depth/000000001646-segment-11674150664140226235_680_000_700_000_with_camera_labels-70.png 536 816 50
big_dataset_depth/000000001646-segment-11674150664140226235_680_000_700_000_with_camera_labels-70.png 544 808 50
big_dataset_depth/000000001646-segment-11674150664140226235_680_000_700_000_with_camera_labels-70.png 552 808 50
big_dataset_depth/000000001646-segment-11674150664140226235_680_000_700_000_with_camera_labels-70.png 560 816 50
big_dataset_depth/000000001646-segment-11674150664140226235_680_000_700_000_with_camera_labels-70.png 568 824 50
big_dataset_depth/000000001646-segment-11674150664140226235_680_000_700_000_with_camera_labels-70.png 576 816 50
big_dataset_depth/000000001646-segment-11674150664140226235_680_000_700_000_with_camera_labels-70.png 584 808 50
big_dataset_depth/000000001646-segment-11674150664140226235_680_000_700_000_with_camera_labels-70.png 592 816 50
big_dataset_depth/000000001646-segment-11674150664140226235_680_000_700_000_with_camera_labels-70.png 600 824 50
big_dataset_depth/000000001646-segment-11674150664140226235_680_000_700_000_with_camera_labels-70.png 608 816 51
big_dataset_depth/000000001646-segment-11674150664140226235_680_000_700_000_with_camera_labels-70.png 616 808 52
big_dataset_depth/000000001646-segment-11674150664140226235_680_000_700_000_with_camera_labels-70.png 624 784 53
big_dataset_depth/000000001646-segment-11674150664140226235_680_000_700_000_with_camera_labels-70.png 632 792 54
big_dataset_depth/000000001646-segment-11674150664140226235_680_000_700_000_with_camera_labels-70.png 640 608 107
big_dataset_depth/000000001646-segment-11674150664140226235_680_000_700_000_with_camera_labels-70.png 648 760 63
big_dataset_depth/000000001646-segment-11674150664140226235_680_000_700_000_with_camera_labels-70.png 656 792 54
big_dataset_depth/000000001646-segment-11674150664140226235_680_000_700_000_with_camera_labels-70.png 664 784 55
big_dataset_depth/000000001646-segment-11674150664140226235_680_000_700_000_with_camera_labels-70.png 672 784 57
big_dataset_depth/000000001646-segment-11674150664140226235_680_000_700_000_with_camera_labels-70.png 680 784 57
big_dataset_depth/000000001646-segment-11674150664140226235_680_000_700_000_with_camera_labels-70.png 688 768 60
big_dataset_depth/000000001646-segment-11674150664140226235_680_000_700_000_with_camera_labels-70.png 696 760 62
big_dataset_depth/000000001646-segment-11674150664140226235_680_000_700_000_with_camera_labels-70.png 704 736 63
big_dataset_depth/000000001646-segment-11674150664140226235_680_000_700_000_with_camera_labels-70.png 712 752 65
big_dataset_depth/000000001646-segment-11674150664140226235_680_000_700_000_with_camera_labels-70.png 720 728 66
big_dataset_depth/000000001646-segment-11674150664140226235_680_000_700_000_with_camera_labels-70.png 728 720 69
big_dataset_depth/000000001646-segment-11674150664140226235_680_000_700_000_with_camera_labels-70.png 736 720 73
big_dataset_depth/000000001646-segment-11674150664140226235_680_000_700_000_with_camera_labels-70.png 744 792 51
big_dataset_depth/000000001646-segment-11674150664140226235_680_000_700_000_with_camera_labels-70.png 752 792 51
big_dataset_depth/000000001646-segment-11674150664140226235_680_000_700_000_with_camera_labels-70.png 760 824 50
big_dataset_depth/000000001646-segment-11674150664140226235_680_000_700_000_with_camera_labels-70.png 768 792 50
big_dataset_depth/000000001646-segment-11674150664140226235_680_000_700_000_with_camera_labels-70.png 776 792 51
big_dataset_depth/000000001646-segment-11674150664140226235_680_000_700_000_with_camera_labels-70.png 784 792 50
big_dataset_depth/000000001646-segment-11674150664140226235_680_000_700_000_with_camera_labels-70.png 792 792 50
big_dataset_depth/000000001646-segment-11674150664140226235_680_000_700_000_with_camera_labels-70.png 800 792 50
big_dataset_depth/000000001646-segment-11674150664140226235_680_000_700_000_with_camera_labels-70.png 808 824 50
big_dataset_depth/000000001646-segment-11674150664140226235_680_000_700_000_with_camera_labels-70.png 816 792 50
big_dataset_depth/000000001646-segment-11674150664140226235_680_000_700_000_with_camera_labels-70.png 824 792 50
big_dataset_depth/000000001646-segment-11674150664140226235_680_000_700_000_with_camera_labels-70.png 832 792 51
big_dataset_depth/000000001646-segment-11674150664140226235_680_000_700_000_with_camera_labels-70.png 840 800 51
big_dataset_depth/000000001646-segment-11674150664140226235_680_000_700_000_with_camera_labels-70.png 848 808 51
big_dataset_depth/000000001646-segment-11674150664140226235_680_000_700_000_with_camera_labels-70.png 968 720 85
big_dataset_depth/000000001646-segment-11674150664140226235_680_000_700_000_with_camera_labels-70.png 1072 680 93
big_dataset_depth/000000001646-segment-11674150664140226235_680_000_700_000_with_camera_labels-70.png 1080 672 99
big_dataset_depth/000000001646-segment-11674150664140226235_680_000_700_000_with_camera_labels-70.png 1088 680 95
big_dataset_depth/000000001646-segment-11674150664140226235_680_000_700_000_with_camera_labels-70.png 1096 688 90
big_dataset_depth/000000001646-segment-11674150664140226235_680_000_700_000_with_camera_labels-70.png 1104 680 94
big_dataset_depth/000000001646-segment-11674150664140226235_680_000_700_000_with_camera_labels-70.png 1112 680 94
big_dataset_depth/000000001646-segment-11674150664140226235_680_000_700_000_with_camera_labels-70.png 1120 672 101
big_dataset_depth/000000001646-segment-11674150664140226235_680_000_700_000_with_camera_labels-70.png 1128 672 100
big_dataset_depth/000000001646-segment-11674150664140226235_680_000_700_000_with_camera_labels-70.png 1136 672 100
big_dataset_depth/000000001646-segment-11674150664140226235_680_000_700_000_with_camera_labels-70.png 1144 664 96
big_dataset_depth/000000001646-segment-11674150664140226235_680_000_700_000_with_camera_labels-70.png 1152 688 90
big_dataset_depth/000000001646-segment-11674150664140226235_680_000_700_000_with_camera_labels-70.png 1160 688 90
big_dataset_depth/000000001646-segment-11674150664140226235_680_000_700_000_with_camera_labels-70.png 1168 696 85
big_dataset_depth/000000001646-segment-11674150664140226235_680_000_700_000_with_camera_labels-70.png 1176 704 84
big_dataset_depth/000000001646-segment-11674150664140226235_680_000_700_000_with_camera_labels-70.png 1184 704 81
big_dataset_depth/000000001646-segment-11674150664140226235_680_000_700_000_with_camera_labels-70.png 1192 704 81
big_dataset_depth/000000001646-segment-11674150664140226235_680_000_700_000_with_camera_labels-70.png 1200 712 78
big_dataset_depth/000000001646-segment-11674150664140226235_680_000_700_000_with_camera_labels-70.png 1208 712 77
big_dataset_depth/000000001646-segment-11674150664140226235_680_000_700_000_with_camera_labels-70.png 1216 712 77
big_dataset_depth/000000001646-segment-11674150664140226235_680_000_700_000_with_camera_labels-70.png 1224 736 70
big_dataset_depth/000000001646-segment-11674150664140226235_680_000_700_000_with_camera_labels-70.png 1232 856 44
big_dataset_depth/000000001646-segment-11674150664140226235_680_000_700_000_with_camera_labels-70.png 1240 856 44
big_dataset_depth/000000001646-segment-11674150664140226235_680_000_700_000_with_camera_labels-70.png 1248 840 44
big_dataset_depth/000000001646-segment-11674150664140226235_680_000_700_000_with_camera_labels-70.png 1256 848 44
big_dataset_depth/000000001646-segment-11674150664140226235_680_000_700_000_with_camera_labels-70.png 1264 848 44
big_dataset_depth/000000001646-segment-11674150664140226235_680_000_700_000_with_camera_labels-70.png 1272 776 59
big_dataset_depth/000000001646-segment-11674150664140226235_680_000_700_000_with_camera_labels-70.png 1280 864 44
big_dataset_depth/000000001646-segment-11674150664140226235_680_000_700_000_with_camera_labels-70.png 1288 792 57
big_dataset_depth/000000001646-segment-11674150664140226235_680_000_700_000_with_camera_labels-70.png 1296 792 47
big_dataset_depth/000000001646-segment-11674150664140226235_680_000_700_000_with_camera_labels-70.png 1304 840 46
big_dataset_depth/000000001646-segment-11674150664140226235_680_000_700_000_with_camera_labels-70.png 1312 864 46
big_dataset_depth/000000001646-segment-11674150664140226235_680_000_700_000_with_camera_labels-70.png 1320 840 46
big_dataset_depth/000000001646-segment-11674150664140226235_680_000_700_000_with_camera_labels-70.png 1328 816 46
big_dataset_depth/000000001646-segment-11674150664140226235_680_000_700_000_with_camera_labels-70.png 1336 848 49
big_dataset_depth/000000001646-segment-11674150664140226235_680_000_700_000_with_camera_labels-70.png 1344 824 53
big_dataset_depth/000000001646-segment-11674150664140226235_680_000_700_000_with_camera_labels-70.png 1352 832 50
big_dataset_depth/000000001646-segment-11674150664140226235_680_000_700_000_with_camera_labels-70.png 1360 832 48
big_dataset_depth/000000001646-segment-11674150664140226235_680_000_700_000_with_camera_labels-70.png 1368 840 47
big_dataset_depth/000000001646-segment-11674150664140226235_680_000_700_000_with_camera_labels-70.png 1376 832 46
big_dataset_depth/000000001646-segment-11674150664140226235_680_000_700_000_with_camera_labels-70.png 1384 824 52
big_dataset_depth/000000001646-segment-11674150664140226235_680_000_700_000_with_camera_labels-70.png 1392 824 52
big_dataset_depth/000000001646-segment-11674150664140226235_680_000_700_000_with_camera_labels-70.png 1400 808 52
big_dataset_depth/000000001646-segment-11674150664140226235_680_000_700_000_with_camera_labels-70.png 1408 808 52
big_dataset_depth/000000001646-segment-11674150664140226235_680_000_700_000_with_camera_labels-70.png 1416 808 52
big_dataset_depth/000000001646-segment-11674150664140226235_680_000_700_000_with_camera_labels-70.png 1424 808 54
big_dataset_depth/000000001646-segment-11674150664140226235_680_000_700_000_with_camera_labels-70.png 1432 808 55
big_dataset_depth/000000001646-segment-11674150664140226235_680_000_700_000_with_camera_labels-70.png 1440 808 54
big_dataset_depth/000000001646-segment-11674150664140226235_680_000_700_000_with_camera_labels-70.png 1456 824 47
big_dataset_depth/000000001646-segment-11674150664140226235_680_000_700_000_with_camera_labels-70.png 1464 808 52
big_dataset_depth/000000001646-segment-11674150664140226235_680_000_700_000_with_camera_labels-70.png 1472 824 52
big_dataset_depth/000000001646-segment-11674150664140226235_680_000_700_000_with_camera_labels-70.png 1480 832 51
big_dataset_depth/000000001646-segment-11674150664140226235_680_000_700_000_with_camera_labels-70.png 1488 840 51
big_dataset_depth/000000001646-segment-11674150664140226235_680_000_700_000_with_camera_labels-70.png 1496 840 51
big_dataset_depth/000000001646-segment-11674150664140226235_680_000_700_000_with_camera_labels-70.png 1504 848 50
big_dataset_depth/000000001646-segment-11674150664140226235_680_000_700_000_with_camera_labels-70.png 1512 840 49
big_dataset_depth/000000001646-segment-11674150664140226235_680_000_700_000_with_camera_labels-70.png 1520 856 48
big_dataset_depth/000000001646-segment-11674150664140226235_680_000_700_000_with_camera_labels-70.png 1528 856 48
big_dataset_depth/000000001646-segment-11674150664140226235_680_000_700_000_with_camera_labels-70.png 1536 832 47
big_dataset_depth/000000001646-segment-11674150664140226235_680_000_700_000_with_camera_labels-70.png 1544 888 46
big_dataset_depth/000000001646-segment-11674150664140226235_680_000_700_000_with_camera_labels-70.png 1552 704 49
big_dataset_depth/000000001646-segment-11674150664140226235_680_000_700_000_with_camera_labels-70.png 1560 776 61
big_dataset_depth/000000001646-segment-11674150664140226235_680_000_700_000_with_camera_labels-70.png 1568 752 54
big_dataset_depth/000000001646-segment-11674150664140226235_680_000_700_000_with_camera_labels-70.png 1576 784 60
big_dataset_depth/000000001646-segment-11674150664140226235_680_000_700_000_with_camera_labels-70.png 1584 792 59
big_dataset_depth/000000001646-segment-11674150664140226235_680_000_700_000_with_camera_labels-70.png 1592 888 45
big_dataset_depth/000000001646-segment-11674150664140226235_680_000_700_000_with_camera_labels-70.png 1600 872 45
big_dataset_depth/000000001646-segment-11674150664140226235_680_000_700_000_with_camera_labels-70.png 1608 856 45
big_dataset_depth/000000001646-segment-11674150664140226235_680_000_700_000_with_camera_labels-70.png 1616 856 45
big_dataset_depth/000000001646-segment-11674150664140226235_680_000_700_000_with_camera_labels-70.png 1624 872 44
big_dataset_depth/000000001646-segment-11674150664140226235_680_000_700_000_with_camera_labels-70.png 1632 864 44
big_dataset_depth/000000001646-segment-11674150664140226235_680_000_700_000_with_camera_labels-70.png 1640 888 44
big_dataset_depth/000000001646-segment-11674150664140226235_680_000_700_000_with_camera_labels-70.png 1648 808 54
big_dataset_depth/000000001646-segment-11674150664140226235_680_000_700_000_with_camera_labels-70.png 1656 816 53
big_dataset_depth/000000001646-segment-11674150664140226235_680_000_700_000_with_camera_labels-70.png 1664 832 53
big_dataset_depth/000000001646-segment-11674150664140226235_680_000_700_000_with_camera_labels-70.png 1760 1168 12
big_dataset_depth/000000001646-segment-11674150664140226235_680_000_700_000_with_camera_labels-70.png 1768 1064 30
big_dataset_depth/000000001646-segment-11674150664140226235_680_000_700_000_with_camera_labels-70.png 1776 1240 12
big_dataset_depth/000000001646-segment-11674150664140226235_680_000_700_000_with_camera_labels-70.png 1784 976 36
big_dataset_depth/000000001646-segment-11674150664140226235_680_000_700_000_with_camera_labels-70.png 1792 856 50
big_dataset_depth/000000001646-segment-11674150664140226235_680_000_700_000_with_camera_labels-70.png 1800 1136 24
big_dataset_depth/000000001646-segment-11674150664140226235_680_000_700_000_with_camera_labels-70.png 1808 1272 11
big_dataset_depth/000000001646-segment-11674150664140226235_680_000_700_000_with_camera_labels-70.png 1816 1064 27
big_dataset_depth/000000001646-segment-11674150664140226235_680_000_700_000_with_camera_labels-70.png 1824 1272 11
big_dataset_depth/000000001646-segment-11674150664140226235_680_000_700_000_with_camera_labels-70.png 1832 1064 27
big_dataset_depth/000000001646-segment-11674150664140226235_680_000_700_000_with_camera_labels-70.png 1840 1064 27
big_dataset_depth/000000001646-segment-11674150664140226235_680_000_700_000_with_camera_labels-70.png 1848 1144 22
big_dataset_depth/000000001646-segment-11674150664140226235_680_000_700_000_with_camera_labels-70.png 1856 1016 35
big_dataset_depth/000000001646-segment-11674150664140226235_680_000_700_000_with_camera_labels-70.png 1864 920 35
big_dataset_depth/000000001646-segment-11674150664140226235_680_000_700_000_with_camera_labels-70.png 1872 1280 11
big_dataset_depth/000000001646-segment-11674150664140226235_680_000_700_000_with_camera_labels-70.png 1880 1016 34
big_dataset_depth/000000001646-segment-11674150664140226235_680_000_700_000_with_camera_labels-70.png 1888 1072 30
big_dataset_depth/000000001646-segment-11674150664140226235_680_000_700_000_with_camera_labels-70.png 1896 1280 10
big_dataset_depth/000000001646-segment-11674150664140226235_680_000_700_000_with_camera_labels-70.png 1904 1128 22
big_dataset_depth/000000001646-segment-11674150664140226235_680_000_700_000_with_camera_labels-70.png 1912 1080 27
