big_dataset_depth/000000000367-segment-10241508783381919015_2889_360_2909_360_with_camera_labels-70.png 0 768 56
big_dataset_depth/000000000367-segment-10241508783381919015_2889_360_2909_360_with_camera_labels-70.png 8 752 55
big_dataset_depth/000000000367-segment-10241508783381919015_2889_360_2909_360_with_camera_labels-70.png 16 760 56
big_dataset_depth/000000000367-segment-10241508783381919015_2889_360_2909_360_with_camera_labels-70.png 24 744 55
big_dataset_depth/000000000367-segment-10241508783381919015_2889_360_2909_360_with_camera_labels-70.png 32 752 55
big_dataset_depth/000000000367-segment-10241508783381919015_2889_360_2909_360_with_camera_labels-70.png 40 760 56
big_dataset_depth/000000000367-segment-10241508783381919015_2889_360_2909_360_with_camera_labels-70.png 48 752 55
big_dataset_depth/000000000367-segment-10241508783381919015_2889_360_2909_360_with_camera_labels-70.png 56 752 56
big_dataset_depth/000000000367-segment-10241508783381919015_2889_360_2909_360_with_camera_labels-70.png 64 752 55
big_dataset_depth/000000000367-segment-10241508783381919015_2889_360_2909_360_with_camera_labels-70.png 72 760 56
big_dataset_depth/000000000367-segment-10241508783381919015_2889_360_2909_360_with_camera_labels-70.png 80 744 55
big_dataset_depth/000000000367-segment-10241508783381919015_2889_360_2909_360_with_camera_labels-70.png 88 760 56
big_dataset_depth/000000000367-segment-10241508783381919015_2889_360_2909_360_with_camera_labels-70.png 96 760 56
big_dataset_depth/000000000367-segment-10241508783381919015_2889_360_2909_360_with_camera_labels-70.png 104 752 56
big_dataset_depth/000000000367-segment-10241508783381919015_2889_360_2909_360_with_camera_labels-70.png 144 792 31
big_dataset_depth/000000000367-segment-10241508783381919015_2889_360_2909_360_with_camera_labels-70.png 152 816 31
big_dataset_depth/000000000367-segment-10241508783381919015_2889_360_2909_360_with_camera_labels-70.png 160 744 52
big_dataset_depth/000000000367-segment-10241508783381919015_2889_360_2909_360_with_camera_labels-70.png 168 808 39
big_dataset_depth/000000000367-segment-10241508783381919015_2889_360_2909_360_with_camera_labels-70.png 176 864 31
big_dataset_depth/000000000367-segment-10241508783381919015_2889_360_2909_360_with_camera_labels-70.png 184 856 31
big_dataset_depth/000000000367-segment-10241508783381919015_2889_360_2909_360_with_camera_labels-70.png 192 856 31
big_dataset_depth/000000000367-segment-10241508783381919015_2889_360_2909_360_with_camera_labels-70.png 200 880 29
big_dataset_depth/000000000367-segment-10241508783381919015_2889_360_2909_360_with_camera_labels-70.png 208 928 26
big_dataset_depth/000000000367-segment-10241508783381919015_2889_360_2909_360_with_camera_labels-70.png 216 888 28
big_dataset_depth/000000000367-segment-10241508783381919015_2889_360_2909_360_with_camera_labels-70.png 232 856 30
big_dataset_depth/000000000367-segment-10241508783381919015_2889_360_2909_360_with_camera_labels-70.png 240 856 30
big_dataset_depth/000000000367-segment-10241508783381919015_2889_360_2909_360_with_camera_labels-70.png 248 848 31
big_dataset_depth/000000000367-segment-10241508783381919015_2889_360_2909_360_with_camera_labels-70.png 256 856 30
big_dataset_depth/000000000367-segment-10241508783381919015_2889_360_2909_360_with_camera_labels-70.png 264 848 30
big_dataset_depth/000000000367-segment-10241508783381919015_2889_360_2909_360_with_camera_labels-70.png 272 856 30
big_dataset_depth/000000000367-segment-10241508783381919015_2889_360_2909_360_with_camera_labels-70.png 280 848 31
big_dataset_depth/000000000367-segment-10241508783381919015_2889_360_2909_360_with_camera_labels-70.png 288 848 31
big_dataset_depth/000000000367-segment-10241508783381919015_2889_360_2909_360_with_camera_labels-70.png 296 864 30
big_dataset_depth/000000000367-segment-10241508783381919015_2889_360_2909_360_with_camera_labels-70.png 304 864 29
big_dataset_depth/000000000367-segment-10241508783381919015_2889_360_2909_360_with_camera_labels-70.png 312 848 31
big_dataset_depth/000000000367-segment-10241508783381919015_2889_360_2909_360_with_camera_labels-70.png 320 864 29
big_dataset_depth/000000000367-segment-10241508783381919015_2889_360_2909_360_with_camera_labels-70.png 328 888 29
big_dataset_depth/000000000367-segment-10241508783381919015_2889_360_2909_360_with_camera_labels-70.png 336 920 26
big_dataset_depth/000000000367-segment-10241508783381919015_2889_360_2909_360_with_camera_labels-70.png 344 920 26
big_dataset_depth/000000000367-segment-10241508783381919015_2889_360_2909_360_with_camera_labels-70.png 360 832 30
big_dataset_depth/000000000367-segment-10241508783381919015_2889_360_2909_360_with_camera_labels-70.png 368 872 29
big_dataset_depth/000000000367-segment-10241508783381919015_2889_360_2909_360_with_camera_labels-70.png 376 880 28
big_dataset_depth/000000000367-segment-10241508783381919015_2889_360_2909_360_with_camera_labels-70.png 384 888 28
big_dataset_depth/000000000367-segment-10241508783381919015_2889_360_2909_360_with_camera_labels-70.png 400 872 29
big_dataset_depth/000000000367-segment-10241508783381919015_2889_360_2909_360_with_camera_labels-70.png 408 880 29
big_dataset_depth/000000000367-segment-10241508783381919015_2889_360_2909_360_with_camera_labels-70.png 416 856 29
big_dataset_depth/000000000367-segment-10241508783381919015_2889_360_2909_360_with_camera_labels-70.png 424 864 29
big_dataset_depth/000000000367-segment-10241508783381919015_2889_360_2909_360_with_camera_labels-70.png 432 888 29
big_dataset_depth/000000000367-segment-10241508783381919015_2889_360_2909_360_with_camera_labels-70.png 440 888 29
big_dataset_depth/000000000367-segment-10241508783381919015_2889_360_2909_360_with_camera_labels-70.png 448 864 30
big_dataset_depth/000000000367-segment-10241508783381919015_2889_360_2909_360_with_camera_labels-70.png 456 864 30
big_dataset_depth/000000000367-segment-10241508783381919015_2889_360_2909_360_with_camera_labels-70.png 464 832 30
big_dataset_depth/000000000367-segment-10241508783381919015_2889_360_2909_360_with_camera_labels-70.png 472 872 30
big_dataset_depth/000000000367-segment-10241508783381919015_2889_360_2909_360_with_camera_labels-70.png 480 856 32
big_dataset_depth/000000000367-segment-10241508783381919015_2889_360_2909_360_with_camera_labels-70.png 488 856 32
big_dataset_depth/000000000367-segment-10241508783381919015_2889_360_2909_360_with_camera_labels-70.png 496 848 32
big_dataset_depth/000000000367-segment-10241508783381919015_2889_360_2909_360_with_camera_labels-70.png 504 840 32
big_dataset_depth/000000000367-segment-10241508783381919015_2889_360_2909_360_with_camera_labels-70.png 512 832 33
big_dataset_depth/000000000367-segment-10241508783381919015_2889_360_2909_360_with_camera_labels-70.png 520 832 33
big_dataset_depth/000000000367-segment-10241508783381919015_2889_360_2909_360_with_camera_labels-70.png 528 816 33
big_dataset_depth/000000000367-segment-10241508783381919015_2889_360_2909_360_with_camera_labels-70.png 536 832 33
big_dataset_depth/000000000367-segment-10241508783381919015_2889_360_2909_360_with_camera_labels-70.png 544 824 34
big_dataset_depth/000000000367-segment-10241508783381919015_2889_360_2909_360_with_camera_labels-70.png 552 832 34
big_dataset_depth/000000000367-segment-10241508783381919015_2889_360_2909_360_with_camera_labels-70.png 560 824 35
big_dataset_depth/000000000367-segment-10241508783381919015_2889_360_2909_360_with_camera_labels-70.png 568 800 35
big_dataset_depth/000000000367-segment-10241508783381919015_2889_360_2909_360_with_camera_labels-70.png 576 832 35
big_dataset_depth/000000000367-segment-10241508783381919015_2889_360_2909_360_with_camera_labels-70.png 584 808 36
big_dataset_depth/000000000367-segment-10241508783381919015_2889_360_2909_360_with_camera_labels-70.png 592 808 36
big_dataset_depth/000000000367-segment-10241508783381919015_2889_360_2909_360_with_camera_labels-70.png 600 616 33
big_dataset_depth/000000000367-segment-10241508783381919015_2889_360_2909_360_with_camera_labels-70.png 608 784 50
big_dataset_depth/000000000367-segment-10241508783381919015_2889_360_2909_360_with_camera_labels-70.png 616 768 59
big_dataset_depth/000000000367-segment-10241508783381919015_2889_360_2909_360_with_camera_labels-70.png 624 760 49
big_dataset_depth/000000000367-segment-10241508783381919015_2889_360_2909_360_with_camera_labels-70.png 632 760 49
big_dataset_depth/000000000367-segment-10241508783381919015_2889_360_2909_360_with_camera_labels-70.png 640 760 53
big_dataset_depth/000000000367-segment-10241508783381919015_2889_360_2909_360_with_camera_labels-70.png 648 768 53
big_dataset_depth/000000000367-segment-10241508783381919015_2889_360_2909_360_with_camera_labels-70.png 656 752 55
big_dataset_depth/000000000367-segment-10241508783381919015_2889_360_2909_360_with_camera_labels-70.png 664 752 55
big_dataset_depth/000000000367-segment-10241508783381919015_2889_360_2909_360_with_camera_labels-70.png 672 768 54
big_dataset_depth/000000000367-segment-10241508783381919015_2889_360_2909_360_with_camera_labels-70.png 680 752 54
big_dataset_depth/000000000367-segment-10241508783381919015_2889_360_2909_360_with_camera_labels-70.png 688 760 53
big_dataset_depth/000000000367-segment-10241508783381919015_2889_360_2909_360_with_camera_labels-70.png 696 768 52
big_dataset_depth/000000000367-segment-10241508783381919015_2889_360_2909_360_with_camera_labels-70.png 704 616 36
big_dataset_depth/000000000367-segment-10241508783381919015_2889_360_2909_360_with_camera_labels-70.png 712 768 52
big_dataset_depth/000000000367-segment-10241508783381919015_2889_360_2909_360_with_camera_labels-70.png 720 768 51
big_dataset_depth/000000000367-segment-10241508783381919015_2889_360_2909_360_with_camera_labels-70.png 728 768 51
big_dataset_depth/000000000367-segment-10241508783381919015_2889_360_2909_360_with_camera_labels-70.png 736 768 51
big_dataset_depth/000000000367-segment-10241508783381919015_2889_360_2909_360_with_camera_labels-70.png 744 768 51
big_dataset_depth/000000000367-segment-10241508783381919015_2889_360_2909_360_with_camera_labels-70.png 752 768 51
big_dataset_depth/000000000367-segment-10241508783381919015_2889_360_2909_360_with_camera_labels-70.png 760 760 51
big_dataset_depth/000000000367-segment-10241508783381919015_2889_360_2909_360_with_camera_labels-70.png 768 768 52
big_dataset_depth/000000000367-segment-10241508783381919015_2889_360_2909_360_with_camera_labels-70.png 776 752 52
big_dataset_depth/000000000367-segment-10241508783381919015_2889_360_2909_360_with_camera_labels-70.png 784 736 52
big_dataset_depth/000000000367-segment-10241508783381919015_2889_360_2909_360_with_camera_labels-70.png 792 752 55
big_dataset_depth/000000000367-segment-10241508783381919015_2889_360_2909_360_with_camera_labels-70.png 800 736 55
big_dataset_depth/000000000367-segment-10241508783381919015_2889_360_2909_360_with_camera_labels-70.png 808 752 59
big_dataset_depth/000000000367-segment-10241508783381919015_2889_360_2909_360_with_camera_labels-70.png 816 752 59
big_dataset_depth/000000000367-segment-10241508783381919015_2889_360_2909_360_with_camera_labels-70.png 824 752 61
big_dataset_depth/000000000367-segment-10241508783381919015_2889_360_2909_360_with_camera_labels-70.png 832 728 67
big_dataset_depth/000000000367-segment-10241508783381919015_2889_360_2909_360_with_camera_labels-70.png 840 728 80
big_dataset_depth/000000000367-segment-10241508783381919015_2889_360_2909_360_with_camera_labels-70.png 848 736 65
big_dataset_depth/000000000367-segment-10241508783381919015_2889_360_2909_360_with_camera_labels-70.png 856 776 49
big_dataset_depth/000000000367-segment-10241508783381919015_2889_360_2909_360_with_camera_labels-70.png 864 760 49
big_dataset_depth/000000000367-segment-10241508783381919015_2889_360_2909_360_with_camera_labels-70.png 872 768 49
big_dataset_depth/000000000367-segment-10241508783381919015_2889_360_2909_360_with_camera_labels-70.png 880 752 63
big_dataset_depth/000000000367-segment-10241508783381919015_2889_360_2909_360_with_camera_labels-70.png 888 736 77
big_dataset_depth/000000000367-segment-10241508783381919015_2889_360_2909_360_with_camera_labels-70.png 896 736 78
big_dataset_depth/000000000367-segment-10241508783381919015_2889_360_2909_360_with_camera_labels-70.png 904 736 79
big_dataset_depth/000000000367-segment-10241508783381919015_2889_360_2909_360_with_camera_labels-70.png 912 720 81
big_dataset_depth/000000000367-segment-10241508783381919015_2889_360_2909_360_with_camera_labels-70.png 920 720 85
big_dataset_depth/000000000367-segment-10241508783381919015_2889_360_2909_360_with_camera_labels-70.png 928 728 86
big_dataset_depth/000000000367-segment-10241508783381919015_2889_360_2909_360_with_camera_labels-70.png 936 648 86
big_dataset_depth/000000000367-segment-10241508783381919015_2889_360_2909_360_with_camera_labels-70.png 944 712 108
big_dataset_depth/000000000367-segment-10241508783381919015_2889_360_2909_360_with_camera_labels-70.png 952 712 107
big_dataset_depth/000000000367-segment-10241508783381919015_2889_360_2909_360_with_camera_labels-70.png 960 712 107
big_dataset_depth/000000000367-segment-10241508783381919015_2889_360_2909_360_with_camera_labels-70.png 968 704 107
big_dataset_depth/000000000367-segment-10241508783381919015_2889_360_2909_360_with_camera_labels-70.png 984 704 107
big_dataset_depth/000000000367-segment-10241508783381919015_2889_360_2909_360_with_camera_labels-70.png 992 704 107
big_dataset_depth/000000000367-segment-10241508783381919015_2889_360_2909_360_with_camera_labels-70.png 1000 696 107
big_dataset_depth/000000000367-segment-10241508783381919015_2889_360_2909_360_with_camera_labels-70.png 1032 656 108
big_dataset_depth/000000000367-segment-10241508783381919015_2889_360_2909_360_with_camera_labels-70.png 1040 664 108
big_dataset_depth/000000000367-segment-10241508783381919015_2889_360_2909_360_with_camera_labels-70.png 1048 664 108
big_dataset_depth/000000000367-segment-10241508783381919015_2889_360_2909_360_with_camera_labels-70.png 1056 656 107
big_dataset_depth/000000000367-segment-10241508783381919015_2889_360_2909_360_with_camera_labels-70.png 1064 664 107
big_dataset_depth/000000000367-segment-10241508783381919015_2889_360_2909_360_with_camera_labels-70.png 1072 648 106
big_dataset_depth/000000000367-segment-10241508783381919015_2889_360_2909_360_with_camera_labels-70.png 1080 656 104
big_dataset_depth/000000000367-segment-10241508783381919015_2889_360_2909_360_with_camera_labels-70.png 1088 712 108
big_dataset_depth/000000000367-segment-10241508783381919015_2889_360_2909_360_with_camera_labels-70.png 1096 712 107
big_dataset_depth/000000000367-segment-10241508783381919015_2889_360_2909_360_with_camera_labels-70.png 1104 712 106
big_dataset_depth/000000000367-segment-10241508783381919015_2889_360_2909_360_with_camera_labels-70.png 1112 712 106
big_dataset_depth/000000000367-segment-10241508783381919015_2889_360_2909_360_with_camera_labels-70.png 1120 712 105
big_dataset_depth/000000000367-segment-10241508783381919015_2889_360_2909_360_with_camera_labels-70.png 1128 712 105
big_dataset_depth/000000000367-segment-10241508783381919015_2889_360_2909_360_with_camera_labels-70.png 1136 712 105
big_dataset_depth/000000000367-segment-10241508783381919015_2889_360_2909_360_with_camera_labels-70.png 1144 712 105
big_dataset_depth/000000000367-segment-10241508783381919015_2889_360_2909_360_with_camera_labels-70.png 1152 712 104
big_dataset_depth/000000000367-segment-10241508783381919015_2889_360_2909_360_with_camera_labels-70.png 1160 712 104
big_dataset_depth/000000000367-segment-10241508783381919015_2889_360_2909_360_with_camera_labels-70.png 1168 712 104
big_dataset_depth/000000000367-segment-10241508783381919015_2889_360_2909_360_with_camera_labels-70.png 1176 720 104
big_dataset_depth/000000000367-segment-10241508783381919015_2889_360_2909_360_with_camera_labels-70.png 1184 720 105
big_dataset_depth/000000000367-segment-10241508783381919015_2889_360_2909_360_with_camera_labels-70.png 1192 720 105
big_dataset_depth/000000000367-segment-10241508783381919015_2889_360_2909_360_with_camera_labels-70.png 1200 720 105
big_dataset_depth/000000000367-segment-10241508783381919015_2889_360_2909_360_with_camera_labels-70.png 1208 720 105
big_dataset_depth/000000000367-segment-10241508783381919015_2889_360_2909_360_with_camera_labels-70.png 1216 664 87
big_dataset_depth/000000000367-segment-10241508783381919015_2889_360_2909_360_with_camera_labels-70.png 1224 672 87
big_dataset_depth/000000000367-segment-10241508783381919015_2889_360_2909_360_with_camera_labels-70.png 1232 696 96
big_dataset_depth/000000000367-segment-10241508783381919015_2889_360_2909_360_with_camera_labels-70.png 1240 664 88
big_dataset_depth/000000000367-segment-10241508783381919015_2889_360_2909_360_with_camera_labels-70.png 1248 728 59
big_dataset_depth/000000000367-segment-10241508783381919015_2889_360_2909_360_with_camera_labels-70.png 1264 824 31
big_dataset_depth/000000000367-segment-10241508783381919015_2889_360_2909_360_with_camera_labels-70.png 1272 832 31
big_dataset_depth/000000000367-segment-10241508783381919015_2889_360_2909_360_with_camera_labels-70.png 1280 928 25
big_dataset_depth/000000000367-segment-10241508783381919015_2889_360_2909_360_with_camera_labels-70.png 1288 928 25
big_dataset_depth/000000000367-segment-10241508783381919015_2889_360_2909_360_with_camera_labels-70.png 1296 928 25
big_dataset_depth/000000000367-segment-10241508783381919015_2889_360_2909_360_with_camera_labels-70.png 1304 912 25
big_dataset_depth/000000000367-segment-10241508783381919015_2889_360_2909_360_with_camera_labels-70.png 1312 928 25
big_dataset_depth/000000000367-segment-10241508783381919015_2889_360_2909_360_with_camera_labels-70.png 1320 920 25
big_dataset_depth/000000000367-segment-10241508783381919015_2889_360_2909_360_with_camera_labels-70.png 1328 872 25
big_dataset_depth/000000000367-segment-10241508783381919015_2889_360_2909_360_with_camera_labels-70.png 1336 872 24
big_dataset_depth/000000000367-segment-10241508783381919015_2889_360_2909_360_with_camera_labels-70.png 1344 856 23
big_dataset_depth/000000000367-segment-10241508783381919015_2889_360_2909_360_with_camera_labels-70.png 1352 872 24
big_dataset_depth/000000000367-segment-10241508783381919015_2889_360_2909_360_with_camera_labels-70.png 1360 888 25
big_dataset_depth/000000000367-segment-10241508783381919015_2889_360_2909_360_with_camera_labels-70.png 1368 872 25
big_dataset_depth/000000000367-segment-10241508783381919015_2889_360_2909_360_with_camera_labels-70.png 1376 888 25
big_dataset_depth/000000000367-segment-10241508783381919015_2889_360_2909_360_with_camera_labels-70.png 1384 872 24
big_dataset_depth/000000000367-segment-10241508783381919015_2889_360_2909_360_with_camera_labels-70.png 1392 864 24
big_dataset_depth/000000000367-segment-10241508783381919015_2889_360_2909_360_with_camera_labels-70.png 1400 864 24
big_dataset_depth/000000000367-segment-10241508783381919015_2889_360_2909_360_with_camera_labels-70.png 1408 872 24
big_dataset_depth/000000000367-segment-10241508783381919015_2889_360_2909_360_with_camera_labels-70.png 1416 872 24
big_dataset_depth/000000000367-segment-10241508783381919015_2889_360_2909_360_with_camera_labels-70.png 1424 864 24
big_dataset_depth/000000000367-segment-10241508783381919015_2889_360_2909_360_with_camera_labels-70.png 1432 872 23
big_dataset_depth/000000000367-segment-10241508783381919015_2889_360_2909_360_with_camera_labels-70.png 1440 856 24
big_dataset_depth/000000000367-segment-10241508783381919015_2889_360_2909_360_with_camera_labels-70.png 1448 864 24
big_dataset_depth/000000000367-segment-10241508783381919015_2889_360_2909_360_with_camera_labels-70.png 1456 880 25
big_dataset_depth/000000000367-segment-10241508783381919015_2889_360_2909_360_with_camera_labels-70.png 1464 888 25
big_dataset_depth/000000000367-segment-10241508783381919015_2889_360_2909_360_with_camera_labels-70.png 1472 864 24
big_dataset_depth/000000000367-segment-10241508783381919015_2889_360_2909_360_with_camera_labels-70.png 1480 880 25
big_dataset_depth/000000000367-segment-10241508783381919015_2889_360_2909_360_with_camera_labels-70.png 1488 864 24
big_dataset_depth/000000000367-segment-10241508783381919015_2889_360_2909_360_with_camera_labels-70.png 1496 872 24
big_dataset_depth/000000000367-segment-10241508783381919015_2889_360_2909_360_with_camera_labels-70.png 1504 832 24
big_dataset_depth/000000000367-segment-10241508783381919015_2889_360_2909_360_with_camera_labels-70.png 1512 920 25
big_dataset_depth/000000000367-segment-10241508783381919015_2889_360_2909_360_with_camera_labels-70.png 1520 936 25
big_dataset_depth/000000000367-segment-10241508783381919015_2889_360_2909_360_with_camera_labels-70.png 1528 936 25
big_dataset_depth/000000000367-segment-10241508783381919015_2889_360_2909_360_with_camera_labels-70.png 1536 936 25
big_dataset_depth/000000000367-segment-10241508783381919015_2889_360_2909_360_with_camera_labels-70.png 1544 928 25
big_dataset_depth/000000000367-segment-10241508783381919015_2889_360_2909_360_with_camera_labels-70.png 1552 920 25
big_dataset_depth/000000000367-segment-10241508783381919015_2889_360_2909_360_with_camera_labels-70.png 1560 848 24
big_dataset_depth/000000000367-segment-10241508783381919015_2889_360_2909_360_with_camera_labels-70.png 1568 840 28
big_dataset_depth/000000000367-segment-10241508783381919015_2889_360_2909_360_with_camera_labels-70.png 1576 832 27
big_dataset_depth/000000000367-segment-10241508783381919015_2889_360_2909_360_with_camera_labels-70.png 1584 840 28
big_dataset_depth/000000000367-segment-10241508783381919015_2889_360_2909_360_with_camera_labels-70.png 1592 832 28
big_dataset_depth/000000000367-segment-10241508783381919015_2889_360_2909_360_with_camera_labels-70.png 1608 840 28
big_dataset_depth/000000000367-segment-10241508783381919015_2889_360_2909_360_with_camera_labels-70.png 1616 832 28
big_dataset_depth/000000000367-segment-10241508783381919015_2889_360_2909_360_with_camera_labels-70.png 1624 832 28
big_dataset_depth/000000000367-segment-10241508783381919015_2889_360_2909_360_with_camera_labels-70.png 1632 832 28
big_dataset_depth/000000000367-segment-10241508783381919015_2889_360_2909_360_with_camera_labels-70.png 1640 840 27
big_dataset_depth/000000000367-segment-10241508783381919015_2889_360_2909_360_with_camera_labels-70.png 1648 832 27
big_dataset_depth/000000000367-segment-10241508783381919015_2889_360_2909_360_with_camera_labels-70.png 1656 856 26
big_dataset_depth/000000000367-segment-10241508783381919015_2889_360_2909_360_with_camera_labels-70.png 1664 880 26
big_dataset_depth/000000000367-segment-10241508783381919015_2889_360_2909_360_with_camera_labels-70.png 1672 920 26
big_dataset_depth/000000000367-segment-10241508783381919015_2889_360_2909_360_with_camera_labels-70.png 1680 896 27
big_dataset_depth/000000000367-segment-10241508783381919015_2889_360_2909_360_with_camera_labels-70.png 1688 896 26
big_dataset_depth/000000000367-segment-10241508783381919015_2889_360_2909_360_with_camera_labels-70.png 1696 912 26
big_dataset_depth/000000000367-segment-10241508783381919015_2889_360_2909_360_with_camera_labels-70.png 1704 944 25
big_dataset_depth/000000000367-segment-10241508783381919015_2889_360_2909_360_with_camera_labels-70.png 1712 904 27
big_dataset_depth/000000000367-segment-10241508783381919015_2889_360_2909_360_with_camera_labels-70.png 1720 872 27
big_dataset_depth/000000000367-segment-10241508783381919015_2889_360_2909_360_with_camera_labels-70.png 1728 888 27
big_dataset_depth/000000000367-segment-10241508783381919015_2889_360_2909_360_with_camera_labels-70.png 1736 904 27
big_dataset_depth/000000000367-segment-10241508783381919015_2889_360_2909_360_with_camera_labels-70.png 1744 896 27
big_dataset_depth/000000000367-segment-10241508783381919015_2889_360_2909_360_with_camera_labels-70.png 1752 648 40
big_dataset_depth/000000000367-segment-10241508783381919015_2889_360_2909_360_with_camera_labels-70.png 1760 912 27
big_dataset_depth/000000000367-segment-10241508783381919015_2889_360_2909_360_with_camera_labels-70.png 1768 912 26
big_dataset_depth/000000000367-segment-10241508783381919015_2889_360_2909_360_with_camera_labels-70.png 1776 832 32
big_dataset_depth/000000000367-segment-10241508783381919015_2889_360_2909_360_with_camera_labels-70.png 1784 856 26
big_dataset_depth/000000000367-segment-10241508783381919015_2889_360_2909_360_with_camera_labels-70.png 1792 816 38
big_dataset_depth/000000000367-segment-10241508783381919015_2889_360_2909_360_with_camera_labels-70.png 1800 824 38
big_dataset_depth/000000000367-segment-10241508783381919015_2889_360_2909_360_with_camera_labels-70.png 1808 832 39
big_dataset_depth/000000000367-segment-10241508783381919015_2889_360_2909_360_with_camera_labels-70.png 1816 824 38
big_dataset_depth/000000000367-segment-10241508783381919015_2889_360_2909_360_with_camera_labels-70.png 1824 824 38
big_dataset_depth/000000000367-segment-10241508783381919015_2889_360_2909_360_with_camera_labels-70.png 1832 824 38
big_dataset_depth/000000000367-segment-10241508783381919015_2889_360_2909_360_with_camera_labels-70.png 1840 824 38
big_dataset_depth/000000000367-segment-10241508783381919015_2889_360_2909_360_with_camera_labels-70.png 1848 832 39
big_dataset_depth/000000000367-segment-10241508783381919015_2889_360_2909_360_with_camera_labels-70.png 1856 824 38
big_dataset_depth/000000000367-segment-10241508783381919015_2889_360_2909_360_with_camera_labels-70.png 1864 824 39
big_dataset_depth/000000000367-segment-10241508783381919015_2889_360_2909_360_with_camera_labels-70.png 1872 832 39
big_dataset_depth/000000000367-segment-10241508783381919015_2889_360_2909_360_with_camera_labels-70.png 1880 824 39
big_dataset_depth/000000000367-segment-10241508783381919015_2889_360_2909_360_with_camera_labels-70.png 1888 824 39
big_dataset_depth/000000000367-segment-10241508783381919015_2889_360_2909_360_with_camera_labels-70.png 1896 824 39
big_dataset_depth/000000000367-segment-10241508783381919015_2889_360_2909_360_with_camera_labels-70.png 1904 832 39
big_dataset_depth/000000000367-segment-10241508783381919015_2889_360_2909_360_with_camera_labels-70.png 1912 824 39
