big_dataset_depth/000000001353-segment-11343624116265195592_5910_530_5930_530_with_camera_labels-140.png 0 736 97
big_dataset_depth/000000001353-segment-11343624116265195592_5910_530_5930_530_with_camera_labels-140.png 8 744 89
big_dataset_depth/000000001353-segment-11343624116265195592_5910_530_5930_530_with_camera_labels-140.png 16 744 87
big_dataset_depth/000000001353-segment-11343624116265195592_5910_530_5930_530_with_camera_labels-140.png 32 752 85
big_dataset_depth/000000001353-segment-11343624116265195592_5910_530_5930_530_with_camera_labels-140.png 40 728 87
big_dataset_depth/000000001353-segment-11343624116265195592_5910_530_5930_530_with_camera_labels-140.png 56 744 86
big_dataset_depth/000000001353-segment-11343624116265195592_5910_530_5930_530_with_camera_labels-140.png 64 752 86
big_dataset_depth/000000001353-segment-11343624116265195592_5910_530_5930_530_with_camera_labels-140.png 72 752 86
big_dataset_depth/000000001353-segment-11343624116265195592_5910_530_5930_530_with_camera_labels-140.png 88 752 87
big_dataset_depth/000000001353-segment-11343624116265195592_5910_530_5930_530_with_camera_labels-140.png 104 752 99
big_dataset_depth/000000001353-segment-11343624116265195592_5910_530_5930_530_with_camera_labels-140.png 120 752 106
big_dataset_depth/000000001353-segment-11343624116265195592_5910_530_5930_530_with_camera_labels-140.png 128 752 106
big_dataset_depth/000000001353-segment-11343624116265195592_5910_530_5930_530_with_camera_labels-140.png 136 744 107
big_dataset_depth/000000001353-segment-11343624116265195592_5910_530_5930_530_with_camera_labels-140.png 152 744 108
big_dataset_depth/000000001353-segment-11343624116265195592_5910_530_5930_530_with_camera_labels-140.png 160 744 107
big_dataset_depth/000000001353-segment-11343624116265195592_5910_530_5930_530_with_camera_labels-140.png 168 744 107
big_dataset_depth/000000001353-segment-11343624116265195592_5910_530_5930_530_with_camera_labels-140.png 176 800 68
big_dataset_depth/000000001353-segment-11343624116265195592_5910_530_5930_530_with_camera_labels-140.png 184 744 107
big_dataset_depth/000000001353-segment-11343624116265195592_5910_530_5930_530_with_camera_labels-140.png 192 736 107
big_dataset_depth/000000001353-segment-11343624116265195592_5910_530_5930_530_with_camera_labels-140.png 200 736 107
big_dataset_depth/000000001353-segment-11343624116265195592_5910_530_5930_530_with_camera_labels-140.png 208 744 107
big_dataset_depth/000000001353-segment-11343624116265195592_5910_530_5930_530_with_camera_labels-140.png 288 1280 13
big_dataset_depth/000000001353-segment-11343624116265195592_5910_530_5930_530_with_camera_labels-140.png 304 1272 14
big_dataset_depth/000000001353-segment-11343624116265195592_5910_530_5930_530_with_camera_labels-140.png 312 1272 14
big_dataset_depth/000000001353-segment-11343624116265195592_5910_530_5930_530_with_camera_labels-140.png 320 1256 14
big_dataset_depth/000000001353-segment-11343624116265195592_5910_530_5930_530_with_camera_labels-140.png 328 1248 14
big_dataset_depth/000000001353-segment-11343624116265195592_5910_530_5930_530_with_camera_labels-140.png 336 1248 14
big_dataset_depth/000000001353-segment-11343624116265195592_5910_530_5930_530_with_camera_labels-140.png 360 1224 15
big_dataset_depth/000000001353-segment-11343624116265195592_5910_530_5930_530_with_camera_labels-140.png 368 1200 15
big_dataset_depth/000000001353-segment-11343624116265195592_5910_530_5930_530_with_camera_labels-140.png 376 1200 15
big_dataset_depth/000000001353-segment-11343624116265195592_5910_530_5930_530_with_camera_labels-140.png 384 1200 15
big_dataset_depth/000000001353-segment-11343624116265195592_5910_530_5930_530_with_camera_labels-140.png 408 1152 16
big_dataset_depth/000000001353-segment-11343624116265195592_5910_530_5930_530_with_camera_labels-140.png 416 1152 16
big_dataset_depth/000000001353-segment-11343624116265195592_5910_530_5930_530_with_camera_labels-140.png 424 1152 16
big_dataset_depth/000000001353-segment-11343624116265195592_5910_530_5930_530_with_camera_labels-140.png 432 1152 16
big_dataset_depth/000000001353-segment-11343624116265195592_5910_530_5930_530_with_camera_labels-140.png 440 1128 17
big_dataset_depth/000000001353-segment-11343624116265195592_5910_530_5930_530_with_camera_labels-140.png 448 1128 17
big_dataset_depth/000000001353-segment-11343624116265195592_5910_530_5930_530_with_camera_labels-140.png 456 1128 17
big_dataset_depth/000000001353-segment-11343624116265195592_5910_530_5930_530_with_camera_labels-140.png 464 1112 18
big_dataset_depth/000000001353-segment-11343624116265195592_5910_530_5930_530_with_camera_labels-140.png 472 1112 18
big_dataset_depth/000000001353-segment-11343624116265195592_5910_530_5930_530_with_camera_labels-140.png 496 1064 19
big_dataset_depth/000000001353-segment-11343624116265195592_5910_530_5930_530_with_camera_labels-140.png 504 1064 19
big_dataset_depth/000000001353-segment-11343624116265195592_5910_530_5930_530_with_camera_labels-140.png 512 1064 19
big_dataset_depth/000000001353-segment-11343624116265195592_5910_530_5930_530_with_camera_labels-140.png 520 784 58
big_dataset_depth/000000001353-segment-11343624116265195592_5910_530_5930_530_with_camera_labels-140.png 528 784 58
big_dataset_depth/000000001353-segment-11343624116265195592_5910_530_5930_530_with_camera_labels-140.png 536 904 40
big_dataset_depth/000000001353-segment-11343624116265195592_5910_530_5930_530_with_camera_labels-140.png 544 880 41
big_dataset_depth/000000001353-segment-11343624116265195592_5910_530_5930_530_with_camera_labels-140.png 560 1008 22
big_dataset_depth/000000001353-segment-11343624116265195592_5910_530_5930_530_with_camera_labels-140.png 568 784 58
big_dataset_depth/000000001353-segment-11343624116265195592_5910_530_5930_530_with_camera_labels-140.png 576 992 23
big_dataset_depth/000000001353-segment-11343624116265195592_5910_530_5930_530_with_camera_labels-140.png 584 784 58
big_dataset_depth/000000001353-segment-11343624116265195592_5910_530_5930_530_with_camera_labels-140.png 592 832 45
big_dataset_depth/000000001353-segment-11343624116265195592_5910_530_5930_530_with_camera_labels-140.png 600 888 30
big_dataset_depth/000000001353-segment-11343624116265195592_5910_530_5930_530_with_camera_labels-140.png 608 880 28
big_dataset_depth/000000001353-segment-11343624116265195592_5910_530_5930_530_with_camera_labels-140.png 616 792 31
big_dataset_depth/000000001353-segment-11343624116265195592_5910_530_5930_530_with_camera_labels-140.png 648 912 30
big_dataset_depth/000000001353-segment-11343624116265195592_5910_530_5930_530_with_camera_labels-140.png 680 888 33
big_dataset_depth/000000001353-segment-11343624116265195592_5910_530_5930_530_with_camera_labels-140.png 1248 760 99
big_dataset_depth/000000001353-segment-11343624116265195592_5910_530_5930_530_with_camera_labels-140.png 1256 648 108
big_dataset_depth/000000001353-segment-11343624116265195592_5910_530_5930_530_with_camera_labels-140.png 1264 648 108
big_dataset_depth/000000001353-segment-11343624116265195592_5910_530_5930_530_with_camera_labels-140.png 1272 640 108
big_dataset_depth/000000001353-segment-11343624116265195592_5910_530_5930_530_with_camera_labels-140.png 1280 640 108
big_dataset_depth/000000001353-segment-11343624116265195592_5910_530_5930_530_with_camera_labels-140.png 1288 632 108
big_dataset_depth/000000001353-segment-11343624116265195592_5910_530_5930_530_with_camera_labels-140.png 1296 752 105
big_dataset_depth/000000001353-segment-11343624116265195592_5910_530_5930_530_with_camera_labels-140.png 1304 752 104
big_dataset_depth/000000001353-segment-11343624116265195592_5910_530_5930_530_with_camera_labels-140.png 1312 744 108
big_dataset_depth/000000001353-segment-11343624116265195592_5910_530_5930_530_with_camera_labels-140.png 1320 744 107
big_dataset_depth/000000001353-segment-11343624116265195592_5910_530_5930_530_with_camera_labels-140.png 1328 744 107
big_dataset_depth/000000001353-segment-11343624116265195592_5910_530_5930_530_with_camera_labels-140.png 1336 720 107
big_dataset_depth/000000001353-segment-11343624116265195592_5910_530_5930_530_with_camera_labels-140.png 1344 744 106
big_dataset_depth/000000001353-segment-11343624116265195592_5910_530_5930_530_with_camera_labels-140.png 1352 744 105
big_dataset_depth/000000001353-segment-11343624116265195592_5910_530_5930_530_with_camera_labels-140.png 1360 744 103
big_dataset_depth/000000001353-segment-11343624116265195592_5910_530_5930_530_with_camera_labels-140.png 1368 744 101
big_dataset_depth/000000001353-segment-11343624116265195592_5910_530_5930_530_with_camera_labels-140.png 1376 640 98
big_dataset_depth/000000001353-segment-11343624116265195592_5910_530_5930_530_with_camera_labels-140.png 1384 680 79
big_dataset_depth/000000001353-segment-11343624116265195592_5910_530_5930_530_with_camera_labels-140.png 1392 736 104
big_dataset_depth/000000001353-segment-11343624116265195592_5910_530_5930_530_with_camera_labels-140.png 1400 672 81
big_dataset_depth/000000001353-segment-11343624116265195592_5910_530_5930_530_with_camera_labels-140.png 1408 744 88
big_dataset_depth/000000001353-segment-11343624116265195592_5910_530_5930_530_with_camera_labels-140.png 1416 768 82
big_dataset_depth/000000001353-segment-11343624116265195592_5910_530_5930_530_with_camera_labels-140.png 1424 752 92
big_dataset_depth/000000001353-segment-11343624116265195592_5910_530_5930_530_with_camera_labels-140.png 1432 720 95
big_dataset_depth/000000001353-segment-11343624116265195592_5910_530_5930_530_with_camera_labels-140.png 1440 688 95
big_dataset_depth/000000001353-segment-11343624116265195592_5910_530_5930_530_with_camera_labels-140.png 1448 672 95
big_dataset_depth/000000001353-segment-11343624116265195592_5910_530_5930_530_with_camera_labels-140.png 1456 736 100
big_dataset_depth/000000001353-segment-11343624116265195592_5910_530_5930_530_with_camera_labels-140.png 1464 720 107
big_dataset_depth/000000001353-segment-11343624116265195592_5910_530_5930_530_with_camera_labels-140.png 1472 648 65
big_dataset_depth/000000001353-segment-11343624116265195592_5910_530_5930_530_with_camera_labels-140.png 1480 800 55
big_dataset_depth/000000001353-segment-11343624116265195592_5910_530_5930_530_with_camera_labels-140.png 1488 800 55
big_dataset_depth/000000001353-segment-11343624116265195592_5910_530_5930_530_with_camera_labels-140.png 1496 800 55
big_dataset_depth/000000001353-segment-11343624116265195592_5910_530_5930_530_with_camera_labels-140.png 1504 792 55
big_dataset_depth/000000001353-segment-11343624116265195592_5910_530_5930_530_with_camera_labels-140.png 1512 784 54
big_dataset_depth/000000001353-segment-11343624116265195592_5910_530_5930_530_with_camera_labels-140.png 1520 800 52
big_dataset_depth/000000001353-segment-11343624116265195592_5910_530_5930_530_with_camera_labels-140.png 1528 800 52
big_dataset_depth/000000001353-segment-11343624116265195592_5910_530_5930_530_with_camera_labels-140.png 1536 800 51
big_dataset_depth/000000001353-segment-11343624116265195592_5910_530_5930_530_with_camera_labels-140.png 1544 800 51
big_dataset_depth/000000001353-segment-11343624116265195592_5910_530_5930_530_with_camera_labels-140.png 1552 800 49
big_dataset_depth/000000001353-segment-11343624116265195592_5910_530_5930_530_with_camera_labels-140.png 1560 776 46
big_dataset_depth/000000001353-segment-11343624116265195592_5910_530_5930_530_with_camera_labels-140.png 1568 808 46
big_dataset_depth/000000001353-segment-11343624116265195592_5910_530_5930_530_with_camera_labels-140.png 1576 816 46
big_dataset_depth/000000001353-segment-11343624116265195592_5910_530_5930_530_with_camera_labels-140.png 1584 792 46
big_dataset_depth/000000001353-segment-11343624116265195592_5910_530_5930_530_with_camera_labels-140.png 1592 792 48
big_dataset_depth/000000001353-segment-11343624116265195592_5910_530_5930_530_with_camera_labels-140.png 1600 808 51
big_dataset_depth/000000001353-segment-11343624116265195592_5910_530_5930_530_with_camera_labels-140.png 1608 808 51
big_dataset_depth/000000001353-segment-11343624116265195592_5910_530_5930_530_with_camera_labels-140.png 1616 808 51
big_dataset_depth/000000001353-segment-11343624116265195592_5910_530_5930_530_with_camera_labels-140.png 1624 808 52
big_dataset_depth/000000001353-segment-11343624116265195592_5910_530_5930_530_with_camera_labels-140.png 1632 808 52
big_dataset_depth/000000001353-segment-11343624116265195592_5910_530_5930_530_with_camera_labels-140.png 1640 800 51
big_dataset_depth/000000001353-segment-11343624116265195592_5910_530_5930_530_with_camera_labels-140.png 1648 800 51
big_dataset_depth/000000001353-segment-11343624116265195592_5910_530_5930_530_with_camera_labels-140.png 1656 808 51
big_dataset_depth/000000001353-segment-11343624116265195592_5910_530_5930_530_with_camera_labels-140.png 1664 800 50
big_dataset_depth/000000001353-segment-11343624116265195592_5910_530_5930_530_with_camera_labels-140.png 1672 808 50
big_dataset_depth/000000001353-segment-11343624116265195592_5910_530_5930_530_with_camera_labels-140.png 1680 800 50
big_dataset_depth/000000001353-segment-11343624116265195592_5910_530_5930_530_with_camera_labels-140.png 1688 800 50
big_dataset_depth/000000001353-segment-11343624116265195592_5910_530_5930_530_with_camera_labels-140.png 1696 800 50
big_dataset_depth/000000001353-segment-11343624116265195592_5910_530_5930_530_with_camera_labels-140.png 1704 800 50
big_dataset_depth/000000001353-segment-11343624116265195592_5910_530_5930_530_with_camera_labels-140.png 1712 792 51
big_dataset_depth/000000001353-segment-11343624116265195592_5910_530_5930_530_with_camera_labels-140.png 1720 800 51
big_dataset_depth/000000001353-segment-11343624116265195592_5910_530_5930_530_with_camera_labels-140.png 1736 816 46
big_dataset_depth/000000001353-segment-11343624116265195592_5910_530_5930_530_with_camera_labels-140.png 1744 824 45
big_dataset_depth/000000001353-segment-11343624116265195592_5910_530_5930_530_with_camera_labels-140.png 1752 832 43
big_dataset_depth/000000001353-segment-11343624116265195592_5910_530_5930_530_with_camera_labels-140.png 1760 792 55
big_dataset_depth/000000001353-segment-11343624116265195592_5910_530_5930_530_with_camera_labels-140.png 1768 832 43
big_dataset_depth/000000001353-segment-11343624116265195592_5910_530_5930_530_with_camera_labels-140.png 1776 752 69
big_dataset_depth/000000001353-segment-11343624116265195592_5910_530_5930_530_with_camera_labels-140.png 1784 832 43
big_dataset_depth/000000001353-segment-11343624116265195592_5910_530_5930_530_with_camera_labels-140.png 1792 832 43
big_dataset_depth/000000001353-segment-11343624116265195592_5910_530_5930_530_with_camera_labels-140.png 1800 832 43
big_dataset_depth/000000001353-segment-11343624116265195592_5910_530_5930_530_with_camera_labels-140.png 1808 760 62
big_dataset_depth/000000001353-segment-11343624116265195592_5910_530_5930_530_with_camera_labels-140.png 1816 720 72
big_dataset_depth/000000001353-segment-11343624116265195592_5910_530_5930_530_with_camera_labels-140.png 1824 712 77
big_dataset_depth/000000001353-segment-11343624116265195592_5910_530_5930_530_with_camera_labels-140.png 1832 656 80
big_dataset_depth/000000001353-segment-11343624116265195592_5910_530_5930_530_with_camera_labels-140.png 1840 640 80
big_dataset_depth/000000001353-segment-11343624116265195592_5910_530_5930_530_with_camera_labels-140.png 1848 632 80
big_dataset_depth/000000001353-segment-11343624116265195592_5910_530_5930_530_with_camera_labels-140.png 1856 616 80
big_dataset_depth/000000001353-segment-11343624116265195592_5910_530_5930_530_with_camera_labels-140.png 1872 616 81
big_dataset_depth/000000001353-segment-11343624116265195592_5910_530_5930_530_with_camera_labels-140.png 1880 616 81
big_dataset_depth/000000001353-segment-11343624116265195592_5910_530_5930_530_with_camera_labels-140.png 1888 616 81
big_dataset_depth/000000001353-segment-11343624116265195592_5910_530_5930_530_with_camera_labels-140.png 1896 712 103
big_dataset_depth/000000001353-segment-11343624116265195592_5910_530_5930_530_with_camera_labels-140.png 1904 712 103
big_dataset_depth/000000001353-segment-11343624116265195592_5910_530_5930_530_with_camera_labels-140.png 1912 600 81
