big_dataset_depth/000000003203-segment-13476374534576730229_240_000_260_000_with_camera_labels-60.png 0 992 16
big_dataset_depth/000000003203-segment-13476374534576730229_240_000_260_000_with_camera_labels-60.png 8 936 19
big_dataset_depth/000000003203-segment-13476374534576730229_240_000_260_000_with_camera_labels-60.png 16 952 21
big_dataset_depth/000000003203-segment-13476374534576730229_240_000_260_000_with_camera_labels-60.png 24 888 22
big_dataset_depth/000000003203-segment-13476374534576730229_240_000_260_000_with_camera_labels-60.png 32 1112 15
big_dataset_depth/000000003203-segment-13476374534576730229_240_000_260_000_with_camera_labels-60.png 40 1096 15
big_dataset_depth/000000003203-segment-13476374534576730229_240_000_260_000_with_camera_labels-60.png 48 1272 10
big_dataset_depth/000000003203-segment-13476374534576730229_240_000_260_000_with_camera_labels-60.png 56 1272 10
big_dataset_depth/000000003203-segment-13476374534576730229_240_000_260_000_with_camera_labels-60.png 64 1112 15
big_dataset_depth/000000003203-segment-13476374534576730229_240_000_260_000_with_camera_labels-60.png 72 1032 17
big_dataset_depth/000000003203-segment-13476374534576730229_240_000_260_000_with_camera_labels-60.png 80 1032 17
big_dataset_depth/000000003203-segment-13476374534576730229_240_000_260_000_with_camera_labels-60.png 88 1272 10
big_dataset_depth/000000003203-segment-13476374534576730229_240_000_260_000_with_camera_labels-60.png 96 1272 10
big_dataset_depth/000000003203-segment-13476374534576730229_240_000_260_000_with_camera_labels-60.png 104 1272 10
big_dataset_depth/000000003203-segment-13476374534576730229_240_000_260_000_with_camera_labels-60.png 112 1256 10
big_dataset_depth/000000003203-segment-13476374534576730229_240_000_260_000_with_camera_labels-60.png 120 1272 10
big_dataset_depth/000000003203-segment-13476374534576730229_240_000_260_000_with_camera_labels-60.png 128 1272 10
big_dataset_depth/000000003203-segment-13476374534576730229_240_000_260_000_with_camera_labels-60.png 136 1264 10
big_dataset_depth/000000003203-segment-13476374534576730229_240_000_260_000_with_camera_labels-60.png 144 1264 10
big_dataset_depth/000000003203-segment-13476374534576730229_240_000_260_000_with_camera_labels-60.png 152 1264 10
big_dataset_depth/000000003203-segment-13476374534576730229_240_000_260_000_with_camera_labels-60.png 160 1264 10
big_dataset_depth/000000003203-segment-13476374534576730229_240_000_260_000_with_camera_labels-60.png 168 1264 10
big_dataset_depth/000000003203-segment-13476374534576730229_240_000_260_000_with_camera_labels-60.png 176 1264 10
big_dataset_depth/000000003203-segment-13476374534576730229_240_000_260_000_with_camera_labels-60.png 184 1264 10
big_dataset_depth/000000003203-segment-13476374534576730229_240_000_260_000_with_camera_labels-60.png 192 1264 10
big_dataset_depth/000000003203-segment-13476374534576730229_240_000_260_000_with_camera_labels-60.png 200 1264 10
big_dataset_depth/000000003203-segment-13476374534576730229_240_000_260_000_with_camera_labels-60.png 208 1248 10
big_dataset_depth/000000003203-segment-13476374534576730229_240_000_260_000_with_camera_labels-60.png 216 1264 11
big_dataset_depth/000000003203-segment-13476374534576730229_240_000_260_000_with_camera_labels-60.png 224 1264 11
big_dataset_depth/000000003203-segment-13476374534576730229_240_000_260_000_with_camera_labels-60.png 232 1264 11
big_dataset_depth/000000003203-segment-13476374534576730229_240_000_260_000_with_camera_labels-60.png 240 1264 11
big_dataset_depth/000000003203-segment-13476374534576730229_240_000_260_000_with_camera_labels-60.png 248 1256 11
big_dataset_depth/000000003203-segment-13476374534576730229_240_000_260_000_with_camera_labels-60.png 256 1232 11
big_dataset_depth/000000003203-segment-13476374534576730229_240_000_260_000_with_camera_labels-60.png 264 1256 11
big_dataset_depth/000000003203-segment-13476374534576730229_240_000_260_000_with_camera_labels-60.png 272 1232 11
big_dataset_depth/000000003203-segment-13476374534576730229_240_000_260_000_with_camera_labels-60.png 288 1232 11
big_dataset_depth/000000003203-segment-13476374534576730229_240_000_260_000_with_camera_labels-60.png 296 1248 11
big_dataset_depth/000000003203-segment-13476374534576730229_240_000_260_000_with_camera_labels-60.png 304 1256 11
big_dataset_depth/000000003203-segment-13476374534576730229_240_000_260_000_with_camera_labels-60.png 312 1256 11
big_dataset_depth/000000003203-segment-13476374534576730229_240_000_260_000_with_camera_labels-60.png 320 1216 12
big_dataset_depth/000000003203-segment-13476374534576730229_240_000_260_000_with_camera_labels-60.png 328 1184 12
big_dataset_depth/000000003203-segment-13476374534576730229_240_000_260_000_with_camera_labels-60.png 336 1184 12
big_dataset_depth/000000003203-segment-13476374534576730229_240_000_260_000_with_camera_labels-60.png 344 1184 12
big_dataset_depth/000000003203-segment-13476374534576730229_240_000_260_000_with_camera_labels-60.png 352 1184 12
big_dataset_depth/000000003203-segment-13476374534576730229_240_000_260_000_with_camera_labels-60.png 360 1136 12
big_dataset_depth/000000003203-segment-13476374534576730229_240_000_260_000_with_camera_labels-60.png 368 1160 12
big_dataset_depth/000000003203-segment-13476374534576730229_240_000_260_000_with_camera_labels-60.png 376 1136 13
big_dataset_depth/000000003203-segment-13476374534576730229_240_000_260_000_with_camera_labels-60.png 392 1152 13
big_dataset_depth/000000003203-segment-13476374534576730229_240_000_260_000_with_camera_labels-60.png 400 1088 13
big_dataset_depth/000000003203-segment-13476374534576730229_240_000_260_000_with_camera_labels-60.png 408 1112 13
big_dataset_depth/000000003203-segment-13476374534576730229_240_000_260_000_with_camera_labels-60.png 416 1112 13
big_dataset_depth/000000003203-segment-13476374534576730229_240_000_260_000_with_camera_labels-60.png 424 1112 13
big_dataset_depth/000000003203-segment-13476374534576730229_240_000_260_000_with_camera_labels-60.png 432 1112 14
big_dataset_depth/000000003203-segment-13476374534576730229_240_000_260_000_with_camera_labels-60.png 448 1080 14
big_dataset_depth/000000003203-segment-13476374534576730229_240_000_260_000_with_camera_labels-60.png 456 1128 14
big_dataset_depth/000000003203-segment-13476374534576730229_240_000_260_000_with_camera_labels-60.png 464 1112 14
big_dataset_depth/000000003203-segment-13476374534576730229_240_000_260_000_with_camera_labels-60.png 472 1112 14
big_dataset_depth/000000003203-segment-13476374534576730229_240_000_260_000_with_camera_labels-60.png 480 1112 15
big_dataset_depth/000000003203-segment-13476374534576730229_240_000_260_000_with_camera_labels-60.png 488 1112 15
big_dataset_depth/000000003203-segment-13476374534576730229_240_000_260_000_with_camera_labels-60.png 496 1120 14
big_dataset_depth/000000003203-segment-13476374534576730229_240_000_260_000_with_camera_labels-60.png 512 928 18
big_dataset_depth/000000003203-segment-13476374534576730229_240_000_260_000_with_camera_labels-60.png 520 928 18
big_dataset_depth/000000003203-segment-13476374534576730229_240_000_260_000_with_camera_labels-60.png 528 920 18
big_dataset_depth/000000003203-segment-13476374534576730229_240_000_260_000_with_camera_labels-60.png 536 928 18
big_dataset_depth/000000003203-segment-13476374534576730229_240_000_260_000_with_camera_labels-60.png 544 976 18
big_dataset_depth/000000003203-segment-13476374534576730229_240_000_260_000_with_camera_labels-60.png 552 928 18
big_dataset_depth/000000003203-segment-13476374534576730229_240_000_260_000_with_camera_labels-60.png 560 944 18
big_dataset_depth/000000003203-segment-13476374534576730229_240_000_260_000_with_camera_labels-60.png 568 928 18
big_dataset_depth/000000003203-segment-13476374534576730229_240_000_260_000_with_camera_labels-60.png 576 928 18
big_dataset_depth/000000003203-segment-13476374534576730229_240_000_260_000_with_camera_labels-60.png 584 992 18
big_dataset_depth/000000003203-segment-13476374534576730229_240_000_260_000_with_camera_labels-60.png 592 960 19
big_dataset_depth/000000003203-segment-13476374534576730229_240_000_260_000_with_camera_labels-60.png 600 976 18
big_dataset_depth/000000003203-segment-13476374534576730229_240_000_260_000_with_camera_labels-60.png 608 976 18
big_dataset_depth/000000003203-segment-13476374534576730229_240_000_260_000_with_camera_labels-60.png 616 968 18
big_dataset_depth/000000003203-segment-13476374534576730229_240_000_260_000_with_camera_labels-60.png 624 960 19
big_dataset_depth/000000003203-segment-13476374534576730229_240_000_260_000_with_camera_labels-60.png 632 952 19
big_dataset_depth/000000003203-segment-13476374534576730229_240_000_260_000_with_camera_labels-60.png 640 960 19
big_dataset_depth/000000003203-segment-13476374534576730229_240_000_260_000_with_camera_labels-60.png 648 864 20
big_dataset_depth/000000003203-segment-13476374534576730229_240_000_260_000_with_camera_labels-60.png 656 848 20
big_dataset_depth/000000003203-segment-13476374534576730229_240_000_260_000_with_camera_labels-60.png 664 848 21
big_dataset_depth/000000003203-segment-13476374534576730229_240_000_260_000_with_camera_labels-60.png 672 888 22
big_dataset_depth/000000003203-segment-13476374534576730229_240_000_260_000_with_camera_labels-60.png 680 880 22
big_dataset_depth/000000003203-segment-13476374534576730229_240_000_260_000_with_camera_labels-60.png 688 888 22
big_dataset_depth/000000003203-segment-13476374534576730229_240_000_260_000_with_camera_labels-60.png 696 880 22
big_dataset_depth/000000003203-segment-13476374534576730229_240_000_260_000_with_camera_labels-60.png 704 872 23
big_dataset_depth/000000003203-segment-13476374534576730229_240_000_260_000_with_camera_labels-60.png 712 696 31
big_dataset_depth/000000003203-segment-13476374534576730229_240_000_260_000_with_camera_labels-60.png 728 776 28
big_dataset_depth/000000003203-segment-13476374534576730229_240_000_260_000_with_camera_labels-60.png 736 776 29
big_dataset_depth/000000003203-segment-13476374534576730229_240_000_260_000_with_camera_labels-60.png 744 776 29
big_dataset_depth/000000003203-segment-13476374534576730229_240_000_260_000_with_camera_labels-60.png 752 768 29
big_dataset_depth/000000003203-segment-13476374534576730229_240_000_260_000_with_camera_labels-60.png 760 760 29
big_dataset_depth/000000003203-segment-13476374534576730229_240_000_260_000_with_camera_labels-60.png 768 760 29
big_dataset_depth/000000003203-segment-13476374534576730229_240_000_260_000_with_camera_labels-60.png 776 760 29
big_dataset_depth/000000003203-segment-13476374534576730229_240_000_260_000_with_camera_labels-60.png 784 760 29
big_dataset_depth/000000003203-segment-13476374534576730229_240_000_260_000_with_camera_labels-60.png 792 760 29
big_dataset_depth/000000003203-segment-13476374534576730229_240_000_260_000_with_camera_labels-60.png 800 760 29
big_dataset_depth/000000003203-segment-13476374534576730229_240_000_260_000_with_camera_labels-60.png 808 760 29
big_dataset_depth/000000003203-segment-13476374534576730229_240_000_260_000_with_camera_labels-60.png 816 760 29
big_dataset_depth/000000003203-segment-13476374534576730229_240_000_260_000_with_camera_labels-60.png 824 752 30
big_dataset_depth/000000003203-segment-13476374534576730229_240_000_260_000_with_camera_labels-60.png 832 752 30
big_dataset_depth/000000003203-segment-13476374534576730229_240_000_260_000_with_camera_labels-60.png 840 752 30
big_dataset_depth/000000003203-segment-13476374534576730229_240_000_260_000_with_camera_labels-60.png 848 752 30
big_dataset_depth/000000003203-segment-13476374534576730229_240_000_260_000_with_camera_labels-60.png 856 752 30
big_dataset_depth/000000003203-segment-13476374534576730229_240_000_260_000_with_camera_labels-60.png 864 744 30
big_dataset_depth/000000003203-segment-13476374534576730229_240_000_260_000_with_camera_labels-60.png 872 736 30
big_dataset_depth/000000003203-segment-13476374534576730229_240_000_260_000_with_camera_labels-60.png 880 736 30
big_dataset_depth/000000003203-segment-13476374534576730229_240_000_260_000_with_camera_labels-60.png 888 744 30
big_dataset_depth/000000003203-segment-13476374534576730229_240_000_260_000_with_camera_labels-60.png 896 736 30
big_dataset_depth/000000003203-segment-13476374534576730229_240_000_260_000_with_camera_labels-60.png 904 736 31
big_dataset_depth/000000003203-segment-13476374534576730229_240_000_260_000_with_camera_labels-60.png 912 744 30
big_dataset_depth/000000003203-segment-13476374534576730229_240_000_260_000_with_camera_labels-60.png 920 736 30
big_dataset_depth/000000003203-segment-13476374534576730229_240_000_260_000_with_camera_labels-60.png 928 728 31
big_dataset_depth/000000003203-segment-13476374534576730229_240_000_260_000_with_camera_labels-60.png 936 728 31
big_dataset_depth/000000003203-segment-13476374534576730229_240_000_260_000_with_camera_labels-60.png 944 728 31
big_dataset_depth/000000003203-segment-13476374534576730229_240_000_260_000_with_camera_labels-60.png 952 720 31
big_dataset_depth/000000003203-segment-13476374534576730229_240_000_260_000_with_camera_labels-60.png 960 720 31
big_dataset_depth/000000003203-segment-13476374534576730229_240_000_260_000_with_camera_labels-60.png 968 720 31
big_dataset_depth/000000003203-segment-13476374534576730229_240_000_260_000_with_camera_labels-60.png 976 720 31
big_dataset_depth/000000003203-segment-13476374534576730229_240_000_260_000_with_camera_labels-60.png 984 720 31
big_dataset_depth/000000003203-segment-13476374534576730229_240_000_260_000_with_camera_labels-60.png 992 720 31
big_dataset_depth/000000003203-segment-13476374534576730229_240_000_260_000_with_camera_labels-60.png 1000 720 31
big_dataset_depth/000000003203-segment-13476374534576730229_240_000_260_000_with_camera_labels-60.png 1008 704 32
big_dataset_depth/000000003203-segment-13476374534576730229_240_000_260_000_with_camera_labels-60.png 1016 712 32
big_dataset_depth/000000003203-segment-13476374534576730229_240_000_260_000_with_camera_labels-60.png 1024 712 32
big_dataset_depth/000000003203-segment-13476374534576730229_240_000_260_000_with_camera_labels-60.png 1032 712 32
big_dataset_depth/000000003203-segment-13476374534576730229_240_000_260_000_with_camera_labels-60.png 1040 704 32
big_dataset_depth/000000003203-segment-13476374534576730229_240_000_260_000_with_camera_labels-60.png 1048 736 30
big_dataset_depth/000000003203-segment-13476374534576730229_240_000_260_000_with_camera_labels-60.png 1056 704 32
big_dataset_depth/000000003203-segment-13476374534576730229_240_000_260_000_with_camera_labels-60.png 1064 704 32
big_dataset_depth/000000003203-segment-13476374534576730229_240_000_260_000_with_camera_labels-60.png 1072 704 32
big_dataset_depth/000000003203-segment-13476374534576730229_240_000_260_000_with_camera_labels-60.png 1080 704 32
big_dataset_depth/000000003203-segment-13476374534576730229_240_000_260_000_with_camera_labels-60.png 1088 704 32
big_dataset_depth/000000003203-segment-13476374534576730229_240_000_260_000_with_camera_labels-60.png 1096 688 33
big_dataset_depth/000000003203-segment-13476374534576730229_240_000_260_000_with_camera_labels-60.png 1104 704 32
big_dataset_depth/000000003203-segment-13476374534576730229_240_000_260_000_with_camera_labels-60.png 1112 688 33
big_dataset_depth/000000003203-segment-13476374534576730229_240_000_260_000_with_camera_labels-60.png 1120 688 33
big_dataset_depth/000000003203-segment-13476374534576730229_240_000_260_000_with_camera_labels-60.png 1128 688 33
big_dataset_depth/000000003203-segment-13476374534576730229_240_000_260_000_with_camera_labels-60.png 1136 688 33
big_dataset_depth/000000003203-segment-13476374534576730229_240_000_260_000_with_camera_labels-60.png 1144 688 33
big_dataset_depth/000000003203-segment-13476374534576730229_240_000_260_000_with_camera_labels-60.png 1152 696 32
big_dataset_depth/000000003203-segment-13476374534576730229_240_000_260_000_with_camera_labels-60.png 1160 672 33
big_dataset_depth/000000003203-segment-13476374534576730229_240_000_260_000_with_camera_labels-60.png 1168 680 33
big_dataset_depth/000000003203-segment-13476374534576730229_240_000_260_000_with_camera_labels-60.png 1176 688 33
big_dataset_depth/000000003203-segment-13476374534576730229_240_000_260_000_with_camera_labels-60.png 1184 672 33
big_dataset_depth/000000003203-segment-13476374534576730229_240_000_260_000_with_camera_labels-60.png 1192 672 33
big_dataset_depth/000000003203-segment-13476374534576730229_240_000_260_000_with_camera_labels-60.png 1200 688 32
big_dataset_depth/000000003203-segment-13476374534576730229_240_000_260_000_with_camera_labels-60.png 1208 672 33
big_dataset_depth/000000003203-segment-13476374534576730229_240_000_260_000_with_camera_labels-60.png 1216 672 33
big_dataset_depth/000000003203-segment-13476374534576730229_240_000_260_000_with_camera_labels-60.png 1224 672 33
big_dataset_depth/000000003203-segment-13476374534576730229_240_000_260_000_with_camera_labels-60.png 1232 672 33
big_dataset_depth/000000003203-segment-13476374534576730229_240_000_260_000_with_camera_labels-60.png 1240 672 33
big_dataset_depth/000000003203-segment-13476374534576730229_240_000_260_000_with_camera_labels-60.png 1248 688 33
big_dataset_depth/000000003203-segment-13476374534576730229_240_000_260_000_with_camera_labels-60.png 1256 792 26
big_dataset_depth/000000003203-segment-13476374534576730229_240_000_260_000_with_camera_labels-60.png 1264 720 31
big_dataset_depth/000000003203-segment-13476374534576730229_240_000_260_000_with_camera_labels-60.png 1272 664 34
big_dataset_depth/000000003203-segment-13476374534576730229_240_000_260_000_with_camera_labels-60.png 1280 664 34
big_dataset_depth/000000003203-segment-13476374534576730229_240_000_260_000_with_camera_labels-60.png 1288 664 34
big_dataset_depth/000000003203-segment-13476374534576730229_240_000_260_000_with_camera_labels-60.png 1296 664 34
big_dataset_depth/000000003203-segment-13476374534576730229_240_000_260_000_with_camera_labels-60.png 1304 664 34
big_dataset_depth/000000003203-segment-13476374534576730229_240_000_260_000_with_camera_labels-60.png 1312 664 34
big_dataset_depth/000000003203-segment-13476374534576730229_240_000_260_000_with_camera_labels-60.png 1320 664 34
big_dataset_depth/000000003203-segment-13476374534576730229_240_000_260_000_with_camera_labels-60.png 1328 664 34
big_dataset_depth/000000003203-segment-13476374534576730229_240_000_260_000_with_camera_labels-60.png 1336 656 34
big_dataset_depth/000000003203-segment-13476374534576730229_240_000_260_000_with_camera_labels-60.png 1344 664 34
big_dataset_depth/000000003203-segment-13476374534576730229_240_000_260_000_with_camera_labels-60.png 1352 664 34
big_dataset_depth/000000003203-segment-13476374534576730229_240_000_260_000_with_camera_labels-60.png 1360 664 34
big_dataset_depth/000000003203-segment-13476374534576730229_240_000_260_000_with_camera_labels-60.png 1368 656 34
big_dataset_depth/000000003203-segment-13476374534576730229_240_000_260_000_with_camera_labels-60.png 1376 656 34
big_dataset_depth/000000003203-segment-13476374534576730229_240_000_260_000_with_camera_labels-60.png 1384 656 34
big_dataset_depth/000000003203-segment-13476374534576730229_240_000_260_000_with_camera_labels-60.png 1392 656 34
big_dataset_depth/000000003203-segment-13476374534576730229_240_000_260_000_with_camera_labels-60.png 1400 656 34
big_dataset_depth/000000003203-segment-13476374534576730229_240_000_260_000_with_camera_labels-60.png 1408 648 35
big_dataset_depth/000000003203-segment-13476374534576730229_240_000_260_000_with_camera_labels-60.png 1416 656 34
big_dataset_depth/000000003203-segment-13476374534576730229_240_000_260_000_with_camera_labels-60.png 1424 656 34
big_dataset_depth/000000003203-segment-13476374534576730229_240_000_260_000_with_camera_labels-60.png 1432 640 35
big_dataset_depth/000000003203-segment-13476374534576730229_240_000_260_000_with_camera_labels-60.png 1440 648 35
big_dataset_depth/000000003203-segment-13476374534576730229_240_000_260_000_with_camera_labels-60.png 1448 640 35
big_dataset_depth/000000003203-segment-13476374534576730229_240_000_260_000_with_camera_labels-60.png 1456 600 38
big_dataset_depth/000000003203-segment-13476374534576730229_240_000_260_000_with_camera_labels-60.png 1464 784 27
big_dataset_depth/000000003203-segment-13476374534576730229_240_000_260_000_with_camera_labels-60.png 1472 784 27
big_dataset_depth/000000003203-segment-13476374534576730229_240_000_260_000_with_camera_labels-60.png 1480 688 32
big_dataset_depth/000000003203-segment-13476374534576730229_240_000_260_000_with_camera_labels-60.png 1488 648 35
big_dataset_depth/000000003203-segment-13476374534576730229_240_000_260_000_with_camera_labels-60.png 1496 648 35
big_dataset_depth/000000003203-segment-13476374534576730229_240_000_260_000_with_camera_labels-60.png 1504 616 37
big_dataset_depth/000000003203-segment-13476374534576730229_240_000_260_000_with_camera_labels-60.png 1520 632 35
big_dataset_depth/000000003203-segment-13476374534576730229_240_000_260_000_with_camera_labels-60.png 1528 632 35
big_dataset_depth/000000003203-segment-13476374534576730229_240_000_260_000_with_camera_labels-60.png 1536 632 35
big_dataset_depth/000000003203-segment-13476374534576730229_240_000_260_000_with_camera_labels-60.png 1544 632 35
big_dataset_depth/000000003203-segment-13476374534576730229_240_000_260_000_with_camera_labels-60.png 1552 632 35
big_dataset_depth/000000003203-segment-13476374534576730229_240_000_260_000_with_camera_labels-60.png 1560 648 35
big_dataset_depth/000000003203-segment-13476374534576730229_240_000_260_000_with_camera_labels-60.png 1568 624 33
big_dataset_depth/000000003203-segment-13476374534576730229_240_000_260_000_with_camera_labels-60.png 1576 624 33
big_dataset_depth/000000003203-segment-13476374534576730229_240_000_260_000_with_camera_labels-60.png 1584 640 35
big_dataset_depth/000000003203-segment-13476374534576730229_240_000_260_000_with_camera_labels-60.png 1592 640 33
big_dataset_depth/000000003203-segment-13476374534576730229_240_000_260_000_with_camera_labels-60.png 1600 640 33
big_dataset_depth/000000003203-segment-13476374534576730229_240_000_260_000_with_camera_labels-60.png 1608 640 33
big_dataset_depth/000000003203-segment-13476374534576730229_240_000_260_000_with_camera_labels-60.png 1616 648 33
big_dataset_depth/000000003203-segment-13476374534576730229_240_000_260_000_with_camera_labels-60.png 1624 640 32
big_dataset_depth/000000003203-segment-13476374534576730229_240_000_260_000_with_camera_labels-60.png 1672 664 33
big_dataset_depth/000000003203-segment-13476374534576730229_240_000_260_000_with_camera_labels-60.png 1728 1104 11
big_dataset_depth/000000003203-segment-13476374534576730229_240_000_260_000_with_camera_labels-60.png 1736 1240 12
big_dataset_depth/000000003203-segment-13476374534576730229_240_000_260_000_with_camera_labels-60.png 1744 640 33
big_dataset_depth/000000003203-segment-13476374534576730229_240_000_260_000_with_camera_labels-60.png 1752 648 33
big_dataset_depth/000000003203-segment-13476374534576730229_240_000_260_000_with_camera_labels-60.png 1760 1040 18
big_dataset_depth/000000003203-segment-13476374534576730229_240_000_260_000_with_camera_labels-60.png 1768 864 26
big_dataset_depth/000000003203-segment-13476374534576730229_240_000_260_000_with_camera_labels-60.png 1776 1248 11
big_dataset_depth/000000003203-segment-13476374534576730229_240_000_260_000_with_camera_labels-60.png 1784 1064 18
big_dataset_depth/000000003203-segment-13476374534576730229_240_000_260_000_with_camera_labels-60.png 1792 1256 11
big_dataset_depth/000000003203-segment-13476374534576730229_240_000_260_000_with_camera_labels-60.png 1800 960 22
big_dataset_depth/000000003203-segment-13476374534576730229_240_000_260_000_with_camera_labels-60.png 1808 928 22
big_dataset_depth/000000003203-segment-13476374534576730229_240_000_260_000_with_camera_labels-60.png 1816 952 22
big_dataset_depth/000000003203-segment-13476374534576730229_240_000_260_000_with_camera_labels-60.png 1824 968 22
big_dataset_depth/000000003203-segment-13476374534576730229_240_000_260_000_with_camera_labels-60.png 1832 960 22
big_dataset_depth/000000003203-segment-13476374534576730229_240_000_260_000_with_camera_labels-60.png 1840 1272 10
big_dataset_depth/000000003203-segment-13476374534576730229_240_000_260_000_with_camera_labels-60.png 1848 968 22
big_dataset_depth/000000003203-segment-13476374534576730229_240_000_260_000_with_camera_labels-60.png 1856 944 22
big_dataset_depth/000000003203-segment-13476374534576730229_240_000_260_000_with_camera_labels-60.png 1864 856 26
big_dataset_depth/000000003203-segment-13476374534576730229_240_000_260_000_with_camera_labels-60.png 1872 1256 10
big_dataset_depth/000000003203-segment-13476374534576730229_240_000_260_000_with_camera_labels-60.png 1880 1280 10
big_dataset_depth/000000003203-segment-13476374534576730229_240_000_260_000_with_camera_labels-60.png 1888 952 22
big_dataset_depth/000000003203-segment-13476374534576730229_240_000_260_000_with_camera_labels-60.png 1896 944 22
big_dataset_depth/000000003203-segment-13476374534576730229_240_000_260_000_with_camera_labels-60.png 1904 960 22
big_dataset_depth/000000003203-segment-13476374534576730229_240_000_260_000_with_camera_labels-60.png 1912 792 28
