big_dataset_depth/000000002728-segment-13005562150845909564_3141_360_3161_360_with_camera_labels-110.png 0 672 49
big_dataset_depth/000000002728-segment-13005562150845909564_3141_360_3161_360_with_camera_labels-110.png 8 656 50
big_dataset_depth/000000002728-segment-13005562150845909564_3141_360_3161_360_with_camera_labels-110.png 16 712 55
big_dataset_depth/000000002728-segment-13005562150845909564_3141_360_3161_360_with_camera_labels-110.png 24 736 57
big_dataset_depth/000000002728-segment-13005562150845909564_3141_360_3161_360_with_camera_labels-110.png 32 728 57
big_dataset_depth/000000002728-segment-13005562150845909564_3141_360_3161_360_with_camera_labels-110.png 40 712 53
big_dataset_depth/000000002728-segment-13005562150845909564_3141_360_3161_360_with_camera_labels-110.png 56 856 46
big_dataset_depth/000000002728-segment-13005562150845909564_3141_360_3161_360_with_camera_labels-110.png 64 864 46
big_dataset_depth/000000002728-segment-13005562150845909564_3141_360_3161_360_with_camera_labels-110.png 72 840 67
big_dataset_depth/000000002728-segment-13005562150845909564_3141_360_3161_360_with_camera_labels-110.png 80 864 46
big_dataset_depth/000000002728-segment-13005562150845909564_3141_360_3161_360_with_camera_labels-110.png 88 864 46
big_dataset_depth/000000002728-segment-13005562150845909564_3141_360_3161_360_with_camera_labels-110.png 96 864 46
big_dataset_depth/000000002728-segment-13005562150845909564_3141_360_3161_360_with_camera_labels-110.png 104 864 46
big_dataset_depth/000000002728-segment-13005562150845909564_3141_360_3161_360_with_camera_labels-110.png 112 864 46
big_dataset_depth/000000002728-segment-13005562150845909564_3141_360_3161_360_with_camera_labels-110.png 120 864 46
big_dataset_depth/000000002728-segment-13005562150845909564_3141_360_3161_360_with_camera_labels-110.png 128 864 46
big_dataset_depth/000000002728-segment-13005562150845909564_3141_360_3161_360_with_camera_labels-110.png 136 856 46
big_dataset_depth/000000002728-segment-13005562150845909564_3141_360_3161_360_with_camera_labels-110.png 144 800 47
big_dataset_depth/000000002728-segment-13005562150845909564_3141_360_3161_360_with_camera_labels-110.png 152 864 46
big_dataset_depth/000000002728-segment-13005562150845909564_3141_360_3161_360_with_camera_labels-110.png 160 856 53
big_dataset_depth/000000002728-segment-13005562150845909564_3141_360_3161_360_with_camera_labels-110.png 176 856 53
big_dataset_depth/000000002728-segment-13005562150845909564_3141_360_3161_360_with_camera_labels-110.png 184 856 53
big_dataset_depth/000000002728-segment-13005562150845909564_3141_360_3161_360_with_camera_labels-110.png 192 856 53
big_dataset_depth/000000002728-segment-13005562150845909564_3141_360_3161_360_with_camera_labels-110.png 200 856 53
big_dataset_depth/000000002728-segment-13005562150845909564_3141_360_3161_360_with_camera_labels-110.png 208 856 53
big_dataset_depth/000000002728-segment-13005562150845909564_3141_360_3161_360_with_camera_labels-110.png 216 704 56
big_dataset_depth/000000002728-segment-13005562150845909564_3141_360_3161_360_with_camera_labels-110.png 224 840 65
big_dataset_depth/000000002728-segment-13005562150845909564_3141_360_3161_360_with_camera_labels-110.png 232 840 65
big_dataset_depth/000000002728-segment-13005562150845909564_3141_360_3161_360_with_camera_labels-110.png 240 840 65
big_dataset_depth/000000002728-segment-13005562150845909564_3141_360_3161_360_with_camera_labels-110.png 248 840 65
big_dataset_depth/000000002728-segment-13005562150845909564_3141_360_3161_360_with_camera_labels-110.png 256 840 65
big_dataset_depth/000000002728-segment-13005562150845909564_3141_360_3161_360_with_camera_labels-110.png 264 800 86
big_dataset_depth/000000002728-segment-13005562150845909564_3141_360_3161_360_with_camera_labels-110.png 272 840 65
big_dataset_depth/000000002728-segment-13005562150845909564_3141_360_3161_360_with_camera_labels-110.png 280 776 61
big_dataset_depth/000000002728-segment-13005562150845909564_3141_360_3161_360_with_camera_labels-110.png 288 784 61
big_dataset_depth/000000002728-segment-13005562150845909564_3141_360_3161_360_with_camera_labels-110.png 296 824 55
big_dataset_depth/000000002728-segment-13005562150845909564_3141_360_3161_360_with_camera_labels-110.png 304 824 52
big_dataset_depth/000000002728-segment-13005562150845909564_3141_360_3161_360_with_camera_labels-110.png 312 760 70
big_dataset_depth/000000002728-segment-13005562150845909564_3141_360_3161_360_with_camera_labels-110.png 320 824 60
big_dataset_depth/000000002728-segment-13005562150845909564_3141_360_3161_360_with_camera_labels-110.png 328 808 65
big_dataset_depth/000000002728-segment-13005562150845909564_3141_360_3161_360_with_camera_labels-110.png 336 768 70
big_dataset_depth/000000002728-segment-13005562150845909564_3141_360_3161_360_with_camera_labels-110.png 344 768 104
big_dataset_depth/000000002728-segment-13005562150845909564_3141_360_3161_360_with_camera_labels-110.png 352 768 104
big_dataset_depth/000000002728-segment-13005562150845909564_3141_360_3161_360_with_camera_labels-110.png 360 768 104
big_dataset_depth/000000002728-segment-13005562150845909564_3141_360_3161_360_with_camera_labels-110.png 368 768 104
big_dataset_depth/000000002728-segment-13005562150845909564_3141_360_3161_360_with_camera_labels-110.png 376 760 106
big_dataset_depth/000000002728-segment-13005562150845909564_3141_360_3161_360_with_camera_labels-110.png 384 776 102
big_dataset_depth/000000002728-segment-13005562150845909564_3141_360_3161_360_with_camera_labels-110.png 392 768 104
big_dataset_depth/000000002728-segment-13005562150845909564_3141_360_3161_360_with_camera_labels-110.png 400 792 91
big_dataset_depth/000000002728-segment-13005562150845909564_3141_360_3161_360_with_camera_labels-110.png 408 816 68
big_dataset_depth/000000002728-segment-13005562150845909564_3141_360_3161_360_with_camera_labels-110.png 416 816 68
big_dataset_depth/000000002728-segment-13005562150845909564_3141_360_3161_360_with_camera_labels-110.png 424 816 68
big_dataset_depth/000000002728-segment-13005562150845909564_3141_360_3161_360_with_camera_labels-110.png 432 808 68
big_dataset_depth/000000002728-segment-13005562150845909564_3141_360_3161_360_with_camera_labels-110.png 440 816 68
big_dataset_depth/000000002728-segment-13005562150845909564_3141_360_3161_360_with_camera_labels-110.png 448 800 68
big_dataset_depth/000000002728-segment-13005562150845909564_3141_360_3161_360_with_camera_labels-110.png 456 808 69
big_dataset_depth/000000002728-segment-13005562150845909564_3141_360_3161_360_with_camera_labels-110.png 464 808 68
big_dataset_depth/000000002728-segment-13005562150845909564_3141_360_3161_360_with_camera_labels-110.png 472 760 99
big_dataset_depth/000000002728-segment-13005562150845909564_3141_360_3161_360_with_camera_labels-110.png 480 800 97
big_dataset_depth/000000002728-segment-13005562150845909564_3141_360_3161_360_with_camera_labels-110.png 488 776 101
big_dataset_depth/000000002728-segment-13005562150845909564_3141_360_3161_360_with_camera_labels-110.png 496 800 97
big_dataset_depth/000000002728-segment-13005562150845909564_3141_360_3161_360_with_camera_labels-110.png 504 776 101
big_dataset_depth/000000002728-segment-13005562150845909564_3141_360_3161_360_with_camera_labels-110.png 512 776 101
big_dataset_depth/000000002728-segment-13005562150845909564_3141_360_3161_360_with_camera_labels-110.png 520 752 105
big_dataset_depth/000000002728-segment-13005562150845909564_3141_360_3161_360_with_camera_labels-110.png 528 752 105
big_dataset_depth/000000002728-segment-13005562150845909564_3141_360_3161_360_with_camera_labels-110.png 536 752 105
big_dataset_depth/000000002728-segment-13005562150845909564_3141_360_3161_360_with_camera_labels-110.png 544 752 105
big_dataset_depth/000000002728-segment-13005562150845909564_3141_360_3161_360_with_camera_labels-110.png 552 752 82
big_dataset_depth/000000002728-segment-13005562150845909564_3141_360_3161_360_with_camera_labels-110.png 560 816 60
big_dataset_depth/000000002728-segment-13005562150845909564_3141_360_3161_360_with_camera_labels-110.png 568 816 60
big_dataset_depth/000000002728-segment-13005562150845909564_3141_360_3161_360_with_camera_labels-110.png 576 816 60
big_dataset_depth/000000002728-segment-13005562150845909564_3141_360_3161_360_with_camera_labels-110.png 584 816 60
big_dataset_depth/000000002728-segment-13005562150845909564_3141_360_3161_360_with_camera_labels-110.png 592 816 60
big_dataset_depth/000000002728-segment-13005562150845909564_3141_360_3161_360_with_camera_labels-110.png 600 816 61
big_dataset_depth/000000002728-segment-13005562150845909564_3141_360_3161_360_with_camera_labels-110.png 608 800 61
big_dataset_depth/000000002728-segment-13005562150845909564_3141_360_3161_360_with_camera_labels-110.png 624 784 85
big_dataset_depth/000000002728-segment-13005562150845909564_3141_360_3161_360_with_camera_labels-110.png 632 784 74
big_dataset_depth/000000002728-segment-13005562150845909564_3141_360_3161_360_with_camera_labels-110.png 640 768 84
big_dataset_depth/000000002728-segment-13005562150845909564_3141_360_3161_360_with_camera_labels-110.png 648 784 74
big_dataset_depth/000000002728-segment-13005562150845909564_3141_360_3161_360_with_camera_labels-110.png 656 768 84
big_dataset_depth/000000002728-segment-13005562150845909564_3141_360_3161_360_with_camera_labels-110.png 664 760 84
big_dataset_depth/000000002728-segment-13005562150845909564_3141_360_3161_360_with_camera_labels-110.png 672 784 75
big_dataset_depth/000000002728-segment-13005562150845909564_3141_360_3161_360_with_camera_labels-110.png 680 784 74
big_dataset_depth/000000002728-segment-13005562150845909564_3141_360_3161_360_with_camera_labels-110.png 688 768 74
big_dataset_depth/000000002728-segment-13005562150845909564_3141_360_3161_360_with_camera_labels-110.png 696 776 82
big_dataset_depth/000000002728-segment-13005562150845909564_3141_360_3161_360_with_camera_labels-110.png 704 760 93
big_dataset_depth/000000002728-segment-13005562150845909564_3141_360_3161_360_with_camera_labels-110.png 712 768 81
big_dataset_depth/000000002728-segment-13005562150845909564_3141_360_3161_360_with_camera_labels-110.png 720 776 81
big_dataset_depth/000000002728-segment-13005562150845909564_3141_360_3161_360_with_camera_labels-110.png 728 776 83
big_dataset_depth/000000002728-segment-13005562150845909564_3141_360_3161_360_with_camera_labels-110.png 736 760 91
big_dataset_depth/000000002728-segment-13005562150845909564_3141_360_3161_360_with_camera_labels-110.png 744 760 92
big_dataset_depth/000000002728-segment-13005562150845909564_3141_360_3161_360_with_camera_labels-110.png 752 776 84
big_dataset_depth/000000002728-segment-13005562150845909564_3141_360_3161_360_with_camera_labels-110.png 760 768 84
big_dataset_depth/000000002728-segment-13005562150845909564_3141_360_3161_360_with_camera_labels-110.png 768 752 97
big_dataset_depth/000000002728-segment-13005562150845909564_3141_360_3161_360_with_camera_labels-110.png 776 744 104
big_dataset_depth/000000002728-segment-13005562150845909564_3141_360_3161_360_with_camera_labels-110.png 784 744 104
big_dataset_depth/000000002728-segment-13005562150845909564_3141_360_3161_360_with_camera_labels-110.png 792 752 100
big_dataset_depth/000000002728-segment-13005562150845909564_3141_360_3161_360_with_camera_labels-110.png 800 752 100
big_dataset_depth/000000002728-segment-13005562150845909564_3141_360_3161_360_with_camera_labels-110.png 808 760 92
big_dataset_depth/000000002728-segment-13005562150845909564_3141_360_3161_360_with_camera_labels-110.png 816 768 85
big_dataset_depth/000000002728-segment-13005562150845909564_3141_360_3161_360_with_camera_labels-110.png 824 768 85
big_dataset_depth/000000002728-segment-13005562150845909564_3141_360_3161_360_with_camera_labels-110.png 832 768 84
big_dataset_depth/000000002728-segment-13005562150845909564_3141_360_3161_360_with_camera_labels-110.png 840 768 85
big_dataset_depth/000000002728-segment-13005562150845909564_3141_360_3161_360_with_camera_labels-110.png 848 768 85
big_dataset_depth/000000002728-segment-13005562150845909564_3141_360_3161_360_with_camera_labels-110.png 856 792 68
big_dataset_depth/000000002728-segment-13005562150845909564_3141_360_3161_360_with_camera_labels-110.png 864 776 68
big_dataset_depth/000000002728-segment-13005562150845909564_3141_360_3161_360_with_camera_labels-110.png 880 792 67
big_dataset_depth/000000002728-segment-13005562150845909564_3141_360_3161_360_with_camera_labels-110.png 888 792 67
big_dataset_depth/000000002728-segment-13005562150845909564_3141_360_3161_360_with_camera_labels-110.png 896 752 100
big_dataset_depth/000000002728-segment-13005562150845909564_3141_360_3161_360_with_camera_labels-110.png 904 736 101
big_dataset_depth/000000002728-segment-13005562150845909564_3141_360_3161_360_with_camera_labels-110.png 912 744 101
big_dataset_depth/000000002728-segment-13005562150845909564_3141_360_3161_360_with_camera_labels-110.png 920 744 103
big_dataset_depth/000000002728-segment-13005562150845909564_3141_360_3161_360_with_camera_labels-110.png 928 752 103
big_dataset_depth/000000002728-segment-13005562150845909564_3141_360_3161_360_with_camera_labels-110.png 936 744 102
big_dataset_depth/000000002728-segment-13005562150845909564_3141_360_3161_360_with_camera_labels-110.png 944 792 68
big_dataset_depth/000000002728-segment-13005562150845909564_3141_360_3161_360_with_camera_labels-110.png 952 784 69
big_dataset_depth/000000002728-segment-13005562150845909564_3141_360_3161_360_with_camera_labels-110.png 960 784 69
big_dataset_depth/000000002728-segment-13005562150845909564_3141_360_3161_360_with_camera_labels-110.png 968 776 68
big_dataset_depth/000000002728-segment-13005562150845909564_3141_360_3161_360_with_camera_labels-110.png 976 784 68
big_dataset_depth/000000002728-segment-13005562150845909564_3141_360_3161_360_with_camera_labels-110.png 984 784 68
big_dataset_depth/000000002728-segment-13005562150845909564_3141_360_3161_360_with_camera_labels-110.png 992 760 87
big_dataset_depth/000000002728-segment-13005562150845909564_3141_360_3161_360_with_camera_labels-110.png 1000 744 106
big_dataset_depth/000000002728-segment-13005562150845909564_3141_360_3161_360_with_camera_labels-110.png 1008 736 108
big_dataset_depth/000000002728-segment-13005562150845909564_3141_360_3161_360_with_camera_labels-110.png 1016 736 108
big_dataset_depth/000000002728-segment-13005562150845909564_3141_360_3161_360_with_camera_labels-110.png 1024 728 108
big_dataset_depth/000000002728-segment-13005562150845909564_3141_360_3161_360_with_camera_labels-110.png 1344 624 46
big_dataset_depth/000000002728-segment-13005562150845909564_3141_360_3161_360_with_camera_labels-110.png 1352 616 46
big_dataset_depth/000000002728-segment-13005562150845909564_3141_360_3161_360_with_camera_labels-110.png 1376 648 44
big_dataset_depth/000000002728-segment-13005562150845909564_3141_360_3161_360_with_camera_labels-110.png 1384 640 44
big_dataset_depth/000000002728-segment-13005562150845909564_3141_360_3161_360_with_camera_labels-110.png 1392 640 44
big_dataset_depth/000000002728-segment-13005562150845909564_3141_360_3161_360_with_camera_labels-110.png 1400 640 43
big_dataset_depth/000000002728-segment-13005562150845909564_3141_360_3161_360_with_camera_labels-110.png 1408 608 43
big_dataset_depth/000000002728-segment-13005562150845909564_3141_360_3161_360_with_camera_labels-110.png 1416 616 42
big_dataset_depth/000000002728-segment-13005562150845909564_3141_360_3161_360_with_camera_labels-110.png 1424 648 43
big_dataset_depth/000000002728-segment-13005562150845909564_3141_360_3161_360_with_camera_labels-110.png 1432 632 43
big_dataset_depth/000000002728-segment-13005562150845909564_3141_360_3161_360_with_camera_labels-110.png 1440 640 44
big_dataset_depth/000000002728-segment-13005562150845909564_3141_360_3161_360_with_camera_labels-110.png 1448 632 44
big_dataset_depth/000000002728-segment-13005562150845909564_3141_360_3161_360_with_camera_labels-110.png 1472 624 46
big_dataset_depth/000000002728-segment-13005562150845909564_3141_360_3161_360_with_camera_labels-110.png 1480 640 43
big_dataset_depth/000000002728-segment-13005562150845909564_3141_360_3161_360_with_camera_labels-110.png 1488 696 71
big_dataset_depth/000000002728-segment-13005562150845909564_3141_360_3161_360_with_camera_labels-110.png 1496 752 90
big_dataset_depth/000000002728-segment-13005562150845909564_3141_360_3161_360_with_camera_labels-110.png 1520 784 52
big_dataset_depth/000000002728-segment-13005562150845909564_3141_360_3161_360_with_camera_labels-110.png 1528 720 89
big_dataset_depth/000000002728-segment-13005562150845909564_3141_360_3161_360_with_camera_labels-110.png 1536 808 54
big_dataset_depth/000000002728-segment-13005562150845909564_3141_360_3161_360_with_camera_labels-110.png 1544 784 55
big_dataset_depth/000000002728-segment-13005562150845909564_3141_360_3161_360_with_camera_labels-110.png 1552 784 55
big_dataset_depth/000000002728-segment-13005562150845909564_3141_360_3161_360_with_camera_labels-110.png 1560 784 56
big_dataset_depth/000000002728-segment-13005562150845909564_3141_360_3161_360_with_camera_labels-110.png 1568 792 56
big_dataset_depth/000000002728-segment-13005562150845909564_3141_360_3161_360_with_camera_labels-110.png 1576 800 56
big_dataset_depth/000000002728-segment-13005562150845909564_3141_360_3161_360_with_camera_labels-110.png 1584 784 56
big_dataset_depth/000000002728-segment-13005562150845909564_3141_360_3161_360_with_camera_labels-110.png 1592 800 56
big_dataset_depth/000000002728-segment-13005562150845909564_3141_360_3161_360_with_camera_labels-110.png 1600 800 56
big_dataset_depth/000000002728-segment-13005562150845909564_3141_360_3161_360_with_camera_labels-110.png 1608 816 39
big_dataset_depth/000000002728-segment-13005562150845909564_3141_360_3161_360_with_camera_labels-110.png 1616 840 39
big_dataset_depth/000000002728-segment-13005562150845909564_3141_360_3161_360_with_camera_labels-110.png 1624 800 42
big_dataset_depth/000000002728-segment-13005562150845909564_3141_360_3161_360_with_camera_labels-110.png 1632 816 44
big_dataset_depth/000000002728-segment-13005562150845909564_3141_360_3161_360_with_camera_labels-110.png 1640 824 44
big_dataset_depth/000000002728-segment-13005562150845909564_3141_360_3161_360_with_camera_labels-110.png 1648 808 44
big_dataset_depth/000000002728-segment-13005562150845909564_3141_360_3161_360_with_camera_labels-110.png 1656 816 44
big_dataset_depth/000000002728-segment-13005562150845909564_3141_360_3161_360_with_camera_labels-110.png 1664 840 44
big_dataset_depth/000000002728-segment-13005562150845909564_3141_360_3161_360_with_camera_labels-110.png 1672 824 43
big_dataset_depth/000000002728-segment-13005562150845909564_3141_360_3161_360_with_camera_labels-110.png 1680 816 44
big_dataset_depth/000000002728-segment-13005562150845909564_3141_360_3161_360_with_camera_labels-110.png 1688 832 44
big_dataset_depth/000000002728-segment-13005562150845909564_3141_360_3161_360_with_camera_labels-110.png 1696 840 43
big_dataset_depth/000000002728-segment-13005562150845909564_3141_360_3161_360_with_camera_labels-110.png 1704 832 42
big_dataset_depth/000000002728-segment-13005562150845909564_3141_360_3161_360_with_camera_labels-110.png 1712 816 39
big_dataset_depth/000000002728-segment-13005562150845909564_3141_360_3161_360_with_camera_labels-110.png 1720 816 39
big_dataset_depth/000000002728-segment-13005562150845909564_3141_360_3161_360_with_camera_labels-110.png 1728 840 39
big_dataset_depth/000000002728-segment-13005562150845909564_3141_360_3161_360_with_camera_labels-110.png 1744 840 39
big_dataset_depth/000000002728-segment-13005562150845909564_3141_360_3161_360_with_camera_labels-110.png 1768 1040 22
big_dataset_depth/000000002728-segment-13005562150845909564_3141_360_3161_360_with_camera_labels-110.png 1776 1040 22
big_dataset_depth/000000002728-segment-13005562150845909564_3141_360_3161_360_with_camera_labels-110.png 1784 936 30
big_dataset_depth/000000002728-segment-13005562150845909564_3141_360_3161_360_with_camera_labels-110.png 1792 1040 22
big_dataset_depth/000000002728-segment-13005562150845909564_3141_360_3161_360_with_camera_labels-110.png 1800 1056 21
big_dataset_depth/000000002728-segment-13005562150845909564_3141_360_3161_360_with_camera_labels-110.png 1808 1056 21
big_dataset_depth/000000002728-segment-13005562150845909564_3141_360_3161_360_with_camera_labels-110.png 1816 1056 21
big_dataset_depth/000000002728-segment-13005562150845909564_3141_360_3161_360_with_camera_labels-110.png 1824 1056 21
big_dataset_depth/000000002728-segment-13005562150845909564_3141_360_3161_360_with_camera_labels-110.png 1832 824 34
big_dataset_depth/000000002728-segment-13005562150845909564_3141_360_3161_360_with_camera_labels-110.png 1840 1072 20
big_dataset_depth/000000002728-segment-13005562150845909564_3141_360_3161_360_with_camera_labels-110.png 1848 1072 20
big_dataset_depth/000000002728-segment-13005562150845909564_3141_360_3161_360_with_camera_labels-110.png 1856 1072 20
big_dataset_depth/000000002728-segment-13005562150845909564_3141_360_3161_360_with_camera_labels-110.png 1864 1016 23
big_dataset_depth/000000002728-segment-13005562150845909564_3141_360_3161_360_with_camera_labels-110.png 1872 872 35
big_dataset_depth/000000002728-segment-13005562150845909564_3141_360_3161_360_with_camera_labels-110.png 1880 1096 19
big_dataset_depth/000000002728-segment-13005562150845909564_3141_360_3161_360_with_camera_labels-110.png 1888 880 35
big_dataset_depth/000000002728-segment-13005562150845909564_3141_360_3161_360_with_camera_labels-110.png 1896 1008 23
big_dataset_depth/000000002728-segment-13005562150845909564_3141_360_3161_360_with_camera_labels-110.png 1904 1096 19
big_dataset_depth/000000002728-segment-13005562150845909564_3141_360_3161_360_with_camera_labels-110.png 1912 952 26
