big_dataset_depth/000000003383-segment-13679757109245957439_4167_170_4187_170_with_camera_labels-60.png 0 720 77
big_dataset_depth/000000003383-segment-13679757109245957439_4167_170_4187_170_with_camera_labels-60.png 8 752 66
big_dataset_depth/000000003383-segment-13679757109245957439_4167_170_4187_170_with_camera_labels-60.png 16 816 48
big_dataset_depth/000000003383-segment-13679757109245957439_4167_170_4187_170_with_camera_labels-60.png 24 784 54
big_dataset_depth/000000003383-segment-13679757109245957439_4167_170_4187_170_with_camera_labels-60.png 32 784 56
big_dataset_depth/000000003383-segment-13679757109245957439_4167_170_4187_170_with_camera_labels-60.png 48 752 57
big_dataset_depth/000000003383-segment-13679757109245957439_4167_170_4187_170_with_camera_labels-60.png 56 752 58
big_dataset_depth/000000003383-segment-13679757109245957439_4167_170_4187_170_with_camera_labels-60.png 64 760 59
big_dataset_depth/000000003383-segment-13679757109245957439_4167_170_4187_170_with_camera_labels-60.png 72 760 59
big_dataset_depth/000000003383-segment-13679757109245957439_4167_170_4187_170_with_camera_labels-60.png 80 768 59
big_dataset_depth/000000003383-segment-13679757109245957439_4167_170_4187_170_with_camera_labels-60.png 88 776 58
big_dataset_depth/000000003383-segment-13679757109245957439_4167_170_4187_170_with_camera_labels-60.png 96 768 59
big_dataset_depth/000000003383-segment-13679757109245957439_4167_170_4187_170_with_camera_labels-60.png 104 744 63
big_dataset_depth/000000003383-segment-13679757109245957439_4167_170_4187_170_with_camera_labels-60.png 112 760 59
big_dataset_depth/000000003383-segment-13679757109245957439_4167_170_4187_170_with_camera_labels-60.png 128 752 70
big_dataset_depth/000000003383-segment-13679757109245957439_4167_170_4187_170_with_camera_labels-60.png 144 704 92
big_dataset_depth/000000003383-segment-13679757109245957439_4167_170_4187_170_with_camera_labels-60.png 152 736 91
big_dataset_depth/000000003383-segment-13679757109245957439_4167_170_4187_170_with_camera_labels-60.png 160 736 91
big_dataset_depth/000000003383-segment-13679757109245957439_4167_170_4187_170_with_camera_labels-60.png 168 672 76
big_dataset_depth/000000003383-segment-13679757109245957439_4167_170_4187_170_with_camera_labels-60.png 176 720 92
big_dataset_depth/000000003383-segment-13679757109245957439_4167_170_4187_170_with_camera_labels-60.png 184 608 68
big_dataset_depth/000000003383-segment-13679757109245957439_4167_170_4187_170_with_camera_labels-60.png 192 592 68
big_dataset_depth/000000003383-segment-13679757109245957439_4167_170_4187_170_with_camera_labels-60.png 200 608 73
big_dataset_depth/000000003383-segment-13679757109245957439_4167_170_4187_170_with_camera_labels-60.png 208 608 72
big_dataset_depth/000000003383-segment-13679757109245957439_4167_170_4187_170_with_camera_labels-60.png 216 568 68
big_dataset_depth/000000003383-segment-13679757109245957439_4167_170_4187_170_with_camera_labels-60.png 224 664 84
big_dataset_depth/000000003383-segment-13679757109245957439_4167_170_4187_170_with_camera_labels-60.png 232 664 84
big_dataset_depth/000000003383-segment-13679757109245957439_4167_170_4187_170_with_camera_labels-60.png 240 744 84
big_dataset_depth/000000003383-segment-13679757109245957439_4167_170_4187_170_with_camera_labels-60.png 248 664 84
big_dataset_depth/000000003383-segment-13679757109245957439_4167_170_4187_170_with_camera_labels-60.png 256 744 83
big_dataset_depth/000000003383-segment-13679757109245957439_4167_170_4187_170_with_camera_labels-60.png 264 752 78
big_dataset_depth/000000003383-segment-13679757109245957439_4167_170_4187_170_with_camera_labels-60.png 272 760 75
big_dataset_depth/000000003383-segment-13679757109245957439_4167_170_4187_170_with_camera_labels-60.png 464 712 80
big_dataset_depth/000000003383-segment-13679757109245957439_4167_170_4187_170_with_camera_labels-60.png 472 752 76
big_dataset_depth/000000003383-segment-13679757109245957439_4167_170_4187_170_with_camera_labels-60.png 480 752 76
big_dataset_depth/000000003383-segment-13679757109245957439_4167_170_4187_170_with_camera_labels-60.png 488 728 75
big_dataset_depth/000000003383-segment-13679757109245957439_4167_170_4187_170_with_camera_labels-60.png 496 728 75
big_dataset_depth/000000003383-segment-13679757109245957439_4167_170_4187_170_with_camera_labels-60.png 504 736 75
big_dataset_depth/000000003383-segment-13679757109245957439_4167_170_4187_170_with_camera_labels-60.png 512 736 75
big_dataset_depth/000000003383-segment-13679757109245957439_4167_170_4187_170_with_camera_labels-60.png 520 728 75
big_dataset_depth/000000003383-segment-13679757109245957439_4167_170_4187_170_with_camera_labels-60.png 528 720 76
big_dataset_depth/000000003383-segment-13679757109245957439_4167_170_4187_170_with_camera_labels-60.png 536 720 75
big_dataset_depth/000000003383-segment-13679757109245957439_4167_170_4187_170_with_camera_labels-60.png 544 720 76
big_dataset_depth/000000003383-segment-13679757109245957439_4167_170_4187_170_with_camera_labels-60.png 552 720 76
big_dataset_depth/000000003383-segment-13679757109245957439_4167_170_4187_170_with_camera_labels-60.png 792 712 108
big_dataset_depth/000000003383-segment-13679757109245957439_4167_170_4187_170_with_camera_labels-60.png 800 712 107
big_dataset_depth/000000003383-segment-13679757109245957439_4167_170_4187_170_with_camera_labels-60.png 808 712 106
big_dataset_depth/000000003383-segment-13679757109245957439_4167_170_4187_170_with_camera_labels-60.png 816 712 104
big_dataset_depth/000000003383-segment-13679757109245957439_4167_170_4187_170_with_camera_labels-60.png 824 712 103
big_dataset_depth/000000003383-segment-13679757109245957439_4167_170_4187_170_with_camera_labels-60.png 832 712 102
big_dataset_depth/000000003383-segment-13679757109245957439_4167_170_4187_170_with_camera_labels-60.png 840 712 100
big_dataset_depth/000000003383-segment-13679757109245957439_4167_170_4187_170_with_camera_labels-60.png 848 720 98
big_dataset_depth/000000003383-segment-13679757109245957439_4167_170_4187_170_with_camera_labels-60.png 856 720 97
big_dataset_depth/000000003383-segment-13679757109245957439_4167_170_4187_170_with_camera_labels-60.png 864 720 96
big_dataset_depth/000000003383-segment-13679757109245957439_4167_170_4187_170_with_camera_labels-60.png 872 720 95
big_dataset_depth/000000003383-segment-13679757109245957439_4167_170_4187_170_with_camera_labels-60.png 880 720 94
big_dataset_depth/000000003383-segment-13679757109245957439_4167_170_4187_170_with_camera_labels-60.png 888 720 93
big_dataset_depth/000000003383-segment-13679757109245957439_4167_170_4187_170_with_camera_labels-60.png 896 720 92
big_dataset_depth/000000003383-segment-13679757109245957439_4167_170_4187_170_with_camera_labels-60.png 904 720 91
big_dataset_depth/000000003383-segment-13679757109245957439_4167_170_4187_170_with_camera_labels-60.png 912 720 90
big_dataset_depth/000000003383-segment-13679757109245957439_4167_170_4187_170_with_camera_labels-60.png 920 728 88
big_dataset_depth/000000003383-segment-13679757109245957439_4167_170_4187_170_with_camera_labels-60.png 928 728 87
big_dataset_depth/000000003383-segment-13679757109245957439_4167_170_4187_170_with_camera_labels-60.png 936 736 83
big_dataset_depth/000000003383-segment-13679757109245957439_4167_170_4187_170_with_camera_labels-60.png 944 728 85
big_dataset_depth/000000003383-segment-13679757109245957439_4167_170_4187_170_with_camera_labels-60.png 952 728 85
big_dataset_depth/000000003383-segment-13679757109245957439_4167_170_4187_170_with_camera_labels-60.png 960 728 84
big_dataset_depth/000000003383-segment-13679757109245957439_4167_170_4187_170_with_camera_labels-60.png 968 728 83
big_dataset_depth/000000003383-segment-13679757109245957439_4167_170_4187_170_with_camera_labels-60.png 976 728 82
big_dataset_depth/000000003383-segment-13679757109245957439_4167_170_4187_170_with_camera_labels-60.png 984 728 81
big_dataset_depth/000000003383-segment-13679757109245957439_4167_170_4187_170_with_camera_labels-60.png 992 728 80
big_dataset_depth/000000003383-segment-13679757109245957439_4167_170_4187_170_with_camera_labels-60.png 1000 728 79
big_dataset_depth/000000003383-segment-13679757109245957439_4167_170_4187_170_with_camera_labels-60.png 1008 736 78
big_dataset_depth/000000003383-segment-13679757109245957439_4167_170_4187_170_with_camera_labels-60.png 1016 736 77
big_dataset_depth/000000003383-segment-13679757109245957439_4167_170_4187_170_with_camera_labels-60.png 1024 728 73
big_dataset_depth/000000003383-segment-13679757109245957439_4167_170_4187_170_with_camera_labels-60.png 1032 744 74
big_dataset_depth/000000003383-segment-13679757109245957439_4167_170_4187_170_with_camera_labels-60.png 1040 736 74
big_dataset_depth/000000003383-segment-13679757109245957439_4167_170_4187_170_with_camera_labels-60.png 1048 736 74
big_dataset_depth/000000003383-segment-13679757109245957439_4167_170_4187_170_with_camera_labels-60.png 1056 736 72
big_dataset_depth/000000003383-segment-13679757109245957439_4167_170_4187_170_with_camera_labels-60.png 1064 744 71
big_dataset_depth/000000003383-segment-13679757109245957439_4167_170_4187_170_with_camera_labels-60.png 1072 728 71
big_dataset_depth/000000003383-segment-13679757109245957439_4167_170_4187_170_with_camera_labels-60.png 1080 744 70
big_dataset_depth/000000003383-segment-13679757109245957439_4167_170_4187_170_with_camera_labels-60.png 1088 744 69
big_dataset_depth/000000003383-segment-13679757109245957439_4167_170_4187_170_with_camera_labels-60.png 1096 752 68
big_dataset_depth/000000003383-segment-13679757109245957439_4167_170_4187_170_with_camera_labels-60.png 1104 752 68
big_dataset_depth/000000003383-segment-13679757109245957439_4167_170_4187_170_with_camera_labels-60.png 1112 752 67
big_dataset_depth/000000003383-segment-13679757109245957439_4167_170_4187_170_with_camera_labels-60.png 1120 752 65
big_dataset_depth/000000003383-segment-13679757109245957439_4167_170_4187_170_with_camera_labels-60.png 1128 760 65
big_dataset_depth/000000003383-segment-13679757109245957439_4167_170_4187_170_with_camera_labels-60.png 1136 760 64
big_dataset_depth/000000003383-segment-13679757109245957439_4167_170_4187_170_with_camera_labels-60.png 1144 760 63
big_dataset_depth/000000003383-segment-13679757109245957439_4167_170_4187_170_with_camera_labels-60.png 1152 752 62
big_dataset_depth/000000003383-segment-13679757109245957439_4167_170_4187_170_with_camera_labels-60.png 1160 760 61
big_dataset_depth/000000003383-segment-13679757109245957439_4167_170_4187_170_with_camera_labels-60.png 1168 752 61
big_dataset_depth/000000003383-segment-13679757109245957439_4167_170_4187_170_with_camera_labels-60.png 1176 760 60
big_dataset_depth/000000003383-segment-13679757109245957439_4167_170_4187_170_with_camera_labels-60.png 1184 768 59
big_dataset_depth/000000003383-segment-13679757109245957439_4167_170_4187_170_with_camera_labels-60.png 1192 768 58
big_dataset_depth/000000003383-segment-13679757109245957439_4167_170_4187_170_with_camera_labels-60.png 1200 768 58
big_dataset_depth/000000003383-segment-13679757109245957439_4167_170_4187_170_with_camera_labels-60.png 1208 760 57
big_dataset_depth/000000003383-segment-13679757109245957439_4167_170_4187_170_with_camera_labels-60.png 1216 768 57
big_dataset_depth/000000003383-segment-13679757109245957439_4167_170_4187_170_with_camera_labels-60.png 1224 768 56
big_dataset_depth/000000003383-segment-13679757109245957439_4167_170_4187_170_with_camera_labels-60.png 1232 840 40
big_dataset_depth/000000003383-segment-13679757109245957439_4167_170_4187_170_with_camera_labels-60.png 1240 760 55
big_dataset_depth/000000003383-segment-13679757109245957439_4167_170_4187_170_with_camera_labels-60.png 1248 776 54
big_dataset_depth/000000003383-segment-13679757109245957439_4167_170_4187_170_with_camera_labels-60.png 1256 784 52
big_dataset_depth/000000003383-segment-13679757109245957439_4167_170_4187_170_with_camera_labels-60.png 1264 776 53
big_dataset_depth/000000003383-segment-13679757109245957439_4167_170_4187_170_with_camera_labels-60.png 1272 768 52
big_dataset_depth/000000003383-segment-13679757109245957439_4167_170_4187_170_with_camera_labels-60.png 1280 776 52
big_dataset_depth/000000003383-segment-13679757109245957439_4167_170_4187_170_with_camera_labels-60.png 1288 776 51
big_dataset_depth/000000003383-segment-13679757109245957439_4167_170_4187_170_with_camera_labels-60.png 1296 784 49
big_dataset_depth/000000003383-segment-13679757109245957439_4167_170_4187_170_with_camera_labels-60.png 1304 864 35
big_dataset_depth/000000003383-segment-13679757109245957439_4167_170_4187_170_with_camera_labels-60.png 1312 792 48
big_dataset_depth/000000003383-segment-13679757109245957439_4167_170_4187_170_with_camera_labels-60.png 1320 784 48
big_dataset_depth/000000003383-segment-13679757109245957439_4167_170_4187_170_with_camera_labels-60.png 1328 776 48
big_dataset_depth/000000003383-segment-13679757109245957439_4167_170_4187_170_with_camera_labels-60.png 1336 784 47
big_dataset_depth/000000003383-segment-13679757109245957439_4167_170_4187_170_with_camera_labels-60.png 1344 880 33
big_dataset_depth/000000003383-segment-13679757109245957439_4167_170_4187_170_with_camera_labels-60.png 1352 792 46
big_dataset_depth/000000003383-segment-13679757109245957439_4167_170_4187_170_with_camera_labels-60.png 1360 792 46
big_dataset_depth/000000003383-segment-13679757109245957439_4167_170_4187_170_with_camera_labels-60.png 1376 896 31
big_dataset_depth/000000003383-segment-13679757109245957439_4167_170_4187_170_with_camera_labels-60.png 1384 896 31
big_dataset_depth/000000003383-segment-13679757109245957439_4167_170_4187_170_with_camera_labels-60.png 1392 800 44
big_dataset_depth/000000003383-segment-13679757109245957439_4167_170_4187_170_with_camera_labels-60.png 1400 800 44
big_dataset_depth/000000003383-segment-13679757109245957439_4167_170_4187_170_with_camera_labels-60.png 1416 912 30
big_dataset_depth/000000003383-segment-13679757109245957439_4167_170_4187_170_with_camera_labels-60.png 1424 912 29
big_dataset_depth/000000003383-segment-13679757109245957439_4167_170_4187_170_with_camera_labels-60.png 1432 816 41
big_dataset_depth/000000003383-segment-13679757109245957439_4167_170_4187_170_with_camera_labels-60.png 1440 808 42
big_dataset_depth/000000003383-segment-13679757109245957439_4167_170_4187_170_with_camera_labels-60.png 1448 928 28
big_dataset_depth/000000003383-segment-13679757109245957439_4167_170_4187_170_with_camera_labels-60.png 1456 928 28
big_dataset_depth/000000003383-segment-13679757109245957439_4167_170_4187_170_with_camera_labels-60.png 1464 928 28
big_dataset_depth/000000003383-segment-13679757109245957439_4167_170_4187_170_with_camera_labels-60.png 1472 824 39
big_dataset_depth/000000003383-segment-13679757109245957439_4167_170_4187_170_with_camera_labels-60.png 1488 944 27
big_dataset_depth/000000003383-segment-13679757109245957439_4167_170_4187_170_with_camera_labels-60.png 1496 888 32
big_dataset_depth/000000003383-segment-13679757109245957439_4167_170_4187_170_with_camera_labels-60.png 1504 824 39
big_dataset_depth/000000003383-segment-13679757109245957439_4167_170_4187_170_with_camera_labels-60.png 1520 960 26
big_dataset_depth/000000003383-segment-13679757109245957439_4167_170_4187_170_with_camera_labels-60.png 1528 960 26
big_dataset_depth/000000003383-segment-13679757109245957439_4167_170_4187_170_with_camera_labels-60.png 1536 888 31
big_dataset_depth/000000003383-segment-13679757109245957439_4167_170_4187_170_with_camera_labels-60.png 1552 976 25
big_dataset_depth/000000003383-segment-13679757109245957439_4167_170_4187_170_with_camera_labels-60.png 1560 976 24
big_dataset_depth/000000003383-segment-13679757109245957439_4167_170_4187_170_with_camera_labels-60.png 1568 928 28
big_dataset_depth/000000003383-segment-13679757109245957439_4167_170_4187_170_with_camera_labels-60.png 1584 992 24
big_dataset_depth/000000003383-segment-13679757109245957439_4167_170_4187_170_with_camera_labels-60.png 1592 992 23
big_dataset_depth/000000003383-segment-13679757109245957439_4167_170_4187_170_with_camera_labels-60.png 1600 992 23
big_dataset_depth/000000003383-segment-13679757109245957439_4167_170_4187_170_with_camera_labels-60.png 1608 896 31
big_dataset_depth/000000003383-segment-13679757109245957439_4167_170_4187_170_with_camera_labels-60.png 1616 992 23
big_dataset_depth/000000003383-segment-13679757109245957439_4167_170_4187_170_with_camera_labels-60.png 1624 848 34
big_dataset_depth/000000003383-segment-13679757109245957439_4167_170_4187_170_with_camera_labels-60.png 1632 840 34
big_dataset_depth/000000003383-segment-13679757109245957439_4167_170_4187_170_with_camera_labels-60.png 1640 960 26
big_dataset_depth/000000003383-segment-13679757109245957439_4167_170_4187_170_with_camera_labels-60.png 1648 848 33
big_dataset_depth/000000003383-segment-13679757109245957439_4167_170_4187_170_with_camera_labels-60.png 1656 848 33
big_dataset_depth/000000003383-segment-13679757109245957439_4167_170_4187_170_with_camera_labels-60.png 1664 864 32
big_dataset_depth/000000003383-segment-13679757109245957439_4167_170_4187_170_with_camera_labels-60.png 1672 864 32
big_dataset_depth/000000003383-segment-13679757109245957439_4167_170_4187_170_with_camera_labels-60.png 1680 1032 21
big_dataset_depth/000000003383-segment-13679757109245957439_4167_170_4187_170_with_camera_labels-60.png 1688 1032 21
big_dataset_depth/000000003383-segment-13679757109245957439_4167_170_4187_170_with_camera_labels-60.png 1704 1032 21
big_dataset_depth/000000003383-segment-13679757109245957439_4167_170_4187_170_with_camera_labels-60.png 1712 872 31
big_dataset_depth/000000003383-segment-13679757109245957439_4167_170_4187_170_with_camera_labels-60.png 1720 1048 20
big_dataset_depth/000000003383-segment-13679757109245957439_4167_170_4187_170_with_camera_labels-60.png 1728 1048 20
big_dataset_depth/000000003383-segment-13679757109245957439_4167_170_4187_170_with_camera_labels-60.png 1736 1048 20
big_dataset_depth/000000003383-segment-13679757109245957439_4167_170_4187_170_with_camera_labels-60.png 1744 1048 20
big_dataset_depth/000000003383-segment-13679757109245957439_4167_170_4187_170_with_camera_labels-60.png 1752 1048 20
big_dataset_depth/000000003383-segment-13679757109245957439_4167_170_4187_170_with_camera_labels-60.png 1760 976 25
big_dataset_depth/000000003383-segment-13679757109245957439_4167_170_4187_170_with_camera_labels-60.png 1768 1072 20
big_dataset_depth/000000003383-segment-13679757109245957439_4167_170_4187_170_with_camera_labels-60.png 1776 1072 20
big_dataset_depth/000000003383-segment-13679757109245957439_4167_170_4187_170_with_camera_labels-60.png 1784 1072 19
big_dataset_depth/000000003383-segment-13679757109245957439_4167_170_4187_170_with_camera_labels-60.png 1792 1072 19
big_dataset_depth/000000003383-segment-13679757109245957439_4167_170_4187_170_with_camera_labels-60.png 1800 1072 19
big_dataset_depth/000000003383-segment-13679757109245957439_4167_170_4187_170_with_camera_labels-60.png 1808 1088 19
big_dataset_depth/000000003383-segment-13679757109245957439_4167_170_4187_170_with_camera_labels-60.png 1816 1088 19
big_dataset_depth/000000003383-segment-13679757109245957439_4167_170_4187_170_with_camera_labels-60.png 1824 1088 19
big_dataset_depth/000000003383-segment-13679757109245957439_4167_170_4187_170_with_camera_labels-60.png 1832 1088 19
big_dataset_depth/000000003383-segment-13679757109245957439_4167_170_4187_170_with_camera_labels-60.png 1840 1096 18
big_dataset_depth/000000003383-segment-13679757109245957439_4167_170_4187_170_with_camera_labels-60.png 1848 1112 18
big_dataset_depth/000000003383-segment-13679757109245957439_4167_170_4187_170_with_camera_labels-60.png 1856 1112 18
big_dataset_depth/000000003383-segment-13679757109245957439_4167_170_4187_170_with_camera_labels-60.png 1864 1112 18
big_dataset_depth/000000003383-segment-13679757109245957439_4167_170_4187_170_with_camera_labels-60.png 1872 1112 18
big_dataset_depth/000000003383-segment-13679757109245957439_4167_170_4187_170_with_camera_labels-60.png 1880 1112 18
big_dataset_depth/000000003383-segment-13679757109245957439_4167_170_4187_170_with_camera_labels-60.png 1888 1112 18
big_dataset_depth/000000003383-segment-13679757109245957439_4167_170_4187_170_with_camera_labels-60.png 1896 952 28
big_dataset_depth/000000003383-segment-13679757109245957439_4167_170_4187_170_with_camera_labels-60.png 1904 1024 22
big_dataset_depth/000000003383-segment-13679757109245957439_4167_170_4187_170_with_camera_labels-60.png 1912 904 30
