big_dataset_depth/000000002456-segment-12844373518178303651_2140_000_2160_000_with_camera_labels-190.png 0 656 74
big_dataset_depth/000000002456-segment-12844373518178303651_2140_000_2160_000_with_camera_labels-190.png 8 736 68
big_dataset_depth/000000002456-segment-12844373518178303651_2140_000_2160_000_with_camera_labels-190.png 16 720 69
big_dataset_depth/000000002456-segment-12844373518178303651_2140_000_2160_000_with_camera_labels-190.png 24 696 70
big_dataset_depth/000000002456-segment-12844373518178303651_2140_000_2160_000_with_camera_labels-190.png 32 728 68
big_dataset_depth/000000002456-segment-12844373518178303651_2140_000_2160_000_with_camera_labels-190.png 40 768 66
big_dataset_depth/000000002456-segment-12844373518178303651_2140_000_2160_000_with_camera_labels-190.png 48 712 69
big_dataset_depth/000000002456-segment-12844373518178303651_2140_000_2160_000_with_camera_labels-190.png 56 736 67
big_dataset_depth/000000002456-segment-12844373518178303651_2140_000_2160_000_with_camera_labels-190.png 64 736 67
big_dataset_depth/000000002456-segment-12844373518178303651_2140_000_2160_000_with_camera_labels-190.png 72 744 67
big_dataset_depth/000000002456-segment-12844373518178303651_2140_000_2160_000_with_camera_labels-190.png 80 728 67
big_dataset_depth/000000002456-segment-12844373518178303651_2140_000_2160_000_with_camera_labels-190.png 88 760 65
big_dataset_depth/000000002456-segment-12844373518178303651_2140_000_2160_000_with_camera_labels-190.png 96 760 65
big_dataset_depth/000000002456-segment-12844373518178303651_2140_000_2160_000_with_camera_labels-190.png 104 720 68
big_dataset_depth/000000002456-segment-12844373518178303651_2140_000_2160_000_with_camera_labels-190.png 112 760 65
big_dataset_depth/000000002456-segment-12844373518178303651_2140_000_2160_000_with_camera_labels-190.png 120 720 68
big_dataset_depth/000000002456-segment-12844373518178303651_2140_000_2160_000_with_camera_labels-190.png 128 712 68
big_dataset_depth/000000002456-segment-12844373518178303651_2140_000_2160_000_with_camera_labels-190.png 136 728 67
big_dataset_depth/000000002456-segment-12844373518178303651_2140_000_2160_000_with_camera_labels-190.png 144 712 68
big_dataset_depth/000000002456-segment-12844373518178303651_2140_000_2160_000_with_camera_labels-190.png 152 728 67
big_dataset_depth/000000002456-segment-12844373518178303651_2140_000_2160_000_with_camera_labels-190.png 160 712 68
big_dataset_depth/000000002456-segment-12844373518178303651_2140_000_2160_000_with_camera_labels-190.png 168 712 68
big_dataset_depth/000000002456-segment-12844373518178303651_2140_000_2160_000_with_camera_labels-190.png 176 752 65
big_dataset_depth/000000002456-segment-12844373518178303651_2140_000_2160_000_with_camera_labels-190.png 184 744 65
big_dataset_depth/000000002456-segment-12844373518178303651_2140_000_2160_000_with_camera_labels-190.png 192 752 65
big_dataset_depth/000000002456-segment-12844373518178303651_2140_000_2160_000_with_camera_labels-190.png 200 752 65
big_dataset_depth/000000002456-segment-12844373518178303651_2140_000_2160_000_with_camera_labels-190.png 208 752 65
big_dataset_depth/000000002456-segment-12844373518178303651_2140_000_2160_000_with_camera_labels-190.png 216 744 65
big_dataset_depth/000000002456-segment-12844373518178303651_2140_000_2160_000_with_camera_labels-190.png 224 728 66
big_dataset_depth/000000002456-segment-12844373518178303651_2140_000_2160_000_with_camera_labels-190.png 232 752 65
big_dataset_depth/000000002456-segment-12844373518178303651_2140_000_2160_000_with_camera_labels-190.png 240 736 66
big_dataset_depth/000000002456-segment-12844373518178303651_2140_000_2160_000_with_camera_labels-190.png 248 736 65
big_dataset_depth/000000002456-segment-12844373518178303651_2140_000_2160_000_with_camera_labels-190.png 256 736 65
big_dataset_depth/000000002456-segment-12844373518178303651_2140_000_2160_000_with_camera_labels-190.png 264 688 69
big_dataset_depth/000000002456-segment-12844373518178303651_2140_000_2160_000_with_camera_labels-190.png 272 736 65
big_dataset_depth/000000002456-segment-12844373518178303651_2140_000_2160_000_with_camera_labels-190.png 280 736 65
big_dataset_depth/000000002456-segment-12844373518178303651_2140_000_2160_000_with_camera_labels-190.png 288 736 65
big_dataset_depth/000000002456-segment-12844373518178303651_2140_000_2160_000_with_camera_labels-190.png 296 736 65
big_dataset_depth/000000002456-segment-12844373518178303651_2140_000_2160_000_with_camera_labels-190.png 304 736 66
big_dataset_depth/000000002456-segment-12844373518178303651_2140_000_2160_000_with_camera_labels-190.png 312 752 64
big_dataset_depth/000000002456-segment-12844373518178303651_2140_000_2160_000_with_camera_labels-190.png 328 752 64
big_dataset_depth/000000002456-segment-12844373518178303651_2140_000_2160_000_with_camera_labels-190.png 336 760 63
big_dataset_depth/000000002456-segment-12844373518178303651_2140_000_2160_000_with_camera_labels-190.png 344 760 63
big_dataset_depth/000000002456-segment-12844373518178303651_2140_000_2160_000_with_camera_labels-190.png 352 760 63
big_dataset_depth/000000002456-segment-12844373518178303651_2140_000_2160_000_with_camera_labels-190.png 360 760 63
big_dataset_depth/000000002456-segment-12844373518178303651_2140_000_2160_000_with_camera_labels-190.png 368 760 63
big_dataset_depth/000000002456-segment-12844373518178303651_2140_000_2160_000_with_camera_labels-190.png 376 744 64
big_dataset_depth/000000002456-segment-12844373518178303651_2140_000_2160_000_with_camera_labels-190.png 384 752 63
big_dataset_depth/000000002456-segment-12844373518178303651_2140_000_2160_000_with_camera_labels-190.png 392 744 64
big_dataset_depth/000000002456-segment-12844373518178303651_2140_000_2160_000_with_camera_labels-190.png 400 744 64
big_dataset_depth/000000002456-segment-12844373518178303651_2140_000_2160_000_with_camera_labels-190.png 408 744 64
big_dataset_depth/000000002456-segment-12844373518178303651_2140_000_2160_000_with_camera_labels-190.png 416 744 64
big_dataset_depth/000000002456-segment-12844373518178303651_2140_000_2160_000_with_camera_labels-190.png 424 744 65
big_dataset_depth/000000002456-segment-12844373518178303651_2140_000_2160_000_with_camera_labels-190.png 432 728 67
big_dataset_depth/000000002456-segment-12844373518178303651_2140_000_2160_000_with_camera_labels-190.png 440 728 68
big_dataset_depth/000000002456-segment-12844373518178303651_2140_000_2160_000_with_camera_labels-190.png 448 728 68
big_dataset_depth/000000002456-segment-12844373518178303651_2140_000_2160_000_with_camera_labels-190.png 456 696 83
big_dataset_depth/000000002456-segment-12844373518178303651_2140_000_2160_000_with_camera_labels-190.png 464 704 83
big_dataset_depth/000000002456-segment-12844373518178303651_2140_000_2160_000_with_camera_labels-190.png 480 672 94
big_dataset_depth/000000002456-segment-12844373518178303651_2140_000_2160_000_with_camera_labels-190.png 488 688 79
big_dataset_depth/000000002456-segment-12844373518178303651_2140_000_2160_000_with_camera_labels-190.png 520 648 106
big_dataset_depth/000000002456-segment-12844373518178303651_2140_000_2160_000_with_camera_labels-190.png 544 672 92
big_dataset_depth/000000002456-segment-12844373518178303651_2140_000_2160_000_with_camera_labels-190.png 568 640 99
big_dataset_depth/000000002456-segment-12844373518178303651_2140_000_2160_000_with_camera_labels-190.png 576 680 89
big_dataset_depth/000000002456-segment-12844373518178303651_2140_000_2160_000_with_camera_labels-190.png 584 680 89
big_dataset_depth/000000002456-segment-12844373518178303651_2140_000_2160_000_with_camera_labels-190.png 592 680 88
big_dataset_depth/000000002456-segment-12844373518178303651_2140_000_2160_000_with_camera_labels-190.png 600 680 88
big_dataset_depth/000000002456-segment-12844373518178303651_2140_000_2160_000_with_camera_labels-190.png 608 680 88
big_dataset_depth/000000002456-segment-12844373518178303651_2140_000_2160_000_with_camera_labels-190.png 616 832 35
big_dataset_depth/000000002456-segment-12844373518178303651_2140_000_2160_000_with_camera_labels-190.png 624 728 67
big_dataset_depth/000000002456-segment-12844373518178303651_2140_000_2160_000_with_camera_labels-190.png 632 808 34
big_dataset_depth/000000002456-segment-12844373518178303651_2140_000_2160_000_with_camera_labels-190.png 648 688 86
big_dataset_depth/000000002456-segment-12844373518178303651_2140_000_2160_000_with_camera_labels-190.png 656 640 95
big_dataset_depth/000000002456-segment-12844373518178303651_2140_000_2160_000_with_camera_labels-190.png 664 744 53
big_dataset_depth/000000002456-segment-12844373518178303651_2140_000_2160_000_with_camera_labels-190.png 672 784 36
big_dataset_depth/000000002456-segment-12844373518178303651_2140_000_2160_000_with_camera_labels-190.png 688 664 91
big_dataset_depth/000000002456-segment-12844373518178303651_2140_000_2160_000_with_camera_labels-190.png 696 616 100
big_dataset_depth/000000002456-segment-12844373518178303651_2140_000_2160_000_with_camera_labels-190.png 704 632 98
big_dataset_depth/000000002456-segment-12844373518178303651_2140_000_2160_000_with_camera_labels-190.png 712 680 84
big_dataset_depth/000000002456-segment-12844373518178303651_2140_000_2160_000_with_camera_labels-190.png 720 688 84
big_dataset_depth/000000002456-segment-12844373518178303651_2140_000_2160_000_with_camera_labels-190.png 728 696 83
big_dataset_depth/000000002456-segment-12844373518178303651_2140_000_2160_000_with_camera_labels-190.png 736 696 83
big_dataset_depth/000000002456-segment-12844373518178303651_2140_000_2160_000_with_camera_labels-190.png 744 696 83
big_dataset_depth/000000002456-segment-12844373518178303651_2140_000_2160_000_with_camera_labels-190.png 752 696 83
big_dataset_depth/000000002456-segment-12844373518178303651_2140_000_2160_000_with_camera_labels-190.png 760 696 82
big_dataset_depth/000000002456-segment-12844373518178303651_2140_000_2160_000_with_camera_labels-190.png 768 664 85
big_dataset_depth/000000002456-segment-12844373518178303651_2140_000_2160_000_with_camera_labels-190.png 776 664 85
big_dataset_depth/000000002456-segment-12844373518178303651_2140_000_2160_000_with_camera_labels-190.png 784 760 49
big_dataset_depth/000000002456-segment-12844373518178303651_2140_000_2160_000_with_camera_labels-190.png 792 880 28
big_dataset_depth/000000002456-segment-12844373518178303651_2140_000_2160_000_with_camera_labels-190.png 800 856 28
big_dataset_depth/000000002456-segment-12844373518178303651_2140_000_2160_000_with_camera_labels-190.png 808 816 28
big_dataset_depth/000000002456-segment-12844373518178303651_2140_000_2160_000_with_camera_labels-190.png 816 800 28
big_dataset_depth/000000002456-segment-12844373518178303651_2140_000_2160_000_with_camera_labels-190.png 824 800 28
big_dataset_depth/000000002456-segment-12844373518178303651_2140_000_2160_000_with_camera_labels-190.png 832 816 28
big_dataset_depth/000000002456-segment-12844373518178303651_2140_000_2160_000_with_camera_labels-190.png 840 792 28
big_dataset_depth/000000002456-segment-12844373518178303651_2140_000_2160_000_with_camera_labels-190.png 848 824 25
big_dataset_depth/000000002456-segment-12844373518178303651_2140_000_2160_000_with_camera_labels-190.png 856 832 25
big_dataset_depth/000000002456-segment-12844373518178303651_2140_000_2160_000_with_camera_labels-190.png 864 912 25
big_dataset_depth/000000002456-segment-12844373518178303651_2140_000_2160_000_with_camera_labels-190.png 872 912 25
big_dataset_depth/000000002456-segment-12844373518178303651_2140_000_2160_000_with_camera_labels-190.png 880 816 26
big_dataset_depth/000000002456-segment-12844373518178303651_2140_000_2160_000_with_camera_labels-190.png 888 784 28
big_dataset_depth/000000002456-segment-12844373518178303651_2140_000_2160_000_with_camera_labels-190.png 896 816 28
big_dataset_depth/000000002456-segment-12844373518178303651_2140_000_2160_000_with_camera_labels-190.png 904 800 28
big_dataset_depth/000000002456-segment-12844373518178303651_2140_000_2160_000_with_camera_labels-190.png 912 808 28
big_dataset_depth/000000002456-segment-12844373518178303651_2140_000_2160_000_with_camera_labels-190.png 920 792 28
big_dataset_depth/000000002456-segment-12844373518178303651_2140_000_2160_000_with_camera_labels-190.png 928 800 28
big_dataset_depth/000000002456-segment-12844373518178303651_2140_000_2160_000_with_camera_labels-190.png 936 800 28
big_dataset_depth/000000002456-segment-12844373518178303651_2140_000_2160_000_with_camera_labels-190.png 944 768 28
big_dataset_depth/000000002456-segment-12844373518178303651_2140_000_2160_000_with_camera_labels-190.png 952 688 84
big_dataset_depth/000000002456-segment-12844373518178303651_2140_000_2160_000_with_camera_labels-190.png 960 672 93
big_dataset_depth/000000002456-segment-12844373518178303651_2140_000_2160_000_with_camera_labels-190.png 968 776 28
big_dataset_depth/000000002456-segment-12844373518178303651_2140_000_2160_000_with_camera_labels-190.png 976 664 100
big_dataset_depth/000000002456-segment-12844373518178303651_2140_000_2160_000_with_camera_labels-190.png 992 648 107
big_dataset_depth/000000002456-segment-12844373518178303651_2140_000_2160_000_with_camera_labels-190.png 1080 904 24
big_dataset_depth/000000002456-segment-12844373518178303651_2140_000_2160_000_with_camera_labels-190.png 1088 1008 19
big_dataset_depth/000000002456-segment-12844373518178303651_2140_000_2160_000_with_camera_labels-190.png 1096 936 22
big_dataset_depth/000000002456-segment-12844373518178303651_2140_000_2160_000_with_camera_labels-190.png 1104 968 21
big_dataset_depth/000000002456-segment-12844373518178303651_2140_000_2160_000_with_camera_labels-190.png 1112 968 21
big_dataset_depth/000000002456-segment-12844373518178303651_2140_000_2160_000_with_camera_labels-190.png 1120 968 21
big_dataset_depth/000000002456-segment-12844373518178303651_2140_000_2160_000_with_camera_labels-190.png 1128 968 21
big_dataset_depth/000000002456-segment-12844373518178303651_2140_000_2160_000_with_camera_labels-190.png 1136 968 21
big_dataset_depth/000000002456-segment-12844373518178303651_2140_000_2160_000_with_camera_labels-190.png 1144 960 21
big_dataset_depth/000000002456-segment-12844373518178303651_2140_000_2160_000_with_camera_labels-190.png 1152 968 20
big_dataset_depth/000000002456-segment-12844373518178303651_2140_000_2160_000_with_camera_labels-190.png 1160 968 20
big_dataset_depth/000000002456-segment-12844373518178303651_2140_000_2160_000_with_camera_labels-190.png 1168 968 20
big_dataset_depth/000000002456-segment-12844373518178303651_2140_000_2160_000_with_camera_labels-190.png 1176 952 20
big_dataset_depth/000000002456-segment-12844373518178303651_2140_000_2160_000_with_camera_labels-190.png 1184 936 21
big_dataset_depth/000000002456-segment-12844373518178303651_2140_000_2160_000_with_camera_labels-190.png 1192 952 20
big_dataset_depth/000000002456-segment-12844373518178303651_2140_000_2160_000_with_camera_labels-190.png 1200 944 20
big_dataset_depth/000000002456-segment-12844373518178303651_2140_000_2160_000_with_camera_labels-190.png 1208 848 34
big_dataset_depth/000000002456-segment-12844373518178303651_2140_000_2160_000_with_camera_labels-190.png 1216 1048 17
big_dataset_depth/000000002456-segment-12844373518178303651_2140_000_2160_000_with_camera_labels-190.png 1224 1016 18
big_dataset_depth/000000002456-segment-12844373518178303651_2140_000_2160_000_with_camera_labels-190.png 1232 1048 17
big_dataset_depth/000000002456-segment-12844373518178303651_2140_000_2160_000_with_camera_labels-190.png 1240 1024 17
big_dataset_depth/000000002456-segment-12844373518178303651_2140_000_2160_000_with_camera_labels-190.png 1248 984 18
big_dataset_depth/000000002456-segment-12844373518178303651_2140_000_2160_000_with_camera_labels-190.png 1256 992 18
big_dataset_depth/000000002456-segment-12844373518178303651_2140_000_2160_000_with_camera_labels-190.png 1264 992 18
big_dataset_depth/000000002456-segment-12844373518178303651_2140_000_2160_000_with_camera_labels-190.png 1272 992 18
big_dataset_depth/000000002456-segment-12844373518178303651_2140_000_2160_000_with_camera_labels-190.png 1280 1016 17
big_dataset_depth/000000002456-segment-12844373518178303651_2140_000_2160_000_with_camera_labels-190.png 1288 1008 17
big_dataset_depth/000000002456-segment-12844373518178303651_2140_000_2160_000_with_camera_labels-190.png 1296 1008 17
big_dataset_depth/000000002456-segment-12844373518178303651_2140_000_2160_000_with_camera_labels-190.png 1304 1008 17
big_dataset_depth/000000002456-segment-12844373518178303651_2140_000_2160_000_with_camera_labels-190.png 1312 1024 17
big_dataset_depth/000000002456-segment-12844373518178303651_2140_000_2160_000_with_camera_labels-190.png 1320 1048 17
big_dataset_depth/000000002456-segment-12844373518178303651_2140_000_2160_000_with_camera_labels-190.png 1344 1168 14
big_dataset_depth/000000002456-segment-12844373518178303651_2140_000_2160_000_with_camera_labels-190.png 1352 1168 14
big_dataset_depth/000000002456-segment-12844373518178303651_2140_000_2160_000_with_camera_labels-190.png 1360 1152 14
big_dataset_depth/000000002456-segment-12844373518178303651_2140_000_2160_000_with_camera_labels-190.png 1368 1040 17
big_dataset_depth/000000002456-segment-12844373518178303651_2140_000_2160_000_with_camera_labels-190.png 1376 1040 17
big_dataset_depth/000000002456-segment-12844373518178303651_2140_000_2160_000_with_camera_labels-190.png 1384 1048 16
big_dataset_depth/000000002456-segment-12844373518178303651_2140_000_2160_000_with_camera_labels-190.png 1392 1048 17
big_dataset_depth/000000002456-segment-12844373518178303651_2140_000_2160_000_with_camera_labels-190.png 1408 1000 17
big_dataset_depth/000000002456-segment-12844373518178303651_2140_000_2160_000_with_camera_labels-190.png 1416 1176 14
big_dataset_depth/000000002456-segment-12844373518178303651_2140_000_2160_000_with_camera_labels-190.png 1424 1176 14
big_dataset_depth/000000002456-segment-12844373518178303651_2140_000_2160_000_with_camera_labels-190.png 1432 1088 15
big_dataset_depth/000000002456-segment-12844373518178303651_2140_000_2160_000_with_camera_labels-190.png 1456 1248 13
big_dataset_depth/000000002456-segment-12844373518178303651_2140_000_2160_000_with_camera_labels-190.png 1464 1248 13
big_dataset_depth/000000002456-segment-12844373518178303651_2140_000_2160_000_with_camera_labels-190.png 1472 1248 13
big_dataset_depth/000000002456-segment-12844373518178303651_2140_000_2160_000_with_camera_labels-190.png 1480 1248 13
big_dataset_depth/000000002456-segment-12844373518178303651_2140_000_2160_000_with_camera_labels-190.png 1488 1184 13
big_dataset_depth/000000002456-segment-12844373518178303651_2140_000_2160_000_with_camera_labels-190.png 1496 1088 15
big_dataset_depth/000000002456-segment-12844373518178303651_2140_000_2160_000_with_camera_labels-190.png 1504 1176 14
big_dataset_depth/000000002456-segment-12844373518178303651_2140_000_2160_000_with_camera_labels-190.png 1512 1112 14
big_dataset_depth/000000002456-segment-12844373518178303651_2140_000_2160_000_with_camera_labels-190.png 1520 1096 15
big_dataset_depth/000000002456-segment-12844373518178303651_2140_000_2160_000_with_camera_labels-190.png 1528 1016 16
big_dataset_depth/000000002456-segment-12844373518178303651_2140_000_2160_000_with_camera_labels-190.png 1536 1136 15
big_dataset_depth/000000002456-segment-12844373518178303651_2140_000_2160_000_with_camera_labels-190.png 1544 1120 15
big_dataset_depth/000000002456-segment-12844373518178303651_2140_000_2160_000_with_camera_labels-190.png 1552 1040 16
big_dataset_depth/000000002456-segment-12844373518178303651_2140_000_2160_000_with_camera_labels-190.png 1560 1016 16
big_dataset_depth/000000002456-segment-12844373518178303651_2140_000_2160_000_with_camera_labels-190.png 1568 1192 14
big_dataset_depth/000000002456-segment-12844373518178303651_2140_000_2160_000_with_camera_labels-190.png 1576 984 17
big_dataset_depth/000000002456-segment-12844373518178303651_2140_000_2160_000_with_camera_labels-190.png 1584 936 18
big_dataset_depth/000000002456-segment-12844373518178303651_2140_000_2160_000_with_camera_labels-190.png 1592 1016 16
big_dataset_depth/000000002456-segment-12844373518178303651_2140_000_2160_000_with_camera_labels-190.png 1600 1016 16
big_dataset_depth/000000002456-segment-12844373518178303651_2140_000_2160_000_with_camera_labels-190.png 1608 1040 16
big_dataset_depth/000000002456-segment-12844373518178303651_2140_000_2160_000_with_camera_labels-190.png 1616 1144 14
big_dataset_depth/000000002456-segment-12844373518178303651_2140_000_2160_000_with_camera_labels-190.png 1624 1144 14
big_dataset_depth/000000002456-segment-12844373518178303651_2140_000_2160_000_with_camera_labels-190.png 1632 1024 16
big_dataset_depth/000000002456-segment-12844373518178303651_2140_000_2160_000_with_camera_labels-190.png 1640 1144 14
big_dataset_depth/000000002456-segment-12844373518178303651_2140_000_2160_000_with_camera_labels-190.png 1648 1152 14
big_dataset_depth/000000002456-segment-12844373518178303651_2140_000_2160_000_with_camera_labels-190.png 1656 1144 14
big_dataset_depth/000000002456-segment-12844373518178303651_2140_000_2160_000_with_camera_labels-190.png 1664 1144 14
big_dataset_depth/000000002456-segment-12844373518178303651_2140_000_2160_000_with_camera_labels-190.png 1672 1192 14
big_dataset_depth/000000002456-segment-12844373518178303651_2140_000_2160_000_with_camera_labels-190.png 1680 1144 14
big_dataset_depth/000000002456-segment-12844373518178303651_2140_000_2160_000_with_camera_labels-190.png 1688 1008 16
big_dataset_depth/000000002456-segment-12844373518178303651_2140_000_2160_000_with_camera_labels-190.png 1696 1064 16
big_dataset_depth/000000002456-segment-12844373518178303651_2140_000_2160_000_with_camera_labels-190.png 1704 1144 14
big_dataset_depth/000000002456-segment-12844373518178303651_2140_000_2160_000_with_camera_labels-190.png 1712 1144 14
big_dataset_depth/000000002456-segment-12844373518178303651_2140_000_2160_000_with_camera_labels-190.png 1728 1008 16
big_dataset_depth/000000002456-segment-12844373518178303651_2140_000_2160_000_with_camera_labels-190.png 1736 1136 14
big_dataset_depth/000000002456-segment-12844373518178303651_2140_000_2160_000_with_camera_labels-190.png 1744 1024 16
big_dataset_depth/000000002456-segment-12844373518178303651_2140_000_2160_000_with_camera_labels-190.png 1752 1064 15
big_dataset_depth/000000002456-segment-12844373518178303651_2140_000_2160_000_with_camera_labels-190.png 1760 1024 16
big_dataset_depth/000000002456-segment-12844373518178303651_2140_000_2160_000_with_camera_labels-190.png 1800 1232 13
big_dataset_depth/000000002456-segment-12844373518178303651_2140_000_2160_000_with_camera_labels-190.png 1808 1160 14
big_dataset_depth/000000002456-segment-12844373518178303651_2140_000_2160_000_with_camera_labels-190.png 1816 1248 12
big_dataset_depth/000000002456-segment-12844373518178303651_2140_000_2160_000_with_camera_labels-190.png 1824 1200 13
big_dataset_depth/000000002456-segment-12844373518178303651_2140_000_2160_000_with_camera_labels-190.png 1832 1168 14
big_dataset_depth/000000002456-segment-12844373518178303651_2140_000_2160_000_with_camera_labels-190.png 1840 1200 13
big_dataset_depth/000000002456-segment-12844373518178303651_2140_000_2160_000_with_camera_labels-190.png 1848 1112 14
big_dataset_depth/000000002456-segment-12844373518178303651_2140_000_2160_000_with_camera_labels-190.png 1864 1112 14
big_dataset_depth/000000002456-segment-12844373518178303651_2140_000_2160_000_with_camera_labels-190.png 1880 1152 14
big_dataset_depth/000000002456-segment-12844373518178303651_2140_000_2160_000_with_camera_labels-190.png 1888 1056 15
big_dataset_depth/000000002456-segment-12844373518178303651_2140_000_2160_000_with_camera_labels-190.png 1896 1096 15
big_dataset_depth/000000002456-segment-12844373518178303651_2140_000_2160_000_with_camera_labels-190.png 1904 800 19
big_dataset_depth/000000002456-segment-12844373518178303651_2140_000_2160_000_with_camera_labels-190.png 1912 808 20
