big_dataset_depth/000000002667-segment-12974838039736660070_4586_990_4606_990_with_camera_labels-100.png 0 816 45
big_dataset_depth/000000002667-segment-12974838039736660070_4586_990_4606_990_with_camera_labels-100.png 8 816 45
big_dataset_depth/000000002667-segment-12974838039736660070_4586_990_4606_990_with_camera_labels-100.png 16 776 69
big_dataset_depth/000000002667-segment-12974838039736660070_4586_990_4606_990_with_camera_labels-100.png 24 736 93
big_dataset_depth/000000002667-segment-12974838039736660070_4586_990_4606_990_with_camera_labels-100.png 40 760 84
big_dataset_depth/000000002667-segment-12974838039736660070_4586_990_4606_990_with_camera_labels-100.png 48 736 91
big_dataset_depth/000000002667-segment-12974838039736660070_4586_990_4606_990_with_camera_labels-100.png 56 752 87
big_dataset_depth/000000002667-segment-12974838039736660070_4586_990_4606_990_with_camera_labels-100.png 64 800 57
big_dataset_depth/000000002667-segment-12974838039736660070_4586_990_4606_990_with_camera_labels-100.png 72 792 65
big_dataset_depth/000000002667-segment-12974838039736660070_4586_990_4606_990_with_camera_labels-100.png 80 800 57
big_dataset_depth/000000002667-segment-12974838039736660070_4586_990_4606_990_with_camera_labels-100.png 88 832 41
big_dataset_depth/000000002667-segment-12974838039736660070_4586_990_4606_990_with_camera_labels-100.png 96 832 41
big_dataset_depth/000000002667-segment-12974838039736660070_4586_990_4606_990_with_camera_labels-100.png 104 832 41
big_dataset_depth/000000002667-segment-12974838039736660070_4586_990_4606_990_with_camera_labels-100.png 112 656 43
big_dataset_depth/000000002667-segment-12974838039736660070_4586_990_4606_990_with_camera_labels-100.png 120 744 88
big_dataset_depth/000000002667-segment-12974838039736660070_4586_990_4606_990_with_camera_labels-100.png 136 736 88
big_dataset_depth/000000002667-segment-12974838039736660070_4586_990_4606_990_with_camera_labels-100.png 144 744 84
big_dataset_depth/000000002667-segment-12974838039736660070_4586_990_4606_990_with_camera_labels-100.png 152 744 88
big_dataset_depth/000000002667-segment-12974838039736660070_4586_990_4606_990_with_camera_labels-100.png 160 752 85
big_dataset_depth/000000002667-segment-12974838039736660070_4586_990_4606_990_with_camera_labels-100.png 168 744 87
big_dataset_depth/000000002667-segment-12974838039736660070_4586_990_4606_990_with_camera_labels-100.png 176 728 87
big_dataset_depth/000000002667-segment-12974838039736660070_4586_990_4606_990_with_camera_labels-100.png 184 744 87
big_dataset_depth/000000002667-segment-12974838039736660070_4586_990_4606_990_with_camera_labels-100.png 192 744 85
big_dataset_depth/000000002667-segment-12974838039736660070_4586_990_4606_990_with_camera_labels-100.png 200 736 86
big_dataset_depth/000000002667-segment-12974838039736660070_4586_990_4606_990_with_camera_labels-100.png 208 768 73
big_dataset_depth/000000002667-segment-12974838039736660070_4586_990_4606_990_with_camera_labels-100.png 216 816 45
big_dataset_depth/000000002667-segment-12974838039736660070_4586_990_4606_990_with_camera_labels-100.png 224 784 66
big_dataset_depth/000000002667-segment-12974838039736660070_4586_990_4606_990_with_camera_labels-100.png 232 832 45
big_dataset_depth/000000002667-segment-12974838039736660070_4586_990_4606_990_with_camera_labels-100.png 240 784 63
big_dataset_depth/000000002667-segment-12974838039736660070_4586_990_4606_990_with_camera_labels-100.png 248 824 46
big_dataset_depth/000000002667-segment-12974838039736660070_4586_990_4606_990_with_camera_labels-100.png 256 824 46
big_dataset_depth/000000002667-segment-12974838039736660070_4586_990_4606_990_with_camera_labels-100.png 264 824 45
big_dataset_depth/000000002667-segment-12974838039736660070_4586_990_4606_990_with_camera_labels-100.png 272 824 46
big_dataset_depth/000000002667-segment-12974838039736660070_4586_990_4606_990_with_camera_labels-100.png 296 808 46
big_dataset_depth/000000002667-segment-12974838039736660070_4586_990_4606_990_with_camera_labels-100.png 304 784 66
big_dataset_depth/000000002667-segment-12974838039736660070_4586_990_4606_990_with_camera_labels-100.png 312 816 46
big_dataset_depth/000000002667-segment-12974838039736660070_4586_990_4606_990_with_camera_labels-100.png 320 808 46
big_dataset_depth/000000002667-segment-12974838039736660070_4586_990_4606_990_with_camera_labels-100.png 336 744 85
big_dataset_depth/000000002667-segment-12974838039736660070_4586_990_4606_990_with_camera_labels-100.png 344 744 84
big_dataset_depth/000000002667-segment-12974838039736660070_4586_990_4606_990_with_camera_labels-100.png 352 744 84
big_dataset_depth/000000002667-segment-12974838039736660070_4586_990_4606_990_with_camera_labels-100.png 360 744 84
big_dataset_depth/000000002667-segment-12974838039736660070_4586_990_4606_990_with_camera_labels-100.png 368 744 84
big_dataset_depth/000000002667-segment-12974838039736660070_4586_990_4606_990_with_camera_labels-100.png 376 744 84
big_dataset_depth/000000002667-segment-12974838039736660070_4586_990_4606_990_with_camera_labels-100.png 384 744 84
big_dataset_depth/000000002667-segment-12974838039736660070_4586_990_4606_990_with_camera_labels-100.png 392 744 84
big_dataset_depth/000000002667-segment-12974838039736660070_4586_990_4606_990_with_camera_labels-100.png 400 744 84
big_dataset_depth/000000002667-segment-12974838039736660070_4586_990_4606_990_with_camera_labels-100.png 408 744 84
big_dataset_depth/000000002667-segment-12974838039736660070_4586_990_4606_990_with_camera_labels-100.png 416 744 83
big_dataset_depth/000000002667-segment-12974838039736660070_4586_990_4606_990_with_camera_labels-100.png 424 736 84
big_dataset_depth/000000002667-segment-12974838039736660070_4586_990_4606_990_with_camera_labels-100.png 432 744 83
big_dataset_depth/000000002667-segment-12974838039736660070_4586_990_4606_990_with_camera_labels-100.png 440 744 83
big_dataset_depth/000000002667-segment-12974838039736660070_4586_990_4606_990_with_camera_labels-100.png 448 744 83
big_dataset_depth/000000002667-segment-12974838039736660070_4586_990_4606_990_with_camera_labels-100.png 456 744 83
big_dataset_depth/000000002667-segment-12974838039736660070_4586_990_4606_990_with_camera_labels-100.png 464 744 83
big_dataset_depth/000000002667-segment-12974838039736660070_4586_990_4606_990_with_camera_labels-100.png 472 744 82
big_dataset_depth/000000002667-segment-12974838039736660070_4586_990_4606_990_with_camera_labels-100.png 480 744 82
big_dataset_depth/000000002667-segment-12974838039736660070_4586_990_4606_990_with_camera_labels-100.png 488 736 82
big_dataset_depth/000000002667-segment-12974838039736660070_4586_990_4606_990_with_camera_labels-100.png 496 744 82
big_dataset_depth/000000002667-segment-12974838039736660070_4586_990_4606_990_with_camera_labels-100.png 504 728 82
big_dataset_depth/000000002667-segment-12974838039736660070_4586_990_4606_990_with_camera_labels-100.png 512 744 82
big_dataset_depth/000000002667-segment-12974838039736660070_4586_990_4606_990_with_camera_labels-100.png 520 744 81
big_dataset_depth/000000002667-segment-12974838039736660070_4586_990_4606_990_with_camera_labels-100.png 528 744 81
big_dataset_depth/000000002667-segment-12974838039736660070_4586_990_4606_990_with_camera_labels-100.png 536 744 81
big_dataset_depth/000000002667-segment-12974838039736660070_4586_990_4606_990_with_camera_labels-100.png 544 744 81
big_dataset_depth/000000002667-segment-12974838039736660070_4586_990_4606_990_with_camera_labels-100.png 552 752 81
big_dataset_depth/000000002667-segment-12974838039736660070_4586_990_4606_990_with_camera_labels-100.png 560 744 80
big_dataset_depth/000000002667-segment-12974838039736660070_4586_990_4606_990_with_camera_labels-100.png 568 744 78
big_dataset_depth/000000002667-segment-12974838039736660070_4586_990_4606_990_with_camera_labels-100.png 576 744 79
big_dataset_depth/000000002667-segment-12974838039736660070_4586_990_4606_990_with_camera_labels-100.png 584 744 79
big_dataset_depth/000000002667-segment-12974838039736660070_4586_990_4606_990_with_camera_labels-100.png 592 744 80
big_dataset_depth/000000002667-segment-12974838039736660070_4586_990_4606_990_with_camera_labels-100.png 600 744 80
big_dataset_depth/000000002667-segment-12974838039736660070_4586_990_4606_990_with_camera_labels-100.png 608 744 81
big_dataset_depth/000000002667-segment-12974838039736660070_4586_990_4606_990_with_camera_labels-100.png 616 736 81
big_dataset_depth/000000002667-segment-12974838039736660070_4586_990_4606_990_with_camera_labels-100.png 624 736 82
big_dataset_depth/000000002667-segment-12974838039736660070_4586_990_4606_990_with_camera_labels-100.png 632 736 83
big_dataset_depth/000000002667-segment-12974838039736660070_4586_990_4606_990_with_camera_labels-100.png 640 736 84
big_dataset_depth/000000002667-segment-12974838039736660070_4586_990_4606_990_with_camera_labels-100.png 648 736 84
big_dataset_depth/000000002667-segment-12974838039736660070_4586_990_4606_990_with_camera_labels-100.png 656 736 85
big_dataset_depth/000000002667-segment-12974838039736660070_4586_990_4606_990_with_camera_labels-100.png 664 720 85
big_dataset_depth/000000002667-segment-12974838039736660070_4586_990_4606_990_with_camera_labels-100.png 672 728 87
big_dataset_depth/000000002667-segment-12974838039736660070_4586_990_4606_990_with_camera_labels-100.png 680 728 87
big_dataset_depth/000000002667-segment-12974838039736660070_4586_990_4606_990_with_camera_labels-100.png 688 728 88
big_dataset_depth/000000002667-segment-12974838039736660070_4586_990_4606_990_with_camera_labels-100.png 696 728 89
big_dataset_depth/000000002667-segment-12974838039736660070_4586_990_4606_990_with_camera_labels-100.png 704 728 90
big_dataset_depth/000000002667-segment-12974838039736660070_4586_990_4606_990_with_camera_labels-100.png 712 720 91
big_dataset_depth/000000002667-segment-12974838039736660070_4586_990_4606_990_with_camera_labels-100.png 720 728 92
big_dataset_depth/000000002667-segment-12974838039736660070_4586_990_4606_990_with_camera_labels-100.png 728 728 92
big_dataset_depth/000000002667-segment-12974838039736660070_4586_990_4606_990_with_camera_labels-100.png 736 728 92
big_dataset_depth/000000002667-segment-12974838039736660070_4586_990_4606_990_with_camera_labels-100.png 744 728 92
big_dataset_depth/000000002667-segment-12974838039736660070_4586_990_4606_990_with_camera_labels-100.png 752 736 92
big_dataset_depth/000000002667-segment-12974838039736660070_4586_990_4606_990_with_camera_labels-100.png 760 736 92
big_dataset_depth/000000002667-segment-12974838039736660070_4586_990_4606_990_with_camera_labels-100.png 768 728 93
big_dataset_depth/000000002667-segment-12974838039736660070_4586_990_4606_990_with_camera_labels-100.png 776 736 93
big_dataset_depth/000000002667-segment-12974838039736660070_4586_990_4606_990_with_camera_labels-100.png 784 728 93
big_dataset_depth/000000002667-segment-12974838039736660070_4586_990_4606_990_with_camera_labels-100.png 792 728 97
big_dataset_depth/000000002667-segment-12974838039736660070_4586_990_4606_990_with_camera_labels-100.png 800 728 97
big_dataset_depth/000000002667-segment-12974838039736660070_4586_990_4606_990_with_camera_labels-100.png 808 728 97
big_dataset_depth/000000002667-segment-12974838039736660070_4586_990_4606_990_with_camera_labels-100.png 816 728 99
big_dataset_depth/000000002667-segment-12974838039736660070_4586_990_4606_990_with_camera_labels-100.png 824 720 98
big_dataset_depth/000000002667-segment-12974838039736660070_4586_990_4606_990_with_camera_labels-100.png 832 720 102
big_dataset_depth/000000002667-segment-12974838039736660070_4586_990_4606_990_with_camera_labels-100.png 840 720 107
big_dataset_depth/000000002667-segment-12974838039736660070_4586_990_4606_990_with_camera_labels-100.png 848 720 108
big_dataset_depth/000000002667-segment-12974838039736660070_4586_990_4606_990_with_camera_labels-100.png 856 720 108
big_dataset_depth/000000002667-segment-12974838039736660070_4586_990_4606_990_with_camera_labels-100.png 864 728 107
big_dataset_depth/000000002667-segment-12974838039736660070_4586_990_4606_990_with_camera_labels-100.png 872 728 108
big_dataset_depth/000000002667-segment-12974838039736660070_4586_990_4606_990_with_camera_labels-100.png 880 728 109
big_dataset_depth/000000002667-segment-12974838039736660070_4586_990_4606_990_with_camera_labels-100.png 888 736 103
big_dataset_depth/000000002667-segment-12974838039736660070_4586_990_4606_990_with_camera_labels-100.png 896 736 103
big_dataset_depth/000000002667-segment-12974838039736660070_4586_990_4606_990_with_camera_labels-100.png 904 736 103
big_dataset_depth/000000002667-segment-12974838039736660070_4586_990_4606_990_with_camera_labels-100.png 912 736 103
big_dataset_depth/000000002667-segment-12974838039736660070_4586_990_4606_990_with_camera_labels-100.png 920 736 103
big_dataset_depth/000000002667-segment-12974838039736660070_4586_990_4606_990_with_camera_labels-100.png 928 736 103
big_dataset_depth/000000002667-segment-12974838039736660070_4586_990_4606_990_with_camera_labels-100.png 936 736 104
big_dataset_depth/000000002667-segment-12974838039736660070_4586_990_4606_990_with_camera_labels-100.png 944 736 103
big_dataset_depth/000000002667-segment-12974838039736660070_4586_990_4606_990_with_camera_labels-100.png 952 736 103
big_dataset_depth/000000002667-segment-12974838039736660070_4586_990_4606_990_with_camera_labels-100.png 960 736 104
big_dataset_depth/000000002667-segment-12974838039736660070_4586_990_4606_990_with_camera_labels-100.png 968 736 103
big_dataset_depth/000000002667-segment-12974838039736660070_4586_990_4606_990_with_camera_labels-100.png 976 736 103
big_dataset_depth/000000002667-segment-12974838039736660070_4586_990_4606_990_with_camera_labels-100.png 984 736 103
big_dataset_depth/000000002667-segment-12974838039736660070_4586_990_4606_990_with_camera_labels-100.png 992 736 103
big_dataset_depth/000000002667-segment-12974838039736660070_4586_990_4606_990_with_camera_labels-100.png 1000 736 104
big_dataset_depth/000000002667-segment-12974838039736660070_4586_990_4606_990_with_camera_labels-100.png 1008 736 103
big_dataset_depth/000000002667-segment-12974838039736660070_4586_990_4606_990_with_camera_labels-100.png 1016 736 103
big_dataset_depth/000000002667-segment-12974838039736660070_4586_990_4606_990_with_camera_labels-100.png 1032 680 106
big_dataset_depth/000000002667-segment-12974838039736660070_4586_990_4606_990_with_camera_labels-100.png 1040 736 103
big_dataset_depth/000000002667-segment-12974838039736660070_4586_990_4606_990_with_camera_labels-100.png 1048 736 102
big_dataset_depth/000000002667-segment-12974838039736660070_4586_990_4606_990_with_camera_labels-100.png 1056 736 103
big_dataset_depth/000000002667-segment-12974838039736660070_4586_990_4606_990_with_camera_labels-100.png 1064 736 102
big_dataset_depth/000000002667-segment-12974838039736660070_4586_990_4606_990_with_camera_labels-100.png 1072 680 107
big_dataset_depth/000000002667-segment-12974838039736660070_4586_990_4606_990_with_camera_labels-100.png 1080 664 108
big_dataset_depth/000000002667-segment-12974838039736660070_4586_990_4606_990_with_camera_labels-100.png 1088 736 102
big_dataset_depth/000000002667-segment-12974838039736660070_4586_990_4606_990_with_camera_labels-100.png 1448 744 59
big_dataset_depth/000000002667-segment-12974838039736660070_4586_990_4606_990_with_camera_labels-100.png 1456 736 98
big_dataset_depth/000000002667-segment-12974838039736660070_4586_990_4606_990_with_camera_labels-100.png 1464 632 108
big_dataset_depth/000000002667-segment-12974838039736660070_4586_990_4606_990_with_camera_labels-100.png 1480 776 58
big_dataset_depth/000000002667-segment-12974838039736660070_4586_990_4606_990_with_camera_labels-100.png 1488 776 57
big_dataset_depth/000000002667-segment-12974838039736660070_4586_990_4606_990_with_camera_labels-100.png 1496 768 58
big_dataset_depth/000000002667-segment-12974838039736660070_4586_990_4606_990_with_camera_labels-100.png 1504 776 57
big_dataset_depth/000000002667-segment-12974838039736660070_4586_990_4606_990_with_camera_labels-100.png 1512 776 57
big_dataset_depth/000000002667-segment-12974838039736660070_4586_990_4606_990_with_camera_labels-100.png 1520 792 56
big_dataset_depth/000000002667-segment-12974838039736660070_4586_990_4606_990_with_camera_labels-100.png 1528 784 60
big_dataset_depth/000000002667-segment-12974838039736660070_4586_990_4606_990_with_camera_labels-100.png 1536 784 56
big_dataset_depth/000000002667-segment-12974838039736660070_4586_990_4606_990_with_camera_labels-100.png 1544 776 57
big_dataset_depth/000000002667-segment-12974838039736660070_4586_990_4606_990_with_camera_labels-100.png 1552 784 57
big_dataset_depth/000000002667-segment-12974838039736660070_4586_990_4606_990_with_camera_labels-100.png 1560 784 57
big_dataset_depth/000000002667-segment-12974838039736660070_4586_990_4606_990_with_camera_labels-100.png 1568 744 78
big_dataset_depth/000000002667-segment-12974838039736660070_4586_990_4606_990_with_camera_labels-100.png 1576 736 99
big_dataset_depth/000000002667-segment-12974838039736660070_4586_990_4606_990_with_camera_labels-100.png 1584 736 99
big_dataset_depth/000000002667-segment-12974838039736660070_4586_990_4606_990_with_camera_labels-100.png 1592 736 99
big_dataset_depth/000000002667-segment-12974838039736660070_4586_990_4606_990_with_camera_labels-100.png 1600 736 95
big_dataset_depth/000000002667-segment-12974838039736660070_4586_990_4606_990_with_camera_labels-100.png 1608 736 95
big_dataset_depth/000000002667-segment-12974838039736660070_4586_990_4606_990_with_camera_labels-100.png 1616 736 95
big_dataset_depth/000000002667-segment-12974838039736660070_4586_990_4606_990_with_camera_labels-100.png 1624 728 100
big_dataset_depth/000000002667-segment-12974838039736660070_4586_990_4606_990_with_camera_labels-100.png 1632 728 100
big_dataset_depth/000000002667-segment-12974838039736660070_4586_990_4606_990_with_camera_labels-100.png 1640 728 103
big_dataset_depth/000000002667-segment-12974838039736660070_4586_990_4606_990_with_camera_labels-100.png 1648 728 100
big_dataset_depth/000000002667-segment-12974838039736660070_4586_990_4606_990_with_camera_labels-100.png 1656 728 103
big_dataset_depth/000000002667-segment-12974838039736660070_4586_990_4606_990_with_camera_labels-100.png 1664 728 101
big_dataset_depth/000000002667-segment-12974838039736660070_4586_990_4606_990_with_camera_labels-100.png 1672 728 101
big_dataset_depth/000000002667-segment-12974838039736660070_4586_990_4606_990_with_camera_labels-100.png 1680 728 86
big_dataset_depth/000000002667-segment-12974838039736660070_4586_990_4606_990_with_camera_labels-100.png 1688 744 86
big_dataset_depth/000000002667-segment-12974838039736660070_4586_990_4606_990_with_camera_labels-100.png 1696 744 85
big_dataset_depth/000000002667-segment-12974838039736660070_4586_990_4606_990_with_camera_labels-100.png 1704 736 90
big_dataset_depth/000000002667-segment-12974838039736660070_4586_990_4606_990_with_camera_labels-100.png 1720 728 90
big_dataset_depth/000000002667-segment-12974838039736660070_4586_990_4606_990_with_camera_labels-100.png 1728 776 42
big_dataset_depth/000000002667-segment-12974838039736660070_4586_990_4606_990_with_camera_labels-100.png 1736 744 84
big_dataset_depth/000000002667-segment-12974838039736660070_4586_990_4606_990_with_camera_labels-100.png 1744 744 84
big_dataset_depth/000000002667-segment-12974838039736660070_4586_990_4606_990_with_camera_labels-100.png 1752 848 41
big_dataset_depth/000000002667-segment-12974838039736660070_4586_990_4606_990_with_camera_labels-100.png 1760 848 41
big_dataset_depth/000000002667-segment-12974838039736660070_4586_990_4606_990_with_camera_labels-100.png 1768 728 86
big_dataset_depth/000000002667-segment-12974838039736660070_4586_990_4606_990_with_camera_labels-100.png 1776 744 84
big_dataset_depth/000000002667-segment-12974838039736660070_4586_990_4606_990_with_camera_labels-100.png 1784 704 64
big_dataset_depth/000000002667-segment-12974838039736660070_4586_990_4606_990_with_camera_labels-100.png 1792 736 86
big_dataset_depth/000000002667-segment-12974838039736660070_4586_990_4606_990_with_camera_labels-100.png 1800 616 27
big_dataset_depth/000000002667-segment-12974838039736660070_4586_990_4606_990_with_camera_labels-100.png 1808 744 85
big_dataset_depth/000000002667-segment-12974838039736660070_4586_990_4606_990_with_camera_labels-100.png 1816 720 73
big_dataset_depth/000000002667-segment-12974838039736660070_4586_990_4606_990_with_camera_labels-100.png 1824 744 86
big_dataset_depth/000000002667-segment-12974838039736660070_4586_990_4606_990_with_camera_labels-100.png 1832 744 86
big_dataset_depth/000000002667-segment-12974838039736660070_4586_990_4606_990_with_camera_labels-100.png 1840 736 88
big_dataset_depth/000000002667-segment-12974838039736660070_4586_990_4606_990_with_camera_labels-100.png 1848 744 84
big_dataset_depth/000000002667-segment-12974838039736660070_4586_990_4606_990_with_camera_labels-100.png 1856 752 79
big_dataset_depth/000000002667-segment-12974838039736660070_4586_990_4606_990_with_camera_labels-100.png 1864 760 79
big_dataset_depth/000000002667-segment-12974838039736660070_4586_990_4606_990_with_camera_labels-100.png 1872 760 78
big_dataset_depth/000000002667-segment-12974838039736660070_4586_990_4606_990_with_camera_labels-100.png 1880 768 69
big_dataset_depth/000000002667-segment-12974838039736660070_4586_990_4606_990_with_camera_labels-100.png 1888 776 61
big_dataset_depth/000000002667-segment-12974838039736660070_4586_990_4606_990_with_camera_labels-100.png 1896 776 61
big_dataset_depth/000000002667-segment-12974838039736660070_4586_990_4606_990_with_camera_labels-100.png 1904 752 79
big_dataset_depth/000000002667-segment-12974838039736660070_4586_990_4606_990_with_camera_labels-100.png 1912 736 81
