big_dataset_depth/000000002705-segment-12988666890418932775_5516_730_5536_730_with_camera_labels-80.png 0 864 17
big_dataset_depth/000000002705-segment-12988666890418932775_5516_730_5536_730_with_camera_labels-80.png 24 1016 19
big_dataset_depth/000000002705-segment-12988666890418932775_5516_730_5536_730_with_camera_labels-80.png 40 1008 19
big_dataset_depth/000000002705-segment-12988666890418932775_5516_730_5536_730_with_camera_labels-80.png 48 1008 19
big_dataset_depth/000000002705-segment-12988666890418932775_5516_730_5536_730_with_camera_labels-80.png 56 1024 19
big_dataset_depth/000000002705-segment-12988666890418932775_5516_730_5536_730_with_camera_labels-80.png 64 1048 19
big_dataset_depth/000000002705-segment-12988666890418932775_5516_730_5536_730_with_camera_labels-80.png 72 1040 19
big_dataset_depth/000000002705-segment-12988666890418932775_5516_730_5536_730_with_camera_labels-80.png 80 824 66
big_dataset_depth/000000002705-segment-12988666890418932775_5516_730_5536_730_with_camera_labels-80.png 88 872 55
big_dataset_depth/000000002705-segment-12988666890418932775_5516_730_5536_730_with_camera_labels-80.png 96 1016 19
big_dataset_depth/000000002705-segment-12988666890418932775_5516_730_5536_730_with_camera_labels-80.png 104 1024 19
big_dataset_depth/000000002705-segment-12988666890418932775_5516_730_5536_730_with_camera_labels-80.png 112 928 43
big_dataset_depth/000000002705-segment-12988666890418932775_5516_730_5536_730_with_camera_labels-80.png 120 1024 19
big_dataset_depth/000000002705-segment-12988666890418932775_5516_730_5536_730_with_camera_labels-80.png 128 856 54
big_dataset_depth/000000002705-segment-12988666890418932775_5516_730_5536_730_with_camera_labels-80.png 144 784 64
big_dataset_depth/000000002705-segment-12988666890418932775_5516_730_5536_730_with_camera_labels-80.png 160 968 24
big_dataset_depth/000000002705-segment-12988666890418932775_5516_730_5536_730_with_camera_labels-80.png 168 968 24
big_dataset_depth/000000002705-segment-12988666890418932775_5516_730_5536_730_with_camera_labels-80.png 176 968 23
big_dataset_depth/000000002705-segment-12988666890418932775_5516_730_5536_730_with_camera_labels-80.png 184 968 23
big_dataset_depth/000000002705-segment-12988666890418932775_5516_730_5536_730_with_camera_labels-80.png 192 944 24
big_dataset_depth/000000002705-segment-12988666890418932775_5516_730_5536_730_with_camera_labels-80.png 200 968 24
big_dataset_depth/000000002705-segment-12988666890418932775_5516_730_5536_730_with_camera_labels-80.png 208 960 24
big_dataset_depth/000000002705-segment-12988666890418932775_5516_730_5536_730_with_camera_labels-80.png 216 944 24
big_dataset_depth/000000002705-segment-12988666890418932775_5516_730_5536_730_with_camera_labels-80.png 224 1000 21
big_dataset_depth/000000002705-segment-12988666890418932775_5516_730_5536_730_with_camera_labels-80.png 232 928 24
big_dataset_depth/000000002705-segment-12988666890418932775_5516_730_5536_730_with_camera_labels-80.png 240 944 23
big_dataset_depth/000000002705-segment-12988666890418932775_5516_730_5536_730_with_camera_labels-80.png 248 944 24
big_dataset_depth/000000002705-segment-12988666890418932775_5516_730_5536_730_with_camera_labels-80.png 256 944 24
big_dataset_depth/000000002705-segment-12988666890418932775_5516_730_5536_730_with_camera_labels-80.png 264 1016 20
big_dataset_depth/000000002705-segment-12988666890418932775_5516_730_5536_730_with_camera_labels-80.png 272 944 24
big_dataset_depth/000000002705-segment-12988666890418932775_5516_730_5536_730_with_camera_labels-80.png 280 776 68
big_dataset_depth/000000002705-segment-12988666890418932775_5516_730_5536_730_with_camera_labels-80.png 288 952 22
big_dataset_depth/000000002705-segment-12988666890418932775_5516_730_5536_730_with_camera_labels-80.png 296 960 21
big_dataset_depth/000000002705-segment-12988666890418932775_5516_730_5536_730_with_camera_labels-80.png 304 936 23
big_dataset_depth/000000002705-segment-12988666890418932775_5516_730_5536_730_with_camera_labels-80.png 312 936 21
big_dataset_depth/000000002705-segment-12988666890418932775_5516_730_5536_730_with_camera_labels-80.png 320 992 20
big_dataset_depth/000000002705-segment-12988666890418932775_5516_730_5536_730_with_camera_labels-80.png 328 1008 20
big_dataset_depth/000000002705-segment-12988666890418932775_5516_730_5536_730_with_camera_labels-80.png 336 1032 19
big_dataset_depth/000000002705-segment-12988666890418932775_5516_730_5536_730_with_camera_labels-80.png 352 992 20
big_dataset_depth/000000002705-segment-12988666890418932775_5516_730_5536_730_with_camera_labels-80.png 360 1024 19
big_dataset_depth/000000002705-segment-12988666890418932775_5516_730_5536_730_with_camera_labels-80.png 368 1264 13
big_dataset_depth/000000002705-segment-12988666890418932775_5516_730_5536_730_with_camera_labels-80.png 376 1240 14
big_dataset_depth/000000002705-segment-12988666890418932775_5516_730_5536_730_with_camera_labels-80.png 384 1048 18
big_dataset_depth/000000002705-segment-12988666890418932775_5516_730_5536_730_with_camera_labels-80.png 392 1104 17
big_dataset_depth/000000002705-segment-12988666890418932775_5516_730_5536_730_with_camera_labels-80.png 400 1096 17
big_dataset_depth/000000002705-segment-12988666890418932775_5516_730_5536_730_with_camera_labels-80.png 408 1240 14
big_dataset_depth/000000002705-segment-12988666890418932775_5516_730_5536_730_with_camera_labels-80.png 424 1208 15
big_dataset_depth/000000002705-segment-12988666890418932775_5516_730_5536_730_with_camera_labels-80.png 432 1208 15
big_dataset_depth/000000002705-segment-12988666890418932775_5516_730_5536_730_with_camera_labels-80.png 440 1192 15
big_dataset_depth/000000002705-segment-12988666890418932775_5516_730_5536_730_with_camera_labels-80.png 448 1192 15
big_dataset_depth/000000002705-segment-12988666890418932775_5516_730_5536_730_with_camera_labels-80.png 456 1096 18
big_dataset_depth/000000002705-segment-12988666890418932775_5516_730_5536_730_with_camera_labels-80.png 464 1160 15
big_dataset_depth/000000002705-segment-12988666890418932775_5516_730_5536_730_with_camera_labels-80.png 472 1160 16
big_dataset_depth/000000002705-segment-12988666890418932775_5516_730_5536_730_with_camera_labels-80.png 480 1160 16
big_dataset_depth/000000002705-segment-12988666890418932775_5516_730_5536_730_with_camera_labels-80.png 488 1152 16
big_dataset_depth/000000002705-segment-12988666890418932775_5516_730_5536_730_with_camera_labels-80.png 496 1144 16
big_dataset_depth/000000002705-segment-12988666890418932775_5516_730_5536_730_with_camera_labels-80.png 504 1136 16
big_dataset_depth/000000002705-segment-12988666890418932775_5516_730_5536_730_with_camera_labels-80.png 528 984 22
big_dataset_depth/000000002705-segment-12988666890418932775_5516_730_5536_730_with_camera_labels-80.png 536 1096 17
big_dataset_depth/000000002705-segment-12988666890418932775_5516_730_5536_730_with_camera_labels-80.png 544 888 26
big_dataset_depth/000000002705-segment-12988666890418932775_5516_730_5536_730_with_camera_labels-80.png 552 984 22
big_dataset_depth/000000002705-segment-12988666890418932775_5516_730_5536_730_with_camera_labels-80.png 560 1072 18
big_dataset_depth/000000002705-segment-12988666890418932775_5516_730_5536_730_with_camera_labels-80.png 568 1056 19
big_dataset_depth/000000002705-segment-12988666890418932775_5516_730_5536_730_with_camera_labels-80.png 576 920 26
big_dataset_depth/000000002705-segment-12988666890418932775_5516_730_5536_730_with_camera_labels-80.png 584 1032 19
big_dataset_depth/000000002705-segment-12988666890418932775_5516_730_5536_730_with_camera_labels-80.png 592 1032 20
big_dataset_depth/000000002705-segment-12988666890418932775_5516_730_5536_730_with_camera_labels-80.png 600 1032 20
big_dataset_depth/000000002705-segment-12988666890418932775_5516_730_5536_730_with_camera_labels-80.png 608 840 29
big_dataset_depth/000000002705-segment-12988666890418932775_5516_730_5536_730_with_camera_labels-80.png 616 648 38
big_dataset_depth/000000002705-segment-12988666890418932775_5516_730_5536_730_with_camera_labels-80.png 624 1008 21
big_dataset_depth/000000002705-segment-12988666890418932775_5516_730_5536_730_with_camera_labels-80.png 648 984 22
big_dataset_depth/000000002705-segment-12988666890418932775_5516_730_5536_730_with_camera_labels-80.png 680 944 25
big_dataset_depth/000000002705-segment-12988666890418932775_5516_730_5536_730_with_camera_labels-80.png 688 944 25
big_dataset_depth/000000002705-segment-12988666890418932775_5516_730_5536_730_with_camera_labels-80.png 704 584 38
big_dataset_depth/000000002705-segment-12988666890418932775_5516_730_5536_730_with_camera_labels-80.png 712 920 28
big_dataset_depth/000000002705-segment-12988666890418932775_5516_730_5536_730_with_camera_labels-80.png 720 920 28
big_dataset_depth/000000002705-segment-12988666890418932775_5516_730_5536_730_with_camera_labels-80.png 728 760 40
big_dataset_depth/000000002705-segment-12988666890418932775_5516_730_5536_730_with_camera_labels-80.png 736 816 40
big_dataset_depth/000000002705-segment-12988666890418932775_5516_730_5536_730_with_camera_labels-80.png 744 824 40
big_dataset_depth/000000002705-segment-12988666890418932775_5516_730_5536_730_with_camera_labels-80.png 752 872 33
big_dataset_depth/000000002705-segment-12988666890418932775_5516_730_5536_730_with_camera_labels-80.png 760 832 39
big_dataset_depth/000000002705-segment-12988666890418932775_5516_730_5536_730_with_camera_labels-80.png 920 720 90
big_dataset_depth/000000002705-segment-12988666890418932775_5516_730_5536_730_with_camera_labels-80.png 928 720 90
big_dataset_depth/000000002705-segment-12988666890418932775_5516_730_5536_730_with_camera_labels-80.png 936 720 90
big_dataset_depth/000000002705-segment-12988666890418932775_5516_730_5536_730_with_camera_labels-80.png 944 720 90
big_dataset_depth/000000002705-segment-12988666890418932775_5516_730_5536_730_with_camera_labels-80.png 952 720 90
big_dataset_depth/000000002705-segment-12988666890418932775_5516_730_5536_730_with_camera_labels-80.png 960 720 90
big_dataset_depth/000000002705-segment-12988666890418932775_5516_730_5536_730_with_camera_labels-80.png 968 720 90
big_dataset_depth/000000002705-segment-12988666890418932775_5516_730_5536_730_with_camera_labels-80.png 976 720 90
big_dataset_depth/000000002705-segment-12988666890418932775_5516_730_5536_730_with_camera_labels-80.png 1344 736 97
big_dataset_depth/000000002705-segment-12988666890418932775_5516_730_5536_730_with_camera_labels-80.png 1352 736 97
big_dataset_depth/000000002705-segment-12988666890418932775_5516_730_5536_730_with_camera_labels-80.png 1360 736 97
big_dataset_depth/000000002705-segment-12988666890418932775_5516_730_5536_730_with_camera_labels-80.png 1368 736 97
big_dataset_depth/000000002705-segment-12988666890418932775_5516_730_5536_730_with_camera_labels-80.png 1376 736 97
big_dataset_depth/000000002705-segment-12988666890418932775_5516_730_5536_730_with_camera_labels-80.png 1384 736 97
big_dataset_depth/000000002705-segment-12988666890418932775_5516_730_5536_730_with_camera_labels-80.png 1392 728 97
big_dataset_depth/000000002705-segment-12988666890418932775_5516_730_5536_730_with_camera_labels-80.png 1400 736 85
big_dataset_depth/000000002705-segment-12988666890418932775_5516_730_5536_730_with_camera_labels-80.png 1408 744 85
big_dataset_depth/000000002705-segment-12988666890418932775_5516_730_5536_730_with_camera_labels-80.png 1416 752 85
big_dataset_depth/000000002705-segment-12988666890418932775_5516_730_5536_730_with_camera_labels-80.png 1424 752 84
big_dataset_depth/000000002705-segment-12988666890418932775_5516_730_5536_730_with_camera_labels-80.png 1432 752 84
big_dataset_depth/000000002705-segment-12988666890418932775_5516_730_5536_730_with_camera_labels-80.png 1440 744 85
big_dataset_depth/000000002705-segment-12988666890418932775_5516_730_5536_730_with_camera_labels-80.png 1448 744 85
big_dataset_depth/000000002705-segment-12988666890418932775_5516_730_5536_730_with_camera_labels-80.png 1456 752 84
big_dataset_depth/000000002705-segment-12988666890418932775_5516_730_5536_730_with_camera_labels-80.png 1464 744 85
big_dataset_depth/000000002705-segment-12988666890418932775_5516_730_5536_730_with_camera_labels-80.png 1472 728 85
big_dataset_depth/000000002705-segment-12988666890418932775_5516_730_5536_730_with_camera_labels-80.png 1480 728 87
big_dataset_depth/000000002705-segment-12988666890418932775_5516_730_5536_730_with_camera_labels-80.png 1488 736 87
big_dataset_depth/000000002705-segment-12988666890418932775_5516_730_5536_730_with_camera_labels-80.png 1496 728 89
big_dataset_depth/000000002705-segment-12988666890418932775_5516_730_5536_730_with_camera_labels-80.png 1512 736 87
big_dataset_depth/000000002705-segment-12988666890418932775_5516_730_5536_730_with_camera_labels-80.png 1520 744 85
big_dataset_depth/000000002705-segment-12988666890418932775_5516_730_5536_730_with_camera_labels-80.png 1528 736 81
big_dataset_depth/000000002705-segment-12988666890418932775_5516_730_5536_730_with_camera_labels-80.png 1536 752 81
big_dataset_depth/000000002705-segment-12988666890418932775_5516_730_5536_730_with_camera_labels-80.png 1544 752 81
big_dataset_depth/000000002705-segment-12988666890418932775_5516_730_5536_730_with_camera_labels-80.png 1552 736 81
big_dataset_depth/000000002705-segment-12988666890418932775_5516_730_5536_730_with_camera_labels-80.png 1560 784 60
big_dataset_depth/000000002705-segment-12988666890418932775_5516_730_5536_730_with_camera_labels-80.png 1568 784 60
big_dataset_depth/000000002705-segment-12988666890418932775_5516_730_5536_730_with_camera_labels-80.png 1576 776 60
big_dataset_depth/000000002705-segment-12988666890418932775_5516_730_5536_730_with_camera_labels-80.png 1584 784 60
big_dataset_depth/000000002705-segment-12988666890418932775_5516_730_5536_730_with_camera_labels-80.png 1592 784 60
big_dataset_depth/000000002705-segment-12988666890418932775_5516_730_5536_730_with_camera_labels-80.png 1600 776 60
big_dataset_depth/000000002705-segment-12988666890418932775_5516_730_5536_730_with_camera_labels-80.png 1608 752 67
big_dataset_depth/000000002705-segment-12988666890418932775_5516_730_5536_730_with_camera_labels-80.png 1616 744 73
big_dataset_depth/000000002705-segment-12988666890418932775_5516_730_5536_730_with_camera_labels-80.png 1624 800 52
big_dataset_depth/000000002705-segment-12988666890418932775_5516_730_5536_730_with_camera_labels-80.png 1632 792 52
big_dataset_depth/000000002705-segment-12988666890418932775_5516_730_5536_730_with_camera_labels-80.png 1640 808 52
big_dataset_depth/000000002705-segment-12988666890418932775_5516_730_5536_730_with_camera_labels-80.png 1648 800 52
big_dataset_depth/000000002705-segment-12988666890418932775_5516_730_5536_730_with_camera_labels-80.png 1656 800 52
big_dataset_depth/000000002705-segment-12988666890418932775_5516_730_5536_730_with_camera_labels-80.png 1664 808 51
big_dataset_depth/000000002705-segment-12988666890418932775_5516_730_5536_730_with_camera_labels-80.png 1672 800 51
big_dataset_depth/000000002705-segment-12988666890418932775_5516_730_5536_730_with_camera_labels-80.png 1680 800 51
big_dataset_depth/000000002705-segment-12988666890418932775_5516_730_5536_730_with_camera_labels-80.png 1688 800 51
big_dataset_depth/000000002705-segment-12988666890418932775_5516_730_5536_730_with_camera_labels-80.png 1696 808 52
big_dataset_depth/000000002705-segment-12988666890418932775_5516_730_5536_730_with_camera_labels-80.png 1704 776 54
big_dataset_depth/000000002705-segment-12988666890418932775_5516_730_5536_730_with_camera_labels-80.png 1712 800 47
big_dataset_depth/000000002705-segment-12988666890418932775_5516_730_5536_730_with_camera_labels-80.png 1720 816 47
big_dataset_depth/000000002705-segment-12988666890418932775_5516_730_5536_730_with_camera_labels-80.png 1728 824 47
big_dataset_depth/000000002705-segment-12988666890418932775_5516_730_5536_730_with_camera_labels-80.png 1736 816 47
big_dataset_depth/000000002705-segment-12988666890418932775_5516_730_5536_730_with_camera_labels-80.png 1744 816 46
big_dataset_depth/000000002705-segment-12988666890418932775_5516_730_5536_730_with_camera_labels-80.png 1752 808 47
big_dataset_depth/000000002705-segment-12988666890418932775_5516_730_5536_730_with_camera_labels-80.png 1760 808 47
big_dataset_depth/000000002705-segment-12988666890418932775_5516_730_5536_730_with_camera_labels-80.png 1768 816 47
big_dataset_depth/000000002705-segment-12988666890418932775_5516_730_5536_730_with_camera_labels-80.png 1776 816 48
big_dataset_depth/000000002705-segment-12988666890418932775_5516_730_5536_730_with_camera_labels-80.png 1784 808 47
big_dataset_depth/000000002705-segment-12988666890418932775_5516_730_5536_730_with_camera_labels-80.png 1792 808 47
big_dataset_depth/000000002705-segment-12988666890418932775_5516_730_5536_730_with_camera_labels-80.png 1800 784 57
big_dataset_depth/000000002705-segment-12988666890418932775_5516_730_5536_730_with_camera_labels-80.png 1808 800 58
big_dataset_depth/000000002705-segment-12988666890418932775_5516_730_5536_730_with_camera_labels-80.png 1816 776 65
big_dataset_depth/000000002705-segment-12988666890418932775_5516_730_5536_730_with_camera_labels-80.png 1824 776 64
big_dataset_depth/000000002705-segment-12988666890418932775_5516_730_5536_730_with_camera_labels-80.png 1832 776 64
big_dataset_depth/000000002705-segment-12988666890418932775_5516_730_5536_730_with_camera_labels-80.png 1840 824 51
big_dataset_depth/000000002705-segment-12988666890418932775_5516_730_5536_730_with_camera_labels-80.png 1848 776 63
big_dataset_depth/000000002705-segment-12988666890418932775_5516_730_5536_730_with_camera_labels-80.png 1856 776 62
big_dataset_depth/000000002705-segment-12988666890418932775_5516_730_5536_730_with_camera_labels-80.png 1864 776 62
big_dataset_depth/000000002705-segment-12988666890418932775_5516_730_5536_730_with_camera_labels-80.png 1872 776 61
big_dataset_depth/000000002705-segment-12988666890418932775_5516_730_5536_730_with_camera_labels-80.png 1880 776 61
big_dataset_depth/000000002705-segment-12988666890418932775_5516_730_5536_730_with_camera_labels-80.png 1896 776 60
big_dataset_depth/000000002705-segment-12988666890418932775_5516_730_5536_730_with_camera_labels-80.png 1904 840 48
big_dataset_depth/000000002705-segment-12988666890418932775_5516_730_5536_730_with_camera_labels-80.png 1912 776 59
