big_dataset_depth/000000003806-segment-14098605172844003779_5084_630_5104_630_with_camera_labels-100.png 0 1000 24
big_dataset_depth/000000003806-segment-14098605172844003779_5084_630_5104_630_with_camera_labels-100.png 8 840 48
big_dataset_depth/000000003806-segment-14098605172844003779_5084_630_5104_630_with_camera_labels-100.png 16 880 44
big_dataset_depth/000000003806-segment-14098605172844003779_5084_630_5104_630_with_camera_labels-100.png 24 864 41
big_dataset_depth/000000003806-segment-14098605172844003779_5084_630_5104_630_with_camera_labels-100.png 32 784 56
big_dataset_depth/000000003806-segment-14098605172844003779_5084_630_5104_630_with_camera_labels-100.png 40 944 25
big_dataset_depth/000000003806-segment-14098605172844003779_5084_630_5104_630_with_camera_labels-100.png 48 840 51
big_dataset_depth/000000003806-segment-14098605172844003779_5084_630_5104_630_with_camera_labels-100.png 56 832 54
big_dataset_depth/000000003806-segment-14098605172844003779_5084_630_5104_630_with_camera_labels-100.png 80 832 53
big_dataset_depth/000000003806-segment-14098605172844003779_5084_630_5104_630_with_camera_labels-100.png 96 816 55
big_dataset_depth/000000003806-segment-14098605172844003779_5084_630_5104_630_with_camera_labels-100.png 104 816 55
big_dataset_depth/000000003806-segment-14098605172844003779_5084_630_5104_630_with_camera_labels-100.png 112 808 59
big_dataset_depth/000000003806-segment-14098605172844003779_5084_630_5104_630_with_camera_labels-100.png 120 792 62
big_dataset_depth/000000003806-segment-14098605172844003779_5084_630_5104_630_with_camera_labels-100.png 128 792 62
big_dataset_depth/000000003806-segment-14098605172844003779_5084_630_5104_630_with_camera_labels-100.png 136 800 60
big_dataset_depth/000000003806-segment-14098605172844003779_5084_630_5104_630_with_camera_labels-100.png 144 816 56
big_dataset_depth/000000003806-segment-14098605172844003779_5084_630_5104_630_with_camera_labels-100.png 152 784 61
big_dataset_depth/000000003806-segment-14098605172844003779_5084_630_5104_630_with_camera_labels-100.png 160 808 61
big_dataset_depth/000000003806-segment-14098605172844003779_5084_630_5104_630_with_camera_labels-100.png 168 800 61
big_dataset_depth/000000003806-segment-14098605172844003779_5084_630_5104_630_with_camera_labels-100.png 176 800 61
big_dataset_depth/000000003806-segment-14098605172844003779_5084_630_5104_630_with_camera_labels-100.png 184 808 60
big_dataset_depth/000000003806-segment-14098605172844003779_5084_630_5104_630_with_camera_labels-100.png 192 800 61
big_dataset_depth/000000003806-segment-14098605172844003779_5084_630_5104_630_with_camera_labels-100.png 200 800 61
big_dataset_depth/000000003806-segment-14098605172844003779_5084_630_5104_630_with_camera_labels-100.png 208 800 61
big_dataset_depth/000000003806-segment-14098605172844003779_5084_630_5104_630_with_camera_labels-100.png 216 800 62
big_dataset_depth/000000003806-segment-14098605172844003779_5084_630_5104_630_with_camera_labels-100.png 224 800 62
big_dataset_depth/000000003806-segment-14098605172844003779_5084_630_5104_630_with_camera_labels-100.png 232 792 63
big_dataset_depth/000000003806-segment-14098605172844003779_5084_630_5104_630_with_camera_labels-100.png 240 792 63
big_dataset_depth/000000003806-segment-14098605172844003779_5084_630_5104_630_with_camera_labels-100.png 248 792 64
big_dataset_depth/000000003806-segment-14098605172844003779_5084_630_5104_630_with_camera_labels-100.png 256 792 65
big_dataset_depth/000000003806-segment-14098605172844003779_5084_630_5104_630_with_camera_labels-100.png 264 792 65
big_dataset_depth/000000003806-segment-14098605172844003779_5084_630_5104_630_with_camera_labels-100.png 272 792 66
big_dataset_depth/000000003806-segment-14098605172844003779_5084_630_5104_630_with_camera_labels-100.png 280 792 66
big_dataset_depth/000000003806-segment-14098605172844003779_5084_630_5104_630_with_camera_labels-100.png 288 784 67
big_dataset_depth/000000003806-segment-14098605172844003779_5084_630_5104_630_with_camera_labels-100.png 296 776 68
big_dataset_depth/000000003806-segment-14098605172844003779_5084_630_5104_630_with_camera_labels-100.png 304 784 68
big_dataset_depth/000000003806-segment-14098605172844003779_5084_630_5104_630_with_camera_labels-100.png 312 776 69
big_dataset_depth/000000003806-segment-14098605172844003779_5084_630_5104_630_with_camera_labels-100.png 320 776 70
big_dataset_depth/000000003806-segment-14098605172844003779_5084_630_5104_630_with_camera_labels-100.png 328 776 71
big_dataset_depth/000000003806-segment-14098605172844003779_5084_630_5104_630_with_camera_labels-100.png 336 776 72
big_dataset_depth/000000003806-segment-14098605172844003779_5084_630_5104_630_with_camera_labels-100.png 344 776 72
big_dataset_depth/000000003806-segment-14098605172844003779_5084_630_5104_630_with_camera_labels-100.png 352 776 73
big_dataset_depth/000000003806-segment-14098605172844003779_5084_630_5104_630_with_camera_labels-100.png 360 776 74
big_dataset_depth/000000003806-segment-14098605172844003779_5084_630_5104_630_with_camera_labels-100.png 368 776 75
big_dataset_depth/000000003806-segment-14098605172844003779_5084_630_5104_630_with_camera_labels-100.png 376 776 73
big_dataset_depth/000000003806-segment-14098605172844003779_5084_630_5104_630_with_camera_labels-100.png 384 768 77
big_dataset_depth/000000003806-segment-14098605172844003779_5084_630_5104_630_with_camera_labels-100.png 392 776 74
big_dataset_depth/000000003806-segment-14098605172844003779_5084_630_5104_630_with_camera_labels-100.png 400 768 79
big_dataset_depth/000000003806-segment-14098605172844003779_5084_630_5104_630_with_camera_labels-100.png 408 768 79
big_dataset_depth/000000003806-segment-14098605172844003779_5084_630_5104_630_with_camera_labels-100.png 416 768 81
big_dataset_depth/000000003806-segment-14098605172844003779_5084_630_5104_630_with_camera_labels-100.png 424 768 82
big_dataset_depth/000000003806-segment-14098605172844003779_5084_630_5104_630_with_camera_labels-100.png 432 760 83
big_dataset_depth/000000003806-segment-14098605172844003779_5084_630_5104_630_with_camera_labels-100.png 440 760 84
big_dataset_depth/000000003806-segment-14098605172844003779_5084_630_5104_630_with_camera_labels-100.png 448 760 85
big_dataset_depth/000000003806-segment-14098605172844003779_5084_630_5104_630_with_camera_labels-100.png 456 752 87
big_dataset_depth/000000003806-segment-14098605172844003779_5084_630_5104_630_with_camera_labels-100.png 464 760 88
big_dataset_depth/000000003806-segment-14098605172844003779_5084_630_5104_630_with_camera_labels-100.png 472 760 89
big_dataset_depth/000000003806-segment-14098605172844003779_5084_630_5104_630_with_camera_labels-100.png 480 760 90
big_dataset_depth/000000003806-segment-14098605172844003779_5084_630_5104_630_with_camera_labels-100.png 488 744 102
big_dataset_depth/000000003806-segment-14098605172844003779_5084_630_5104_630_with_camera_labels-100.png 496 744 102
big_dataset_depth/000000003806-segment-14098605172844003779_5084_630_5104_630_with_camera_labels-100.png 504 744 102
big_dataset_depth/000000003806-segment-14098605172844003779_5084_630_5104_630_with_camera_labels-100.png 512 744 102
big_dataset_depth/000000003806-segment-14098605172844003779_5084_630_5104_630_with_camera_labels-100.png 520 744 102
big_dataset_depth/000000003806-segment-14098605172844003779_5084_630_5104_630_with_camera_labels-100.png 528 744 103
big_dataset_depth/000000003806-segment-14098605172844003779_5084_630_5104_630_with_camera_labels-100.png 536 744 100
big_dataset_depth/000000003806-segment-14098605172844003779_5084_630_5104_630_with_camera_labels-100.png 544 736 102
big_dataset_depth/000000003806-segment-14098605172844003779_5084_630_5104_630_with_camera_labels-100.png 552 712 103
big_dataset_depth/000000003806-segment-14098605172844003779_5084_630_5104_630_with_camera_labels-100.png 560 688 103
big_dataset_depth/000000003806-segment-14098605172844003779_5084_630_5104_630_with_camera_labels-100.png 1208 760 84
big_dataset_depth/000000003806-segment-14098605172844003779_5084_630_5104_630_with_camera_labels-100.png 1216 760 89
big_dataset_depth/000000003806-segment-14098605172844003779_5084_630_5104_630_with_camera_labels-100.png 1232 776 76
big_dataset_depth/000000003806-segment-14098605172844003779_5084_630_5104_630_with_camera_labels-100.png 1240 712 93
big_dataset_depth/000000003806-segment-14098605172844003779_5084_630_5104_630_with_camera_labels-100.png 1248 744 99
big_dataset_depth/000000003806-segment-14098605172844003779_5084_630_5104_630_with_camera_labels-100.png 1256 752 93
big_dataset_depth/000000003806-segment-14098605172844003779_5084_630_5104_630_with_camera_labels-100.png 1264 744 97
big_dataset_depth/000000003806-segment-14098605172844003779_5084_630_5104_630_with_camera_labels-100.png 1272 752 91
big_dataset_depth/000000003806-segment-14098605172844003779_5084_630_5104_630_with_camera_labels-100.png 1280 752 92
big_dataset_depth/000000003806-segment-14098605172844003779_5084_630_5104_630_with_camera_labels-100.png 1288 744 95
big_dataset_depth/000000003806-segment-14098605172844003779_5084_630_5104_630_with_camera_labels-100.png 1296 672 85
big_dataset_depth/000000003806-segment-14098605172844003779_5084_630_5104_630_with_camera_labels-100.png 1304 752 86
big_dataset_depth/000000003806-segment-14098605172844003779_5084_630_5104_630_with_camera_labels-100.png 1312 744 91
big_dataset_depth/000000003806-segment-14098605172844003779_5084_630_5104_630_with_camera_labels-100.png 1320 744 89
big_dataset_depth/000000003806-segment-14098605172844003779_5084_630_5104_630_with_camera_labels-100.png 1328 744 87
big_dataset_depth/000000003806-segment-14098605172844003779_5084_630_5104_630_with_camera_labels-100.png 1336 752 83
big_dataset_depth/000000003806-segment-14098605172844003779_5084_630_5104_630_with_camera_labels-100.png 1344 744 84
big_dataset_depth/000000003806-segment-14098605172844003779_5084_630_5104_630_with_camera_labels-100.png 1352 752 82
big_dataset_depth/000000003806-segment-14098605172844003779_5084_630_5104_630_with_camera_labels-100.png 1360 752 81
big_dataset_depth/000000003806-segment-14098605172844003779_5084_630_5104_630_with_camera_labels-100.png 1368 752 79
big_dataset_depth/000000003806-segment-14098605172844003779_5084_630_5104_630_with_camera_labels-100.png 1376 760 76
big_dataset_depth/000000003806-segment-14098605172844003779_5084_630_5104_630_with_camera_labels-100.png 1384 760 76
big_dataset_depth/000000003806-segment-14098605172844003779_5084_630_5104_630_with_camera_labels-100.png 1392 760 75
big_dataset_depth/000000003806-segment-14098605172844003779_5084_630_5104_630_with_camera_labels-100.png 1400 768 74
big_dataset_depth/000000003806-segment-14098605172844003779_5084_630_5104_630_with_camera_labels-100.png 1408 768 73
big_dataset_depth/000000003806-segment-14098605172844003779_5084_630_5104_630_with_camera_labels-100.png 1416 768 71
big_dataset_depth/000000003806-segment-14098605172844003779_5084_630_5104_630_with_camera_labels-100.png 1424 768 70
big_dataset_depth/000000003806-segment-14098605172844003779_5084_630_5104_630_with_camera_labels-100.png 1432 768 69
big_dataset_depth/000000003806-segment-14098605172844003779_5084_630_5104_630_with_camera_labels-100.png 1440 768 68
big_dataset_depth/000000003806-segment-14098605172844003779_5084_630_5104_630_with_camera_labels-100.png 1448 768 67
big_dataset_depth/000000003806-segment-14098605172844003779_5084_630_5104_630_with_camera_labels-100.png 1456 784 64
big_dataset_depth/000000003806-segment-14098605172844003779_5084_630_5104_630_with_camera_labels-100.png 1464 784 61
big_dataset_depth/000000003806-segment-14098605172844003779_5084_630_5104_630_with_camera_labels-100.png 1472 768 61
big_dataset_depth/000000003806-segment-14098605172844003779_5084_630_5104_630_with_camera_labels-100.png 1480 776 63
big_dataset_depth/000000003806-segment-14098605172844003779_5084_630_5104_630_with_camera_labels-100.png 1488 768 62
big_dataset_depth/000000003806-segment-14098605172844003779_5084_630_5104_630_with_camera_labels-100.png 1496 768 62
big_dataset_depth/000000003806-segment-14098605172844003779_5084_630_5104_630_with_camera_labels-100.png 1504 776 61
big_dataset_depth/000000003806-segment-14098605172844003779_5084_630_5104_630_with_camera_labels-100.png 1512 784 60
big_dataset_depth/000000003806-segment-14098605172844003779_5084_630_5104_630_with_camera_labels-100.png 1520 792 58
big_dataset_depth/000000003806-segment-14098605172844003779_5084_630_5104_630_with_camera_labels-100.png 1528 784 58
big_dataset_depth/000000003806-segment-14098605172844003779_5084_630_5104_630_with_camera_labels-100.png 1536 784 54
big_dataset_depth/000000003806-segment-14098605172844003779_5084_630_5104_630_with_camera_labels-100.png 1560 800 54
big_dataset_depth/000000003806-segment-14098605172844003779_5084_630_5104_630_with_camera_labels-100.png 1584 776 56
big_dataset_depth/000000003806-segment-14098605172844003779_5084_630_5104_630_with_camera_labels-100.png 1592 1128 17
big_dataset_depth/000000003806-segment-14098605172844003779_5084_630_5104_630_with_camera_labels-100.png 1600 1016 31
big_dataset_depth/000000003806-segment-14098605172844003779_5084_630_5104_630_with_camera_labels-100.png 1608 968 36
big_dataset_depth/000000003806-segment-14098605172844003779_5084_630_5104_630_with_camera_labels-100.png 1624 1152 16
big_dataset_depth/000000003806-segment-14098605172844003779_5084_630_5104_630_with_camera_labels-100.png 1632 1032 28
big_dataset_depth/000000003806-segment-14098605172844003779_5084_630_5104_630_with_camera_labels-100.png 1640 920 40
big_dataset_depth/000000003806-segment-14098605172844003779_5084_630_5104_630_with_camera_labels-100.png 1648 1152 16
big_dataset_depth/000000003806-segment-14098605172844003779_5084_630_5104_630_with_camera_labels-100.png 1656 816 52
big_dataset_depth/000000003806-segment-14098605172844003779_5084_630_5104_630_with_camera_labels-100.png 1664 1176 15
big_dataset_depth/000000003806-segment-14098605172844003779_5084_630_5104_630_with_camera_labels-100.png 1672 968 33
big_dataset_depth/000000003806-segment-14098605172844003779_5084_630_5104_630_with_camera_labels-100.png 1680 824 49
big_dataset_depth/000000003806-segment-14098605172844003779_5084_630_5104_630_with_camera_labels-100.png 1688 816 48
big_dataset_depth/000000003806-segment-14098605172844003779_5084_630_5104_630_with_camera_labels-100.png 1696 1200 15
big_dataset_depth/000000003806-segment-14098605172844003779_5084_630_5104_630_with_camera_labels-100.png 1704 1200 15
big_dataset_depth/000000003806-segment-14098605172844003779_5084_630_5104_630_with_camera_labels-100.png 1720 816 48
big_dataset_depth/000000003806-segment-14098605172844003779_5084_630_5104_630_with_camera_labels-100.png 1760 1040 18
big_dataset_depth/000000003806-segment-14098605172844003779_5084_630_5104_630_with_camera_labels-100.png 1768 1080 18
big_dataset_depth/000000003806-segment-14098605172844003779_5084_630_5104_630_with_camera_labels-100.png 1776 1040 18
big_dataset_depth/000000003806-segment-14098605172844003779_5084_630_5104_630_with_camera_labels-100.png 1784 840 43
big_dataset_depth/000000003806-segment-14098605172844003779_5084_630_5104_630_with_camera_labels-100.png 1816 1224 14
big_dataset_depth/000000003806-segment-14098605172844003779_5084_630_5104_630_with_camera_labels-100.png 1824 1232 14
big_dataset_depth/000000003806-segment-14098605172844003779_5084_630_5104_630_with_camera_labels-100.png 1832 1216 14
big_dataset_depth/000000003806-segment-14098605172844003779_5084_630_5104_630_with_camera_labels-100.png 1840 1016 29
big_dataset_depth/000000003806-segment-14098605172844003779_5084_630_5104_630_with_camera_labels-100.png 1848 1008 33
big_dataset_depth/000000003806-segment-14098605172844003779_5084_630_5104_630_with_camera_labels-100.png 1856 1160 15
big_dataset_depth/000000003806-segment-14098605172844003779_5084_630_5104_630_with_camera_labels-100.png 1864 1104 23
big_dataset_depth/000000003806-segment-14098605172844003779_5084_630_5104_630_with_camera_labels-100.png 1872 1128 17
big_dataset_depth/000000003806-segment-14098605172844003779_5084_630_5104_630_with_camera_labels-100.png 1880 984 31
big_dataset_depth/000000003806-segment-14098605172844003779_5084_630_5104_630_with_camera_labels-100.png 1888 1128 17
big_dataset_depth/000000003806-segment-14098605172844003779_5084_630_5104_630_with_camera_labels-100.png 1896 992 31
big_dataset_depth/000000003806-segment-14098605172844003779_5084_630_5104_630_with_camera_labels-100.png 1904 968 35
big_dataset_depth/000000003806-segment-14098605172844003779_5084_630_5104_630_with_camera_labels-100.png 1912 944 37
