big_dataset_depth/000000001858-segment-11967272535264406807_580_000_600_000_with_camera_labels-190.png 0 992 35
big_dataset_depth/000000001858-segment-11967272535264406807_580_000_600_000_with_camera_labels-190.png 8 912 52
big_dataset_depth/000000001858-segment-11967272535264406807_580_000_600_000_with_camera_labels-190.png 16 1096 33
big_dataset_depth/000000001858-segment-11967272535264406807_580_000_600_000_with_camera_labels-190.png 24 1264 12
big_dataset_depth/000000001858-segment-11967272535264406807_580_000_600_000_with_camera_labels-190.png 32 832 46
big_dataset_depth/000000001858-segment-11967272535264406807_580_000_600_000_with_camera_labels-190.png 40 1256 12
big_dataset_depth/000000001858-segment-11967272535264406807_580_000_600_000_with_camera_labels-190.png 48 1256 12
big_dataset_depth/000000001858-segment-11967272535264406807_580_000_600_000_with_camera_labels-190.png 56 1256 12
big_dataset_depth/000000001858-segment-11967272535264406807_580_000_600_000_with_camera_labels-190.png 64 952 46
big_dataset_depth/000000001858-segment-11967272535264406807_580_000_600_000_with_camera_labels-190.png 72 1256 12
big_dataset_depth/000000001858-segment-11967272535264406807_580_000_600_000_with_camera_labels-190.png 80 1256 12
big_dataset_depth/000000001858-segment-11967272535264406807_580_000_600_000_with_camera_labels-190.png 88 1256 12
big_dataset_depth/000000001858-segment-11967272535264406807_580_000_600_000_with_camera_labels-190.png 96 768 75
big_dataset_depth/000000001858-segment-11967272535264406807_580_000_600_000_with_camera_labels-190.png 104 960 51
big_dataset_depth/000000001858-segment-11967272535264406807_580_000_600_000_with_camera_labels-190.png 112 1264 13
big_dataset_depth/000000001858-segment-11967272535264406807_580_000_600_000_with_camera_labels-190.png 120 968 52
big_dataset_depth/000000001858-segment-11967272535264406807_580_000_600_000_with_camera_labels-190.png 128 1280 13
big_dataset_depth/000000001858-segment-11967272535264406807_580_000_600_000_with_camera_labels-190.png 136 1280 13
big_dataset_depth/000000001858-segment-11967272535264406807_580_000_600_000_with_camera_labels-190.png 144 928 62
big_dataset_depth/000000001858-segment-11967272535264406807_580_000_600_000_with_camera_labels-190.png 152 928 63
big_dataset_depth/000000001858-segment-11967272535264406807_580_000_600_000_with_camera_labels-190.png 160 1272 13
big_dataset_depth/000000001858-segment-11967272535264406807_580_000_600_000_with_camera_labels-190.png 168 1248 13
big_dataset_depth/000000001858-segment-11967272535264406807_580_000_600_000_with_camera_labels-190.png 184 1248 13
big_dataset_depth/000000001858-segment-11967272535264406807_580_000_600_000_with_camera_labels-190.png 304 720 100
big_dataset_depth/000000001858-segment-11967272535264406807_580_000_600_000_with_camera_labels-190.png 312 752 82
big_dataset_depth/000000001858-segment-11967272535264406807_580_000_600_000_with_camera_labels-190.png 320 752 75
big_dataset_depth/000000001858-segment-11967272535264406807_580_000_600_000_with_camera_labels-190.png 328 736 82
big_dataset_depth/000000001858-segment-11967272535264406807_580_000_600_000_with_camera_labels-190.png 336 720 75
big_dataset_depth/000000001858-segment-11967272535264406807_580_000_600_000_with_camera_labels-190.png 344 728 86
big_dataset_depth/000000001858-segment-11967272535264406807_580_000_600_000_with_camera_labels-190.png 352 728 82
big_dataset_depth/000000001858-segment-11967272535264406807_580_000_600_000_with_camera_labels-190.png 360 744 82
big_dataset_depth/000000001858-segment-11967272535264406807_580_000_600_000_with_camera_labels-190.png 368 720 85
big_dataset_depth/000000001858-segment-11967272535264406807_580_000_600_000_with_camera_labels-190.png 376 712 97
big_dataset_depth/000000001858-segment-11967272535264406807_580_000_600_000_with_camera_labels-190.png 384 720 99
big_dataset_depth/000000001858-segment-11967272535264406807_580_000_600_000_with_camera_labels-190.png 392 704 106
big_dataset_depth/000000001858-segment-11967272535264406807_580_000_600_000_with_camera_labels-190.png 400 712 104
big_dataset_depth/000000001858-segment-11967272535264406807_580_000_600_000_with_camera_labels-190.png 408 664 95
big_dataset_depth/000000001858-segment-11967272535264406807_580_000_600_000_with_camera_labels-190.png 416 736 81
big_dataset_depth/000000001858-segment-11967272535264406807_580_000_600_000_with_camera_labels-190.png 424 720 81
big_dataset_depth/000000001858-segment-11967272535264406807_580_000_600_000_with_camera_labels-190.png 440 728 87
big_dataset_depth/000000001858-segment-11967272535264406807_580_000_600_000_with_camera_labels-190.png 448 752 76
big_dataset_depth/000000001858-segment-11967272535264406807_580_000_600_000_with_camera_labels-190.png 456 752 79
big_dataset_depth/000000001858-segment-11967272535264406807_580_000_600_000_with_camera_labels-190.png 464 736 80
big_dataset_depth/000000001858-segment-11967272535264406807_580_000_600_000_with_camera_labels-190.png 472 736 80
big_dataset_depth/000000001858-segment-11967272535264406807_580_000_600_000_with_camera_labels-190.png 480 728 90
big_dataset_depth/000000001858-segment-11967272535264406807_580_000_600_000_with_camera_labels-190.png 488 624 88
big_dataset_depth/000000001858-segment-11967272535264406807_580_000_600_000_with_camera_labels-190.png 496 696 103
big_dataset_depth/000000001858-segment-11967272535264406807_580_000_600_000_with_camera_labels-190.png 504 744 71
big_dataset_depth/000000001858-segment-11967272535264406807_580_000_600_000_with_camera_labels-190.png 512 816 32
big_dataset_depth/000000001858-segment-11967272535264406807_580_000_600_000_with_camera_labels-190.png 520 792 53
big_dataset_depth/000000001858-segment-11967272535264406807_580_000_600_000_with_camera_labels-190.png 528 848 32
big_dataset_depth/000000001858-segment-11967272535264406807_580_000_600_000_with_camera_labels-190.png 536 832 32
big_dataset_depth/000000001858-segment-11967272535264406807_580_000_600_000_with_camera_labels-190.png 544 832 33
big_dataset_depth/000000001858-segment-11967272535264406807_580_000_600_000_with_camera_labels-190.png 552 824 34
big_dataset_depth/000000001858-segment-11967272535264406807_580_000_600_000_with_camera_labels-190.png 560 816 32
big_dataset_depth/000000001858-segment-11967272535264406807_580_000_600_000_with_camera_labels-190.png 568 816 33
big_dataset_depth/000000001858-segment-11967272535264406807_580_000_600_000_with_camera_labels-190.png 576 816 32
big_dataset_depth/000000001858-segment-11967272535264406807_580_000_600_000_with_camera_labels-190.png 584 808 32
big_dataset_depth/000000001858-segment-11967272535264406807_580_000_600_000_with_camera_labels-190.png 592 816 32
big_dataset_depth/000000001858-segment-11967272535264406807_580_000_600_000_with_camera_labels-190.png 600 816 32
big_dataset_depth/000000001858-segment-11967272535264406807_580_000_600_000_with_camera_labels-190.png 608 816 33
big_dataset_depth/000000001858-segment-11967272535264406807_580_000_600_000_with_camera_labels-190.png 616 816 32
big_dataset_depth/000000001858-segment-11967272535264406807_580_000_600_000_with_camera_labels-190.png 624 816 33
big_dataset_depth/000000001858-segment-11967272535264406807_580_000_600_000_with_camera_labels-190.png 632 800 32
big_dataset_depth/000000001858-segment-11967272535264406807_580_000_600_000_with_camera_labels-190.png 640 816 32
big_dataset_depth/000000001858-segment-11967272535264406807_580_000_600_000_with_camera_labels-190.png 648 808 32
big_dataset_depth/000000001858-segment-11967272535264406807_580_000_600_000_with_camera_labels-190.png 656 800 32
big_dataset_depth/000000001858-segment-11967272535264406807_580_000_600_000_with_camera_labels-190.png 664 840 32
big_dataset_depth/000000001858-segment-11967272535264406807_580_000_600_000_with_camera_labels-190.png 672 840 31
big_dataset_depth/000000001858-segment-11967272535264406807_580_000_600_000_with_camera_labels-190.png 680 840 32
big_dataset_depth/000000001858-segment-11967272535264406807_580_000_600_000_with_camera_labels-190.png 688 824 33
big_dataset_depth/000000001858-segment-11967272535264406807_580_000_600_000_with_camera_labels-190.png 696 808 33
big_dataset_depth/000000001858-segment-11967272535264406807_580_000_600_000_with_camera_labels-190.png 704 816 36
big_dataset_depth/000000001858-segment-11967272535264406807_580_000_600_000_with_camera_labels-190.png 712 808 36
big_dataset_depth/000000001858-segment-11967272535264406807_580_000_600_000_with_camera_labels-190.png 720 808 37
big_dataset_depth/000000001858-segment-11967272535264406807_580_000_600_000_with_camera_labels-190.png 784 704 80
big_dataset_depth/000000001858-segment-11967272535264406807_580_000_600_000_with_camera_labels-190.png 792 712 81
big_dataset_depth/000000001858-segment-11967272535264406807_580_000_600_000_with_camera_labels-190.png 800 696 80
big_dataset_depth/000000001858-segment-11967272535264406807_580_000_600_000_with_camera_labels-190.png 808 704 80
big_dataset_depth/000000001858-segment-11967272535264406807_580_000_600_000_with_camera_labels-190.png 816 696 80
big_dataset_depth/000000001858-segment-11967272535264406807_580_000_600_000_with_camera_labels-190.png 824 704 80
big_dataset_depth/000000001858-segment-11967272535264406807_580_000_600_000_with_camera_labels-190.png 832 712 80
big_dataset_depth/000000001858-segment-11967272535264406807_580_000_600_000_with_camera_labels-190.png 840 704 80
big_dataset_depth/000000001858-segment-11967272535264406807_580_000_600_000_with_camera_labels-190.png 848 696 92
big_dataset_depth/000000001858-segment-11967272535264406807_580_000_600_000_with_camera_labels-190.png 856 672 104
big_dataset_depth/000000001858-segment-11967272535264406807_580_000_600_000_with_camera_labels-190.png 864 672 105
big_dataset_depth/000000001858-segment-11967272535264406807_580_000_600_000_with_camera_labels-190.png 872 672 105
big_dataset_depth/000000001858-segment-11967272535264406807_580_000_600_000_with_camera_labels-190.png 1000 760 42
big_dataset_depth/000000001858-segment-11967272535264406807_580_000_600_000_with_camera_labels-190.png 1008 760 42
big_dataset_depth/000000001858-segment-11967272535264406807_580_000_600_000_with_camera_labels-190.png 1016 760 42
big_dataset_depth/000000001858-segment-11967272535264406807_580_000_600_000_with_camera_labels-190.png 1024 760 42
big_dataset_depth/000000001858-segment-11967272535264406807_580_000_600_000_with_camera_labels-190.png 1032 752 42
big_dataset_depth/000000001858-segment-11967272535264406807_580_000_600_000_with_camera_labels-190.png 1040 752 42
big_dataset_depth/000000001858-segment-11967272535264406807_580_000_600_000_with_camera_labels-190.png 1048 760 42
big_dataset_depth/000000001858-segment-11967272535264406807_580_000_600_000_with_camera_labels-190.png 1056 752 42
big_dataset_depth/000000001858-segment-11967272535264406807_580_000_600_000_with_camera_labels-190.png 1064 752 42
big_dataset_depth/000000001858-segment-11967272535264406807_580_000_600_000_with_camera_labels-190.png 1072 760 42
big_dataset_depth/000000001858-segment-11967272535264406807_580_000_600_000_with_camera_labels-190.png 1080 752 42
big_dataset_depth/000000001858-segment-11967272535264406807_580_000_600_000_with_camera_labels-190.png 1088 760 42
big_dataset_depth/000000001858-segment-11967272535264406807_580_000_600_000_with_camera_labels-190.png 1096 760 42
big_dataset_depth/000000001858-segment-11967272535264406807_580_000_600_000_with_camera_labels-190.png 1104 752 42
big_dataset_depth/000000001858-segment-11967272535264406807_580_000_600_000_with_camera_labels-190.png 1112 752 42
big_dataset_depth/000000001858-segment-11967272535264406807_580_000_600_000_with_camera_labels-190.png 1120 776 43
big_dataset_depth/000000001858-segment-11967272535264406807_580_000_600_000_with_camera_labels-190.png 1128 888 25
big_dataset_depth/000000001858-segment-11967272535264406807_580_000_600_000_with_camera_labels-190.png 1136 840 25
big_dataset_depth/000000001858-segment-11967272535264406807_580_000_600_000_with_camera_labels-190.png 1144 888 24
big_dataset_depth/000000001858-segment-11967272535264406807_580_000_600_000_with_camera_labels-190.png 1152 880 23
big_dataset_depth/000000001858-segment-11967272535264406807_580_000_600_000_with_camera_labels-190.png 1160 920 21
big_dataset_depth/000000001858-segment-11967272535264406807_580_000_600_000_with_camera_labels-190.png 1168 928 20
big_dataset_depth/000000001858-segment-11967272535264406807_580_000_600_000_with_camera_labels-190.png 1176 936 19
big_dataset_depth/000000001858-segment-11967272535264406807_580_000_600_000_with_camera_labels-190.png 1184 952 19
big_dataset_depth/000000001858-segment-11967272535264406807_580_000_600_000_with_camera_labels-190.png 1192 960 18
big_dataset_depth/000000001858-segment-11967272535264406807_580_000_600_000_with_camera_labels-190.png 1200 968 18
big_dataset_depth/000000001858-segment-11967272535264406807_580_000_600_000_with_camera_labels-190.png 1208 1000 17
big_dataset_depth/000000001858-segment-11967272535264406807_580_000_600_000_with_camera_labels-190.png 1216 1008 16
big_dataset_depth/000000001858-segment-11967272535264406807_580_000_600_000_with_camera_labels-190.png 1224 1016 16
big_dataset_depth/000000001858-segment-11967272535264406807_580_000_600_000_with_camera_labels-190.png 1232 1040 15
big_dataset_depth/000000001858-segment-11967272535264406807_580_000_600_000_with_camera_labels-190.png 1240 1144 15
big_dataset_depth/000000001858-segment-11967272535264406807_580_000_600_000_with_camera_labels-190.png 1248 1144 14
big_dataset_depth/000000001858-segment-11967272535264406807_580_000_600_000_with_camera_labels-190.png 1256 1168 14
big_dataset_depth/000000001858-segment-11967272535264406807_580_000_600_000_with_camera_labels-190.png 1264 1168 14
big_dataset_depth/000000001858-segment-11967272535264406807_580_000_600_000_with_camera_labels-190.png 1272 1192 14
big_dataset_depth/000000001858-segment-11967272535264406807_580_000_600_000_with_camera_labels-190.png 1280 1136 13
big_dataset_depth/000000001858-segment-11967272535264406807_580_000_600_000_with_camera_labels-190.png 1296 1136 13
big_dataset_depth/000000001858-segment-11967272535264406807_580_000_600_000_with_camera_labels-190.png 1304 1168 13
big_dataset_depth/000000001858-segment-11967272535264406807_580_000_600_000_with_camera_labels-190.png 1320 1184 12
big_dataset_depth/000000001858-segment-11967272535264406807_580_000_600_000_with_camera_labels-190.png 1328 1192 12
big_dataset_depth/000000001858-segment-11967272535264406807_580_000_600_000_with_camera_labels-190.png 1336 1192 11
big_dataset_depth/000000001858-segment-11967272535264406807_580_000_600_000_with_camera_labels-190.png 1344 1192 11
big_dataset_depth/000000001858-segment-11967272535264406807_580_000_600_000_with_camera_labels-190.png 1352 1200 11
big_dataset_depth/000000001858-segment-11967272535264406807_580_000_600_000_with_camera_labels-190.png 1360 1216 11
big_dataset_depth/000000001858-segment-11967272535264406807_580_000_600_000_with_camera_labels-190.png 1368 1216 11
big_dataset_depth/000000001858-segment-11967272535264406807_580_000_600_000_with_camera_labels-190.png 1376 1216 11
big_dataset_depth/000000001858-segment-11967272535264406807_580_000_600_000_with_camera_labels-190.png 1384 1216 11
big_dataset_depth/000000001858-segment-11967272535264406807_580_000_600_000_with_camera_labels-190.png 1392 1216 10
big_dataset_depth/000000001858-segment-11967272535264406807_580_000_600_000_with_camera_labels-190.png 1400 1224 10
big_dataset_depth/000000001858-segment-11967272535264406807_580_000_600_000_with_camera_labels-190.png 1408 1240 10
big_dataset_depth/000000001858-segment-11967272535264406807_580_000_600_000_with_camera_labels-190.png 1416 1224 10
big_dataset_depth/000000001858-segment-11967272535264406807_580_000_600_000_with_camera_labels-190.png 1424 1240 10
big_dataset_depth/000000001858-segment-11967272535264406807_580_000_600_000_with_camera_labels-190.png 1432 1240 10
big_dataset_depth/000000001858-segment-11967272535264406807_580_000_600_000_with_camera_labels-190.png 1440 1240 10
big_dataset_depth/000000001858-segment-11967272535264406807_580_000_600_000_with_camera_labels-190.png 1448 1240 10
big_dataset_depth/000000001858-segment-11967272535264406807_580_000_600_000_with_camera_labels-190.png 1456 1240 10
big_dataset_depth/000000001858-segment-11967272535264406807_580_000_600_000_with_camera_labels-190.png 1464 1240 10
big_dataset_depth/000000001858-segment-11967272535264406807_580_000_600_000_with_camera_labels-190.png 1472 1240 10
big_dataset_depth/000000001858-segment-11967272535264406807_580_000_600_000_with_camera_labels-190.png 1480 1232 10
big_dataset_depth/000000001858-segment-11967272535264406807_580_000_600_000_with_camera_labels-190.png 1488 1240 10
big_dataset_depth/000000001858-segment-11967272535264406807_580_000_600_000_with_camera_labels-190.png 1496 1240 10
big_dataset_depth/000000001858-segment-11967272535264406807_580_000_600_000_with_camera_labels-190.png 1504 1240 10
big_dataset_depth/000000001858-segment-11967272535264406807_580_000_600_000_with_camera_labels-190.png 1512 1248 10
big_dataset_depth/000000001858-segment-11967272535264406807_580_000_600_000_with_camera_labels-190.png 1520 1248 10
big_dataset_depth/000000001858-segment-11967272535264406807_580_000_600_000_with_camera_labels-190.png 1528 1248 10
big_dataset_depth/000000001858-segment-11967272535264406807_580_000_600_000_with_camera_labels-190.png 1536 1232 10
big_dataset_depth/000000001858-segment-11967272535264406807_580_000_600_000_with_camera_labels-190.png 1544 1248 10
big_dataset_depth/000000001858-segment-11967272535264406807_580_000_600_000_with_camera_labels-190.png 1552 1248 10
big_dataset_depth/000000001858-segment-11967272535264406807_580_000_600_000_with_camera_labels-190.png 1560 1248 10
big_dataset_depth/000000001858-segment-11967272535264406807_580_000_600_000_with_camera_labels-190.png 1568 1248 10
big_dataset_depth/000000001858-segment-11967272535264406807_580_000_600_000_with_camera_labels-190.png 1576 1248 10
big_dataset_depth/000000001858-segment-11967272535264406807_580_000_600_000_with_camera_labels-190.png 1584 1248 10
big_dataset_depth/000000001858-segment-11967272535264406807_580_000_600_000_with_camera_labels-190.png 1592 1248 10
big_dataset_depth/000000001858-segment-11967272535264406807_580_000_600_000_with_camera_labels-190.png 1600 1240 10
big_dataset_depth/000000001858-segment-11967272535264406807_580_000_600_000_with_camera_labels-190.png 1608 1248 10
big_dataset_depth/000000001858-segment-11967272535264406807_580_000_600_000_with_camera_labels-190.png 1616 1248 10
big_dataset_depth/000000001858-segment-11967272535264406807_580_000_600_000_with_camera_labels-190.png 1624 1248 10
big_dataset_depth/000000001858-segment-11967272535264406807_580_000_600_000_with_camera_labels-190.png 1632 1256 10
big_dataset_depth/000000001858-segment-11967272535264406807_580_000_600_000_with_camera_labels-190.png 1640 1248 10
big_dataset_depth/000000001858-segment-11967272535264406807_580_000_600_000_with_camera_labels-190.png 1648 1256 10
big_dataset_depth/000000001858-segment-11967272535264406807_580_000_600_000_with_camera_labels-190.png 1656 1256 10
big_dataset_depth/000000001858-segment-11967272535264406807_580_000_600_000_with_camera_labels-190.png 1664 1256 10
big_dataset_depth/000000001858-segment-11967272535264406807_580_000_600_000_with_camera_labels-190.png 1672 1256 10
big_dataset_depth/000000001858-segment-11967272535264406807_580_000_600_000_with_camera_labels-190.png 1680 1256 10
big_dataset_depth/000000001858-segment-11967272535264406807_580_000_600_000_with_camera_labels-190.png 1688 1256 10
big_dataset_depth/000000001858-segment-11967272535264406807_580_000_600_000_with_camera_labels-190.png 1696 1256 10
big_dataset_depth/000000001858-segment-11967272535264406807_580_000_600_000_with_camera_labels-190.png 1704 1248 10
big_dataset_depth/000000001858-segment-11967272535264406807_580_000_600_000_with_camera_labels-190.png 1712 1256 10
big_dataset_depth/000000001858-segment-11967272535264406807_580_000_600_000_with_camera_labels-190.png 1720 1256 10
big_dataset_depth/000000001858-segment-11967272535264406807_580_000_600_000_with_camera_labels-190.png 1728 1256 10
big_dataset_depth/000000001858-segment-11967272535264406807_580_000_600_000_with_camera_labels-190.png 1736 1264 10
big_dataset_depth/000000001858-segment-11967272535264406807_580_000_600_000_with_camera_labels-190.png 1744 1264 10
big_dataset_depth/000000001858-segment-11967272535264406807_580_000_600_000_with_camera_labels-190.png 1752 1248 10
big_dataset_depth/000000001858-segment-11967272535264406807_580_000_600_000_with_camera_labels-190.png 1760 1264 10
big_dataset_depth/000000001858-segment-11967272535264406807_580_000_600_000_with_camera_labels-190.png 1768 1264 10
big_dataset_depth/000000001858-segment-11967272535264406807_580_000_600_000_with_camera_labels-190.png 1776 1240 10
big_dataset_depth/000000001858-segment-11967272535264406807_580_000_600_000_with_camera_labels-190.png 1784 1256 10
big_dataset_depth/000000001858-segment-11967272535264406807_580_000_600_000_with_camera_labels-190.png 1792 1264 10
big_dataset_depth/000000001858-segment-11967272535264406807_580_000_600_000_with_camera_labels-190.png 1800 1264 10
big_dataset_depth/000000001858-segment-11967272535264406807_580_000_600_000_with_camera_labels-190.png 1808 1264 10
big_dataset_depth/000000001858-segment-11967272535264406807_580_000_600_000_with_camera_labels-190.png 1816 1264 10
big_dataset_depth/000000001858-segment-11967272535264406807_580_000_600_000_with_camera_labels-190.png 1824 1240 10
big_dataset_depth/000000001858-segment-11967272535264406807_580_000_600_000_with_camera_labels-190.png 1832 1240 10
big_dataset_depth/000000001858-segment-11967272535264406807_580_000_600_000_with_camera_labels-190.png 1840 1232 10
big_dataset_depth/000000001858-segment-11967272535264406807_580_000_600_000_with_camera_labels-190.png 1848 1240 10
big_dataset_depth/000000001858-segment-11967272535264406807_580_000_600_000_with_camera_labels-190.png 1856 1248 10
big_dataset_depth/000000001858-segment-11967272535264406807_580_000_600_000_with_camera_labels-190.png 1864 1248 11
big_dataset_depth/000000001858-segment-11967272535264406807_580_000_600_000_with_camera_labels-190.png 1872 1248 11
big_dataset_depth/000000001858-segment-11967272535264406807_580_000_600_000_with_camera_labels-190.png 1880 1232 11
big_dataset_depth/000000001858-segment-11967272535264406807_580_000_600_000_with_camera_labels-190.png 1888 1248 11
big_dataset_depth/000000001858-segment-11967272535264406807_580_000_600_000_with_camera_labels-190.png 1896 1248 11
big_dataset_depth/000000001858-segment-11967272535264406807_580_000_600_000_with_camera_labels-190.png 1904 1248 11
big_dataset_depth/000000001858-segment-11967272535264406807_580_000_600_000_with_camera_labels-190.png 1912 1248 11
