big_dataset_depth/000000001918-segment-12161824480686739258_1813_380_1833_380_with_camera_labels-10.png 0 936 57
big_dataset_depth/000000001918-segment-12161824480686739258_1813_380_1833_380_with_camera_labels-10.png 8 1056 31
big_dataset_depth/000000001918-segment-12161824480686739258_1813_380_1833_380_with_camera_labels-10.png 16 1016 44
big_dataset_depth/000000001918-segment-12161824480686739258_1813_380_1833_380_with_camera_labels-10.png 24 1168 15
big_dataset_depth/000000001918-segment-12161824480686739258_1813_380_1833_380_with_camera_labels-10.png 32 1008 39
big_dataset_depth/000000001918-segment-12161824480686739258_1813_380_1833_380_with_camera_labels-10.png 40 1144 14
big_dataset_depth/000000001918-segment-12161824480686739258_1813_380_1833_380_with_camera_labels-10.png 48 1152 14
big_dataset_depth/000000001918-segment-12161824480686739258_1813_380_1833_380_with_camera_labels-10.png 56 1008 44
big_dataset_depth/000000001918-segment-12161824480686739258_1813_380_1833_380_with_camera_labels-10.png 64 936 51
big_dataset_depth/000000001918-segment-12161824480686739258_1813_380_1833_380_with_camera_labels-10.png 72 1144 14
big_dataset_depth/000000001918-segment-12161824480686739258_1813_380_1833_380_with_camera_labels-10.png 80 712 108
big_dataset_depth/000000001918-segment-12161824480686739258_1813_380_1833_380_with_camera_labels-10.png 88 920 61
big_dataset_depth/000000001918-segment-12161824480686739258_1813_380_1833_380_with_camera_labels-10.png 96 1168 15
big_dataset_depth/000000001918-segment-12161824480686739258_1813_380_1833_380_with_camera_labels-10.png 104 1168 15
big_dataset_depth/000000001918-segment-12161824480686739258_1813_380_1833_380_with_camera_labels-10.png 112 1144 14
big_dataset_depth/000000001918-segment-12161824480686739258_1813_380_1833_380_with_camera_labels-10.png 120 1144 14
big_dataset_depth/000000001918-segment-12161824480686739258_1813_380_1833_380_with_camera_labels-10.png 128 1144 14
big_dataset_depth/000000001918-segment-12161824480686739258_1813_380_1833_380_with_camera_labels-10.png 136 1000 38
big_dataset_depth/000000001918-segment-12161824480686739258_1813_380_1833_380_with_camera_labels-10.png 144 1144 14
big_dataset_depth/000000001918-segment-12161824480686739258_1813_380_1833_380_with_camera_labels-10.png 152 1144 14
big_dataset_depth/000000001918-segment-12161824480686739258_1813_380_1833_380_with_camera_labels-10.png 160 1144 15
big_dataset_depth/000000001918-segment-12161824480686739258_1813_380_1833_380_with_camera_labels-10.png 168 1144 15
big_dataset_depth/000000001918-segment-12161824480686739258_1813_380_1833_380_with_camera_labels-10.png 176 1144 15
big_dataset_depth/000000001918-segment-12161824480686739258_1813_380_1833_380_with_camera_labels-10.png 192 1192 15
big_dataset_depth/000000001918-segment-12161824480686739258_1813_380_1833_380_with_camera_labels-10.png 200 1184 16
big_dataset_depth/000000001918-segment-12161824480686739258_1813_380_1833_380_with_camera_labels-10.png 208 1184 16
big_dataset_depth/000000001918-segment-12161824480686739258_1813_380_1833_380_with_camera_labels-10.png 216 1192 15
big_dataset_depth/000000001918-segment-12161824480686739258_1813_380_1833_380_with_camera_labels-10.png 224 1184 16
big_dataset_depth/000000001918-segment-12161824480686739258_1813_380_1833_380_with_camera_labels-10.png 232 1184 16
big_dataset_depth/000000001918-segment-12161824480686739258_1813_380_1833_380_with_camera_labels-10.png 240 1184 16
big_dataset_depth/000000001918-segment-12161824480686739258_1813_380_1833_380_with_camera_labels-10.png 248 1192 15
big_dataset_depth/000000001918-segment-12161824480686739258_1813_380_1833_380_with_camera_labels-10.png 256 1176 16
big_dataset_depth/000000001918-segment-12161824480686739258_1813_380_1833_380_with_camera_labels-10.png 264 1176 16
big_dataset_depth/000000001918-segment-12161824480686739258_1813_380_1833_380_with_camera_labels-10.png 272 1176 16
big_dataset_depth/000000001918-segment-12161824480686739258_1813_380_1833_380_with_camera_labels-10.png 280 1160 16
big_dataset_depth/000000001918-segment-12161824480686739258_1813_380_1833_380_with_camera_labels-10.png 288 1144 16
big_dataset_depth/000000001918-segment-12161824480686739258_1813_380_1833_380_with_camera_labels-10.png 296 1080 16
big_dataset_depth/000000001918-segment-12161824480686739258_1813_380_1833_380_with_camera_labels-10.png 304 1072 16
big_dataset_depth/000000001918-segment-12161824480686739258_1813_380_1833_380_with_camera_labels-10.png 312 1072 17
big_dataset_depth/000000001918-segment-12161824480686739258_1813_380_1833_380_with_camera_labels-10.png 320 1072 17
big_dataset_depth/000000001918-segment-12161824480686739258_1813_380_1833_380_with_camera_labels-10.png 328 1048 17
big_dataset_depth/000000001918-segment-12161824480686739258_1813_380_1833_380_with_camera_labels-10.png 336 1104 17
big_dataset_depth/000000001918-segment-12161824480686739258_1813_380_1833_380_with_camera_labels-10.png 344 1048 17
big_dataset_depth/000000001918-segment-12161824480686739258_1813_380_1833_380_with_camera_labels-10.png 352 1048 17
big_dataset_depth/000000001918-segment-12161824480686739258_1813_380_1833_380_with_camera_labels-10.png 360 1048 17
big_dataset_depth/000000001918-segment-12161824480686739258_1813_380_1833_380_with_camera_labels-10.png 368 1048 18
big_dataset_depth/000000001918-segment-12161824480686739258_1813_380_1833_380_with_camera_labels-10.png 376 1016 18
big_dataset_depth/000000001918-segment-12161824480686739258_1813_380_1833_380_with_camera_labels-10.png 384 1008 18
big_dataset_depth/000000001918-segment-12161824480686739258_1813_380_1833_380_with_camera_labels-10.png 392 992 18
big_dataset_depth/000000001918-segment-12161824480686739258_1813_380_1833_380_with_camera_labels-10.png 400 1000 18
big_dataset_depth/000000001918-segment-12161824480686739258_1813_380_1833_380_with_camera_labels-10.png 416 1032 19
big_dataset_depth/000000001918-segment-12161824480686739258_1813_380_1833_380_with_camera_labels-10.png 424 1040 20
big_dataset_depth/000000001918-segment-12161824480686739258_1813_380_1833_380_with_camera_labels-10.png 432 1040 20
big_dataset_depth/000000001918-segment-12161824480686739258_1813_380_1833_380_with_camera_labels-10.png 440 1040 20
big_dataset_depth/000000001918-segment-12161824480686739258_1813_380_1833_380_with_camera_labels-10.png 448 1040 20
big_dataset_depth/000000001918-segment-12161824480686739258_1813_380_1833_380_with_camera_labels-10.png 456 1024 20
big_dataset_depth/000000001918-segment-12161824480686739258_1813_380_1833_380_with_camera_labels-10.png 464 1024 21
big_dataset_depth/000000001918-segment-12161824480686739258_1813_380_1833_380_with_camera_labels-10.png 472 1024 21
big_dataset_depth/000000001918-segment-12161824480686739258_1813_380_1833_380_with_camera_labels-10.png 1120 752 69
big_dataset_depth/000000001918-segment-12161824480686739258_1813_380_1833_380_with_camera_labels-10.png 1128 608 75
big_dataset_depth/000000001918-segment-12161824480686739258_1813_380_1833_380_with_camera_labels-10.png 1136 744 74
big_dataset_depth/000000001918-segment-12161824480686739258_1813_380_1833_380_with_camera_labels-10.png 1144 616 74
big_dataset_depth/000000001918-segment-12161824480686739258_1813_380_1833_380_with_camera_labels-10.png 1152 744 74
big_dataset_depth/000000001918-segment-12161824480686739258_1813_380_1833_380_with_camera_labels-10.png 1160 648 74
big_dataset_depth/000000001918-segment-12161824480686739258_1813_380_1833_380_with_camera_labels-10.png 1168 728 94
big_dataset_depth/000000001918-segment-12161824480686739258_1813_380_1833_380_with_camera_labels-10.png 1176 720 103
big_dataset_depth/000000001918-segment-12161824480686739258_1813_380_1833_380_with_camera_labels-10.png 1184 712 98
big_dataset_depth/000000001918-segment-12161824480686739258_1813_380_1833_380_with_camera_labels-10.png 1192 728 92
big_dataset_depth/000000001918-segment-12161824480686739258_1813_380_1833_380_with_camera_labels-10.png 1200 728 92
big_dataset_depth/000000001918-segment-12161824480686739258_1813_380_1833_380_with_camera_labels-10.png 1208 728 91
big_dataset_depth/000000001918-segment-12161824480686739258_1813_380_1833_380_with_camera_labels-10.png 1216 704 80
big_dataset_depth/000000001918-segment-12161824480686739258_1813_380_1833_380_with_camera_labels-10.png 1224 744 75
big_dataset_depth/000000001918-segment-12161824480686739258_1813_380_1833_380_with_camera_labels-10.png 1232 728 75
big_dataset_depth/000000001918-segment-12161824480686739258_1813_380_1833_380_with_camera_labels-10.png 1240 728 91
big_dataset_depth/000000001918-segment-12161824480686739258_1813_380_1833_380_with_camera_labels-10.png 1248 728 91
big_dataset_depth/000000001918-segment-12161824480686739258_1813_380_1833_380_with_camera_labels-10.png 1256 720 92
big_dataset_depth/000000001918-segment-12161824480686739258_1813_380_1833_380_with_camera_labels-10.png 1264 776 72
big_dataset_depth/000000001918-segment-12161824480686739258_1813_380_1833_380_with_camera_labels-10.png 1272 712 93
big_dataset_depth/000000001918-segment-12161824480686739258_1813_380_1833_380_with_camera_labels-10.png 1280 704 91
big_dataset_depth/000000001918-segment-12161824480686739258_1813_380_1833_380_with_camera_labels-10.png 1288 888 31
big_dataset_depth/000000001918-segment-12161824480686739258_1813_380_1833_380_with_camera_labels-10.png 1296 744 68
big_dataset_depth/000000001918-segment-12161824480686739258_1813_380_1833_380_with_camera_labels-10.png 1304 752 68
big_dataset_depth/000000001918-segment-12161824480686739258_1813_380_1833_380_with_camera_labels-10.png 1312 760 68
big_dataset_depth/000000001918-segment-12161824480686739258_1813_380_1833_380_with_camera_labels-10.png 1320 920 28
big_dataset_depth/000000001918-segment-12161824480686739258_1813_380_1833_380_with_camera_labels-10.png 1328 840 48
big_dataset_depth/000000001918-segment-12161824480686739258_1813_380_1833_380_with_camera_labels-10.png 1336 920 27
big_dataset_depth/000000001918-segment-12161824480686739258_1813_380_1833_380_with_camera_labels-10.png 1344 736 68
big_dataset_depth/000000001918-segment-12161824480686739258_1813_380_1833_380_with_camera_labels-10.png 1352 936 26
big_dataset_depth/000000001918-segment-12161824480686739258_1813_380_1833_380_with_camera_labels-10.png 1360 760 68
big_dataset_depth/000000001918-segment-12161824480686739258_1813_380_1833_380_with_camera_labels-10.png 1368 952 25
big_dataset_depth/000000001918-segment-12161824480686739258_1813_380_1833_380_with_camera_labels-10.png 1376 856 46
big_dataset_depth/000000001918-segment-12161824480686739258_1813_380_1833_380_with_camera_labels-10.png 1384 752 70
big_dataset_depth/000000001918-segment-12161824480686739258_1813_380_1833_380_with_camera_labels-10.png 1392 968 24
big_dataset_depth/000000001918-segment-12161824480686739258_1813_380_1833_380_with_camera_labels-10.png 1400 752 67
big_dataset_depth/000000001918-segment-12161824480686739258_1813_380_1833_380_with_camera_labels-10.png 1408 984 23
big_dataset_depth/000000001918-segment-12161824480686739258_1813_380_1833_380_with_camera_labels-10.png 1416 984 23
big_dataset_depth/000000001918-segment-12161824480686739258_1813_380_1833_380_with_camera_labels-10.png 1424 984 23
big_dataset_depth/000000001918-segment-12161824480686739258_1813_380_1833_380_with_camera_labels-10.png 1432 760 63
big_dataset_depth/000000001918-segment-12161824480686739258_1813_380_1833_380_with_camera_labels-10.png 1440 864 42
big_dataset_depth/000000001918-segment-12161824480686739258_1813_380_1833_380_with_camera_labels-10.png 1448 920 35
big_dataset_depth/000000001918-segment-12161824480686739258_1813_380_1833_380_with_camera_labels-10.png 1464 760 60
big_dataset_depth/000000001918-segment-12161824480686739258_1813_380_1833_380_with_camera_labels-10.png 1480 1032 20
big_dataset_depth/000000001918-segment-12161824480686739258_1813_380_1833_380_with_camera_labels-10.png 1488 1032 20
big_dataset_depth/000000001918-segment-12161824480686739258_1813_380_1833_380_with_camera_labels-10.png 1496 1032 20
big_dataset_depth/000000001918-segment-12161824480686739258_1813_380_1833_380_with_camera_labels-10.png 1504 1032 20
big_dataset_depth/000000001918-segment-12161824480686739258_1813_380_1833_380_with_camera_labels-10.png 1512 912 37
big_dataset_depth/000000001918-segment-12161824480686739258_1813_380_1833_380_with_camera_labels-10.png 1520 1048 19
big_dataset_depth/000000001918-segment-12161824480686739258_1813_380_1833_380_with_camera_labels-10.png 1528 1056 19
big_dataset_depth/000000001918-segment-12161824480686739258_1813_380_1833_380_with_camera_labels-10.png 1536 776 53
big_dataset_depth/000000001918-segment-12161824480686739258_1813_380_1833_380_with_camera_labels-10.png 1544 1072 19
big_dataset_depth/000000001918-segment-12161824480686739258_1813_380_1833_380_with_camera_labels-10.png 1560 1088 18
big_dataset_depth/000000001918-segment-12161824480686739258_1813_380_1833_380_with_camera_labels-10.png 1568 1088 18
big_dataset_depth/000000001918-segment-12161824480686739258_1813_380_1833_380_with_camera_labels-10.png 1584 1088 18
big_dataset_depth/000000001918-segment-12161824480686739258_1813_380_1833_380_with_camera_labels-10.png 1592 1104 17
big_dataset_depth/000000001918-segment-12161824480686739258_1813_380_1833_380_with_camera_labels-10.png 1600 1104 17
big_dataset_depth/000000001918-segment-12161824480686739258_1813_380_1833_380_with_camera_labels-10.png 1608 1104 17
big_dataset_depth/000000001918-segment-12161824480686739258_1813_380_1833_380_with_camera_labels-10.png 1616 1128 17
big_dataset_depth/000000001918-segment-12161824480686739258_1813_380_1833_380_with_camera_labels-10.png 1624 1128 17
big_dataset_depth/000000001918-segment-12161824480686739258_1813_380_1833_380_with_camera_labels-10.png 1632 1128 17
big_dataset_depth/000000001918-segment-12161824480686739258_1813_380_1833_380_with_camera_labels-10.png 1640 1136 16
big_dataset_depth/000000001918-segment-12161824480686739258_1813_380_1833_380_with_camera_labels-10.png 1648 1152 16
big_dataset_depth/000000001918-segment-12161824480686739258_1813_380_1833_380_with_camera_labels-10.png 1656 1152 16
big_dataset_depth/000000001918-segment-12161824480686739258_1813_380_1833_380_with_camera_labels-10.png 1664 1152 16
big_dataset_depth/000000001918-segment-12161824480686739258_1813_380_1833_380_with_camera_labels-10.png 1672 1160 16
big_dataset_depth/000000001918-segment-12161824480686739258_1813_380_1833_380_with_camera_labels-10.png 1680 1168 16
big_dataset_depth/000000001918-segment-12161824480686739258_1813_380_1833_380_with_camera_labels-10.png 1688 1168 15
big_dataset_depth/000000001918-segment-12161824480686739258_1813_380_1833_380_with_camera_labels-10.png 1696 1168 15
big_dataset_depth/000000001918-segment-12161824480686739258_1813_380_1833_380_with_camera_labels-10.png 1704 1168 15
big_dataset_depth/000000001918-segment-12161824480686739258_1813_380_1833_380_with_camera_labels-10.png 1712 1168 15
big_dataset_depth/000000001918-segment-12161824480686739258_1813_380_1833_380_with_camera_labels-10.png 1720 1192 15
big_dataset_depth/000000001918-segment-12161824480686739258_1813_380_1833_380_with_camera_labels-10.png 1728 1200 15
big_dataset_depth/000000001918-segment-12161824480686739258_1813_380_1833_380_with_camera_labels-10.png 1736 1200 15
big_dataset_depth/000000001918-segment-12161824480686739258_1813_380_1833_380_with_camera_labels-10.png 1744 1216 15
big_dataset_depth/000000001918-segment-12161824480686739258_1813_380_1833_380_with_camera_labels-10.png 1752 1216 14
big_dataset_depth/000000001918-segment-12161824480686739258_1813_380_1833_380_with_camera_labels-10.png 1760 1216 14
big_dataset_depth/000000001918-segment-12161824480686739258_1813_380_1833_380_with_camera_labels-10.png 1768 1216 14
big_dataset_depth/000000001918-segment-12161824480686739258_1813_380_1833_380_with_camera_labels-10.png 1776 856 39
big_dataset_depth/000000001918-segment-12161824480686739258_1813_380_1833_380_with_camera_labels-10.png 1784 1232 14
big_dataset_depth/000000001918-segment-12161824480686739258_1813_380_1833_380_with_camera_labels-10.png 1792 1256 14
big_dataset_depth/000000001918-segment-12161824480686739258_1813_380_1833_380_with_camera_labels-10.png 1800 1056 26
big_dataset_depth/000000001918-segment-12161824480686739258_1813_380_1833_380_with_camera_labels-10.png 1808 1040 26
big_dataset_depth/000000001918-segment-12161824480686739258_1813_380_1833_380_with_camera_labels-10.png 1816 1256 14
big_dataset_depth/000000001918-segment-12161824480686739258_1813_380_1833_380_with_camera_labels-10.png 1824 1256 13
big_dataset_depth/000000001918-segment-12161824480686739258_1813_380_1833_380_with_camera_labels-10.png 1832 1256 13
big_dataset_depth/000000001918-segment-12161824480686739258_1813_380_1833_380_with_camera_labels-10.png 1840 1008 27
big_dataset_depth/000000001918-segment-12161824480686739258_1813_380_1833_380_with_camera_labels-10.png 1848 1256 13
big_dataset_depth/000000001918-segment-12161824480686739258_1813_380_1833_380_with_camera_labels-10.png 1856 872 36
big_dataset_depth/000000001918-segment-12161824480686739258_1813_380_1833_380_with_camera_labels-10.png 1864 864 36
big_dataset_depth/000000001918-segment-12161824480686739258_1813_380_1833_380_with_camera_labels-10.png 1872 864 36
big_dataset_depth/000000001918-segment-12161824480686739258_1813_380_1833_380_with_camera_labels-10.png 1880 872 35
big_dataset_depth/000000001918-segment-12161824480686739258_1813_380_1833_380_with_camera_labels-10.png 1888 880 35
big_dataset_depth/000000001918-segment-12161824480686739258_1813_380_1833_380_with_camera_labels-10.png 1896 880 35
big_dataset_depth/000000001918-segment-12161824480686739258_1813_380_1833_380_with_camera_labels-10.png 1904 880 35
big_dataset_depth/000000001918-segment-12161824480686739258_1813_380_1833_380_with_camera_labels-10.png 1912 744 58
