big_dataset_depth/000000003084-segment-13271285919570645382_5320_000_5340_000_with_camera_labels-70.png 0 824 63
big_dataset_depth/000000003084-segment-13271285919570645382_5320_000_5340_000_with_camera_labels-70.png 8 864 51
big_dataset_depth/000000003084-segment-13271285919570645382_5320_000_5340_000_with_camera_labels-70.png 16 912 32
big_dataset_depth/000000003084-segment-13271285919570645382_5320_000_5340_000_with_camera_labels-70.png 24 792 67
big_dataset_depth/000000003084-segment-13271285919570645382_5320_000_5340_000_with_camera_labels-70.png 32 816 65
big_dataset_depth/000000003084-segment-13271285919570645382_5320_000_5340_000_with_camera_labels-70.png 40 904 32
big_dataset_depth/000000003084-segment-13271285919570645382_5320_000_5340_000_with_camera_labels-70.png 48 904 32
big_dataset_depth/000000003084-segment-13271285919570645382_5320_000_5340_000_with_camera_labels-70.png 56 904 32
big_dataset_depth/000000003084-segment-13271285919570645382_5320_000_5340_000_with_camera_labels-70.png 64 904 32
big_dataset_depth/000000003084-segment-13271285919570645382_5320_000_5340_000_with_camera_labels-70.png 72 920 31
big_dataset_depth/000000003084-segment-13271285919570645382_5320_000_5340_000_with_camera_labels-70.png 80 904 32
big_dataset_depth/000000003084-segment-13271285919570645382_5320_000_5340_000_with_camera_labels-70.png 88 904 32
big_dataset_depth/000000003084-segment-13271285919570645382_5320_000_5340_000_with_camera_labels-70.png 96 904 32
big_dataset_depth/000000003084-segment-13271285919570645382_5320_000_5340_000_with_camera_labels-70.png 104 928 32
big_dataset_depth/000000003084-segment-13271285919570645382_5320_000_5340_000_with_camera_labels-70.png 112 904 32
big_dataset_depth/000000003084-segment-13271285919570645382_5320_000_5340_000_with_camera_labels-70.png 120 1072 23
big_dataset_depth/000000003084-segment-13271285919570645382_5320_000_5340_000_with_camera_labels-70.png 128 920 31
big_dataset_depth/000000003084-segment-13271285919570645382_5320_000_5340_000_with_camera_labels-70.png 136 904 31
big_dataset_depth/000000003084-segment-13271285919570645382_5320_000_5340_000_with_camera_labels-70.png 144 920 32
big_dataset_depth/000000003084-segment-13271285919570645382_5320_000_5340_000_with_camera_labels-70.png 152 896 31
big_dataset_depth/000000003084-segment-13271285919570645382_5320_000_5340_000_with_camera_labels-70.png 160 920 31
big_dataset_depth/000000003084-segment-13271285919570645382_5320_000_5340_000_with_camera_labels-70.png 168 928 30
big_dataset_depth/000000003084-segment-13271285919570645382_5320_000_5340_000_with_camera_labels-70.png 176 904 31
big_dataset_depth/000000003084-segment-13271285919570645382_5320_000_5340_000_with_camera_labels-70.png 184 904 31
big_dataset_depth/000000003084-segment-13271285919570645382_5320_000_5340_000_with_camera_labels-70.png 192 912 31
big_dataset_depth/000000003084-segment-13271285919570645382_5320_000_5340_000_with_camera_labels-70.png 200 920 31
big_dataset_depth/000000003084-segment-13271285919570645382_5320_000_5340_000_with_camera_labels-70.png 216 920 31
big_dataset_depth/000000003084-segment-13271285919570645382_5320_000_5340_000_with_camera_labels-70.png 224 1248 14
big_dataset_depth/000000003084-segment-13271285919570645382_5320_000_5340_000_with_camera_labels-70.png 232 928 31
big_dataset_depth/000000003084-segment-13271285919570645382_5320_000_5340_000_with_camera_labels-70.png 240 920 31
big_dataset_depth/000000003084-segment-13271285919570645382_5320_000_5340_000_with_camera_labels-70.png 248 928 31
big_dataset_depth/000000003084-segment-13271285919570645382_5320_000_5340_000_with_camera_labels-70.png 256 928 31
big_dataset_depth/000000003084-segment-13271285919570645382_5320_000_5340_000_with_camera_labels-70.png 264 928 31
big_dataset_depth/000000003084-segment-13271285919570645382_5320_000_5340_000_with_camera_labels-70.png 272 928 31
big_dataset_depth/000000003084-segment-13271285919570645382_5320_000_5340_000_with_camera_labels-70.png 280 928 31
big_dataset_depth/000000003084-segment-13271285919570645382_5320_000_5340_000_with_camera_labels-70.png 288 928 31
big_dataset_depth/000000003084-segment-13271285919570645382_5320_000_5340_000_with_camera_labels-70.png 296 920 31
big_dataset_depth/000000003084-segment-13271285919570645382_5320_000_5340_000_with_camera_labels-70.png 312 912 31
big_dataset_depth/000000003084-segment-13271285919570645382_5320_000_5340_000_with_camera_labels-70.png 320 912 31
big_dataset_depth/000000003084-segment-13271285919570645382_5320_000_5340_000_with_camera_labels-70.png 328 920 31
big_dataset_depth/000000003084-segment-13271285919570645382_5320_000_5340_000_with_camera_labels-70.png 336 912 31
big_dataset_depth/000000003084-segment-13271285919570645382_5320_000_5340_000_with_camera_labels-70.png 344 920 31
big_dataset_depth/000000003084-segment-13271285919570645382_5320_000_5340_000_with_camera_labels-70.png 352 896 31
big_dataset_depth/000000003084-segment-13271285919570645382_5320_000_5340_000_with_camera_labels-70.png 360 904 32
big_dataset_depth/000000003084-segment-13271285919570645382_5320_000_5340_000_with_camera_labels-70.png 368 912 31
big_dataset_depth/000000003084-segment-13271285919570645382_5320_000_5340_000_with_camera_labels-70.png 376 896 31
big_dataset_depth/000000003084-segment-13271285919570645382_5320_000_5340_000_with_camera_labels-70.png 384 920 32
big_dataset_depth/000000003084-segment-13271285919570645382_5320_000_5340_000_with_camera_labels-70.png 392 896 32
big_dataset_depth/000000003084-segment-13271285919570645382_5320_000_5340_000_with_camera_labels-70.png 400 896 32
big_dataset_depth/000000003084-segment-13271285919570645382_5320_000_5340_000_with_camera_labels-70.png 888 808 60
big_dataset_depth/000000003084-segment-13271285919570645382_5320_000_5340_000_with_camera_labels-70.png 896 808 60
big_dataset_depth/000000003084-segment-13271285919570645382_5320_000_5340_000_with_camera_labels-70.png 904 768 66
big_dataset_depth/000000003084-segment-13271285919570645382_5320_000_5340_000_with_camera_labels-70.png 912 792 72
big_dataset_depth/000000003084-segment-13271285919570645382_5320_000_5340_000_with_camera_labels-70.png 920 776 84
big_dataset_depth/000000003084-segment-13271285919570645382_5320_000_5340_000_with_camera_labels-70.png 936 624 101
big_dataset_depth/000000003084-segment-13271285919570645382_5320_000_5340_000_with_camera_labels-70.png 944 616 102
big_dataset_depth/000000003084-segment-13271285919570645382_5320_000_5340_000_with_camera_labels-70.png 952 616 102
big_dataset_depth/000000003084-segment-13271285919570645382_5320_000_5340_000_with_camera_labels-70.png 960 616 108
big_dataset_depth/000000003084-segment-13271285919570645382_5320_000_5340_000_with_camera_labels-70.png 984 624 98
big_dataset_depth/000000003084-segment-13271285919570645382_5320_000_5340_000_with_camera_labels-70.png 992 744 95
big_dataset_depth/000000003084-segment-13271285919570645382_5320_000_5340_000_with_camera_labels-70.png 1000 760 97
big_dataset_depth/000000003084-segment-13271285919570645382_5320_000_5340_000_with_camera_labels-70.png 1008 752 97
big_dataset_depth/000000003084-segment-13271285919570645382_5320_000_5340_000_with_camera_labels-70.png 1016 776 84
big_dataset_depth/000000003084-segment-13271285919570645382_5320_000_5340_000_with_camera_labels-70.png 1024 760 94
big_dataset_depth/000000003084-segment-13271285919570645382_5320_000_5340_000_with_camera_labels-70.png 1032 760 99
big_dataset_depth/000000003084-segment-13271285919570645382_5320_000_5340_000_with_camera_labels-70.png 1040 760 99
big_dataset_depth/000000003084-segment-13271285919570645382_5320_000_5340_000_with_camera_labels-70.png 1048 896 25
big_dataset_depth/000000003084-segment-13271285919570645382_5320_000_5340_000_with_camera_labels-70.png 1056 912 24
big_dataset_depth/000000003084-segment-13271285919570645382_5320_000_5340_000_with_camera_labels-70.png 1064 912 24
big_dataset_depth/000000003084-segment-13271285919570645382_5320_000_5340_000_with_camera_labels-70.png 1072 920 24
big_dataset_depth/000000003084-segment-13271285919570645382_5320_000_5340_000_with_camera_labels-70.png 1080 920 24
big_dataset_depth/000000003084-segment-13271285919570645382_5320_000_5340_000_with_camera_labels-70.png 1088 928 24
big_dataset_depth/000000003084-segment-13271285919570645382_5320_000_5340_000_with_camera_labels-70.png 1096 928 24
big_dataset_depth/000000003084-segment-13271285919570645382_5320_000_5340_000_with_camera_labels-70.png 1104 904 24
big_dataset_depth/000000003084-segment-13271285919570645382_5320_000_5340_000_with_camera_labels-70.png 1112 944 25
big_dataset_depth/000000003084-segment-13271285919570645382_5320_000_5340_000_with_camera_labels-70.png 1120 912 24
big_dataset_depth/000000003084-segment-13271285919570645382_5320_000_5340_000_with_camera_labels-70.png 1128 936 24
big_dataset_depth/000000003084-segment-13271285919570645382_5320_000_5340_000_with_camera_labels-70.png 1136 976 25
big_dataset_depth/000000003084-segment-13271285919570645382_5320_000_5340_000_with_camera_labels-70.png 1144 944 25
big_dataset_depth/000000003084-segment-13271285919570645382_5320_000_5340_000_with_camera_labels-70.png 1152 960 24
big_dataset_depth/000000003084-segment-13271285919570645382_5320_000_5340_000_with_camera_labels-70.png 1160 960 24
big_dataset_depth/000000003084-segment-13271285919570645382_5320_000_5340_000_with_camera_labels-70.png 1168 976 24
big_dataset_depth/000000003084-segment-13271285919570645382_5320_000_5340_000_with_camera_labels-70.png 1176 976 24
big_dataset_depth/000000003084-segment-13271285919570645382_5320_000_5340_000_with_camera_labels-70.png 1184 960 24
big_dataset_depth/000000003084-segment-13271285919570645382_5320_000_5340_000_with_camera_labels-70.png 1192 968 24
big_dataset_depth/000000003084-segment-13271285919570645382_5320_000_5340_000_with_camera_labels-70.png 1200 968 24
big_dataset_depth/000000003084-segment-13271285919570645382_5320_000_5340_000_with_camera_labels-70.png 1208 976 24
big_dataset_depth/000000003084-segment-13271285919570645382_5320_000_5340_000_with_camera_labels-70.png 1216 976 24
big_dataset_depth/000000003084-segment-13271285919570645382_5320_000_5340_000_with_camera_labels-70.png 1224 960 24
big_dataset_depth/000000003084-segment-13271285919570645382_5320_000_5340_000_with_camera_labels-70.png 1232 968 24
big_dataset_depth/000000003084-segment-13271285919570645382_5320_000_5340_000_with_camera_labels-70.png 1240 944 24
big_dataset_depth/000000003084-segment-13271285919570645382_5320_000_5340_000_with_camera_labels-70.png 1248 936 25
big_dataset_depth/000000003084-segment-13271285919570645382_5320_000_5340_000_with_camera_labels-70.png 1256 976 25
big_dataset_depth/000000003084-segment-13271285919570645382_5320_000_5340_000_with_camera_labels-70.png 1264 936 24
big_dataset_depth/000000003084-segment-13271285919570645382_5320_000_5340_000_with_camera_labels-70.png 1272 928 24
big_dataset_depth/000000003084-segment-13271285919570645382_5320_000_5340_000_with_camera_labels-70.png 1280 920 24
big_dataset_depth/000000003084-segment-13271285919570645382_5320_000_5340_000_with_camera_labels-70.png 1288 920 24
big_dataset_depth/000000003084-segment-13271285919570645382_5320_000_5340_000_with_camera_labels-70.png 1296 936 24
big_dataset_depth/000000003084-segment-13271285919570645382_5320_000_5340_000_with_camera_labels-70.png 1304 936 24
big_dataset_depth/000000003084-segment-13271285919570645382_5320_000_5340_000_with_camera_labels-70.png 1312 920 24
big_dataset_depth/000000003084-segment-13271285919570645382_5320_000_5340_000_with_camera_labels-70.png 1320 928 24
big_dataset_depth/000000003084-segment-13271285919570645382_5320_000_5340_000_with_camera_labels-70.png 1328 936 24
big_dataset_depth/000000003084-segment-13271285919570645382_5320_000_5340_000_with_camera_labels-70.png 1336 936 24
big_dataset_depth/000000003084-segment-13271285919570645382_5320_000_5340_000_with_camera_labels-70.png 1344 936 25
big_dataset_depth/000000003084-segment-13271285919570645382_5320_000_5340_000_with_camera_labels-70.png 1352 928 25
big_dataset_depth/000000003084-segment-13271285919570645382_5320_000_5340_000_with_camera_labels-70.png 1360 928 25
big_dataset_depth/000000003084-segment-13271285919570645382_5320_000_5340_000_with_camera_labels-70.png 1368 936 25
big_dataset_depth/000000003084-segment-13271285919570645382_5320_000_5340_000_with_camera_labels-70.png 1376 936 25
big_dataset_depth/000000003084-segment-13271285919570645382_5320_000_5340_000_with_camera_labels-70.png 1384 936 25
big_dataset_depth/000000003084-segment-13271285919570645382_5320_000_5340_000_with_camera_labels-70.png 1392 944 25
big_dataset_depth/000000003084-segment-13271285919570645382_5320_000_5340_000_with_camera_labels-70.png 1400 936 25
big_dataset_depth/000000003084-segment-13271285919570645382_5320_000_5340_000_with_camera_labels-70.png 1408 936 25
big_dataset_depth/000000003084-segment-13271285919570645382_5320_000_5340_000_with_camera_labels-70.png 1416 944 25
big_dataset_depth/000000003084-segment-13271285919570645382_5320_000_5340_000_with_camera_labels-70.png 1424 936 25
big_dataset_depth/000000003084-segment-13271285919570645382_5320_000_5340_000_with_camera_labels-70.png 1432 944 26
big_dataset_depth/000000003084-segment-13271285919570645382_5320_000_5340_000_with_camera_labels-70.png 1440 936 25
big_dataset_depth/000000003084-segment-13271285919570645382_5320_000_5340_000_with_camera_labels-70.png 1448 936 25
big_dataset_depth/000000003084-segment-13271285919570645382_5320_000_5340_000_with_camera_labels-70.png 1456 944 26
big_dataset_depth/000000003084-segment-13271285919570645382_5320_000_5340_000_with_camera_labels-70.png 1464 936 25
big_dataset_depth/000000003084-segment-13271285919570645382_5320_000_5340_000_with_camera_labels-70.png 1472 952 26
big_dataset_depth/000000003084-segment-13271285919570645382_5320_000_5340_000_with_camera_labels-70.png 1480 952 26
big_dataset_depth/000000003084-segment-13271285919570645382_5320_000_5340_000_with_camera_labels-70.png 1496 928 26
big_dataset_depth/000000003084-segment-13271285919570645382_5320_000_5340_000_with_camera_labels-70.png 1504 968 26
big_dataset_depth/000000003084-segment-13271285919570645382_5320_000_5340_000_with_camera_labels-70.png 1512 944 25
big_dataset_depth/000000003084-segment-13271285919570645382_5320_000_5340_000_with_camera_labels-70.png 1520 952 26
big_dataset_depth/000000003084-segment-13271285919570645382_5320_000_5340_000_with_camera_labels-70.png 1528 952 25
big_dataset_depth/000000003084-segment-13271285919570645382_5320_000_5340_000_with_camera_labels-70.png 1536 960 25
big_dataset_depth/000000003084-segment-13271285919570645382_5320_000_5340_000_with_camera_labels-70.png 1544 976 25
big_dataset_depth/000000003084-segment-13271285919570645382_5320_000_5340_000_with_camera_labels-70.png 1552 960 25
big_dataset_depth/000000003084-segment-13271285919570645382_5320_000_5340_000_with_camera_labels-70.png 1560 968 25
big_dataset_depth/000000003084-segment-13271285919570645382_5320_000_5340_000_with_camera_labels-70.png 1568 976 25
big_dataset_depth/000000003084-segment-13271285919570645382_5320_000_5340_000_with_camera_labels-70.png 1576 976 25
big_dataset_depth/000000003084-segment-13271285919570645382_5320_000_5340_000_with_camera_labels-70.png 1584 984 25
big_dataset_depth/000000003084-segment-13271285919570645382_5320_000_5340_000_with_camera_labels-70.png 1592 968 25
big_dataset_depth/000000003084-segment-13271285919570645382_5320_000_5340_000_with_camera_labels-70.png 1600 976 25
big_dataset_depth/000000003084-segment-13271285919570645382_5320_000_5340_000_with_camera_labels-70.png 1608 968 25
big_dataset_depth/000000003084-segment-13271285919570645382_5320_000_5340_000_with_camera_labels-70.png 1616 960 25
big_dataset_depth/000000003084-segment-13271285919570645382_5320_000_5340_000_with_camera_labels-70.png 1624 944 26
big_dataset_depth/000000003084-segment-13271285919570645382_5320_000_5340_000_with_camera_labels-70.png 1632 944 25
big_dataset_depth/000000003084-segment-13271285919570645382_5320_000_5340_000_with_camera_labels-70.png 1640 936 25
big_dataset_depth/000000003084-segment-13271285919570645382_5320_000_5340_000_with_camera_labels-70.png 1648 928 25
big_dataset_depth/000000003084-segment-13271285919570645382_5320_000_5340_000_with_camera_labels-70.png 1656 936 25
big_dataset_depth/000000003084-segment-13271285919570645382_5320_000_5340_000_with_camera_labels-70.png 1664 936 26
big_dataset_depth/000000003084-segment-13271285919570645382_5320_000_5340_000_with_camera_labels-70.png 1672 928 26
big_dataset_depth/000000003084-segment-13271285919570645382_5320_000_5340_000_with_camera_labels-70.png 1680 936 29
big_dataset_depth/000000003084-segment-13271285919570645382_5320_000_5340_000_with_camera_labels-70.png 1688 872 31
big_dataset_depth/000000003084-segment-13271285919570645382_5320_000_5340_000_with_camera_labels-70.png 1696 880 30
big_dataset_depth/000000003084-segment-13271285919570645382_5320_000_5340_000_with_camera_labels-70.png 1704 872 30
big_dataset_depth/000000003084-segment-13271285919570645382_5320_000_5340_000_with_camera_labels-70.png 1712 872 30
big_dataset_depth/000000003084-segment-13271285919570645382_5320_000_5340_000_with_camera_labels-70.png 1720 880 30
big_dataset_depth/000000003084-segment-13271285919570645382_5320_000_5340_000_with_camera_labels-70.png 1728 888 32
big_dataset_depth/000000003084-segment-13271285919570645382_5320_000_5340_000_with_camera_labels-70.png 1736 880 30
big_dataset_depth/000000003084-segment-13271285919570645382_5320_000_5340_000_with_camera_labels-70.png 1744 872 30
big_dataset_depth/000000003084-segment-13271285919570645382_5320_000_5340_000_with_camera_labels-70.png 1752 880 31
big_dataset_depth/000000003084-segment-13271285919570645382_5320_000_5340_000_with_camera_labels-70.png 1760 864 30
big_dataset_depth/000000003084-segment-13271285919570645382_5320_000_5340_000_with_camera_labels-70.png 1776 872 31
big_dataset_depth/000000003084-segment-13271285919570645382_5320_000_5340_000_with_camera_labels-70.png 1784 888 31
big_dataset_depth/000000003084-segment-13271285919570645382_5320_000_5340_000_with_camera_labels-70.png 1800 888 31
big_dataset_depth/000000003084-segment-13271285919570645382_5320_000_5340_000_with_camera_labels-70.png 1808 888 31
big_dataset_depth/000000003084-segment-13271285919570645382_5320_000_5340_000_with_camera_labels-70.png 1816 904 32
big_dataset_depth/000000003084-segment-13271285919570645382_5320_000_5340_000_with_camera_labels-70.png 1824 872 31
big_dataset_depth/000000003084-segment-13271285919570645382_5320_000_5340_000_with_camera_labels-70.png 1832 888 31
big_dataset_depth/000000003084-segment-13271285919570645382_5320_000_5340_000_with_camera_labels-70.png 1840 904 31
big_dataset_depth/000000003084-segment-13271285919570645382_5320_000_5340_000_with_camera_labels-70.png 1848 912 31
big_dataset_depth/000000003084-segment-13271285919570645382_5320_000_5340_000_with_camera_labels-70.png 1856 920 31
big_dataset_depth/000000003084-segment-13271285919570645382_5320_000_5340_000_with_camera_labels-70.png 1864 912 31
big_dataset_depth/000000003084-segment-13271285919570645382_5320_000_5340_000_with_camera_labels-70.png 1872 912 31
big_dataset_depth/000000003084-segment-13271285919570645382_5320_000_5340_000_with_camera_labels-70.png 1880 992 24
big_dataset_depth/000000003084-segment-13271285919570645382_5320_000_5340_000_with_camera_labels-70.png 1888 920 31
big_dataset_depth/000000003084-segment-13271285919570645382_5320_000_5340_000_with_camera_labels-70.png 1896 1016 24
big_dataset_depth/000000003084-segment-13271285919570645382_5320_000_5340_000_with_camera_labels-70.png 1904 1016 22
big_dataset_depth/000000003084-segment-13271285919570645382_5320_000_5340_000_with_camera_labels-70.png 1912 960 32
