big_dataset_depth/000000002718-segment-13005562150845909564_3141_360_3161_360_with_camera_labels-10.png 0 848 47
big_dataset_depth/000000002718-segment-13005562150845909564_3141_360_3161_360_with_camera_labels-10.png 8 832 48
big_dataset_depth/000000002718-segment-13005562150845909564_3141_360_3161_360_with_camera_labels-10.png 16 880 40
big_dataset_depth/000000002718-segment-13005562150845909564_3141_360_3161_360_with_camera_labels-10.png 24 880 37
big_dataset_depth/000000002718-segment-13005562150845909564_3141_360_3161_360_with_camera_labels-10.png 32 832 49
big_dataset_depth/000000002718-segment-13005562150845909564_3141_360_3161_360_with_camera_labels-10.png 64 824 49
big_dataset_depth/000000002718-segment-13005562150845909564_3141_360_3161_360_with_camera_labels-10.png 72 824 50
big_dataset_depth/000000002718-segment-13005562150845909564_3141_360_3161_360_with_camera_labels-10.png 80 832 52
big_dataset_depth/000000002718-segment-13005562150845909564_3141_360_3161_360_with_camera_labels-10.png 88 816 54
big_dataset_depth/000000002718-segment-13005562150845909564_3141_360_3161_360_with_camera_labels-10.png 96 824 54
big_dataset_depth/000000002718-segment-13005562150845909564_3141_360_3161_360_with_camera_labels-10.png 104 824 54
big_dataset_depth/000000002718-segment-13005562150845909564_3141_360_3161_360_with_camera_labels-10.png 112 824 54
big_dataset_depth/000000002718-segment-13005562150845909564_3141_360_3161_360_with_camera_labels-10.png 120 824 55
big_dataset_depth/000000002718-segment-13005562150845909564_3141_360_3161_360_with_camera_labels-10.png 128 824 54
big_dataset_depth/000000002718-segment-13005562150845909564_3141_360_3161_360_with_camera_labels-10.png 136 824 54
big_dataset_depth/000000002718-segment-13005562150845909564_3141_360_3161_360_with_camera_labels-10.png 144 832 54
big_dataset_depth/000000002718-segment-13005562150845909564_3141_360_3161_360_with_camera_labels-10.png 152 832 54
big_dataset_depth/000000002718-segment-13005562150845909564_3141_360_3161_360_with_camera_labels-10.png 160 832 54
big_dataset_depth/000000002718-segment-13005562150845909564_3141_360_3161_360_with_camera_labels-10.png 168 816 54
big_dataset_depth/000000002718-segment-13005562150845909564_3141_360_3161_360_with_camera_labels-10.png 176 832 56
big_dataset_depth/000000002718-segment-13005562150845909564_3141_360_3161_360_with_camera_labels-10.png 184 816 54
big_dataset_depth/000000002718-segment-13005562150845909564_3141_360_3161_360_with_camera_labels-10.png 192 816 54
big_dataset_depth/000000002718-segment-13005562150845909564_3141_360_3161_360_with_camera_labels-10.png 200 824 55
big_dataset_depth/000000002718-segment-13005562150845909564_3141_360_3161_360_with_camera_labels-10.png 208 816 54
big_dataset_depth/000000002718-segment-13005562150845909564_3141_360_3161_360_with_camera_labels-10.png 216 824 55
big_dataset_depth/000000002718-segment-13005562150845909564_3141_360_3161_360_with_camera_labels-10.png 224 800 55
big_dataset_depth/000000002718-segment-13005562150845909564_3141_360_3161_360_with_camera_labels-10.png 240 800 56
big_dataset_depth/000000002718-segment-13005562150845909564_3141_360_3161_360_with_camera_labels-10.png 248 760 90
big_dataset_depth/000000002718-segment-13005562150845909564_3141_360_3161_360_with_camera_labels-10.png 256 768 93
big_dataset_depth/000000002718-segment-13005562150845909564_3141_360_3161_360_with_camera_labels-10.png 264 768 90
big_dataset_depth/000000002718-segment-13005562150845909564_3141_360_3161_360_with_camera_labels-10.png 272 760 92
big_dataset_depth/000000002718-segment-13005562150845909564_3141_360_3161_360_with_camera_labels-10.png 280 768 90
big_dataset_depth/000000002718-segment-13005562150845909564_3141_360_3161_360_with_camera_labels-10.png 288 760 92
big_dataset_depth/000000002718-segment-13005562150845909564_3141_360_3161_360_with_camera_labels-10.png 296 768 90
big_dataset_depth/000000002718-segment-13005562150845909564_3141_360_3161_360_with_camera_labels-10.png 304 760 92
big_dataset_depth/000000002718-segment-13005562150845909564_3141_360_3161_360_with_camera_labels-10.png 312 768 89
big_dataset_depth/000000002718-segment-13005562150845909564_3141_360_3161_360_with_camera_labels-10.png 320 776 86
big_dataset_depth/000000002718-segment-13005562150845909564_3141_360_3161_360_with_camera_labels-10.png 328 752 92
big_dataset_depth/000000002718-segment-13005562150845909564_3141_360_3161_360_with_camera_labels-10.png 336 768 86
big_dataset_depth/000000002718-segment-13005562150845909564_3141_360_3161_360_with_camera_labels-10.png 344 768 86
big_dataset_depth/000000002718-segment-13005562150845909564_3141_360_3161_360_with_camera_labels-10.png 352 752 91
big_dataset_depth/000000002718-segment-13005562150845909564_3141_360_3161_360_with_camera_labels-10.png 360 768 85
big_dataset_depth/000000002718-segment-13005562150845909564_3141_360_3161_360_with_camera_labels-10.png 368 752 92
big_dataset_depth/000000002718-segment-13005562150845909564_3141_360_3161_360_with_camera_labels-10.png 376 768 85
big_dataset_depth/000000002718-segment-13005562150845909564_3141_360_3161_360_with_camera_labels-10.png 384 752 92
big_dataset_depth/000000002718-segment-13005562150845909564_3141_360_3161_360_with_camera_labels-10.png 392 768 85
big_dataset_depth/000000002718-segment-13005562150845909564_3141_360_3161_360_with_camera_labels-10.png 400 752 93
big_dataset_depth/000000002718-segment-13005562150845909564_3141_360_3161_360_with_camera_labels-10.png 408 744 100
big_dataset_depth/000000002718-segment-13005562150845909564_3141_360_3161_360_with_camera_labels-10.png 416 752 89
big_dataset_depth/000000002718-segment-13005562150845909564_3141_360_3161_360_with_camera_labels-10.png 424 752 89
big_dataset_depth/000000002718-segment-13005562150845909564_3141_360_3161_360_with_camera_labels-10.png 432 752 95
big_dataset_depth/000000002718-segment-13005562150845909564_3141_360_3161_360_with_camera_labels-10.png 440 752 102
big_dataset_depth/000000002718-segment-13005562150845909564_3141_360_3161_360_with_camera_labels-10.png 448 752 102
big_dataset_depth/000000002718-segment-13005562150845909564_3141_360_3161_360_with_camera_labels-10.png 456 728 101
big_dataset_depth/000000002718-segment-13005562150845909564_3141_360_3161_360_with_camera_labels-10.png 464 760 97
big_dataset_depth/000000002718-segment-13005562150845909564_3141_360_3161_360_with_camera_labels-10.png 472 752 103
big_dataset_depth/000000002718-segment-13005562150845909564_3141_360_3161_360_with_camera_labels-10.png 480 760 97
big_dataset_depth/000000002718-segment-13005562150845909564_3141_360_3161_360_with_camera_labels-10.png 488 752 102
big_dataset_depth/000000002718-segment-13005562150845909564_3141_360_3161_360_with_camera_labels-10.png 496 752 102
big_dataset_depth/000000002718-segment-13005562150845909564_3141_360_3161_360_with_camera_labels-10.png 504 752 102
big_dataset_depth/000000002718-segment-13005562150845909564_3141_360_3161_360_with_camera_labels-10.png 512 760 98
big_dataset_depth/000000002718-segment-13005562150845909564_3141_360_3161_360_with_camera_labels-10.png 520 752 105
big_dataset_depth/000000002718-segment-13005562150845909564_3141_360_3161_360_with_camera_labels-10.png 528 760 101
big_dataset_depth/000000002718-segment-13005562150845909564_3141_360_3161_360_with_camera_labels-10.png 536 752 104
big_dataset_depth/000000002718-segment-13005562150845909564_3141_360_3161_360_with_camera_labels-10.png 544 752 105
big_dataset_depth/000000002718-segment-13005562150845909564_3141_360_3161_360_with_camera_labels-10.png 552 752 105
big_dataset_depth/000000002718-segment-13005562150845909564_3141_360_3161_360_with_camera_labels-10.png 560 752 104
big_dataset_depth/000000002718-segment-13005562150845909564_3141_360_3161_360_with_camera_labels-10.png 568 688 103
big_dataset_depth/000000002718-segment-13005562150845909564_3141_360_3161_360_with_camera_labels-10.png 576 752 104
big_dataset_depth/000000002718-segment-13005562150845909564_3141_360_3161_360_with_camera_labels-10.png 584 752 105
big_dataset_depth/000000002718-segment-13005562150845909564_3141_360_3161_360_with_camera_labels-10.png 592 760 105
big_dataset_depth/000000002718-segment-13005562150845909564_3141_360_3161_360_with_camera_labels-10.png 600 688 99
big_dataset_depth/000000002718-segment-13005562150845909564_3141_360_3161_360_with_camera_labels-10.png 608 760 100
big_dataset_depth/000000002718-segment-13005562150845909564_3141_360_3161_360_with_camera_labels-10.png 616 688 99
big_dataset_depth/000000002718-segment-13005562150845909564_3141_360_3161_360_with_camera_labels-10.png 624 760 105
big_dataset_depth/000000002718-segment-13005562150845909564_3141_360_3161_360_with_camera_labels-10.png 632 680 100
big_dataset_depth/000000002718-segment-13005562150845909564_3141_360_3161_360_with_camera_labels-10.png 640 768 97
big_dataset_depth/000000002718-segment-13005562150845909564_3141_360_3161_360_with_camera_labels-10.png 648 768 97
big_dataset_depth/000000002718-segment-13005562150845909564_3141_360_3161_360_with_camera_labels-10.png 656 672 99
big_dataset_depth/000000002718-segment-13005562150845909564_3141_360_3161_360_with_camera_labels-10.png 664 768 101
big_dataset_depth/000000002718-segment-13005562150845909564_3141_360_3161_360_with_camera_labels-10.png 672 752 101
big_dataset_depth/000000002718-segment-13005562150845909564_3141_360_3161_360_with_camera_labels-10.png 680 768 100
big_dataset_depth/000000002718-segment-13005562150845909564_3141_360_3161_360_with_camera_labels-10.png 688 736 100
big_dataset_depth/000000002718-segment-13005562150845909564_3141_360_3161_360_with_camera_labels-10.png 696 752 100
big_dataset_depth/000000002718-segment-13005562150845909564_3141_360_3161_360_with_camera_labels-10.png 704 752 100
big_dataset_depth/000000002718-segment-13005562150845909564_3141_360_3161_360_with_camera_labels-10.png 712 744 99
big_dataset_depth/000000002718-segment-13005562150845909564_3141_360_3161_360_with_camera_labels-10.png 720 752 100
big_dataset_depth/000000002718-segment-13005562150845909564_3141_360_3161_360_with_camera_labels-10.png 728 760 100
big_dataset_depth/000000002718-segment-13005562150845909564_3141_360_3161_360_with_camera_labels-10.png 736 760 105
big_dataset_depth/000000002718-segment-13005562150845909564_3141_360_3161_360_with_camera_labels-10.png 744 744 107
big_dataset_depth/000000002718-segment-13005562150845909564_3141_360_3161_360_with_camera_labels-10.png 1216 736 108
big_dataset_depth/000000002718-segment-13005562150845909564_3141_360_3161_360_with_camera_labels-10.png 1224 736 108
big_dataset_depth/000000002718-segment-13005562150845909564_3141_360_3161_360_with_camera_labels-10.png 1232 736 108
big_dataset_depth/000000002718-segment-13005562150845909564_3141_360_3161_360_with_camera_labels-10.png 1240 736 108
big_dataset_depth/000000002718-segment-13005562150845909564_3141_360_3161_360_with_camera_labels-10.png 1248 744 107
big_dataset_depth/000000002718-segment-13005562150845909564_3141_360_3161_360_with_camera_labels-10.png 1256 752 107
big_dataset_depth/000000002718-segment-13005562150845909564_3141_360_3161_360_with_camera_labels-10.png 1264 744 106
big_dataset_depth/000000002718-segment-13005562150845909564_3141_360_3161_360_with_camera_labels-10.png 1272 744 107
big_dataset_depth/000000002718-segment-13005562150845909564_3141_360_3161_360_with_camera_labels-10.png 1280 744 104
big_dataset_depth/000000002718-segment-13005562150845909564_3141_360_3161_360_with_camera_labels-10.png 1288 776 69
big_dataset_depth/000000002718-segment-13005562150845909564_3141_360_3161_360_with_camera_labels-10.png 1296 784 69
big_dataset_depth/000000002718-segment-13005562150845909564_3141_360_3161_360_with_camera_labels-10.png 1304 768 87
big_dataset_depth/000000002718-segment-13005562150845909564_3141_360_3161_360_with_camera_labels-10.png 1312 760 87
big_dataset_depth/000000002718-segment-13005562150845909564_3141_360_3161_360_with_camera_labels-10.png 1320 752 85
big_dataset_depth/000000002718-segment-13005562150845909564_3141_360_3161_360_with_camera_labels-10.png 1328 760 82
big_dataset_depth/000000002718-segment-13005562150845909564_3141_360_3161_360_with_camera_labels-10.png 1336 760 82
big_dataset_depth/000000002718-segment-13005562150845909564_3141_360_3161_360_with_camera_labels-10.png 1344 768 77
big_dataset_depth/000000002718-segment-13005562150845909564_3141_360_3161_360_with_camera_labels-10.png 1352 784 72
big_dataset_depth/000000002718-segment-13005562150845909564_3141_360_3161_360_with_camera_labels-10.png 1360 784 72
big_dataset_depth/000000002718-segment-13005562150845909564_3141_360_3161_360_with_camera_labels-10.png 1368 784 72
big_dataset_depth/000000002718-segment-13005562150845909564_3141_360_3161_360_with_camera_labels-10.png 1376 784 72
big_dataset_depth/000000002718-segment-13005562150845909564_3141_360_3161_360_with_camera_labels-10.png 1384 776 72
big_dataset_depth/000000002718-segment-13005562150845909564_3141_360_3161_360_with_camera_labels-10.png 1392 824 50
big_dataset_depth/000000002718-segment-13005562150845909564_3141_360_3161_360_with_camera_labels-10.png 1400 824 50
big_dataset_depth/000000002718-segment-13005562150845909564_3141_360_3161_360_with_camera_labels-10.png 1408 816 50
big_dataset_depth/000000002718-segment-13005562150845909564_3141_360_3161_360_with_camera_labels-10.png 1416 824 50
big_dataset_depth/000000002718-segment-13005562150845909564_3141_360_3161_360_with_camera_labels-10.png 1424 824 50
big_dataset_depth/000000002718-segment-13005562150845909564_3141_360_3161_360_with_camera_labels-10.png 1432 800 58
big_dataset_depth/000000002718-segment-13005562150845909564_3141_360_3161_360_with_camera_labels-10.png 1440 792 65
big_dataset_depth/000000002718-segment-13005562150845909564_3141_360_3161_360_with_camera_labels-10.png 1448 776 68
big_dataset_depth/000000002718-segment-13005562150845909564_3141_360_3161_360_with_camera_labels-10.png 1456 776 71
big_dataset_depth/000000002718-segment-13005562150845909564_3141_360_3161_360_with_camera_labels-10.png 1464 776 71
big_dataset_depth/000000002718-segment-13005562150845909564_3141_360_3161_360_with_camera_labels-10.png 1480 848 42
big_dataset_depth/000000002718-segment-13005562150845909564_3141_360_3161_360_with_camera_labels-10.png 1488 848 42
big_dataset_depth/000000002718-segment-13005562150845909564_3141_360_3161_360_with_camera_labels-10.png 1496 848 42
big_dataset_depth/000000002718-segment-13005562150845909564_3141_360_3161_360_with_camera_labels-10.png 1504 848 42
big_dataset_depth/000000002718-segment-13005562150845909564_3141_360_3161_360_with_camera_labels-10.png 1512 848 42
big_dataset_depth/000000002718-segment-13005562150845909564_3141_360_3161_360_with_camera_labels-10.png 1520 816 42
big_dataset_depth/000000002718-segment-13005562150845909564_3141_360_3161_360_with_camera_labels-10.png 1528 816 41
big_dataset_depth/000000002718-segment-13005562150845909564_3141_360_3161_360_with_camera_labels-10.png 1536 800 48
big_dataset_depth/000000002718-segment-13005562150845909564_3141_360_3161_360_with_camera_labels-10.png 1544 816 42
big_dataset_depth/000000002718-segment-13005562150845909564_3141_360_3161_360_with_camera_labels-10.png 1552 800 48
big_dataset_depth/000000002718-segment-13005562150845909564_3141_360_3161_360_with_camera_labels-10.png 1560 832 42
big_dataset_depth/000000002718-segment-13005562150845909564_3141_360_3161_360_with_camera_labels-10.png 1568 776 64
big_dataset_depth/000000002718-segment-13005562150845909564_3141_360_3161_360_with_camera_labels-10.png 1600 848 41
big_dataset_depth/000000002718-segment-13005562150845909564_3141_360_3161_360_with_camera_labels-10.png 1608 848 41
big_dataset_depth/000000002718-segment-13005562150845909564_3141_360_3161_360_with_camera_labels-10.png 1616 848 41
big_dataset_depth/000000002718-segment-13005562150845909564_3141_360_3161_360_with_camera_labels-10.png 1624 848 41
big_dataset_depth/000000002718-segment-13005562150845909564_3141_360_3161_360_with_camera_labels-10.png 1656 848 41
big_dataset_depth/000000002718-segment-13005562150845909564_3141_360_3161_360_with_camera_labels-10.png 1664 984 28
big_dataset_depth/000000002718-segment-13005562150845909564_3141_360_3161_360_with_camera_labels-10.png 1672 1048 21
big_dataset_depth/000000002718-segment-13005562150845909564_3141_360_3161_360_with_camera_labels-10.png 1680 1048 21
big_dataset_depth/000000002718-segment-13005562150845909564_3141_360_3161_360_with_camera_labels-10.png 1696 1072 21
big_dataset_depth/000000002718-segment-13005562150845909564_3141_360_3161_360_with_camera_labels-10.png 1704 960 31
big_dataset_depth/000000002718-segment-13005562150845909564_3141_360_3161_360_with_camera_labels-10.png 1712 1072 20
big_dataset_depth/000000002718-segment-13005562150845909564_3141_360_3161_360_with_camera_labels-10.png 1720 1072 20
big_dataset_depth/000000002718-segment-13005562150845909564_3141_360_3161_360_with_camera_labels-10.png 1728 1080 20
big_dataset_depth/000000002718-segment-13005562150845909564_3141_360_3161_360_with_camera_labels-10.png 1736 1088 20
big_dataset_depth/000000002718-segment-13005562150845909564_3141_360_3161_360_with_camera_labels-10.png 1744 1088 20
big_dataset_depth/000000002718-segment-13005562150845909564_3141_360_3161_360_with_camera_labels-10.png 1752 1088 20
big_dataset_depth/000000002718-segment-13005562150845909564_3141_360_3161_360_with_camera_labels-10.png 1760 1088 19
big_dataset_depth/000000002718-segment-13005562150845909564_3141_360_3161_360_with_camera_labels-10.png 1768 1096 19
big_dataset_depth/000000002718-segment-13005562150845909564_3141_360_3161_360_with_camera_labels-10.png 1776 1112 19
big_dataset_depth/000000002718-segment-13005562150845909564_3141_360_3161_360_with_camera_labels-10.png 1784 1112 19
big_dataset_depth/000000002718-segment-13005562150845909564_3141_360_3161_360_with_camera_labels-10.png 1792 1112 19
big_dataset_depth/000000002718-segment-13005562150845909564_3141_360_3161_360_with_camera_labels-10.png 1808 1112 19
big_dataset_depth/000000002718-segment-13005562150845909564_3141_360_3161_360_with_camera_labels-10.png 1816 1112 18
big_dataset_depth/000000002718-segment-13005562150845909564_3141_360_3161_360_with_camera_labels-10.png 1824 1128 18
big_dataset_depth/000000002718-segment-13005562150845909564_3141_360_3161_360_with_camera_labels-10.png 1832 1128 18
big_dataset_depth/000000002718-segment-13005562150845909564_3141_360_3161_360_with_camera_labels-10.png 1840 1128 18
big_dataset_depth/000000002718-segment-13005562150845909564_3141_360_3161_360_with_camera_labels-10.png 1848 1128 18
big_dataset_depth/000000002718-segment-13005562150845909564_3141_360_3161_360_with_camera_labels-10.png 1856 1144 18
big_dataset_depth/000000002718-segment-13005562150845909564_3141_360_3161_360_with_camera_labels-10.png 1864 1152 18
big_dataset_depth/000000002718-segment-13005562150845909564_3141_360_3161_360_with_camera_labels-10.png 1872 1152 17
big_dataset_depth/000000002718-segment-13005562150845909564_3141_360_3161_360_with_camera_labels-10.png 1880 1152 17
big_dataset_depth/000000002718-segment-13005562150845909564_3141_360_3161_360_with_camera_labels-10.png 1888 1152 17
big_dataset_depth/000000002718-segment-13005562150845909564_3141_360_3161_360_with_camera_labels-10.png 1896 1152 17
big_dataset_depth/000000002718-segment-13005562150845909564_3141_360_3161_360_with_camera_labels-10.png 1904 1160 17
