big_dataset_depth/000000002864-segment-13181198025433053194_2620_770_2640_770_with_camera_labels-70.png 0 1000 24
big_dataset_depth/000000002864-segment-13181198025433053194_2620_770_2640_770_with_camera_labels-70.png 8 880 42
big_dataset_depth/000000002864-segment-13181198025433053194_2620_770_2640_770_with_camera_labels-70.png 16 744 47
big_dataset_depth/000000002864-segment-13181198025433053194_2620_770_2640_770_with_camera_labels-70.png 24 744 60
big_dataset_depth/000000002864-segment-13181198025433053194_2620_770_2640_770_with_camera_labels-70.png 32 760 60
big_dataset_depth/000000002864-segment-13181198025433053194_2620_770_2640_770_with_camera_labels-70.png 40 760 60
big_dataset_depth/000000002864-segment-13181198025433053194_2620_770_2640_770_with_camera_labels-70.png 48 984 25
big_dataset_depth/000000002864-segment-13181198025433053194_2620_770_2640_770_with_camera_labels-70.png 56 760 59
big_dataset_depth/000000002864-segment-13181198025433053194_2620_770_2640_770_with_camera_labels-70.png 64 760 59
big_dataset_depth/000000002864-segment-13181198025433053194_2620_770_2640_770_with_camera_labels-70.png 72 816 46
big_dataset_depth/000000002864-segment-13181198025433053194_2620_770_2640_770_with_camera_labels-70.png 80 824 43
big_dataset_depth/000000002864-segment-13181198025433053194_2620_770_2640_770_with_camera_labels-70.png 88 840 34
big_dataset_depth/000000002864-segment-13181198025433053194_2620_770_2640_770_with_camera_labels-70.png 96 968 26
big_dataset_depth/000000002864-segment-13181198025433053194_2620_770_2640_770_with_camera_labels-70.png 104 968 26
big_dataset_depth/000000002864-segment-13181198025433053194_2620_770_2640_770_with_camera_labels-70.png 112 968 27
big_dataset_depth/000000002864-segment-13181198025433053194_2620_770_2640_770_with_camera_labels-70.png 120 968 27
big_dataset_depth/000000002864-segment-13181198025433053194_2620_770_2640_770_with_camera_labels-70.png 128 968 27
big_dataset_depth/000000002864-segment-13181198025433053194_2620_770_2640_770_with_camera_labels-70.png 144 752 60
big_dataset_depth/000000002864-segment-13181198025433053194_2620_770_2640_770_with_camera_labels-70.png 152 800 39
big_dataset_depth/000000002864-segment-13181198025433053194_2620_770_2640_770_with_camera_labels-70.png 160 952 28
big_dataset_depth/000000002864-segment-13181198025433053194_2620_770_2640_770_with_camera_labels-70.png 168 848 31
big_dataset_depth/000000002864-segment-13181198025433053194_2620_770_2640_770_with_camera_labels-70.png 184 792 49
big_dataset_depth/000000002864-segment-13181198025433053194_2620_770_2640_770_with_camera_labels-70.png 192 760 59
big_dataset_depth/000000002864-segment-13181198025433053194_2620_770_2640_770_with_camera_labels-70.png 200 928 29
big_dataset_depth/000000002864-segment-13181198025433053194_2620_770_2640_770_with_camera_labels-70.png 208 928 29
big_dataset_depth/000000002864-segment-13181198025433053194_2620_770_2640_770_with_camera_labels-70.png 216 880 39
big_dataset_depth/000000002864-segment-13181198025433053194_2620_770_2640_770_with_camera_labels-70.png 224 856 44
big_dataset_depth/000000002864-segment-13181198025433053194_2620_770_2640_770_with_camera_labels-70.png 232 928 30
big_dataset_depth/000000002864-segment-13181198025433053194_2620_770_2640_770_with_camera_labels-70.png 256 720 60
big_dataset_depth/000000002864-segment-13181198025433053194_2620_770_2640_770_with_camera_labels-70.png 264 808 50
big_dataset_depth/000000002864-segment-13181198025433053194_2620_770_2640_770_with_camera_labels-70.png 272 776 57
big_dataset_depth/000000002864-segment-13181198025433053194_2620_770_2640_770_with_camera_labels-70.png 280 768 58
big_dataset_depth/000000002864-segment-13181198025433053194_2620_770_2640_770_with_camera_labels-70.png 288 736 58
big_dataset_depth/000000002864-segment-13181198025433053194_2620_770_2640_770_with_camera_labels-70.png 296 744 60
big_dataset_depth/000000002864-segment-13181198025433053194_2620_770_2640_770_with_camera_labels-70.png 304 776 57
big_dataset_depth/000000002864-segment-13181198025433053194_2620_770_2640_770_with_camera_labels-70.png 312 832 45
big_dataset_depth/000000002864-segment-13181198025433053194_2620_770_2640_770_with_camera_labels-70.png 320 752 60
big_dataset_depth/000000002864-segment-13181198025433053194_2620_770_2640_770_with_camera_labels-70.png 328 776 57
big_dataset_depth/000000002864-segment-13181198025433053194_2620_770_2640_770_with_camera_labels-70.png 344 768 57
big_dataset_depth/000000002864-segment-13181198025433053194_2620_770_2640_770_with_camera_labels-70.png 352 744 61
big_dataset_depth/000000002864-segment-13181198025433053194_2620_770_2640_770_with_camera_labels-70.png 360 776 57
big_dataset_depth/000000002864-segment-13181198025433053194_2620_770_2640_770_with_camera_labels-70.png 368 888 36
big_dataset_depth/000000002864-segment-13181198025433053194_2620_770_2640_770_with_camera_labels-70.png 376 752 59
big_dataset_depth/000000002864-segment-13181198025433053194_2620_770_2640_770_with_camera_labels-70.png 384 784 56
big_dataset_depth/000000002864-segment-13181198025433053194_2620_770_2640_770_with_camera_labels-70.png 392 768 57
big_dataset_depth/000000002864-segment-13181198025433053194_2620_770_2640_770_with_camera_labels-70.png 400 760 57
big_dataset_depth/000000002864-segment-13181198025433053194_2620_770_2640_770_with_camera_labels-70.png 408 792 55
big_dataset_depth/000000002864-segment-13181198025433053194_2620_770_2640_770_with_camera_labels-70.png 416 784 55
big_dataset_depth/000000002864-segment-13181198025433053194_2620_770_2640_770_with_camera_labels-70.png 424 784 55
big_dataset_depth/000000002864-segment-13181198025433053194_2620_770_2640_770_with_camera_labels-70.png 432 784 55
big_dataset_depth/000000002864-segment-13181198025433053194_2620_770_2640_770_with_camera_labels-70.png 440 792 54
big_dataset_depth/000000002864-segment-13181198025433053194_2620_770_2640_770_with_camera_labels-70.png 448 784 54
big_dataset_depth/000000002864-segment-13181198025433053194_2620_770_2640_770_with_camera_labels-70.png 456 792 54
big_dataset_depth/000000002864-segment-13181198025433053194_2620_770_2640_770_with_camera_labels-70.png 464 792 54
big_dataset_depth/000000002864-segment-13181198025433053194_2620_770_2640_770_with_camera_labels-70.png 472 792 54
big_dataset_depth/000000002864-segment-13181198025433053194_2620_770_2640_770_with_camera_labels-70.png 480 792 54
big_dataset_depth/000000002864-segment-13181198025433053194_2620_770_2640_770_with_camera_labels-70.png 488 776 59
big_dataset_depth/000000002864-segment-13181198025433053194_2620_770_2640_770_with_camera_labels-70.png 496 792 56
big_dataset_depth/000000002864-segment-13181198025433053194_2620_770_2640_770_with_camera_labels-70.png 504 792 57
big_dataset_depth/000000002864-segment-13181198025433053194_2620_770_2640_770_with_camera_labels-70.png 512 880 35
big_dataset_depth/000000002864-segment-13181198025433053194_2620_770_2640_770_with_camera_labels-70.png 520 832 46
big_dataset_depth/000000002864-segment-13181198025433053194_2620_770_2640_770_with_camera_labels-70.png 536 776 60
big_dataset_depth/000000002864-segment-13181198025433053194_2620_770_2640_770_with_camera_labels-70.png 544 776 61
big_dataset_depth/000000002864-segment-13181198025433053194_2620_770_2640_770_with_camera_labels-70.png 552 776 62
big_dataset_depth/000000002864-segment-13181198025433053194_2620_770_2640_770_with_camera_labels-70.png 560 776 63
big_dataset_depth/000000002864-segment-13181198025433053194_2620_770_2640_770_with_camera_labels-70.png 568 768 66
big_dataset_depth/000000002864-segment-13181198025433053194_2620_770_2640_770_with_camera_labels-70.png 576 768 66
big_dataset_depth/000000002864-segment-13181198025433053194_2620_770_2640_770_with_camera_labels-70.png 584 752 70
big_dataset_depth/000000002864-segment-13181198025433053194_2620_770_2640_770_with_camera_labels-70.png 592 768 68
big_dataset_depth/000000002864-segment-13181198025433053194_2620_770_2640_770_with_camera_labels-70.png 600 744 76
big_dataset_depth/000000002864-segment-13181198025433053194_2620_770_2640_770_with_camera_labels-70.png 608 768 72
big_dataset_depth/000000002864-segment-13181198025433053194_2620_770_2640_770_with_camera_labels-70.png 616 760 73
big_dataset_depth/000000002864-segment-13181198025433053194_2620_770_2640_770_with_camera_labels-70.png 624 736 73
big_dataset_depth/000000002864-segment-13181198025433053194_2620_770_2640_770_with_camera_labels-70.png 632 776 65
big_dataset_depth/000000002864-segment-13181198025433053194_2620_770_2640_770_with_camera_labels-70.png 640 744 83
big_dataset_depth/000000002864-segment-13181198025433053194_2620_770_2640_770_with_camera_labels-70.png 648 744 83
big_dataset_depth/000000002864-segment-13181198025433053194_2620_770_2640_770_with_camera_labels-70.png 656 752 83
big_dataset_depth/000000002864-segment-13181198025433053194_2620_770_2640_770_with_camera_labels-70.png 664 752 84
big_dataset_depth/000000002864-segment-13181198025433053194_2620_770_2640_770_with_camera_labels-70.png 672 752 85
big_dataset_depth/000000002864-segment-13181198025433053194_2620_770_2640_770_with_camera_labels-70.png 680 736 93
big_dataset_depth/000000002864-segment-13181198025433053194_2620_770_2640_770_with_camera_labels-70.png 688 760 79
big_dataset_depth/000000002864-segment-13181198025433053194_2620_770_2640_770_with_camera_labels-70.png 696 776 56
big_dataset_depth/000000002864-segment-13181198025433053194_2620_770_2640_770_with_camera_labels-70.png 704 736 96
big_dataset_depth/000000002864-segment-13181198025433053194_2620_770_2640_770_with_camera_labels-70.png 712 728 97
big_dataset_depth/000000002864-segment-13181198025433053194_2620_770_2640_770_with_camera_labels-70.png 720 736 101
big_dataset_depth/000000002864-segment-13181198025433053194_2620_770_2640_770_with_camera_labels-70.png 736 752 67
big_dataset_depth/000000002864-segment-13181198025433053194_2620_770_2640_770_with_camera_labels-70.png 744 776 67
big_dataset_depth/000000002864-segment-13181198025433053194_2620_770_2640_770_with_camera_labels-70.png 760 736 103
big_dataset_depth/000000002864-segment-13181198025433053194_2620_770_2640_770_with_camera_labels-70.png 768 744 90
big_dataset_depth/000000002864-segment-13181198025433053194_2620_770_2640_770_with_camera_labels-70.png 776 760 77
big_dataset_depth/000000002864-segment-13181198025433053194_2620_770_2640_770_with_camera_labels-70.png 792 744 88
big_dataset_depth/000000002864-segment-13181198025433053194_2620_770_2640_770_with_camera_labels-70.png 800 752 88
big_dataset_depth/000000002864-segment-13181198025433053194_2620_770_2640_770_with_camera_labels-70.png 1056 752 77
big_dataset_depth/000000002864-segment-13181198025433053194_2620_770_2640_770_with_camera_labels-70.png 1064 752 67
big_dataset_depth/000000002864-segment-13181198025433053194_2620_770_2640_770_with_camera_labels-70.png 1072 776 67
big_dataset_depth/000000002864-segment-13181198025433053194_2620_770_2640_770_with_camera_labels-70.png 1088 792 56
big_dataset_depth/000000002864-segment-13181198025433053194_2620_770_2640_770_with_camera_labels-70.png 1112 832 45
big_dataset_depth/000000002864-segment-13181198025433053194_2620_770_2640_770_with_camera_labels-70.png 1120 832 45
big_dataset_depth/000000002864-segment-13181198025433053194_2620_770_2640_770_with_camera_labels-70.png 1128 736 78
big_dataset_depth/000000002864-segment-13181198025433053194_2620_770_2640_770_with_camera_labels-70.png 1136 744 73
big_dataset_depth/000000002864-segment-13181198025433053194_2620_770_2640_770_with_camera_labels-70.png 1144 776 65
big_dataset_depth/000000002864-segment-13181198025433053194_2620_770_2640_770_with_camera_labels-70.png 1152 784 63
big_dataset_depth/000000002864-segment-13181198025433053194_2620_770_2640_770_with_camera_labels-70.png 1160 808 35
big_dataset_depth/000000002864-segment-13181198025433053194_2620_770_2640_770_with_camera_labels-70.png 1168 880 35
big_dataset_depth/000000002864-segment-13181198025433053194_2620_770_2640_770_with_camera_labels-70.png 1176 832 46
big_dataset_depth/000000002864-segment-13181198025433053194_2620_770_2640_770_with_camera_labels-70.png 1184 800 56
big_dataset_depth/000000002864-segment-13181198025433053194_2620_770_2640_770_with_camera_labels-70.png 1192 792 55
big_dataset_depth/000000002864-segment-13181198025433053194_2620_770_2640_770_with_camera_labels-70.png 1200 808 51
big_dataset_depth/000000002864-segment-13181198025433053194_2620_770_2640_770_with_camera_labels-70.png 1208 816 50
big_dataset_depth/000000002864-segment-13181198025433053194_2620_770_2640_770_with_camera_labels-70.png 1216 816 49
big_dataset_depth/000000002864-segment-13181198025433053194_2620_770_2640_770_with_camera_labels-70.png 1224 816 48
big_dataset_depth/000000002864-segment-13181198025433053194_2620_770_2640_770_with_camera_labels-70.png 1232 816 47
big_dataset_depth/000000002864-segment-13181198025433053194_2620_770_2640_770_with_camera_labels-70.png 1240 832 46
big_dataset_depth/000000002864-segment-13181198025433053194_2620_770_2640_770_with_camera_labels-70.png 1248 880 24
big_dataset_depth/000000002864-segment-13181198025433053194_2620_770_2640_770_with_camera_labels-70.png 1256 960 24
big_dataset_depth/000000002864-segment-13181198025433053194_2620_770_2640_770_with_camera_labels-70.png 1264 968 24
big_dataset_depth/000000002864-segment-13181198025433053194_2620_770_2640_770_with_camera_labels-70.png 1272 856 32
big_dataset_depth/000000002864-segment-13181198025433053194_2620_770_2640_770_with_camera_labels-70.png 1280 864 32
big_dataset_depth/000000002864-segment-13181198025433053194_2620_770_2640_770_with_camera_labels-70.png 1288 856 39
big_dataset_depth/000000002864-segment-13181198025433053194_2620_770_2640_770_with_camera_labels-70.png 1296 856 39
big_dataset_depth/000000002864-segment-13181198025433053194_2620_770_2640_770_with_camera_labels-70.png 1304 848 38
big_dataset_depth/000000002864-segment-13181198025433053194_2620_770_2640_770_with_camera_labels-70.png 1312 840 37
big_dataset_depth/000000002864-segment-13181198025433053194_2620_770_2640_770_with_camera_labels-70.png 1320 880 36
big_dataset_depth/000000002864-segment-13181198025433053194_2620_770_2640_770_with_camera_labels-70.png 1328 864 35
big_dataset_depth/000000002864-segment-13181198025433053194_2620_770_2640_770_with_camera_labels-70.png 1336 888 34
big_dataset_depth/000000002864-segment-13181198025433053194_2620_770_2640_770_with_camera_labels-70.png 1344 896 34
big_dataset_depth/000000002864-segment-13181198025433053194_2620_770_2640_770_with_camera_labels-70.png 1352 880 33
big_dataset_depth/000000002864-segment-13181198025433053194_2620_770_2640_770_with_camera_labels-70.png 1360 896 33
big_dataset_depth/000000002864-segment-13181198025433053194_2620_770_2640_770_with_camera_labels-70.png 1368 912 32
big_dataset_depth/000000002864-segment-13181198025433053194_2620_770_2640_770_with_camera_labels-70.png 1376 912 31
big_dataset_depth/000000002864-segment-13181198025433053194_2620_770_2640_770_with_camera_labels-70.png 1384 920 31
big_dataset_depth/000000002864-segment-13181198025433053194_2620_770_2640_770_with_camera_labels-70.png 1392 920 30
big_dataset_depth/000000002864-segment-13181198025433053194_2620_770_2640_770_with_camera_labels-70.png 1400 912 30
big_dataset_depth/000000002864-segment-13181198025433053194_2620_770_2640_770_with_camera_labels-70.png 1408 920 29
big_dataset_depth/000000002864-segment-13181198025433053194_2620_770_2640_770_with_camera_labels-70.png 1416 928 29
big_dataset_depth/000000002864-segment-13181198025433053194_2620_770_2640_770_with_camera_labels-70.png 1424 944 28
big_dataset_depth/000000002864-segment-13181198025433053194_2620_770_2640_770_with_camera_labels-70.png 1432 944 28
big_dataset_depth/000000002864-segment-13181198025433053194_2620_770_2640_770_with_camera_labels-70.png 1440 952 27
big_dataset_depth/000000002864-segment-13181198025433053194_2620_770_2640_770_with_camera_labels-70.png 1448 952 27
big_dataset_depth/000000002864-segment-13181198025433053194_2620_770_2640_770_with_camera_labels-70.png 1456 960 27
big_dataset_depth/000000002864-segment-13181198025433053194_2620_770_2640_770_with_camera_labels-70.png 1464 960 26
big_dataset_depth/000000002864-segment-13181198025433053194_2620_770_2640_770_with_camera_labels-70.png 1472 976 26
big_dataset_depth/000000002864-segment-13181198025433053194_2620_770_2640_770_with_camera_labels-70.png 1480 944 26
big_dataset_depth/000000002864-segment-13181198025433053194_2620_770_2640_770_with_camera_labels-70.png 1488 976 25
big_dataset_depth/000000002864-segment-13181198025433053194_2620_770_2640_770_with_camera_labels-70.png 1544 1096 14
big_dataset_depth/000000002864-segment-13181198025433053194_2620_770_2640_770_with_camera_labels-70.png 1552 1184 14
big_dataset_depth/000000002864-segment-13181198025433053194_2620_770_2640_770_with_camera_labels-70.png 1560 1136 18
big_dataset_depth/000000002864-segment-13181198025433053194_2620_770_2640_770_with_camera_labels-70.png 1568 1280 14
big_dataset_depth/000000002864-segment-13181198025433053194_2620_770_2640_770_with_camera_labels-70.png 1576 1192 16
big_dataset_depth/000000002864-segment-13181198025433053194_2620_770_2640_770_with_camera_labels-70.png 1584 1184 17
big_dataset_depth/000000002864-segment-13181198025433053194_2620_770_2640_770_with_camera_labels-70.png 1592 1280 14
big_dataset_depth/000000002864-segment-13181198025433053194_2620_770_2640_770_with_camera_labels-70.png 1600 1072 17
big_dataset_depth/000000002864-segment-13181198025433053194_2620_770_2640_770_with_camera_labels-70.png 1608 1040 21
big_dataset_depth/000000002864-segment-13181198025433053194_2620_770_2640_770_with_camera_labels-70.png 1616 1064 21
big_dataset_depth/000000002864-segment-13181198025433053194_2620_770_2640_770_with_camera_labels-70.png 1624 1064 21
big_dataset_depth/000000002864-segment-13181198025433053194_2620_770_2640_770_with_camera_labels-70.png 1632 1064 21
big_dataset_depth/000000002864-segment-13181198025433053194_2620_770_2640_770_with_camera_labels-70.png 1640 1072 20
big_dataset_depth/000000002864-segment-13181198025433053194_2620_770_2640_770_with_camera_labels-70.png 1648 1056 20
big_dataset_depth/000000002864-segment-13181198025433053194_2620_770_2640_770_with_camera_labels-70.png 1656 1072 20
big_dataset_depth/000000002864-segment-13181198025433053194_2620_770_2640_770_with_camera_labels-70.png 1664 1088 20
big_dataset_depth/000000002864-segment-13181198025433053194_2620_770_2640_770_with_camera_labels-70.png 1672 1088 20
big_dataset_depth/000000002864-segment-13181198025433053194_2620_770_2640_770_with_camera_labels-70.png 1680 1088 19
big_dataset_depth/000000002864-segment-13181198025433053194_2620_770_2640_770_with_camera_labels-70.png 1688 1088 19
big_dataset_depth/000000002864-segment-13181198025433053194_2620_770_2640_770_with_camera_labels-70.png 1696 1112 19
big_dataset_depth/000000002864-segment-13181198025433053194_2620_770_2640_770_with_camera_labels-70.png 1704 1104 19
big_dataset_depth/000000002864-segment-13181198025433053194_2620_770_2640_770_with_camera_labels-70.png 1712 1112 19
big_dataset_depth/000000002864-segment-13181198025433053194_2620_770_2640_770_with_camera_labels-70.png 1720 1112 19
big_dataset_depth/000000002864-segment-13181198025433053194_2620_770_2640_770_with_camera_labels-70.png 1728 1112 19
big_dataset_depth/000000002864-segment-13181198025433053194_2620_770_2640_770_with_camera_labels-70.png 1736 1112 18
big_dataset_depth/000000002864-segment-13181198025433053194_2620_770_2640_770_with_camera_labels-70.png 1744 1136 18
big_dataset_depth/000000002864-segment-13181198025433053194_2620_770_2640_770_with_camera_labels-70.png 1752 1136 18
big_dataset_depth/000000002864-segment-13181198025433053194_2620_770_2640_770_with_camera_labels-70.png 1760 1136 18
big_dataset_depth/000000002864-segment-13181198025433053194_2620_770_2640_770_with_camera_labels-70.png 1768 1136 18
big_dataset_depth/000000002864-segment-13181198025433053194_2620_770_2640_770_with_camera_labels-70.png 1776 1160 17
big_dataset_depth/000000002864-segment-13181198025433053194_2620_770_2640_770_with_camera_labels-70.png 1784 1160 17
big_dataset_depth/000000002864-segment-13181198025433053194_2620_770_2640_770_with_camera_labels-70.png 1792 1160 17
big_dataset_depth/000000002864-segment-13181198025433053194_2620_770_2640_770_with_camera_labels-70.png 1800 1160 17
big_dataset_depth/000000002864-segment-13181198025433053194_2620_770_2640_770_with_camera_labels-70.png 1808 1160 17
big_dataset_depth/000000002864-segment-13181198025433053194_2620_770_2640_770_with_camera_labels-70.png 1816 1136 17
big_dataset_depth/000000002864-segment-13181198025433053194_2620_770_2640_770_with_camera_labels-70.png 1832 1176 17
big_dataset_depth/000000002864-segment-13181198025433053194_2620_770_2640_770_with_camera_labels-70.png 1840 880 34
big_dataset_depth/000000002864-segment-13181198025433053194_2620_770_2640_770_with_camera_labels-70.png 1848 1184 17
big_dataset_depth/000000002864-segment-13181198025433053194_2620_770_2640_770_with_camera_labels-70.png 1856 976 29
big_dataset_depth/000000002864-segment-13181198025433053194_2620_770_2640_770_with_camera_labels-70.png 1864 1184 17
big_dataset_depth/000000002864-segment-13181198025433053194_2620_770_2640_770_with_camera_labels-70.png 1872 1040 24
big_dataset_depth/000000002864-segment-13181198025433053194_2620_770_2640_770_with_camera_labels-70.png 1880 1200 16
big_dataset_depth/000000002864-segment-13181198025433053194_2620_770_2640_770_with_camera_labels-70.png 1888 984 28
big_dataset_depth/000000002864-segment-13181198025433053194_2620_770_2640_770_with_camera_labels-70.png 1896 984 28
big_dataset_depth/000000002864-segment-13181198025433053194_2620_770_2640_770_with_camera_labels-70.png 1904 808 42
big_dataset_depth/000000002864-segment-13181198025433053194_2620_770_2640_770_with_camera_labels-70.png 1912 944 31
