big_dataset_depth/000000003107-segment-13310437789759009684_2645_000_2665_000_with_camera_labels-100.png 0 936 28
big_dataset_depth/000000003107-segment-13310437789759009684_2645_000_2665_000_with_camera_labels-100.png 8 896 33
big_dataset_depth/000000003107-segment-13310437789759009684_2645_000_2665_000_with_camera_labels-100.png 16 832 38
big_dataset_depth/000000003107-segment-13310437789759009684_2645_000_2665_000_with_camera_labels-100.png 24 856 33
big_dataset_depth/000000003107-segment-13310437789759009684_2645_000_2665_000_with_camera_labels-100.png 32 848 33
big_dataset_depth/000000003107-segment-13310437789759009684_2645_000_2665_000_with_camera_labels-100.png 40 1008 18
big_dataset_depth/000000003107-segment-13310437789759009684_2645_000_2665_000_with_camera_labels-100.png 48 912 28
big_dataset_depth/000000003107-segment-13310437789759009684_2645_000_2665_000_with_camera_labels-100.png 56 976 18
big_dataset_depth/000000003107-segment-13310437789759009684_2645_000_2665_000_with_camera_labels-100.png 64 800 39
big_dataset_depth/000000003107-segment-13310437789759009684_2645_000_2665_000_with_camera_labels-100.png 72 992 18
big_dataset_depth/000000003107-segment-13310437789759009684_2645_000_2665_000_with_camera_labels-100.png 80 992 18
big_dataset_depth/000000003107-segment-13310437789759009684_2645_000_2665_000_with_camera_labels-100.png 88 976 18
big_dataset_depth/000000003107-segment-13310437789759009684_2645_000_2665_000_with_camera_labels-100.png 96 872 35
big_dataset_depth/000000003107-segment-13310437789759009684_2645_000_2665_000_with_camera_labels-100.png 112 968 18
big_dataset_depth/000000003107-segment-13310437789759009684_2645_000_2665_000_with_camera_labels-100.png 120 992 18
big_dataset_depth/000000003107-segment-13310437789759009684_2645_000_2665_000_with_camera_labels-100.png 128 1040 19
big_dataset_depth/000000003107-segment-13310437789759009684_2645_000_2665_000_with_camera_labels-100.png 152 1040 18
big_dataset_depth/000000003107-segment-13310437789759009684_2645_000_2665_000_with_camera_labels-100.png 160 1024 18
big_dataset_depth/000000003107-segment-13310437789759009684_2645_000_2665_000_with_camera_labels-100.png 168 1032 19
big_dataset_depth/000000003107-segment-13310437789759009684_2645_000_2665_000_with_camera_labels-100.png 176 1024 18
big_dataset_depth/000000003107-segment-13310437789759009684_2645_000_2665_000_with_camera_labels-100.png 184 1008 18
big_dataset_depth/000000003107-segment-13310437789759009684_2645_000_2665_000_with_camera_labels-100.png 192 1024 18
big_dataset_depth/000000003107-segment-13310437789759009684_2645_000_2665_000_with_camera_labels-100.png 200 1024 18
big_dataset_depth/000000003107-segment-13310437789759009684_2645_000_2665_000_with_camera_labels-100.png 208 968 18
big_dataset_depth/000000003107-segment-13310437789759009684_2645_000_2665_000_with_camera_labels-100.png 216 968 18
big_dataset_depth/000000003107-segment-13310437789759009684_2645_000_2665_000_with_camera_labels-100.png 224 976 18
big_dataset_depth/000000003107-segment-13310437789759009684_2645_000_2665_000_with_camera_labels-100.png 232 976 18
big_dataset_depth/000000003107-segment-13310437789759009684_2645_000_2665_000_with_camera_labels-100.png 240 984 18
big_dataset_depth/000000003107-segment-13310437789759009684_2645_000_2665_000_with_camera_labels-100.png 248 1056 19
big_dataset_depth/000000003107-segment-13310437789759009684_2645_000_2665_000_with_camera_labels-100.png 256 1048 19
big_dataset_depth/000000003107-segment-13310437789759009684_2645_000_2665_000_with_camera_labels-100.png 264 1056 19
big_dataset_depth/000000003107-segment-13310437789759009684_2645_000_2665_000_with_camera_labels-100.png 272 1056 19
big_dataset_depth/000000003107-segment-13310437789759009684_2645_000_2665_000_with_camera_labels-100.png 280 1040 19
big_dataset_depth/000000003107-segment-13310437789759009684_2645_000_2665_000_with_camera_labels-100.png 288 1056 19
big_dataset_depth/000000003107-segment-13310437789759009684_2645_000_2665_000_with_camera_labels-100.png 296 1056 19
big_dataset_depth/000000003107-segment-13310437789759009684_2645_000_2665_000_with_camera_labels-100.png 304 1040 19
big_dataset_depth/000000003107-segment-13310437789759009684_2645_000_2665_000_with_camera_labels-100.png 312 1048 19
big_dataset_depth/000000003107-segment-13310437789759009684_2645_000_2665_000_with_camera_labels-100.png 328 992 19
big_dataset_depth/000000003107-segment-13310437789759009684_2645_000_2665_000_with_camera_labels-100.png 336 976 19
big_dataset_depth/000000003107-segment-13310437789759009684_2645_000_2665_000_with_camera_labels-100.png 344 944 20
big_dataset_depth/000000003107-segment-13310437789759009684_2645_000_2665_000_with_camera_labels-100.png 352 920 20
big_dataset_depth/000000003107-segment-13310437789759009684_2645_000_2665_000_with_camera_labels-100.png 360 928 20
big_dataset_depth/000000003107-segment-13310437789759009684_2645_000_2665_000_with_camera_labels-100.png 368 928 20
big_dataset_depth/000000003107-segment-13310437789759009684_2645_000_2665_000_with_camera_labels-100.png 376 928 20
big_dataset_depth/000000003107-segment-13310437789759009684_2645_000_2665_000_with_camera_labels-100.png 384 920 21
big_dataset_depth/000000003107-segment-13310437789759009684_2645_000_2665_000_with_camera_labels-100.png 392 992 21
big_dataset_depth/000000003107-segment-13310437789759009684_2645_000_2665_000_with_camera_labels-100.png 400 936 22
big_dataset_depth/000000003107-segment-13310437789759009684_2645_000_2665_000_with_camera_labels-100.png 408 976 22
big_dataset_depth/000000003107-segment-13310437789759009684_2645_000_2665_000_with_camera_labels-100.png 416 992 21
big_dataset_depth/000000003107-segment-13310437789759009684_2645_000_2665_000_with_camera_labels-100.png 424 952 22
big_dataset_depth/000000003107-segment-13310437789759009684_2645_000_2665_000_with_camera_labels-100.png 432 952 22
big_dataset_depth/000000003107-segment-13310437789759009684_2645_000_2665_000_with_camera_labels-100.png 440 960 22
big_dataset_depth/000000003107-segment-13310437789759009684_2645_000_2665_000_with_camera_labels-100.png 456 944 23
big_dataset_depth/000000003107-segment-13310437789759009684_2645_000_2665_000_with_camera_labels-100.png 512 712 89
big_dataset_depth/000000003107-segment-13310437789759009684_2645_000_2665_000_with_camera_labels-100.png 520 704 91
big_dataset_depth/000000003107-segment-13310437789759009684_2645_000_2665_000_with_camera_labels-100.png 528 704 92
big_dataset_depth/000000003107-segment-13310437789759009684_2645_000_2665_000_with_camera_labels-100.png 536 704 94
big_dataset_depth/000000003107-segment-13310437789759009684_2645_000_2665_000_with_camera_labels-100.png 544 704 96
big_dataset_depth/000000003107-segment-13310437789759009684_2645_000_2665_000_with_camera_labels-100.png 552 696 98
big_dataset_depth/000000003107-segment-13310437789759009684_2645_000_2665_000_with_camera_labels-100.png 560 696 99
big_dataset_depth/000000003107-segment-13310437789759009684_2645_000_2665_000_with_camera_labels-100.png 568 704 100
big_dataset_depth/000000003107-segment-13310437789759009684_2645_000_2665_000_with_camera_labels-100.png 576 688 104
big_dataset_depth/000000003107-segment-13310437789759009684_2645_000_2665_000_with_camera_labels-100.png 584 680 107
big_dataset_depth/000000003107-segment-13310437789759009684_2645_000_2665_000_with_camera_labels-100.png 592 680 108
big_dataset_depth/000000003107-segment-13310437789759009684_2645_000_2665_000_with_camera_labels-100.png 888 768 51
big_dataset_depth/000000003107-segment-13310437789759009684_2645_000_2665_000_with_camera_labels-100.png 896 768 51
big_dataset_depth/000000003107-segment-13310437789759009684_2645_000_2665_000_with_camera_labels-100.png 904 752 50
big_dataset_depth/000000003107-segment-13310437789759009684_2645_000_2665_000_with_camera_labels-100.png 912 760 50
big_dataset_depth/000000003107-segment-13310437789759009684_2645_000_2665_000_with_camera_labels-100.png 920 760 50
big_dataset_depth/000000003107-segment-13310437789759009684_2645_000_2665_000_with_camera_labels-100.png 928 752 50
big_dataset_depth/000000003107-segment-13310437789759009684_2645_000_2665_000_with_camera_labels-100.png 936 760 50
big_dataset_depth/000000003107-segment-13310437789759009684_2645_000_2665_000_with_camera_labels-100.png 944 760 50
big_dataset_depth/000000003107-segment-13310437789759009684_2645_000_2665_000_with_camera_labels-100.png 952 760 50
big_dataset_depth/000000003107-segment-13310437789759009684_2645_000_2665_000_with_camera_labels-100.png 960 760 50
big_dataset_depth/000000003107-segment-13310437789759009684_2645_000_2665_000_with_camera_labels-100.png 968 752 50
big_dataset_depth/000000003107-segment-13310437789759009684_2645_000_2665_000_with_camera_labels-100.png 976 760 50
big_dataset_depth/000000003107-segment-13310437789759009684_2645_000_2665_000_with_camera_labels-100.png 984 752 50
big_dataset_depth/000000003107-segment-13310437789759009684_2645_000_2665_000_with_camera_labels-100.png 992 752 51
big_dataset_depth/000000003107-segment-13310437789759009684_2645_000_2665_000_with_camera_labels-100.png 1000 768 51
big_dataset_depth/000000003107-segment-13310437789759009684_2645_000_2665_000_with_camera_labels-100.png 1112 712 105
big_dataset_depth/000000003107-segment-13310437789759009684_2645_000_2665_000_with_camera_labels-100.png 1408 728 97
big_dataset_depth/000000003107-segment-13310437789759009684_2645_000_2665_000_with_camera_labels-100.png 1416 712 107
big_dataset_depth/000000003107-segment-13310437789759009684_2645_000_2665_000_with_camera_labels-100.png 1424 768 60
big_dataset_depth/000000003107-segment-13310437789759009684_2645_000_2665_000_with_camera_labels-100.png 1432 744 82
big_dataset_depth/000000003107-segment-13310437789759009684_2645_000_2665_000_with_camera_labels-100.png 1440 712 102
big_dataset_depth/000000003107-segment-13310437789759009684_2645_000_2665_000_with_camera_labels-100.png 1448 712 101
big_dataset_depth/000000003107-segment-13310437789759009684_2645_000_2665_000_with_camera_labels-100.png 1456 696 103
big_dataset_depth/000000003107-segment-13310437789759009684_2645_000_2665_000_with_camera_labels-100.png 1464 712 98
big_dataset_depth/000000003107-segment-13310437789759009684_2645_000_2665_000_with_camera_labels-100.png 1472 704 99
big_dataset_depth/000000003107-segment-13310437789759009684_2645_000_2665_000_with_camera_labels-100.png 1488 704 97
big_dataset_depth/000000003107-segment-13310437789759009684_2645_000_2665_000_with_camera_labels-100.png 1496 720 93
big_dataset_depth/000000003107-segment-13310437789759009684_2645_000_2665_000_with_camera_labels-100.png 1504 704 94
big_dataset_depth/000000003107-segment-13310437789759009684_2645_000_2665_000_with_camera_labels-100.png 1512 720 90
big_dataset_depth/000000003107-segment-13310437789759009684_2645_000_2665_000_with_camera_labels-100.png 1520 712 91
big_dataset_depth/000000003107-segment-13310437789759009684_2645_000_2665_000_with_camera_labels-100.png 1528 720 88
big_dataset_depth/000000003107-segment-13310437789759009684_2645_000_2665_000_with_camera_labels-100.png 1536 712 89
big_dataset_depth/000000003107-segment-13310437789759009684_2645_000_2665_000_with_camera_labels-100.png 1544 696 92
big_dataset_depth/000000003107-segment-13310437789759009684_2645_000_2665_000_with_camera_labels-100.png 1552 728 85
big_dataset_depth/000000003107-segment-13310437789759009684_2645_000_2665_000_with_camera_labels-100.png 1560 720 87
big_dataset_depth/000000003107-segment-13310437789759009684_2645_000_2665_000_with_camera_labels-100.png 1568 736 82
big_dataset_depth/000000003107-segment-13310437789759009684_2645_000_2665_000_with_camera_labels-100.png 1576 712 85
big_dataset_depth/000000003107-segment-13310437789759009684_2645_000_2665_000_with_camera_labels-100.png 1584 736 81
big_dataset_depth/000000003107-segment-13310437789759009684_2645_000_2665_000_with_camera_labels-100.png 1592 736 80
big_dataset_depth/000000003107-segment-13310437789759009684_2645_000_2665_000_with_camera_labels-100.png 1600 720 82
big_dataset_depth/000000003107-segment-13310437789759009684_2645_000_2665_000_with_camera_labels-100.png 1608 736 78
big_dataset_depth/000000003107-segment-13310437789759009684_2645_000_2665_000_with_camera_labels-100.png 1616 720 79
big_dataset_depth/000000003107-segment-13310437789759009684_2645_000_2665_000_with_camera_labels-100.png 1624 744 76
big_dataset_depth/000000003107-segment-13310437789759009684_2645_000_2665_000_with_camera_labels-100.png 1632 752 75
big_dataset_depth/000000003107-segment-13310437789759009684_2645_000_2665_000_with_camera_labels-100.png 1640 752 74
big_dataset_depth/000000003107-segment-13310437789759009684_2645_000_2665_000_with_camera_labels-100.png 1648 752 74
big_dataset_depth/000000003107-segment-13310437789759009684_2645_000_2665_000_with_camera_labels-100.png 1656 744 73
big_dataset_depth/000000003107-segment-13310437789759009684_2645_000_2665_000_with_camera_labels-100.png 1664 752 72
big_dataset_depth/000000003107-segment-13310437789759009684_2645_000_2665_000_with_camera_labels-100.png 1672 736 74
big_dataset_depth/000000003107-segment-13310437789759009684_2645_000_2665_000_with_camera_labels-100.png 1680 752 71
big_dataset_depth/000000003107-segment-13310437789759009684_2645_000_2665_000_with_camera_labels-100.png 1688 752 70
big_dataset_depth/000000003107-segment-13310437789759009684_2645_000_2665_000_with_camera_labels-100.png 1696 760 69
big_dataset_depth/000000003107-segment-13310437789759009684_2645_000_2665_000_with_camera_labels-100.png 1704 760 69
big_dataset_depth/000000003107-segment-13310437789759009684_2645_000_2665_000_with_camera_labels-100.png 1712 760 68
big_dataset_depth/000000003107-segment-13310437789759009684_2645_000_2665_000_with_camera_labels-100.png 1720 760 67
big_dataset_depth/000000003107-segment-13310437789759009684_2645_000_2665_000_with_camera_labels-100.png 1728 744 69
big_dataset_depth/000000003107-segment-13310437789759009684_2645_000_2665_000_with_camera_labels-100.png 1736 768 66
big_dataset_depth/000000003107-segment-13310437789759009684_2645_000_2665_000_with_camera_labels-100.png 1744 768 65
big_dataset_depth/000000003107-segment-13310437789759009684_2645_000_2665_000_with_camera_labels-100.png 1752 768 65
big_dataset_depth/000000003107-segment-13310437789759009684_2645_000_2665_000_with_camera_labels-100.png 1760 760 65
big_dataset_depth/000000003107-segment-13310437789759009684_2645_000_2665_000_with_camera_labels-100.png 1768 712 70
big_dataset_depth/000000003107-segment-13310437789759009684_2645_000_2665_000_with_camera_labels-100.png 1776 760 64
big_dataset_depth/000000003107-segment-13310437789759009684_2645_000_2665_000_with_camera_labels-100.png 1784 768 63
big_dataset_depth/000000003107-segment-13310437789759009684_2645_000_2665_000_with_camera_labels-100.png 1808 848 22
big_dataset_depth/000000003107-segment-13310437789759009684_2645_000_2665_000_with_camera_labels-100.png 1816 888 22
big_dataset_depth/000000003107-segment-13310437789759009684_2645_000_2665_000_with_camera_labels-100.png 1824 1000 22
big_dataset_depth/000000003107-segment-13310437789759009684_2645_000_2665_000_with_camera_labels-100.png 1832 1000 21
big_dataset_depth/000000003107-segment-13310437789759009684_2645_000_2665_000_with_camera_labels-100.png 1840 1000 21
big_dataset_depth/000000003107-segment-13310437789759009684_2645_000_2665_000_with_camera_labels-100.png 1848 1000 21
big_dataset_depth/000000003107-segment-13310437789759009684_2645_000_2665_000_with_camera_labels-100.png 1856 1000 21
big_dataset_depth/000000003107-segment-13310437789759009684_2645_000_2665_000_with_camera_labels-100.png 1864 1000 21
big_dataset_depth/000000003107-segment-13310437789759009684_2645_000_2665_000_with_camera_labels-100.png 1872 992 21
big_dataset_depth/000000003107-segment-13310437789759009684_2645_000_2665_000_with_camera_labels-100.png 1880 1008 21
big_dataset_depth/000000003107-segment-13310437789759009684_2645_000_2665_000_with_camera_labels-100.png 1888 816 47
big_dataset_depth/000000003107-segment-13310437789759009684_2645_000_2665_000_with_camera_labels-100.png 1896 968 20
big_dataset_depth/000000003107-segment-13310437789759009684_2645_000_2665_000_with_camera_labels-100.png 1904 824 44
big_dataset_depth/000000003107-segment-13310437789759009684_2645_000_2665_000_with_camera_labels-100.png 1912 968 20
