big_dataset_depth/000000000021-segment-1022527355599519580_4866_960_4886_960_with_camera_labels-10.png 0 760 57
big_dataset_depth/000000000021-segment-1022527355599519580_4866_960_4886_960_with_camera_labels-10.png 8 824 46
big_dataset_depth/000000000021-segment-1022527355599519580_4866_960_4886_960_with_camera_labels-10.png 16 816 47
big_dataset_depth/000000000021-segment-1022527355599519580_4866_960_4886_960_with_camera_labels-10.png 24 880 35
big_dataset_depth/000000000021-segment-1022527355599519580_4866_960_4886_960_with_camera_labels-10.png 32 888 33
big_dataset_depth/000000000021-segment-1022527355599519580_4866_960_4886_960_with_camera_labels-10.png 40 864 33
big_dataset_depth/000000000021-segment-1022527355599519580_4866_960_4886_960_with_camera_labels-10.png 48 888 33
big_dataset_depth/000000000021-segment-1022527355599519580_4866_960_4886_960_with_camera_labels-10.png 56 872 33
big_dataset_depth/000000000021-segment-1022527355599519580_4866_960_4886_960_with_camera_labels-10.png 64 888 34
big_dataset_depth/000000000021-segment-1022527355599519580_4866_960_4886_960_with_camera_labels-10.png 72 872 33
big_dataset_depth/000000000021-segment-1022527355599519580_4866_960_4886_960_with_camera_labels-10.png 80 864 33
big_dataset_depth/000000000021-segment-1022527355599519580_4866_960_4886_960_with_camera_labels-10.png 88 872 33
big_dataset_depth/000000000021-segment-1022527355599519580_4866_960_4886_960_with_camera_labels-10.png 96 872 33
big_dataset_depth/000000000021-segment-1022527355599519580_4866_960_4886_960_with_camera_labels-10.png 104 880 34
big_dataset_depth/000000000021-segment-1022527355599519580_4866_960_4886_960_with_camera_labels-10.png 112 872 34
big_dataset_depth/000000000021-segment-1022527355599519580_4866_960_4886_960_with_camera_labels-10.png 120 880 34
big_dataset_depth/000000000021-segment-1022527355599519580_4866_960_4886_960_with_camera_labels-10.png 128 880 34
big_dataset_depth/000000000021-segment-1022527355599519580_4866_960_4886_960_with_camera_labels-10.png 136 880 34
big_dataset_depth/000000000021-segment-1022527355599519580_4866_960_4886_960_with_camera_labels-10.png 144 872 34
big_dataset_depth/000000000021-segment-1022527355599519580_4866_960_4886_960_with_camera_labels-10.png 160 856 36
big_dataset_depth/000000000021-segment-1022527355599519580_4866_960_4886_960_with_camera_labels-10.png 168 856 36
big_dataset_depth/000000000021-segment-1022527355599519580_4866_960_4886_960_with_camera_labels-10.png 176 856 36
big_dataset_depth/000000000021-segment-1022527355599519580_4866_960_4886_960_with_camera_labels-10.png 184 856 36
big_dataset_depth/000000000021-segment-1022527355599519580_4866_960_4886_960_with_camera_labels-10.png 208 856 38
big_dataset_depth/000000000021-segment-1022527355599519580_4866_960_4886_960_with_camera_labels-10.png 216 784 43
big_dataset_depth/000000000021-segment-1022527355599519580_4866_960_4886_960_with_camera_labels-10.png 224 752 62
big_dataset_depth/000000000021-segment-1022527355599519580_4866_960_4886_960_with_camera_labels-10.png 232 848 38
big_dataset_depth/000000000021-segment-1022527355599519580_4866_960_4886_960_with_camera_labels-10.png 248 768 61
big_dataset_depth/000000000021-segment-1022527355599519580_4866_960_4886_960_with_camera_labels-10.png 256 760 61
big_dataset_depth/000000000021-segment-1022527355599519580_4866_960_4886_960_with_camera_labels-10.png 264 760 62
big_dataset_depth/000000000021-segment-1022527355599519580_4866_960_4886_960_with_camera_labels-10.png 272 744 61
big_dataset_depth/000000000021-segment-1022527355599519580_4866_960_4886_960_with_camera_labels-10.png 280 760 61
big_dataset_depth/000000000021-segment-1022527355599519580_4866_960_4886_960_with_camera_labels-10.png 288 776 53
big_dataset_depth/000000000021-segment-1022527355599519580_4866_960_4886_960_with_camera_labels-10.png 296 800 50
big_dataset_depth/000000000021-segment-1022527355599519580_4866_960_4886_960_with_camera_labels-10.png 304 792 49
big_dataset_depth/000000000021-segment-1022527355599519580_4866_960_4886_960_with_camera_labels-10.png 312 808 50
big_dataset_depth/000000000021-segment-1022527355599519580_4866_960_4886_960_with_camera_labels-10.png 320 792 49
big_dataset_depth/000000000021-segment-1022527355599519580_4866_960_4886_960_with_camera_labels-10.png 328 800 51
big_dataset_depth/000000000021-segment-1022527355599519580_4866_960_4886_960_with_camera_labels-10.png 336 792 49
big_dataset_depth/000000000021-segment-1022527355599519580_4866_960_4886_960_with_camera_labels-10.png 344 800 50
big_dataset_depth/000000000021-segment-1022527355599519580_4866_960_4886_960_with_camera_labels-10.png 352 792 49
big_dataset_depth/000000000021-segment-1022527355599519580_4866_960_4886_960_with_camera_labels-10.png 360 792 48
big_dataset_depth/000000000021-segment-1022527355599519580_4866_960_4886_960_with_camera_labels-10.png 368 792 49
big_dataset_depth/000000000021-segment-1022527355599519580_4866_960_4886_960_with_camera_labels-10.png 376 792 49
big_dataset_depth/000000000021-segment-1022527355599519580_4866_960_4886_960_with_camera_labels-10.png 384 792 49
big_dataset_depth/000000000021-segment-1022527355599519580_4866_960_4886_960_with_camera_labels-10.png 392 792 49
big_dataset_depth/000000000021-segment-1022527355599519580_4866_960_4886_960_with_camera_labels-10.png 400 800 49
big_dataset_depth/000000000021-segment-1022527355599519580_4866_960_4886_960_with_camera_labels-10.png 408 800 50
big_dataset_depth/000000000021-segment-1022527355599519580_4866_960_4886_960_with_camera_labels-10.png 416 768 51
big_dataset_depth/000000000021-segment-1022527355599519580_4866_960_4886_960_with_camera_labels-10.png 424 776 52
big_dataset_depth/000000000021-segment-1022527355599519580_4866_960_4886_960_with_camera_labels-10.png 432 784 52
big_dataset_depth/000000000021-segment-1022527355599519580_4866_960_4886_960_with_camera_labels-10.png 440 792 53
big_dataset_depth/000000000021-segment-1022527355599519580_4866_960_4886_960_with_camera_labels-10.png 464 696 100
big_dataset_depth/000000000021-segment-1022527355599519580_4866_960_4886_960_with_camera_labels-10.png 472 696 100
big_dataset_depth/000000000021-segment-1022527355599519580_4866_960_4886_960_with_camera_labels-10.png 480 712 92
big_dataset_depth/000000000021-segment-1022527355599519580_4866_960_4886_960_with_camera_labels-10.png 488 728 79
big_dataset_depth/000000000021-segment-1022527355599519580_4866_960_4886_960_with_camera_labels-10.png 496 744 79
big_dataset_depth/000000000021-segment-1022527355599519580_4866_960_4886_960_with_camera_labels-10.png 504 688 92
big_dataset_depth/000000000021-segment-1022527355599519580_4866_960_4886_960_with_camera_labels-10.png 512 720 79
big_dataset_depth/000000000021-segment-1022527355599519580_4866_960_4886_960_with_camera_labels-10.png 520 728 86
big_dataset_depth/000000000021-segment-1022527355599519580_4866_960_4886_960_with_camera_labels-10.png 528 744 79
big_dataset_depth/000000000021-segment-1022527355599519580_4866_960_4886_960_with_camera_labels-10.png 536 728 89
big_dataset_depth/000000000021-segment-1022527355599519580_4866_960_4886_960_with_camera_labels-10.png 544 720 106
big_dataset_depth/000000000021-segment-1022527355599519580_4866_960_4886_960_with_camera_labels-10.png 552 712 107
big_dataset_depth/000000000021-segment-1022527355599519580_4866_960_4886_960_with_camera_labels-10.png 560 712 107
big_dataset_depth/000000000021-segment-1022527355599519580_4866_960_4886_960_with_camera_labels-10.png 568 608 106
big_dataset_depth/000000000021-segment-1022527355599519580_4866_960_4886_960_with_camera_labels-10.png 576 736 88
big_dataset_depth/000000000021-segment-1022527355599519580_4866_960_4886_960_with_camera_labels-10.png 584 728 87
big_dataset_depth/000000000021-segment-1022527355599519580_4866_960_4886_960_with_camera_labels-10.png 592 720 87
big_dataset_depth/000000000021-segment-1022527355599519580_4866_960_4886_960_with_camera_labels-10.png 600 744 69
big_dataset_depth/000000000021-segment-1022527355599519580_4866_960_4886_960_with_camera_labels-10.png 608 744 70
big_dataset_depth/000000000021-segment-1022527355599519580_4866_960_4886_960_with_camera_labels-10.png 616 744 70
big_dataset_depth/000000000021-segment-1022527355599519580_4866_960_4886_960_with_camera_labels-10.png 624 752 70
big_dataset_depth/000000000021-segment-1022527355599519580_4866_960_4886_960_with_camera_labels-10.png 632 736 83
big_dataset_depth/000000000021-segment-1022527355599519580_4866_960_4886_960_with_camera_labels-10.png 640 736 83
big_dataset_depth/000000000021-segment-1022527355599519580_4866_960_4886_960_with_camera_labels-10.png 648 736 84
big_dataset_depth/000000000021-segment-1022527355599519580_4866_960_4886_960_with_camera_labels-10.png 776 744 72
big_dataset_depth/000000000021-segment-1022527355599519580_4866_960_4886_960_with_camera_labels-10.png 784 744 71
big_dataset_depth/000000000021-segment-1022527355599519580_4866_960_4886_960_with_camera_labels-10.png 792 712 72
big_dataset_depth/000000000021-segment-1022527355599519580_4866_960_4886_960_with_camera_labels-10.png 800 728 71
big_dataset_depth/000000000021-segment-1022527355599519580_4866_960_4886_960_with_camera_labels-10.png 808 744 71
big_dataset_depth/000000000021-segment-1022527355599519580_4866_960_4886_960_with_camera_labels-10.png 816 720 71
big_dataset_depth/000000000021-segment-1022527355599519580_4866_960_4886_960_with_camera_labels-10.png 1048 720 67
big_dataset_depth/000000000021-segment-1022527355599519580_4866_960_4886_960_with_camera_labels-10.png 1056 728 67
big_dataset_depth/000000000021-segment-1022527355599519580_4866_960_4886_960_with_camera_labels-10.png 1064 744 68
big_dataset_depth/000000000021-segment-1022527355599519580_4866_960_4886_960_with_camera_labels-10.png 1072 744 67
big_dataset_depth/000000000021-segment-1022527355599519580_4866_960_4886_960_with_camera_labels-10.png 1080 752 67
big_dataset_depth/000000000021-segment-1022527355599519580_4866_960_4886_960_with_camera_labels-10.png 1088 744 67
big_dataset_depth/000000000021-segment-1022527355599519580_4866_960_4886_960_with_camera_labels-10.png 1096 744 68
big_dataset_depth/000000000021-segment-1022527355599519580_4866_960_4886_960_with_camera_labels-10.png 1104 736 68
big_dataset_depth/000000000021-segment-1022527355599519580_4866_960_4886_960_with_camera_labels-10.png 1112 744 67
big_dataset_depth/000000000021-segment-1022527355599519580_4866_960_4886_960_with_camera_labels-10.png 1120 744 68
big_dataset_depth/000000000021-segment-1022527355599519580_4866_960_4886_960_with_camera_labels-10.png 1128 728 67
big_dataset_depth/000000000021-segment-1022527355599519580_4866_960_4886_960_with_camera_labels-10.png 1136 712 104
big_dataset_depth/000000000021-segment-1022527355599519580_4866_960_4886_960_with_camera_labels-10.png 1144 712 104
big_dataset_depth/000000000021-segment-1022527355599519580_4866_960_4886_960_with_camera_labels-10.png 1160 704 105
big_dataset_depth/000000000021-segment-1022527355599519580_4866_960_4886_960_with_camera_labels-10.png 1168 696 104
big_dataset_depth/000000000021-segment-1022527355599519580_4866_960_4886_960_with_camera_labels-10.png 1176 712 104
big_dataset_depth/000000000021-segment-1022527355599519580_4866_960_4886_960_with_camera_labels-10.png 1184 704 104
big_dataset_depth/000000000021-segment-1022527355599519580_4866_960_4886_960_with_camera_labels-10.png 1192 712 83
big_dataset_depth/000000000021-segment-1022527355599519580_4866_960_4886_960_with_camera_labels-10.png 1200 736 63
big_dataset_depth/000000000021-segment-1022527355599519580_4866_960_4886_960_with_camera_labels-10.png 1208 744 62
big_dataset_depth/000000000021-segment-1022527355599519580_4866_960_4886_960_with_camera_labels-10.png 1216 712 90
big_dataset_depth/000000000021-segment-1022527355599519580_4866_960_4886_960_with_camera_labels-10.png 1224 720 90
big_dataset_depth/000000000021-segment-1022527355599519580_4866_960_4886_960_with_camera_labels-10.png 1232 760 73
big_dataset_depth/000000000021-segment-1022527355599519580_4866_960_4886_960_with_camera_labels-10.png 1240 712 91
big_dataset_depth/000000000021-segment-1022527355599519580_4866_960_4886_960_with_camera_labels-10.png 1248 712 91
big_dataset_depth/000000000021-segment-1022527355599519580_4866_960_4886_960_with_camera_labels-10.png 1256 736 64
big_dataset_depth/000000000021-segment-1022527355599519580_4866_960_4886_960_with_camera_labels-10.png 1264 728 78
big_dataset_depth/000000000021-segment-1022527355599519580_4866_960_4886_960_with_camera_labels-10.png 1272 712 91
big_dataset_depth/000000000021-segment-1022527355599519580_4866_960_4886_960_with_camera_labels-10.png 1280 712 91
big_dataset_depth/000000000021-segment-1022527355599519580_4866_960_4886_960_with_camera_labels-10.png 1288 584 73
big_dataset_depth/000000000021-segment-1022527355599519580_4866_960_4886_960_with_camera_labels-10.png 1296 784 64
big_dataset_depth/000000000021-segment-1022527355599519580_4866_960_4886_960_with_camera_labels-10.png 1304 720 90
big_dataset_depth/000000000021-segment-1022527355599519580_4866_960_4886_960_with_camera_labels-10.png 1312 712 92
big_dataset_depth/000000000021-segment-1022527355599519580_4866_960_4886_960_with_camera_labels-10.png 1320 712 92
big_dataset_depth/000000000021-segment-1022527355599519580_4866_960_4886_960_with_camera_labels-10.png 1328 712 92
big_dataset_depth/000000000021-segment-1022527355599519580_4866_960_4886_960_with_camera_labels-10.png 1336 720 86
big_dataset_depth/000000000021-segment-1022527355599519580_4866_960_4886_960_with_camera_labels-10.png 1344 592 76
big_dataset_depth/000000000021-segment-1022527355599519580_4866_960_4886_960_with_camera_labels-10.png 1352 616 77
big_dataset_depth/000000000021-segment-1022527355599519580_4866_960_4886_960_with_camera_labels-10.png 1360 616 75
big_dataset_depth/000000000021-segment-1022527355599519580_4866_960_4886_960_with_camera_labels-10.png 1368 592 76
big_dataset_depth/000000000021-segment-1022527355599519580_4866_960_4886_960_with_camera_labels-10.png 1376 592 72
big_dataset_depth/000000000021-segment-1022527355599519580_4866_960_4886_960_with_camera_labels-10.png 1384 608 73
big_dataset_depth/000000000021-segment-1022527355599519580_4866_960_4886_960_with_camera_labels-10.png 1392 664 88
big_dataset_depth/000000000021-segment-1022527355599519580_4866_960_4886_960_with_camera_labels-10.png 1400 704 102
big_dataset_depth/000000000021-segment-1022527355599519580_4866_960_4886_960_with_camera_labels-10.png 1408 704 103
big_dataset_depth/000000000021-segment-1022527355599519580_4866_960_4886_960_with_camera_labels-10.png 1416 664 89
big_dataset_depth/000000000021-segment-1022527355599519580_4866_960_4886_960_with_camera_labels-10.png 1424 704 95
big_dataset_depth/000000000021-segment-1022527355599519580_4866_960_4886_960_with_camera_labels-10.png 1432 712 90
big_dataset_depth/000000000021-segment-1022527355599519580_4866_960_4886_960_with_camera_labels-10.png 1440 704 96
big_dataset_depth/000000000021-segment-1022527355599519580_4866_960_4886_960_with_camera_labels-10.png 1448 656 73
big_dataset_depth/000000000021-segment-1022527355599519580_4866_960_4886_960_with_camera_labels-10.png 1456 704 80
big_dataset_depth/000000000021-segment-1022527355599519580_4866_960_4886_960_with_camera_labels-10.png 1464 728 73
big_dataset_depth/000000000021-segment-1022527355599519580_4866_960_4886_960_with_camera_labels-10.png 1472 728 73
big_dataset_depth/000000000021-segment-1022527355599519580_4866_960_4886_960_with_camera_labels-10.png 1480 728 73
big_dataset_depth/000000000021-segment-1022527355599519580_4866_960_4886_960_with_camera_labels-10.png 1488 728 72
big_dataset_depth/000000000021-segment-1022527355599519580_4866_960_4886_960_with_camera_labels-10.png 1504 784 44
big_dataset_depth/000000000021-segment-1022527355599519580_4866_960_4886_960_with_camera_labels-10.png 1512 800 44
big_dataset_depth/000000000021-segment-1022527355599519580_4866_960_4886_960_with_camera_labels-10.png 1520 800 43
big_dataset_depth/000000000021-segment-1022527355599519580_4866_960_4886_960_with_camera_labels-10.png 1528 800 43
big_dataset_depth/000000000021-segment-1022527355599519580_4866_960_4886_960_with_camera_labels-10.png 1544 840 35
big_dataset_depth/000000000021-segment-1022527355599519580_4866_960_4886_960_with_camera_labels-10.png 1552 840 34
big_dataset_depth/000000000021-segment-1022527355599519580_4866_960_4886_960_with_camera_labels-10.png 1560 840 34
big_dataset_depth/000000000021-segment-1022527355599519580_4866_960_4886_960_with_camera_labels-10.png 1568 840 34
big_dataset_depth/000000000021-segment-1022527355599519580_4866_960_4886_960_with_camera_labels-10.png 1576 824 35
big_dataset_depth/000000000021-segment-1022527355599519580_4866_960_4886_960_with_camera_labels-10.png 1584 840 34
big_dataset_depth/000000000021-segment-1022527355599519580_4866_960_4886_960_with_camera_labels-10.png 1592 840 34
big_dataset_depth/000000000021-segment-1022527355599519580_4866_960_4886_960_with_camera_labels-10.png 1600 832 34
big_dataset_depth/000000000021-segment-1022527355599519580_4866_960_4886_960_with_camera_labels-10.png 1608 840 34
big_dataset_depth/000000000021-segment-1022527355599519580_4866_960_4886_960_with_camera_labels-10.png 1616 840 34
big_dataset_depth/000000000021-segment-1022527355599519580_4866_960_4886_960_with_camera_labels-10.png 1624 848 34
big_dataset_depth/000000000021-segment-1022527355599519580_4866_960_4886_960_with_camera_labels-10.png 1632 832 35
big_dataset_depth/000000000021-segment-1022527355599519580_4866_960_4886_960_with_camera_labels-10.png 1640 848 34
big_dataset_depth/000000000021-segment-1022527355599519580_4866_960_4886_960_with_camera_labels-10.png 1648 808 36
big_dataset_depth/000000000021-segment-1022527355599519580_4866_960_4886_960_with_camera_labels-10.png 1656 824 36
big_dataset_depth/000000000021-segment-1022527355599519580_4866_960_4886_960_with_camera_labels-10.png 1664 824 36
big_dataset_depth/000000000021-segment-1022527355599519580_4866_960_4886_960_with_camera_labels-10.png 1672 856 32
big_dataset_depth/000000000021-segment-1022527355599519580_4866_960_4886_960_with_camera_labels-10.png 1680 856 32
big_dataset_depth/000000000021-segment-1022527355599519580_4866_960_4886_960_with_camera_labels-10.png 1688 840 32
big_dataset_depth/000000000021-segment-1022527355599519580_4866_960_4886_960_with_camera_labels-10.png 1696 824 32
big_dataset_depth/000000000021-segment-1022527355599519580_4866_960_4886_960_with_camera_labels-10.png 1704 808 32
big_dataset_depth/000000000021-segment-1022527355599519580_4866_960_4886_960_with_camera_labels-10.png 1712 832 33
big_dataset_depth/000000000021-segment-1022527355599519580_4866_960_4886_960_with_camera_labels-10.png 1720 832 32
big_dataset_depth/000000000021-segment-1022527355599519580_4866_960_4886_960_with_camera_labels-10.png 1728 856 32
big_dataset_depth/000000000021-segment-1022527355599519580_4866_960_4886_960_with_camera_labels-10.png 1736 840 32
big_dataset_depth/000000000021-segment-1022527355599519580_4866_960_4886_960_with_camera_labels-10.png 1744 792 35
big_dataset_depth/000000000021-segment-1022527355599519580_4866_960_4886_960_with_camera_labels-10.png 1752 792 35
big_dataset_depth/000000000021-segment-1022527355599519580_4866_960_4886_960_with_camera_labels-10.png 1760 824 35
big_dataset_depth/000000000021-segment-1022527355599519580_4866_960_4886_960_with_camera_labels-10.png 1768 808 36
big_dataset_depth/000000000021-segment-1022527355599519580_4866_960_4886_960_with_camera_labels-10.png 1776 768 54
big_dataset_depth/000000000021-segment-1022527355599519580_4866_960_4886_960_with_camera_labels-10.png 1784 792 36
big_dataset_depth/000000000021-segment-1022527355599519580_4866_960_4886_960_with_camera_labels-10.png 1792 704 91
big_dataset_depth/000000000021-segment-1022527355599519580_4866_960_4886_960_with_camera_labels-10.png 1824 688 89
big_dataset_depth/000000000021-segment-1022527355599519580_4866_960_4886_960_with_camera_labels-10.png 1832 712 77
big_dataset_depth/000000000021-segment-1022527355599519580_4866_960_4886_960_with_camera_labels-10.png 1840 736 77
big_dataset_depth/000000000021-segment-1022527355599519580_4866_960_4886_960_with_camera_labels-10.png 1848 720 77
big_dataset_depth/000000000021-segment-1022527355599519580_4866_960_4886_960_with_camera_labels-10.png 1856 728 78
big_dataset_depth/000000000021-segment-1022527355599519580_4866_960_4886_960_with_camera_labels-10.png 1864 720 77
big_dataset_depth/000000000021-segment-1022527355599519580_4866_960_4886_960_with_camera_labels-10.png 1880 760 54
big_dataset_depth/000000000021-segment-1022527355599519580_4866_960_4886_960_with_camera_labels-10.png 1888 760 54
big_dataset_depth/000000000021-segment-1022527355599519580_4866_960_4886_960_with_camera_labels-10.png 1896 760 54
big_dataset_depth/000000000021-segment-1022527355599519580_4866_960_4886_960_with_camera_labels-10.png 1904 760 54
big_dataset_depth/000000000021-segment-1022527355599519580_4866_960_4886_960_with_camera_labels-10.png 1912 768 53
