big_dataset_depth/000000003673-segment-13984577671034960830_4545_000_4565_000_with_camera_labels-160.png 0 1048 40
big_dataset_depth/000000003673-segment-13984577671034960830_4545_000_4565_000_with_camera_labels-160.png 8 1024 40
big_dataset_depth/000000003673-segment-13984577671034960830_4545_000_4565_000_with_camera_labels-160.png 16 1264 13
big_dataset_depth/000000003673-segment-13984577671034960830_4545_000_4565_000_with_camera_labels-160.png 24 1072 39
big_dataset_depth/000000003673-segment-13984577671034960830_4545_000_4565_000_with_camera_labels-160.png 32 1104 31
big_dataset_depth/000000003673-segment-13984577671034960830_4545_000_4565_000_with_camera_labels-160.png 40 1272 13
big_dataset_depth/000000003673-segment-13984577671034960830_4545_000_4565_000_with_camera_labels-160.png 48 984 48
big_dataset_depth/000000003673-segment-13984577671034960830_4545_000_4565_000_with_camera_labels-160.png 56 1272 13
big_dataset_depth/000000003673-segment-13984577671034960830_4545_000_4565_000_with_camera_labels-160.png 64 992 48
big_dataset_depth/000000003673-segment-13984577671034960830_4545_000_4565_000_with_camera_labels-160.png 72 1264 13
big_dataset_depth/000000003673-segment-13984577671034960830_4545_000_4565_000_with_camera_labels-160.png 80 1272 13
big_dataset_depth/000000003673-segment-13984577671034960830_4545_000_4565_000_with_camera_labels-160.png 88 1064 40
big_dataset_depth/000000003673-segment-13984577671034960830_4545_000_4565_000_with_camera_labels-160.png 96 1048 41
big_dataset_depth/000000003673-segment-13984577671034960830_4545_000_4565_000_with_camera_labels-160.png 104 1248 14
big_dataset_depth/000000003673-segment-13984577671034960830_4545_000_4565_000_with_camera_labels-160.png 112 1120 32
big_dataset_depth/000000003673-segment-13984577671034960830_4545_000_4565_000_with_camera_labels-160.png 120 1040 41
big_dataset_depth/000000003673-segment-13984577671034960830_4545_000_4565_000_with_camera_labels-160.png 128 1120 32
big_dataset_depth/000000003673-segment-13984577671034960830_4545_000_4565_000_with_camera_labels-160.png 136 1248 14
big_dataset_depth/000000003673-segment-13984577671034960830_4545_000_4565_000_with_camera_labels-160.png 144 1240 14
big_dataset_depth/000000003673-segment-13984577671034960830_4545_000_4565_000_with_camera_labels-160.png 152 1248 14
big_dataset_depth/000000003673-segment-13984577671034960830_4545_000_4565_000_with_camera_labels-160.png 160 1248 14
big_dataset_depth/000000003673-segment-13984577671034960830_4545_000_4565_000_with_camera_labels-160.png 168 1216 14
big_dataset_depth/000000003673-segment-13984577671034960830_4545_000_4565_000_with_camera_labels-160.png 176 1216 14
big_dataset_depth/000000003673-segment-13984577671034960830_4545_000_4565_000_with_camera_labels-160.png 184 1216 14
big_dataset_depth/000000003673-segment-13984577671034960830_4545_000_4565_000_with_camera_labels-160.png 192 1216 14
big_dataset_depth/000000003673-segment-13984577671034960830_4545_000_4565_000_with_camera_labels-160.png 200 1216 14
big_dataset_depth/000000003673-segment-13984577671034960830_4545_000_4565_000_with_camera_labels-160.png 208 1192 14
big_dataset_depth/000000003673-segment-13984577671034960830_4545_000_4565_000_with_camera_labels-160.png 216 1200 14
big_dataset_depth/000000003673-segment-13984577671034960830_4545_000_4565_000_with_camera_labels-160.png 232 1192 15
big_dataset_depth/000000003673-segment-13984577671034960830_4545_000_4565_000_with_camera_labels-160.png 240 1192 15
big_dataset_depth/000000003673-segment-13984577671034960830_4545_000_4565_000_with_camera_labels-160.png 248 1192 15
big_dataset_depth/000000003673-segment-13984577671034960830_4545_000_4565_000_with_camera_labels-160.png 256 1192 15
big_dataset_depth/000000003673-segment-13984577671034960830_4545_000_4565_000_with_camera_labels-160.png 264 1192 15
big_dataset_depth/000000003673-segment-13984577671034960830_4545_000_4565_000_with_camera_labels-160.png 272 1192 15
big_dataset_depth/000000003673-segment-13984577671034960830_4545_000_4565_000_with_camera_labels-160.png 280 1184 15
big_dataset_depth/000000003673-segment-13984577671034960830_4545_000_4565_000_with_camera_labels-160.png 288 1192 15
big_dataset_depth/000000003673-segment-13984577671034960830_4545_000_4565_000_with_camera_labels-160.png 296 1192 15
big_dataset_depth/000000003673-segment-13984577671034960830_4545_000_4565_000_with_camera_labels-160.png 304 1168 15
big_dataset_depth/000000003673-segment-13984577671034960830_4545_000_4565_000_with_camera_labels-160.png 312 1168 15
big_dataset_depth/000000003673-segment-13984577671034960830_4545_000_4565_000_with_camera_labels-160.png 320 1168 15
big_dataset_depth/000000003673-segment-13984577671034960830_4545_000_4565_000_with_camera_labels-160.png 328 1160 15
big_dataset_depth/000000003673-segment-13984577671034960830_4545_000_4565_000_with_camera_labels-160.png 336 1168 15
big_dataset_depth/000000003673-segment-13984577671034960830_4545_000_4565_000_with_camera_labels-160.png 344 1168 15
big_dataset_depth/000000003673-segment-13984577671034960830_4545_000_4565_000_with_camera_labels-160.png 352 1168 15
big_dataset_depth/000000003673-segment-13984577671034960830_4545_000_4565_000_with_camera_labels-160.png 360 1168 15
big_dataset_depth/000000003673-segment-13984577671034960830_4545_000_4565_000_with_camera_labels-160.png 368 1144 16
big_dataset_depth/000000003673-segment-13984577671034960830_4545_000_4565_000_with_camera_labels-160.png 376 1152 16
big_dataset_depth/000000003673-segment-13984577671034960830_4545_000_4565_000_with_camera_labels-160.png 384 1144 16
big_dataset_depth/000000003673-segment-13984577671034960830_4545_000_4565_000_with_camera_labels-160.png 392 1144 16
big_dataset_depth/000000003673-segment-13984577671034960830_4545_000_4565_000_with_camera_labels-160.png 400 1144 16
big_dataset_depth/000000003673-segment-13984577671034960830_4545_000_4565_000_with_camera_labels-160.png 408 1144 16
big_dataset_depth/000000003673-segment-13984577671034960830_4545_000_4565_000_with_camera_labels-160.png 416 1128 16
big_dataset_depth/000000003673-segment-13984577671034960830_4545_000_4565_000_with_camera_labels-160.png 424 1144 16
big_dataset_depth/000000003673-segment-13984577671034960830_4545_000_4565_000_with_camera_labels-160.png 432 1120 16
big_dataset_depth/000000003673-segment-13984577671034960830_4545_000_4565_000_with_camera_labels-160.png 448 1120 16
big_dataset_depth/000000003673-segment-13984577671034960830_4545_000_4565_000_with_camera_labels-160.png 456 1096 16
big_dataset_depth/000000003673-segment-13984577671034960830_4545_000_4565_000_with_camera_labels-160.png 464 1120 16
big_dataset_depth/000000003673-segment-13984577671034960830_4545_000_4565_000_with_camera_labels-160.png 472 1120 16
big_dataset_depth/000000003673-segment-13984577671034960830_4545_000_4565_000_with_camera_labels-160.png 480 1120 17
big_dataset_depth/000000003673-segment-13984577671034960830_4545_000_4565_000_with_camera_labels-160.png 488 1096 17
big_dataset_depth/000000003673-segment-13984577671034960830_4545_000_4565_000_with_camera_labels-160.png 496 1096 17
big_dataset_depth/000000003673-segment-13984577671034960830_4545_000_4565_000_with_camera_labels-160.png 504 1096 17
big_dataset_depth/000000003673-segment-13984577671034960830_4545_000_4565_000_with_camera_labels-160.png 512 1096 17
big_dataset_depth/000000003673-segment-13984577671034960830_4545_000_4565_000_with_camera_labels-160.png 520 1096 17
big_dataset_depth/000000003673-segment-13984577671034960830_4545_000_4565_000_with_camera_labels-160.png 528 1088 17
big_dataset_depth/000000003673-segment-13984577671034960830_4545_000_4565_000_with_camera_labels-160.png 536 1096 17
big_dataset_depth/000000003673-segment-13984577671034960830_4545_000_4565_000_with_camera_labels-160.png 544 1072 17
big_dataset_depth/000000003673-segment-13984577671034960830_4545_000_4565_000_with_camera_labels-160.png 552 1072 17
big_dataset_depth/000000003673-segment-13984577671034960830_4545_000_4565_000_with_camera_labels-160.png 560 1072 17
big_dataset_depth/000000003673-segment-13984577671034960830_4545_000_4565_000_with_camera_labels-160.png 568 1056 18
big_dataset_depth/000000003673-segment-13984577671034960830_4545_000_4565_000_with_camera_labels-160.png 576 1072 18
big_dataset_depth/000000003673-segment-13984577671034960830_4545_000_4565_000_with_camera_labels-160.png 584 1072 18
big_dataset_depth/000000003673-segment-13984577671034960830_4545_000_4565_000_with_camera_labels-160.png 592 1072 18
big_dataset_depth/000000003673-segment-13984577671034960830_4545_000_4565_000_with_camera_labels-160.png 600 1056 18
big_dataset_depth/000000003673-segment-13984577671034960830_4545_000_4565_000_with_camera_labels-160.png 608 1056 18
big_dataset_depth/000000003673-segment-13984577671034960830_4545_000_4565_000_with_camera_labels-160.png 616 1056 18
big_dataset_depth/000000003673-segment-13984577671034960830_4545_000_4565_000_with_camera_labels-160.png 624 1056 18
big_dataset_depth/000000003673-segment-13984577671034960830_4545_000_4565_000_with_camera_labels-160.png 632 1056 18
big_dataset_depth/000000003673-segment-13984577671034960830_4545_000_4565_000_with_camera_labels-160.png 640 1032 19
big_dataset_depth/000000003673-segment-13984577671034960830_4545_000_4565_000_with_camera_labels-160.png 648 1032 19
big_dataset_depth/000000003673-segment-13984577671034960830_4545_000_4565_000_with_camera_labels-160.png 656 1032 19
big_dataset_depth/000000003673-segment-13984577671034960830_4545_000_4565_000_with_camera_labels-160.png 664 1032 19
big_dataset_depth/000000003673-segment-13984577671034960830_4545_000_4565_000_with_camera_labels-160.png 672 1032 19
big_dataset_depth/000000003673-segment-13984577671034960830_4545_000_4565_000_with_camera_labels-160.png 680 1032 19
big_dataset_depth/000000003673-segment-13984577671034960830_4545_000_4565_000_with_camera_labels-160.png 688 1032 19
big_dataset_depth/000000003673-segment-13984577671034960830_4545_000_4565_000_with_camera_labels-160.png 696 1016 19
big_dataset_depth/000000003673-segment-13984577671034960830_4545_000_4565_000_with_camera_labels-160.png 704 1016 19
big_dataset_depth/000000003673-segment-13984577671034960830_4545_000_4565_000_with_camera_labels-160.png 712 1016 19
big_dataset_depth/000000003673-segment-13984577671034960830_4545_000_4565_000_with_camera_labels-160.png 720 1016 19
big_dataset_depth/000000003673-segment-13984577671034960830_4545_000_4565_000_with_camera_labels-160.png 728 1016 20
big_dataset_depth/000000003673-segment-13984577671034960830_4545_000_4565_000_with_camera_labels-160.png 736 1016 20
big_dataset_depth/000000003673-segment-13984577671034960830_4545_000_4565_000_with_camera_labels-160.png 744 1016 20
big_dataset_depth/000000003673-segment-13984577671034960830_4545_000_4565_000_with_camera_labels-160.png 752 976 22
big_dataset_depth/000000003673-segment-13984577671034960830_4545_000_4565_000_with_camera_labels-160.png 760 1000 20
big_dataset_depth/000000003673-segment-13984577671034960830_4545_000_4565_000_with_camera_labels-160.png 768 1000 20
big_dataset_depth/000000003673-segment-13984577671034960830_4545_000_4565_000_with_camera_labels-160.png 776 1000 20
big_dataset_depth/000000003673-segment-13984577671034960830_4545_000_4565_000_with_camera_labels-160.png 784 888 24
big_dataset_depth/000000003673-segment-13984577671034960830_4545_000_4565_000_with_camera_labels-160.png 792 976 21
big_dataset_depth/000000003673-segment-13984577671034960830_4545_000_4565_000_with_camera_labels-160.png 800 976 21
big_dataset_depth/000000003673-segment-13984577671034960830_4545_000_4565_000_with_camera_labels-160.png 808 976 21
big_dataset_depth/000000003673-segment-13984577671034960830_4545_000_4565_000_with_camera_labels-160.png 816 976 21
big_dataset_depth/000000003673-segment-13984577671034960830_4545_000_4565_000_with_camera_labels-160.png 824 976 21
big_dataset_depth/000000003673-segment-13984577671034960830_4545_000_4565_000_with_camera_labels-160.png 832 976 21
big_dataset_depth/000000003673-segment-13984577671034960830_4545_000_4565_000_with_camera_labels-160.png 840 976 21
big_dataset_depth/000000003673-segment-13984577671034960830_4545_000_4565_000_with_camera_labels-160.png 848 936 23
big_dataset_depth/000000003673-segment-13984577671034960830_4545_000_4565_000_with_camera_labels-160.png 856 960 22
big_dataset_depth/000000003673-segment-13984577671034960830_4545_000_4565_000_with_camera_labels-160.png 864 960 22
big_dataset_depth/000000003673-segment-13984577671034960830_4545_000_4565_000_with_camera_labels-160.png 872 960 22
big_dataset_depth/000000003673-segment-13984577671034960830_4545_000_4565_000_with_camera_labels-160.png 880 832 33
big_dataset_depth/000000003673-segment-13984577671034960830_4545_000_4565_000_with_camera_labels-160.png 888 904 25
big_dataset_depth/000000003673-segment-13984577671034960830_4545_000_4565_000_with_camera_labels-160.png 896 936 23
big_dataset_depth/000000003673-segment-13984577671034960830_4545_000_4565_000_with_camera_labels-160.png 904 944 22
big_dataset_depth/000000003673-segment-13984577671034960830_4545_000_4565_000_with_camera_labels-160.png 912 944 22
big_dataset_depth/000000003673-segment-13984577671034960830_4545_000_4565_000_with_camera_labels-160.png 920 944 23
big_dataset_depth/000000003673-segment-13984577671034960830_4545_000_4565_000_with_camera_labels-160.png 928 944 23
big_dataset_depth/000000003673-segment-13984577671034960830_4545_000_4565_000_with_camera_labels-160.png 936 944 23
big_dataset_depth/000000003673-segment-13984577671034960830_4545_000_4565_000_with_camera_labels-160.png 944 928 26
big_dataset_depth/000000003673-segment-13984577671034960830_4545_000_4565_000_with_camera_labels-160.png 952 1088 14
big_dataset_depth/000000003673-segment-13984577671034960830_4545_000_4565_000_with_camera_labels-160.png 960 1088 13
big_dataset_depth/000000003673-segment-13984577671034960830_4545_000_4565_000_with_camera_labels-160.png 968 1088 13
big_dataset_depth/000000003673-segment-13984577671034960830_4545_000_4565_000_with_camera_labels-160.png 976 1088 13
big_dataset_depth/000000003673-segment-13984577671034960830_4545_000_4565_000_with_camera_labels-160.png 984 1088 13
big_dataset_depth/000000003673-segment-13984577671034960830_4545_000_4565_000_with_camera_labels-160.png 992 1104 14
big_dataset_depth/000000003673-segment-13984577671034960830_4545_000_4565_000_with_camera_labels-160.png 1000 1088 13
big_dataset_depth/000000003673-segment-13984577671034960830_4545_000_4565_000_with_camera_labels-160.png 1008 1088 13
big_dataset_depth/000000003673-segment-13984577671034960830_4545_000_4565_000_with_camera_labels-160.png 1016 1152 15
big_dataset_depth/000000003673-segment-13984577671034960830_4545_000_4565_000_with_camera_labels-160.png 1024 1152 15
big_dataset_depth/000000003673-segment-13984577671034960830_4545_000_4565_000_with_camera_labels-160.png 1032 1152 15
big_dataset_depth/000000003673-segment-13984577671034960830_4545_000_4565_000_with_camera_labels-160.png 1040 1152 15
big_dataset_depth/000000003673-segment-13984577671034960830_4545_000_4565_000_with_camera_labels-160.png 1048 1160 14
big_dataset_depth/000000003673-segment-13984577671034960830_4545_000_4565_000_with_camera_labels-160.png 1056 1152 15
big_dataset_depth/000000003673-segment-13984577671034960830_4545_000_4565_000_with_camera_labels-160.png 1064 1152 15
big_dataset_depth/000000003673-segment-13984577671034960830_4545_000_4565_000_with_camera_labels-160.png 1072 1152 15
big_dataset_depth/000000003673-segment-13984577671034960830_4545_000_4565_000_with_camera_labels-160.png 1080 1112 13
big_dataset_depth/000000003673-segment-13984577671034960830_4545_000_4565_000_with_camera_labels-160.png 1088 1152 15
big_dataset_depth/000000003673-segment-13984577671034960830_4545_000_4565_000_with_camera_labels-160.png 1096 1112 13
big_dataset_depth/000000003673-segment-13984577671034960830_4545_000_4565_000_with_camera_labels-160.png 1104 1088 13
big_dataset_depth/000000003673-segment-13984577671034960830_4545_000_4565_000_with_camera_labels-160.png 1112 1112 13
big_dataset_depth/000000003673-segment-13984577671034960830_4545_000_4565_000_with_camera_labels-160.png 1120 1120 13
big_dataset_depth/000000003673-segment-13984577671034960830_4545_000_4565_000_with_camera_labels-160.png 1128 1128 13
big_dataset_depth/000000003673-segment-13984577671034960830_4545_000_4565_000_with_camera_labels-160.png 1136 1136 13
big_dataset_depth/000000003673-segment-13984577671034960830_4545_000_4565_000_with_camera_labels-160.png 1144 1120 13
big_dataset_depth/000000003673-segment-13984577671034960830_4545_000_4565_000_with_camera_labels-160.png 1152 1152 13
big_dataset_depth/000000003673-segment-13984577671034960830_4545_000_4565_000_with_camera_labels-160.png 1160 1152 13
big_dataset_depth/000000003673-segment-13984577671034960830_4545_000_4565_000_with_camera_labels-160.png 1168 1152 13
big_dataset_depth/000000003673-segment-13984577671034960830_4545_000_4565_000_with_camera_labels-160.png 1176 1152 13
big_dataset_depth/000000003673-segment-13984577671034960830_4545_000_4565_000_with_camera_labels-160.png 1184 1176 13
big_dataset_depth/000000003673-segment-13984577671034960830_4545_000_4565_000_with_camera_labels-160.png 1192 1152 13
big_dataset_depth/000000003673-segment-13984577671034960830_4545_000_4565_000_with_camera_labels-160.png 1200 1120 13
big_dataset_depth/000000003673-segment-13984577671034960830_4545_000_4565_000_with_camera_labels-160.png 1208 1176 14
big_dataset_depth/000000003673-segment-13984577671034960830_4545_000_4565_000_with_camera_labels-160.png 1216 1112 13
big_dataset_depth/000000003673-segment-13984577671034960830_4545_000_4565_000_with_camera_labels-160.png 1224 1096 13
big_dataset_depth/000000003673-segment-13984577671034960830_4545_000_4565_000_with_camera_labels-160.png 1232 1112 13
big_dataset_depth/000000003673-segment-13984577671034960830_4545_000_4565_000_with_camera_labels-160.png 1240 1160 14
big_dataset_depth/000000003673-segment-13984577671034960830_4545_000_4565_000_with_camera_labels-160.png 1248 1112 13
big_dataset_depth/000000003673-segment-13984577671034960830_4545_000_4565_000_with_camera_labels-160.png 1256 1112 13
big_dataset_depth/000000003673-segment-13984577671034960830_4545_000_4565_000_with_camera_labels-160.png 1264 1104 13
big_dataset_depth/000000003673-segment-13984577671034960830_4545_000_4565_000_with_camera_labels-160.png 1272 1112 13
big_dataset_depth/000000003673-segment-13984577671034960830_4545_000_4565_000_with_camera_labels-160.png 1280 1112 13
big_dataset_depth/000000003673-segment-13984577671034960830_4545_000_4565_000_with_camera_labels-160.png 1288 1120 13
big_dataset_depth/000000003673-segment-13984577671034960830_4545_000_4565_000_with_camera_labels-160.png 1296 1120 13
big_dataset_depth/000000003673-segment-13984577671034960830_4545_000_4565_000_with_camera_labels-160.png 1304 1120 13
big_dataset_depth/000000003673-segment-13984577671034960830_4545_000_4565_000_with_camera_labels-160.png 1312 1120 13
big_dataset_depth/000000003673-segment-13984577671034960830_4545_000_4565_000_with_camera_labels-160.png 1320 1120 13
big_dataset_depth/000000003673-segment-13984577671034960830_4545_000_4565_000_with_camera_labels-160.png 1328 1120 13
big_dataset_depth/000000003673-segment-13984577671034960830_4545_000_4565_000_with_camera_labels-160.png 1336 1120 13
big_dataset_depth/000000003673-segment-13984577671034960830_4545_000_4565_000_with_camera_labels-160.png 1344 1120 13
big_dataset_depth/000000003673-segment-13984577671034960830_4545_000_4565_000_with_camera_labels-160.png 1352 1112 13
big_dataset_depth/000000003673-segment-13984577671034960830_4545_000_4565_000_with_camera_labels-160.png 1360 1120 13
big_dataset_depth/000000003673-segment-13984577671034960830_4545_000_4565_000_with_camera_labels-160.png 1368 1104 13
big_dataset_depth/000000003673-segment-13984577671034960830_4545_000_4565_000_with_camera_labels-160.png 1376 1120 13
big_dataset_depth/000000003673-segment-13984577671034960830_4545_000_4565_000_with_camera_labels-160.png 1384 1104 13
big_dataset_depth/000000003673-segment-13984577671034960830_4545_000_4565_000_with_camera_labels-160.png 1392 1088 13
big_dataset_depth/000000003673-segment-13984577671034960830_4545_000_4565_000_with_camera_labels-160.png 1400 1104 13
big_dataset_depth/000000003673-segment-13984577671034960830_4545_000_4565_000_with_camera_labels-160.png 1408 1104 13
big_dataset_depth/000000003673-segment-13984577671034960830_4545_000_4565_000_with_camera_labels-160.png 1416 1112 13
big_dataset_depth/000000003673-segment-13984577671034960830_4545_000_4565_000_with_camera_labels-160.png 1424 1120 13
big_dataset_depth/000000003673-segment-13984577671034960830_4545_000_4565_000_with_camera_labels-160.png 1432 1128 13
big_dataset_depth/000000003673-segment-13984577671034960830_4545_000_4565_000_with_camera_labels-160.png 1440 1120 13
big_dataset_depth/000000003673-segment-13984577671034960830_4545_000_4565_000_with_camera_labels-160.png 1448 1152 14
big_dataset_depth/000000003673-segment-13984577671034960830_4545_000_4565_000_with_camera_labels-160.png 1456 1168 14
big_dataset_depth/000000003673-segment-13984577671034960830_4545_000_4565_000_with_camera_labels-160.png 1464 1168 14
big_dataset_depth/000000003673-segment-13984577671034960830_4545_000_4565_000_with_camera_labels-160.png 1472 1184 14
big_dataset_depth/000000003673-segment-13984577671034960830_4545_000_4565_000_with_camera_labels-160.png 1480 1184 14
big_dataset_depth/000000003673-segment-13984577671034960830_4545_000_4565_000_with_camera_labels-160.png 1488 1160 14
big_dataset_depth/000000003673-segment-13984577671034960830_4545_000_4565_000_with_camera_labels-160.png 1496 1176 14
big_dataset_depth/000000003673-segment-13984577671034960830_4545_000_4565_000_with_camera_labels-160.png 1504 1176 14
big_dataset_depth/000000003673-segment-13984577671034960830_4545_000_4565_000_with_camera_labels-160.png 1512 1184 14
big_dataset_depth/000000003673-segment-13984577671034960830_4545_000_4565_000_with_camera_labels-160.png 1520 1176 14
big_dataset_depth/000000003673-segment-13984577671034960830_4545_000_4565_000_with_camera_labels-160.png 1528 1160 14
big_dataset_depth/000000003673-segment-13984577671034960830_4545_000_4565_000_with_camera_labels-160.png 1536 1096 16
big_dataset_depth/000000003673-segment-13984577671034960830_4545_000_4565_000_with_camera_labels-160.png 1544 1024 16
big_dataset_depth/000000003673-segment-13984577671034960830_4545_000_4565_000_with_camera_labels-160.png 1552 1016 16
big_dataset_depth/000000003673-segment-13984577671034960830_4545_000_4565_000_with_camera_labels-160.png 1560 896 38
big_dataset_depth/000000003673-segment-13984577671034960830_4545_000_4565_000_with_camera_labels-160.png 1568 992 18
big_dataset_depth/000000003673-segment-13984577671034960830_4545_000_4565_000_with_camera_labels-160.png 1576 968 18
big_dataset_depth/000000003673-segment-13984577671034960830_4545_000_4565_000_with_camera_labels-160.png 1584 1016 18
big_dataset_depth/000000003673-segment-13984577671034960830_4545_000_4565_000_with_camera_labels-160.png 1592 1032 18
big_dataset_depth/000000003673-segment-13984577671034960830_4545_000_4565_000_with_camera_labels-160.png 1600 984 19
big_dataset_depth/000000003673-segment-13984577671034960830_4545_000_4565_000_with_camera_labels-160.png 1608 1000 19
big_dataset_depth/000000003673-segment-13984577671034960830_4545_000_4565_000_with_camera_labels-160.png 1616 992 19
big_dataset_depth/000000003673-segment-13984577671034960830_4545_000_4565_000_with_camera_labels-160.png 1632 808 26
big_dataset_depth/000000003673-segment-13984577671034960830_4545_000_4565_000_with_camera_labels-160.png 1640 824 26
big_dataset_depth/000000003673-segment-13984577671034960830_4545_000_4565_000_with_camera_labels-160.png 1648 824 26
big_dataset_depth/000000003673-segment-13984577671034960830_4545_000_4565_000_with_camera_labels-160.png 1656 832 26
big_dataset_depth/000000003673-segment-13984577671034960830_4545_000_4565_000_with_camera_labels-160.png 1664 864 27
big_dataset_depth/000000003673-segment-13984577671034960830_4545_000_4565_000_with_camera_labels-160.png 1672 848 26
big_dataset_depth/000000003673-segment-13984577671034960830_4545_000_4565_000_with_camera_labels-160.png 1680 872 26
big_dataset_depth/000000003673-segment-13984577671034960830_4545_000_4565_000_with_camera_labels-160.png 1688 824 26
big_dataset_depth/000000003673-segment-13984577671034960830_4545_000_4565_000_with_camera_labels-160.png 1696 864 26
big_dataset_depth/000000003673-segment-13984577671034960830_4545_000_4565_000_with_camera_labels-160.png 1704 872 25
big_dataset_depth/000000003673-segment-13984577671034960830_4545_000_4565_000_with_camera_labels-160.png 1712 856 25
big_dataset_depth/000000003673-segment-13984577671034960830_4545_000_4565_000_with_camera_labels-160.png 1720 856 25
big_dataset_depth/000000003673-segment-13984577671034960830_4545_000_4565_000_with_camera_labels-160.png 1728 880 25
big_dataset_depth/000000003673-segment-13984577671034960830_4545_000_4565_000_with_camera_labels-160.png 1736 864 25
big_dataset_depth/000000003673-segment-13984577671034960830_4545_000_4565_000_with_camera_labels-160.png 1744 864 25
big_dataset_depth/000000003673-segment-13984577671034960830_4545_000_4565_000_with_camera_labels-160.png 1752 848 25
big_dataset_depth/000000003673-segment-13984577671034960830_4545_000_4565_000_with_camera_labels-160.png 1760 856 25
big_dataset_depth/000000003673-segment-13984577671034960830_4545_000_4565_000_with_camera_labels-160.png 1768 872 25
big_dataset_depth/000000003673-segment-13984577671034960830_4545_000_4565_000_with_camera_labels-160.png 1776 872 25
big_dataset_depth/000000003673-segment-13984577671034960830_4545_000_4565_000_with_camera_labels-160.png 1784 856 25
big_dataset_depth/000000003673-segment-13984577671034960830_4545_000_4565_000_with_camera_labels-160.png 1792 872 25
big_dataset_depth/000000003673-segment-13984577671034960830_4545_000_4565_000_with_camera_labels-160.png 1800 872 25
big_dataset_depth/000000003673-segment-13984577671034960830_4545_000_4565_000_with_camera_labels-160.png 1808 872 25
big_dataset_depth/000000003673-segment-13984577671034960830_4545_000_4565_000_with_camera_labels-160.png 1816 856 26
big_dataset_depth/000000003673-segment-13984577671034960830_4545_000_4565_000_with_camera_labels-160.png 1824 872 25
big_dataset_depth/000000003673-segment-13984577671034960830_4545_000_4565_000_with_camera_labels-160.png 1832 856 26
big_dataset_depth/000000003673-segment-13984577671034960830_4545_000_4565_000_with_camera_labels-160.png 1840 832 26
big_dataset_depth/000000003673-segment-13984577671034960830_4545_000_4565_000_with_camera_labels-160.png 1848 816 26
big_dataset_depth/000000003673-segment-13984577671034960830_4545_000_4565_000_with_camera_labels-160.png 1856 848 26
big_dataset_depth/000000003673-segment-13984577671034960830_4545_000_4565_000_with_camera_labels-160.png 1864 744 60
big_dataset_depth/000000003673-segment-13984577671034960830_4545_000_4565_000_with_camera_labels-160.png 1872 856 26
big_dataset_depth/000000003673-segment-13984577671034960830_4545_000_4565_000_with_camera_labels-160.png 1880 864 26
big_dataset_depth/000000003673-segment-13984577671034960830_4545_000_4565_000_with_camera_labels-160.png 1888 824 27
big_dataset_depth/000000003673-segment-13984577671034960830_4545_000_4565_000_with_camera_labels-160.png 1896 848 27
big_dataset_depth/000000003673-segment-13984577671034960830_4545_000_4565_000_with_camera_labels-160.png 1904 856 26
big_dataset_depth/000000003673-segment-13984577671034960830_4545_000_4565_000_with_camera_labels-160.png 1912 864 26
