big_dataset_depth/000000002771-segment-13078892192456386060_2960_000_2980_000_with_camera_labels-140.png 0 992 22
big_dataset_depth/000000002771-segment-13078892192456386060_2960_000_2980_000_with_camera_labels-140.png 8 1032 23
big_dataset_depth/000000002771-segment-13078892192456386060_2960_000_2980_000_with_camera_labels-140.png 16 952 32
big_dataset_depth/000000002771-segment-13078892192456386060_2960_000_2980_000_with_camera_labels-140.png 24 896 38
big_dataset_depth/000000002771-segment-13078892192456386060_2960_000_2980_000_with_camera_labels-140.png 32 968 30
big_dataset_depth/000000002771-segment-13078892192456386060_2960_000_2980_000_with_camera_labels-140.png 40 816 52
big_dataset_depth/000000002771-segment-13078892192456386060_2960_000_2980_000_with_camera_labels-140.png 48 1008 23
big_dataset_depth/000000002771-segment-13078892192456386060_2960_000_2980_000_with_camera_labels-140.png 56 944 33
big_dataset_depth/000000002771-segment-13078892192456386060_2960_000_2980_000_with_camera_labels-140.png 64 1000 24
big_dataset_depth/000000002771-segment-13078892192456386060_2960_000_2980_000_with_camera_labels-140.png 104 800 54
big_dataset_depth/000000002771-segment-13078892192456386060_2960_000_2980_000_with_camera_labels-140.png 128 800 57
big_dataset_depth/000000002771-segment-13078892192456386060_2960_000_2980_000_with_camera_labels-140.png 136 824 44
big_dataset_depth/000000002771-segment-13078892192456386060_2960_000_2980_000_with_camera_labels-140.png 144 832 44
big_dataset_depth/000000002771-segment-13078892192456386060_2960_000_2980_000_with_camera_labels-140.png 152 856 45
big_dataset_depth/000000002771-segment-13078892192456386060_2960_000_2980_000_with_camera_labels-140.png 160 856 45
big_dataset_depth/000000002771-segment-13078892192456386060_2960_000_2980_000_with_camera_labels-140.png 168 856 45
big_dataset_depth/000000002771-segment-13078892192456386060_2960_000_2980_000_with_camera_labels-140.png 176 856 45
big_dataset_depth/000000002771-segment-13078892192456386060_2960_000_2980_000_with_camera_labels-140.png 184 840 45
big_dataset_depth/000000002771-segment-13078892192456386060_2960_000_2980_000_with_camera_labels-140.png 192 832 44
big_dataset_depth/000000002771-segment-13078892192456386060_2960_000_2980_000_with_camera_labels-140.png 200 824 43
big_dataset_depth/000000002771-segment-13078892192456386060_2960_000_2980_000_with_camera_labels-140.png 208 832 44
big_dataset_depth/000000002771-segment-13078892192456386060_2960_000_2980_000_with_camera_labels-140.png 216 824 43
big_dataset_depth/000000002771-segment-13078892192456386060_2960_000_2980_000_with_camera_labels-140.png 224 824 43
big_dataset_depth/000000002771-segment-13078892192456386060_2960_000_2980_000_with_camera_labels-140.png 232 832 44
big_dataset_depth/000000002771-segment-13078892192456386060_2960_000_2980_000_with_camera_labels-140.png 240 824 43
big_dataset_depth/000000002771-segment-13078892192456386060_2960_000_2980_000_with_camera_labels-140.png 248 832 44
big_dataset_depth/000000002771-segment-13078892192456386060_2960_000_2980_000_with_camera_labels-140.png 256 824 43
big_dataset_depth/000000002771-segment-13078892192456386060_2960_000_2980_000_with_camera_labels-140.png 264 856 44
big_dataset_depth/000000002771-segment-13078892192456386060_2960_000_2980_000_with_camera_labels-140.png 272 848 44
big_dataset_depth/000000002771-segment-13078892192456386060_2960_000_2980_000_with_camera_labels-140.png 280 856 44
big_dataset_depth/000000002771-segment-13078892192456386060_2960_000_2980_000_with_camera_labels-140.png 288 840 45
big_dataset_depth/000000002771-segment-13078892192456386060_2960_000_2980_000_with_camera_labels-140.png 296 816 46
big_dataset_depth/000000002771-segment-13078892192456386060_2960_000_2980_000_with_camera_labels-140.png 304 824 46
big_dataset_depth/000000002771-segment-13078892192456386060_2960_000_2980_000_with_camera_labels-140.png 312 840 47
big_dataset_depth/000000002771-segment-13078892192456386060_2960_000_2980_000_with_camera_labels-140.png 320 824 49
big_dataset_depth/000000002771-segment-13078892192456386060_2960_000_2980_000_with_camera_labels-140.png 328 824 48
big_dataset_depth/000000002771-segment-13078892192456386060_2960_000_2980_000_with_camera_labels-140.png 336 832 48
big_dataset_depth/000000002771-segment-13078892192456386060_2960_000_2980_000_with_camera_labels-140.png 344 816 49
big_dataset_depth/000000002771-segment-13078892192456386060_2960_000_2980_000_with_camera_labels-140.png 352 800 52
big_dataset_depth/000000002771-segment-13078892192456386060_2960_000_2980_000_with_camera_labels-140.png 360 800 52
big_dataset_depth/000000002771-segment-13078892192456386060_2960_000_2980_000_with_camera_labels-140.png 368 808 53
big_dataset_depth/000000002771-segment-13078892192456386060_2960_000_2980_000_with_camera_labels-140.png 376 800 52
big_dataset_depth/000000002771-segment-13078892192456386060_2960_000_2980_000_with_camera_labels-140.png 384 800 52
big_dataset_depth/000000002771-segment-13078892192456386060_2960_000_2980_000_with_camera_labels-140.png 392 792 52
big_dataset_depth/000000002771-segment-13078892192456386060_2960_000_2980_000_with_camera_labels-140.png 400 800 52
big_dataset_depth/000000002771-segment-13078892192456386060_2960_000_2980_000_with_camera_labels-140.png 408 816 53
big_dataset_depth/000000002771-segment-13078892192456386060_2960_000_2980_000_with_camera_labels-140.png 416 792 52
big_dataset_depth/000000002771-segment-13078892192456386060_2960_000_2980_000_with_camera_labels-140.png 424 816 53
big_dataset_depth/000000002771-segment-13078892192456386060_2960_000_2980_000_with_camera_labels-140.png 432 808 53
big_dataset_depth/000000002771-segment-13078892192456386060_2960_000_2980_000_with_camera_labels-140.png 440 792 54
big_dataset_depth/000000002771-segment-13078892192456386060_2960_000_2980_000_with_camera_labels-140.png 448 784 55
big_dataset_depth/000000002771-segment-13078892192456386060_2960_000_2980_000_with_camera_labels-140.png 456 784 56
big_dataset_depth/000000002771-segment-13078892192456386060_2960_000_2980_000_with_camera_labels-140.png 464 808 57
big_dataset_depth/000000002771-segment-13078892192456386060_2960_000_2980_000_with_camera_labels-140.png 472 800 57
big_dataset_depth/000000002771-segment-13078892192456386060_2960_000_2980_000_with_camera_labels-140.png 480 776 62
big_dataset_depth/000000002771-segment-13078892192456386060_2960_000_2980_000_with_camera_labels-140.png 488 800 62
big_dataset_depth/000000002771-segment-13078892192456386060_2960_000_2980_000_with_camera_labels-140.png 496 776 62
big_dataset_depth/000000002771-segment-13078892192456386060_2960_000_2980_000_with_camera_labels-140.png 504 792 52
big_dataset_depth/000000002771-segment-13078892192456386060_2960_000_2980_000_with_camera_labels-140.png 512 776 55
big_dataset_depth/000000002771-segment-13078892192456386060_2960_000_2980_000_with_camera_labels-140.png 520 800 29
big_dataset_depth/000000002771-segment-13078892192456386060_2960_000_2980_000_with_camera_labels-140.png 528 816 48
big_dataset_depth/000000002771-segment-13078892192456386060_2960_000_2980_000_with_camera_labels-140.png 536 912 29
big_dataset_depth/000000002771-segment-13078892192456386060_2960_000_2980_000_with_camera_labels-140.png 544 912 29
big_dataset_depth/000000002771-segment-13078892192456386060_2960_000_2980_000_with_camera_labels-140.png 552 896 29
big_dataset_depth/000000002771-segment-13078892192456386060_2960_000_2980_000_with_camera_labels-140.png 560 904 30
big_dataset_depth/000000002771-segment-13078892192456386060_2960_000_2980_000_with_camera_labels-140.png 568 832 29
big_dataset_depth/000000002771-segment-13078892192456386060_2960_000_2980_000_with_camera_labels-140.png 576 832 29
big_dataset_depth/000000002771-segment-13078892192456386060_2960_000_2980_000_with_camera_labels-140.png 584 808 29
big_dataset_depth/000000002771-segment-13078892192456386060_2960_000_2980_000_with_camera_labels-140.png 616 1048 12
big_dataset_depth/000000002771-segment-13078892192456386060_2960_000_2980_000_with_camera_labels-140.png 624 1048 12
big_dataset_depth/000000002771-segment-13078892192456386060_2960_000_2980_000_with_camera_labels-140.png 632 1056 12
big_dataset_depth/000000002771-segment-13078892192456386060_2960_000_2980_000_with_camera_labels-140.png 640 1128 12
big_dataset_depth/000000002771-segment-13078892192456386060_2960_000_2980_000_with_camera_labels-140.png 648 1240 14
big_dataset_depth/000000002771-segment-13078892192456386060_2960_000_2980_000_with_camera_labels-140.png 656 984 61
big_dataset_depth/000000002771-segment-13078892192456386060_2960_000_2980_000_with_camera_labels-140.png 664 1264 13
big_dataset_depth/000000002771-segment-13078892192456386060_2960_000_2980_000_with_camera_labels-140.png 672 1256 13
big_dataset_depth/000000002771-segment-13078892192456386060_2960_000_2980_000_with_camera_labels-140.png 680 1080 45
big_dataset_depth/000000002771-segment-13078892192456386060_2960_000_2980_000_with_camera_labels-140.png 688 1248 13
big_dataset_depth/000000002771-segment-13078892192456386060_2960_000_2980_000_with_camera_labels-140.png 696 1256 13
big_dataset_depth/000000002771-segment-13078892192456386060_2960_000_2980_000_with_camera_labels-140.png 704 1256 13
big_dataset_depth/000000002771-segment-13078892192456386060_2960_000_2980_000_with_camera_labels-140.png 712 1256 13
big_dataset_depth/000000002771-segment-13078892192456386060_2960_000_2980_000_with_camera_labels-140.png 720 1256 13
big_dataset_depth/000000002771-segment-13078892192456386060_2960_000_2980_000_with_camera_labels-140.png 728 1256 13
big_dataset_depth/000000002771-segment-13078892192456386060_2960_000_2980_000_with_camera_labels-140.png 736 1168 12
big_dataset_depth/000000002771-segment-13078892192456386060_2960_000_2980_000_with_camera_labels-140.png 744 1168 14
big_dataset_depth/000000002771-segment-13078892192456386060_2960_000_2980_000_with_camera_labels-140.png 752 1168 12
big_dataset_depth/000000002771-segment-13078892192456386060_2960_000_2980_000_with_camera_labels-140.png 760 1168 12
big_dataset_depth/000000002771-segment-13078892192456386060_2960_000_2980_000_with_camera_labels-140.png 768 1168 12
big_dataset_depth/000000002771-segment-13078892192456386060_2960_000_2980_000_with_camera_labels-140.png 776 1176 12
big_dataset_depth/000000002771-segment-13078892192456386060_2960_000_2980_000_with_camera_labels-140.png 784 1184 12
big_dataset_depth/000000002771-segment-13078892192456386060_2960_000_2980_000_with_camera_labels-140.png 792 1184 12
big_dataset_depth/000000002771-segment-13078892192456386060_2960_000_2980_000_with_camera_labels-140.png 800 1184 12
big_dataset_depth/000000002771-segment-13078892192456386060_2960_000_2980_000_with_camera_labels-140.png 808 1184 12
big_dataset_depth/000000002771-segment-13078892192456386060_2960_000_2980_000_with_camera_labels-140.png 816 1184 12
big_dataset_depth/000000002771-segment-13078892192456386060_2960_000_2980_000_with_camera_labels-140.png 824 1184 12
big_dataset_depth/000000002771-segment-13078892192456386060_2960_000_2980_000_with_camera_labels-140.png 832 1184 12
big_dataset_depth/000000002771-segment-13078892192456386060_2960_000_2980_000_with_camera_labels-140.png 840 1184 12
big_dataset_depth/000000002771-segment-13078892192456386060_2960_000_2980_000_with_camera_labels-140.png 848 1184 12
big_dataset_depth/000000002771-segment-13078892192456386060_2960_000_2980_000_with_camera_labels-140.png 856 1160 12
big_dataset_depth/000000002771-segment-13078892192456386060_2960_000_2980_000_with_camera_labels-140.png 864 1184 12
big_dataset_depth/000000002771-segment-13078892192456386060_2960_000_2980_000_with_camera_labels-140.png 872 1184 12
big_dataset_depth/000000002771-segment-13078892192456386060_2960_000_2980_000_with_camera_labels-140.png 880 1184 12
big_dataset_depth/000000002771-segment-13078892192456386060_2960_000_2980_000_with_camera_labels-140.png 888 1184 12
big_dataset_depth/000000002771-segment-13078892192456386060_2960_000_2980_000_with_camera_labels-140.png 896 1184 12
big_dataset_depth/000000002771-segment-13078892192456386060_2960_000_2980_000_with_camera_labels-140.png 904 1184 12
big_dataset_depth/000000002771-segment-13078892192456386060_2960_000_2980_000_with_camera_labels-140.png 912 1208 12
big_dataset_depth/000000002771-segment-13078892192456386060_2960_000_2980_000_with_camera_labels-140.png 920 1208 12
big_dataset_depth/000000002771-segment-13078892192456386060_2960_000_2980_000_with_camera_labels-140.png 928 1208 12
big_dataset_depth/000000002771-segment-13078892192456386060_2960_000_2980_000_with_camera_labels-140.png 936 1208 12
big_dataset_depth/000000002771-segment-13078892192456386060_2960_000_2980_000_with_camera_labels-140.png 944 1192 12
big_dataset_depth/000000002771-segment-13078892192456386060_2960_000_2980_000_with_camera_labels-140.png 952 1184 12
big_dataset_depth/000000002771-segment-13078892192456386060_2960_000_2980_000_with_camera_labels-140.png 960 1184 12
big_dataset_depth/000000002771-segment-13078892192456386060_2960_000_2980_000_with_camera_labels-140.png 968 1184 12
big_dataset_depth/000000002771-segment-13078892192456386060_2960_000_2980_000_with_camera_labels-140.png 976 1184 12
big_dataset_depth/000000002771-segment-13078892192456386060_2960_000_2980_000_with_camera_labels-140.png 984 1168 12
big_dataset_depth/000000002771-segment-13078892192456386060_2960_000_2980_000_with_camera_labels-140.png 992 1184 12
big_dataset_depth/000000002771-segment-13078892192456386060_2960_000_2980_000_with_camera_labels-140.png 1000 1184 12
big_dataset_depth/000000002771-segment-13078892192456386060_2960_000_2980_000_with_camera_labels-140.png 1008 1184 12
big_dataset_depth/000000002771-segment-13078892192456386060_2960_000_2980_000_with_camera_labels-140.png 1016 1184 12
big_dataset_depth/000000002771-segment-13078892192456386060_2960_000_2980_000_with_camera_labels-140.png 1024 1176 12
big_dataset_depth/000000002771-segment-13078892192456386060_2960_000_2980_000_with_camera_labels-140.png 1032 1184 12
big_dataset_depth/000000002771-segment-13078892192456386060_2960_000_2980_000_with_camera_labels-140.png 1040 1184 12
big_dataset_depth/000000002771-segment-13078892192456386060_2960_000_2980_000_with_camera_labels-140.png 1048 1184 12
big_dataset_depth/000000002771-segment-13078892192456386060_2960_000_2980_000_with_camera_labels-140.png 1056 1184 12
big_dataset_depth/000000002771-segment-13078892192456386060_2960_000_2980_000_with_camera_labels-140.png 1064 1184 12
big_dataset_depth/000000002771-segment-13078892192456386060_2960_000_2980_000_with_camera_labels-140.png 1072 1152 12
big_dataset_depth/000000002771-segment-13078892192456386060_2960_000_2980_000_with_camera_labels-140.png 1080 1160 12
big_dataset_depth/000000002771-segment-13078892192456386060_2960_000_2980_000_with_camera_labels-140.png 1088 1152 12
big_dataset_depth/000000002771-segment-13078892192456386060_2960_000_2980_000_with_camera_labels-140.png 1096 1144 12
big_dataset_depth/000000002771-segment-13078892192456386060_2960_000_2980_000_with_camera_labels-140.png 1104 1168 13
big_dataset_depth/000000002771-segment-13078892192456386060_2960_000_2980_000_with_camera_labels-140.png 1112 1184 13
big_dataset_depth/000000002771-segment-13078892192456386060_2960_000_2980_000_with_camera_labels-140.png 1120 1240 14
big_dataset_depth/000000002771-segment-13078892192456386060_2960_000_2980_000_with_camera_labels-140.png 1128 1256 13
big_dataset_depth/000000002771-segment-13078892192456386060_2960_000_2980_000_with_camera_labels-140.png 1136 1256 13
big_dataset_depth/000000002771-segment-13078892192456386060_2960_000_2980_000_with_camera_labels-140.png 1144 1256 13
big_dataset_depth/000000002771-segment-13078892192456386060_2960_000_2980_000_with_camera_labels-140.png 1152 1256 13
big_dataset_depth/000000002771-segment-13078892192456386060_2960_000_2980_000_with_camera_labels-140.png 1160 1264 13
big_dataset_depth/000000002771-segment-13078892192456386060_2960_000_2980_000_with_camera_labels-140.png 1168 1256 13
big_dataset_depth/000000002771-segment-13078892192456386060_2960_000_2980_000_with_camera_labels-140.png 1176 1256 13
big_dataset_depth/000000002771-segment-13078892192456386060_2960_000_2980_000_with_camera_labels-140.png 1184 1256 13
big_dataset_depth/000000002771-segment-13078892192456386060_2960_000_2980_000_with_camera_labels-140.png 1192 1248 13
big_dataset_depth/000000002771-segment-13078892192456386060_2960_000_2980_000_with_camera_labels-140.png 1200 1248 14
big_dataset_depth/000000002771-segment-13078892192456386060_2960_000_2980_000_with_camera_labels-140.png 1208 1192 13
big_dataset_depth/000000002771-segment-13078892192456386060_2960_000_2980_000_with_camera_labels-140.png 1216 832 70
big_dataset_depth/000000002771-segment-13078892192456386060_2960_000_2980_000_with_camera_labels-140.png 1224 880 53
big_dataset_depth/000000002771-segment-13078892192456386060_2960_000_2980_000_with_camera_labels-140.png 1232 1040 12
big_dataset_depth/000000002771-segment-13078892192456386060_2960_000_2980_000_with_camera_labels-140.png 1240 1048 12
big_dataset_depth/000000002771-segment-13078892192456386060_2960_000_2980_000_with_camera_labels-140.png 1248 744 85
big_dataset_depth/000000002771-segment-13078892192456386060_2960_000_2980_000_with_camera_labels-140.png 1256 736 71
big_dataset_depth/000000002771-segment-13078892192456386060_2960_000_2980_000_with_camera_labels-140.png 1264 744 72
big_dataset_depth/000000002771-segment-13078892192456386060_2960_000_2980_000_with_camera_labels-140.png 1272 736 71
big_dataset_depth/000000002771-segment-13078892192456386060_2960_000_2980_000_with_camera_labels-140.png 1280 744 70
big_dataset_depth/000000002771-segment-13078892192456386060_2960_000_2980_000_with_camera_labels-140.png 1288 744 76
big_dataset_depth/000000002771-segment-13078892192456386060_2960_000_2980_000_with_camera_labels-140.png 1296 744 76
big_dataset_depth/000000002771-segment-13078892192456386060_2960_000_2980_000_with_camera_labels-140.png 1304 760 72
big_dataset_depth/000000002771-segment-13078892192456386060_2960_000_2980_000_with_camera_labels-140.png 1312 728 63
big_dataset_depth/000000002771-segment-13078892192456386060_2960_000_2980_000_with_camera_labels-140.png 1320 744 63
big_dataset_depth/000000002771-segment-13078892192456386060_2960_000_2980_000_with_camera_labels-140.png 1328 768 63
big_dataset_depth/000000002771-segment-13078892192456386060_2960_000_2980_000_with_camera_labels-140.png 1336 768 65
big_dataset_depth/000000002771-segment-13078892192456386060_2960_000_2980_000_with_camera_labels-140.png 1376 1040 20
big_dataset_depth/000000002771-segment-13078892192456386060_2960_000_2980_000_with_camera_labels-140.png 1384 1040 20
big_dataset_depth/000000002771-segment-13078892192456386060_2960_000_2980_000_with_camera_labels-140.png 1392 1040 20
big_dataset_depth/000000002771-segment-13078892192456386060_2960_000_2980_000_with_camera_labels-140.png 1400 1040 19
big_dataset_depth/000000002771-segment-13078892192456386060_2960_000_2980_000_with_camera_labels-140.png 1408 1000 19
big_dataset_depth/000000002771-segment-13078892192456386060_2960_000_2980_000_with_camera_labels-140.png 1416 1024 19
big_dataset_depth/000000002771-segment-13078892192456386060_2960_000_2980_000_with_camera_labels-140.png 1424 1000 18
big_dataset_depth/000000002771-segment-13078892192456386060_2960_000_2980_000_with_camera_labels-140.png 1432 1040 18
big_dataset_depth/000000002771-segment-13078892192456386060_2960_000_2980_000_with_camera_labels-140.png 1440 1080 18
big_dataset_depth/000000002771-segment-13078892192456386060_2960_000_2980_000_with_camera_labels-140.png 1448 1064 18
big_dataset_depth/000000002771-segment-13078892192456386060_2960_000_2980_000_with_camera_labels-140.png 1456 1056 18
big_dataset_depth/000000002771-segment-13078892192456386060_2960_000_2980_000_with_camera_labels-140.png 1464 1040 17
big_dataset_depth/000000002771-segment-13078892192456386060_2960_000_2980_000_with_camera_labels-140.png 1472 1080 17
big_dataset_depth/000000002771-segment-13078892192456386060_2960_000_2980_000_with_camera_labels-140.png 1488 1080 17
big_dataset_depth/000000002771-segment-13078892192456386060_2960_000_2980_000_with_camera_labels-140.png 1496 1112 16
big_dataset_depth/000000002771-segment-13078892192456386060_2960_000_2980_000_with_camera_labels-140.png 1512 1136 16
big_dataset_depth/000000002771-segment-13078892192456386060_2960_000_2980_000_with_camera_labels-140.png 1520 1160 16
big_dataset_depth/000000002771-segment-13078892192456386060_2960_000_2980_000_with_camera_labels-140.png 1528 1168 16
big_dataset_depth/000000002771-segment-13078892192456386060_2960_000_2980_000_with_camera_labels-140.png 1536 1160 16
big_dataset_depth/000000002771-segment-13078892192456386060_2960_000_2980_000_with_camera_labels-140.png 1544 1136 16
big_dataset_depth/000000002771-segment-13078892192456386060_2960_000_2980_000_with_camera_labels-140.png 1552 1160 16
big_dataset_depth/000000002771-segment-13078892192456386060_2960_000_2980_000_with_camera_labels-140.png 1560 1184 15
big_dataset_depth/000000002771-segment-13078892192456386060_2960_000_2980_000_with_camera_labels-140.png 1568 1144 16
big_dataset_depth/000000002771-segment-13078892192456386060_2960_000_2980_000_with_camera_labels-140.png 1576 1096 15
big_dataset_depth/000000002771-segment-13078892192456386060_2960_000_2980_000_with_camera_labels-140.png 1584 1120 15
big_dataset_depth/000000002771-segment-13078892192456386060_2960_000_2980_000_with_camera_labels-140.png 1592 1136 15
big_dataset_depth/000000002771-segment-13078892192456386060_2960_000_2980_000_with_camera_labels-140.png 1608 1120 15
big_dataset_depth/000000002771-segment-13078892192456386060_2960_000_2980_000_with_camera_labels-140.png 1616 1104 15
big_dataset_depth/000000002771-segment-13078892192456386060_2960_000_2980_000_with_camera_labels-140.png 1624 1112 15
big_dataset_depth/000000002771-segment-13078892192456386060_2960_000_2980_000_with_camera_labels-140.png 1632 1144 15
big_dataset_depth/000000002771-segment-13078892192456386060_2960_000_2980_000_with_camera_labels-140.png 1640 1160 16
big_dataset_depth/000000002771-segment-13078892192456386060_2960_000_2980_000_with_camera_labels-140.png 1656 1144 15
big_dataset_depth/000000002771-segment-13078892192456386060_2960_000_2980_000_with_camera_labels-140.png 1664 1120 15
big_dataset_depth/000000002771-segment-13078892192456386060_2960_000_2980_000_with_camera_labels-140.png 1672 1128 15
big_dataset_depth/000000002771-segment-13078892192456386060_2960_000_2980_000_with_camera_labels-140.png 1680 1144 15
big_dataset_depth/000000002771-segment-13078892192456386060_2960_000_2980_000_with_camera_labels-140.png 1696 1128 15
big_dataset_depth/000000002771-segment-13078892192456386060_2960_000_2980_000_with_camera_labels-140.png 1704 1128 15
big_dataset_depth/000000002771-segment-13078892192456386060_2960_000_2980_000_with_camera_labels-140.png 1720 1128 15
big_dataset_depth/000000002771-segment-13078892192456386060_2960_000_2980_000_with_camera_labels-140.png 1728 1136 16
big_dataset_depth/000000002771-segment-13078892192456386060_2960_000_2980_000_with_camera_labels-140.png 1736 1128 15
big_dataset_depth/000000002771-segment-13078892192456386060_2960_000_2980_000_with_camera_labels-140.png 1744 1216 15
big_dataset_depth/000000002771-segment-13078892192456386060_2960_000_2980_000_with_camera_labels-140.png 1752 1128 15
big_dataset_depth/000000002771-segment-13078892192456386060_2960_000_2980_000_with_camera_labels-140.png 1760 1144 15
big_dataset_depth/000000002771-segment-13078892192456386060_2960_000_2980_000_with_camera_labels-140.png 1776 1128 15
big_dataset_depth/000000002771-segment-13078892192456386060_2960_000_2980_000_with_camera_labels-140.png 1784 1136 16
big_dataset_depth/000000002771-segment-13078892192456386060_2960_000_2980_000_with_camera_labels-140.png 1792 1144 16
big_dataset_depth/000000002771-segment-13078892192456386060_2960_000_2980_000_with_camera_labels-140.png 1800 1152 16
big_dataset_depth/000000002771-segment-13078892192456386060_2960_000_2980_000_with_camera_labels-140.png 1808 1136 16
big_dataset_depth/000000002771-segment-13078892192456386060_2960_000_2980_000_with_camera_labels-140.png 1816 1168 16
big_dataset_depth/000000002771-segment-13078892192456386060_2960_000_2980_000_with_camera_labels-140.png 1824 1152 16
big_dataset_depth/000000002771-segment-13078892192456386060_2960_000_2980_000_with_camera_labels-140.png 1832 1160 16
big_dataset_depth/000000002771-segment-13078892192456386060_2960_000_2980_000_with_camera_labels-140.png 1840 1040 23
big_dataset_depth/000000002771-segment-13078892192456386060_2960_000_2980_000_with_camera_labels-140.png 1848 968 27
big_dataset_depth/000000002771-segment-13078892192456386060_2960_000_2980_000_with_camera_labels-140.png 1856 1024 26
big_dataset_depth/000000002771-segment-13078892192456386060_2960_000_2980_000_with_camera_labels-140.png 1864 1160 16
big_dataset_depth/000000002771-segment-13078892192456386060_2960_000_2980_000_with_camera_labels-140.png 1880 1064 21
big_dataset_depth/000000002771-segment-13078892192456386060_2960_000_2980_000_with_camera_labels-140.png 1888 864 32
big_dataset_depth/000000002771-segment-13078892192456386060_2960_000_2980_000_with_camera_labels-140.png 1896 952 27
big_dataset_depth/000000002771-segment-13078892192456386060_2960_000_2980_000_with_camera_labels-140.png 1904 1040 21
big_dataset_depth/000000002771-segment-13078892192456386060_2960_000_2980_000_with_camera_labels-140.png 1912 920 31
