big_dataset_depth/000000000926-segment-10923963890428322967_1445_000_1465_000_with_camera_labels-60.png 0 1016 28
big_dataset_depth/000000000926-segment-10923963890428322967_1445_000_1465_000_with_camera_labels-60.png 8 1264 12
big_dataset_depth/000000000926-segment-10923963890428322967_1445_000_1465_000_with_camera_labels-60.png 16 1064 25
big_dataset_depth/000000000926-segment-10923963890428322967_1445_000_1465_000_with_camera_labels-60.png 24 1264 12
big_dataset_depth/000000000926-segment-10923963890428322967_1445_000_1465_000_with_camera_labels-60.png 32 1000 29
big_dataset_depth/000000000926-segment-10923963890428322967_1445_000_1465_000_with_camera_labels-60.png 40 992 29
big_dataset_depth/000000000926-segment-10923963890428322967_1445_000_1465_000_with_camera_labels-60.png 48 1032 24
big_dataset_depth/000000000926-segment-10923963890428322967_1445_000_1465_000_with_camera_labels-60.png 56 728 47
big_dataset_depth/000000000926-segment-10923963890428322967_1445_000_1465_000_with_camera_labels-60.png 64 1024 24
big_dataset_depth/000000000926-segment-10923963890428322967_1445_000_1465_000_with_camera_labels-60.png 72 1048 22
big_dataset_depth/000000000926-segment-10923963890428322967_1445_000_1465_000_with_camera_labels-60.png 80 936 30
big_dataset_depth/000000000926-segment-10923963890428322967_1445_000_1465_000_with_camera_labels-60.png 88 1128 13
big_dataset_depth/000000000926-segment-10923963890428322967_1445_000_1465_000_with_camera_labels-60.png 96 1152 14
big_dataset_depth/000000000926-segment-10923963890428322967_1445_000_1465_000_with_camera_labels-60.png 104 1128 14
big_dataset_depth/000000000926-segment-10923963890428322967_1445_000_1465_000_with_camera_labels-60.png 112 1104 14
big_dataset_depth/000000000926-segment-10923963890428322967_1445_000_1465_000_with_camera_labels-60.png 120 1104 14
big_dataset_depth/000000000926-segment-10923963890428322967_1445_000_1465_000_with_camera_labels-60.png 128 1088 14
big_dataset_depth/000000000926-segment-10923963890428322967_1445_000_1465_000_with_camera_labels-60.png 136 1104 14
big_dataset_depth/000000000926-segment-10923963890428322967_1445_000_1465_000_with_camera_labels-60.png 144 1080 14
big_dataset_depth/000000000926-segment-10923963890428322967_1445_000_1465_000_with_camera_labels-60.png 152 1064 14
big_dataset_depth/000000000926-segment-10923963890428322967_1445_000_1465_000_with_camera_labels-60.png 160 1088 14
big_dataset_depth/000000000926-segment-10923963890428322967_1445_000_1465_000_with_camera_labels-60.png 168 1072 14
big_dataset_depth/000000000926-segment-10923963890428322967_1445_000_1465_000_with_camera_labels-60.png 184 1048 15
big_dataset_depth/000000000926-segment-10923963890428322967_1445_000_1465_000_with_camera_labels-60.png 200 1088 15
big_dataset_depth/000000000926-segment-10923963890428322967_1445_000_1465_000_with_camera_labels-60.png 216 1104 16
big_dataset_depth/000000000926-segment-10923963890428322967_1445_000_1465_000_with_camera_labels-60.png 224 1104 16
big_dataset_depth/000000000926-segment-10923963890428322967_1445_000_1465_000_with_camera_labels-60.png 232 1096 16
big_dataset_depth/000000000926-segment-10923963890428322967_1445_000_1465_000_with_camera_labels-60.png 240 1104 16
big_dataset_depth/000000000926-segment-10923963890428322967_1445_000_1465_000_with_camera_labels-60.png 248 1104 16
big_dataset_depth/000000000926-segment-10923963890428322967_1445_000_1465_000_with_camera_labels-60.png 256 1096 16
big_dataset_depth/000000000926-segment-10923963890428322967_1445_000_1465_000_with_camera_labels-60.png 264 1088 16
big_dataset_depth/000000000926-segment-10923963890428322967_1445_000_1465_000_with_camera_labels-60.png 272 1080 16
big_dataset_depth/000000000926-segment-10923963890428322967_1445_000_1465_000_with_camera_labels-60.png 288 992 16
big_dataset_depth/000000000926-segment-10923963890428322967_1445_000_1465_000_with_camera_labels-60.png 328 816 31
big_dataset_depth/000000000926-segment-10923963890428322967_1445_000_1465_000_with_camera_labels-60.png 336 728 31
big_dataset_depth/000000000926-segment-10923963890428322967_1445_000_1465_000_with_camera_labels-60.png 352 696 66
big_dataset_depth/000000000926-segment-10923963890428322967_1445_000_1465_000_with_camera_labels-60.png 360 696 67
big_dataset_depth/000000000926-segment-10923963890428322967_1445_000_1465_000_with_camera_labels-60.png 368 696 68
big_dataset_depth/000000000926-segment-10923963890428322967_1445_000_1465_000_with_camera_labels-60.png 376 696 68
big_dataset_depth/000000000926-segment-10923963890428322967_1445_000_1465_000_with_camera_labels-60.png 384 704 69
big_dataset_depth/000000000926-segment-10923963890428322967_1445_000_1465_000_with_camera_labels-60.png 392 696 70
big_dataset_depth/000000000926-segment-10923963890428322967_1445_000_1465_000_with_camera_labels-60.png 400 696 71
big_dataset_depth/000000000926-segment-10923963890428322967_1445_000_1465_000_with_camera_labels-60.png 408 696 72
big_dataset_depth/000000000926-segment-10923963890428322967_1445_000_1465_000_with_camera_labels-60.png 416 688 73
big_dataset_depth/000000000926-segment-10923963890428322967_1445_000_1465_000_with_camera_labels-60.png 424 688 74
big_dataset_depth/000000000926-segment-10923963890428322967_1445_000_1465_000_with_camera_labels-60.png 432 696 75
big_dataset_depth/000000000926-segment-10923963890428322967_1445_000_1465_000_with_camera_labels-60.png 440 696 76
big_dataset_depth/000000000926-segment-10923963890428322967_1445_000_1465_000_with_camera_labels-60.png 448 696 77
big_dataset_depth/000000000926-segment-10923963890428322967_1445_000_1465_000_with_camera_labels-60.png 456 688 78
big_dataset_depth/000000000926-segment-10923963890428322967_1445_000_1465_000_with_camera_labels-60.png 464 688 79
big_dataset_depth/000000000926-segment-10923963890428322967_1445_000_1465_000_with_camera_labels-60.png 472 688 80
big_dataset_depth/000000000926-segment-10923963890428322967_1445_000_1465_000_with_camera_labels-60.png 480 696 73
big_dataset_depth/000000000926-segment-10923963890428322967_1445_000_1465_000_with_camera_labels-60.png 488 712 65
big_dataset_depth/000000000926-segment-10923963890428322967_1445_000_1465_000_with_camera_labels-60.png 496 712 65
big_dataset_depth/000000000926-segment-10923963890428322967_1445_000_1465_000_with_camera_labels-60.png 504 704 64
big_dataset_depth/000000000926-segment-10923963890428322967_1445_000_1465_000_with_camera_labels-60.png 512 688 63
big_dataset_depth/000000000926-segment-10923963890428322967_1445_000_1465_000_with_camera_labels-60.png 520 728 54
big_dataset_depth/000000000926-segment-10923963890428322967_1445_000_1465_000_with_camera_labels-60.png 528 768 44
big_dataset_depth/000000000926-segment-10923963890428322967_1445_000_1465_000_with_camera_labels-60.png 536 768 44
big_dataset_depth/000000000926-segment-10923963890428322967_1445_000_1465_000_with_camera_labels-60.png 544 688 63
big_dataset_depth/000000000926-segment-10923963890428322967_1445_000_1465_000_with_camera_labels-60.png 552 688 63
big_dataset_depth/000000000926-segment-10923963890428322967_1445_000_1465_000_with_camera_labels-60.png 560 704 58
big_dataset_depth/000000000926-segment-10923963890428322967_1445_000_1465_000_with_camera_labels-60.png 568 744 48
big_dataset_depth/000000000926-segment-10923963890428322967_1445_000_1465_000_with_camera_labels-60.png 576 736 48
big_dataset_depth/000000000926-segment-10923963890428322967_1445_000_1465_000_with_camera_labels-60.png 584 704 64
big_dataset_depth/000000000926-segment-10923963890428322967_1445_000_1465_000_with_camera_labels-60.png 592 712 64
big_dataset_depth/000000000926-segment-10923963890428322967_1445_000_1465_000_with_camera_labels-60.png 600 720 52
big_dataset_depth/000000000926-segment-10923963890428322967_1445_000_1465_000_with_camera_labels-60.png 608 656 68
big_dataset_depth/000000000926-segment-10923963890428322967_1445_000_1465_000_with_camera_labels-60.png 616 696 69
big_dataset_depth/000000000926-segment-10923963890428322967_1445_000_1465_000_with_camera_labels-60.png 624 704 63
big_dataset_depth/000000000926-segment-10923963890428322967_1445_000_1465_000_with_camera_labels-60.png 632 712 56
big_dataset_depth/000000000926-segment-10923963890428322967_1445_000_1465_000_with_camera_labels-60.png 648 704 61
big_dataset_depth/000000000926-segment-10923963890428322967_1445_000_1465_000_with_camera_labels-60.png 656 712 61
big_dataset_depth/000000000926-segment-10923963890428322967_1445_000_1465_000_with_camera_labels-60.png 672 696 65
big_dataset_depth/000000000926-segment-10923963890428322967_1445_000_1465_000_with_camera_labels-60.png 680 688 65
big_dataset_depth/000000000926-segment-10923963890428322967_1445_000_1465_000_with_camera_labels-60.png 696 696 69
big_dataset_depth/000000000926-segment-10923963890428322967_1445_000_1465_000_with_camera_labels-60.png 704 680 69
big_dataset_depth/000000000926-segment-10923963890428322967_1445_000_1465_000_with_camera_labels-60.png 712 688 73
big_dataset_depth/000000000926-segment-10923963890428322967_1445_000_1465_000_with_camera_labels-60.png 720 688 78
big_dataset_depth/000000000926-segment-10923963890428322967_1445_000_1465_000_with_camera_labels-60.png 728 680 78
big_dataset_depth/000000000926-segment-10923963890428322967_1445_000_1465_000_with_camera_labels-60.png 736 680 82
big_dataset_depth/000000000926-segment-10923963890428322967_1445_000_1465_000_with_camera_labels-60.png 744 680 86
big_dataset_depth/000000000926-segment-10923963890428322967_1445_000_1465_000_with_camera_labels-60.png 752 656 86
big_dataset_depth/000000000926-segment-10923963890428322967_1445_000_1465_000_with_camera_labels-60.png 760 672 91
big_dataset_depth/000000000926-segment-10923963890428322967_1445_000_1465_000_with_camera_labels-60.png 768 672 95
big_dataset_depth/000000000926-segment-10923963890428322967_1445_000_1465_000_with_camera_labels-60.png 776 672 99
big_dataset_depth/000000000926-segment-10923963890428322967_1445_000_1465_000_with_camera_labels-60.png 784 656 104
big_dataset_depth/000000000926-segment-10923963890428322967_1445_000_1465_000_with_camera_labels-60.png 792 664 107
big_dataset_depth/000000000926-segment-10923963890428322967_1445_000_1465_000_with_camera_labels-60.png 800 672 107
big_dataset_depth/000000000926-segment-10923963890428322967_1445_000_1465_000_with_camera_labels-60.png 912 696 71
big_dataset_depth/000000000926-segment-10923963890428322967_1445_000_1465_000_with_camera_labels-60.png 920 688 70
big_dataset_depth/000000000926-segment-10923963890428322967_1445_000_1465_000_with_camera_labels-60.png 928 688 70
big_dataset_depth/000000000926-segment-10923963890428322967_1445_000_1465_000_with_camera_labels-60.png 936 680 70
big_dataset_depth/000000000926-segment-10923963890428322967_1445_000_1465_000_with_camera_labels-60.png 944 688 70
big_dataset_depth/000000000926-segment-10923963890428322967_1445_000_1465_000_with_camera_labels-60.png 952 680 70
big_dataset_depth/000000000926-segment-10923963890428322967_1445_000_1465_000_with_camera_labels-60.png 960 680 70
big_dataset_depth/000000000926-segment-10923963890428322967_1445_000_1465_000_with_camera_labels-60.png 968 688 70
big_dataset_depth/000000000926-segment-10923963890428322967_1445_000_1465_000_with_camera_labels-60.png 976 688 70
big_dataset_depth/000000000926-segment-10923963890428322967_1445_000_1465_000_with_camera_labels-60.png 984 696 71
big_dataset_depth/000000000926-segment-10923963890428322967_1445_000_1465_000_with_camera_labels-60.png 1016 688 94
big_dataset_depth/000000000926-segment-10923963890428322967_1445_000_1465_000_with_camera_labels-60.png 1136 688 93
big_dataset_depth/000000000926-segment-10923963890428322967_1445_000_1465_000_with_camera_labels-60.png 1232 680 101
big_dataset_depth/000000000926-segment-10923963890428322967_1445_000_1465_000_with_camera_labels-60.png 1416 672 108
big_dataset_depth/000000000926-segment-10923963890428322967_1445_000_1465_000_with_camera_labels-60.png 1424 672 107
big_dataset_depth/000000000926-segment-10923963890428322967_1445_000_1465_000_with_camera_labels-60.png 1432 672 105
big_dataset_depth/000000000926-segment-10923963890428322967_1445_000_1465_000_with_camera_labels-60.png 1440 672 104
big_dataset_depth/000000000926-segment-10923963890428322967_1445_000_1465_000_with_camera_labels-60.png 1448 672 103
big_dataset_depth/000000000926-segment-10923963890428322967_1445_000_1465_000_with_camera_labels-60.png 1456 680 101
big_dataset_depth/000000000926-segment-10923963890428322967_1445_000_1465_000_with_camera_labels-60.png 1464 680 100
big_dataset_depth/000000000926-segment-10923963890428322967_1445_000_1465_000_with_camera_labels-60.png 1472 680 98
big_dataset_depth/000000000926-segment-10923963890428322967_1445_000_1465_000_with_camera_labels-60.png 1480 664 102
big_dataset_depth/000000000926-segment-10923963890428322967_1445_000_1465_000_with_camera_labels-60.png 1488 680 96
big_dataset_depth/000000000926-segment-10923963890428322967_1445_000_1465_000_with_camera_labels-60.png 1496 680 94
big_dataset_depth/000000000926-segment-10923963890428322967_1445_000_1465_000_with_camera_labels-60.png 1504 680 93
big_dataset_depth/000000000926-segment-10923963890428322967_1445_000_1465_000_with_camera_labels-60.png 1512 664 97
big_dataset_depth/000000000926-segment-10923963890428322967_1445_000_1465_000_with_camera_labels-60.png 1520 680 91
big_dataset_depth/000000000926-segment-10923963890428322967_1445_000_1465_000_with_camera_labels-60.png 1528 664 94
big_dataset_depth/000000000926-segment-10923963890428322967_1445_000_1465_000_with_camera_labels-60.png 1536 680 88
big_dataset_depth/000000000926-segment-10923963890428322967_1445_000_1465_000_with_camera_labels-60.png 1544 680 88
big_dataset_depth/000000000926-segment-10923963890428322967_1445_000_1465_000_with_camera_labels-60.png 1552 664 91
big_dataset_depth/000000000926-segment-10923963890428322967_1445_000_1465_000_with_camera_labels-60.png 1560 680 86
big_dataset_depth/000000000926-segment-10923963890428322967_1445_000_1465_000_with_camera_labels-60.png 1568 672 87
big_dataset_depth/000000000926-segment-10923963890428322967_1445_000_1465_000_with_camera_labels-60.png 1576 680 84
big_dataset_depth/000000000926-segment-10923963890428322967_1445_000_1465_000_with_camera_labels-60.png 1584 672 86
big_dataset_depth/000000000926-segment-10923963890428322967_1445_000_1465_000_with_camera_labels-60.png 1592 688 82
big_dataset_depth/000000000926-segment-10923963890428322967_1445_000_1465_000_with_camera_labels-60.png 1600 680 81
big_dataset_depth/000000000926-segment-10923963890428322967_1445_000_1465_000_with_camera_labels-60.png 1608 672 82
big_dataset_depth/000000000926-segment-10923963890428322967_1445_000_1465_000_with_camera_labels-60.png 1616 680 80
big_dataset_depth/000000000926-segment-10923963890428322967_1445_000_1465_000_with_camera_labels-60.png 1624 696 78
big_dataset_depth/000000000926-segment-10923963890428322967_1445_000_1465_000_with_camera_labels-60.png 1632 696 77
big_dataset_depth/000000000926-segment-10923963890428322967_1445_000_1465_000_with_camera_labels-60.png 1640 696 76
big_dataset_depth/000000000926-segment-10923963890428322967_1445_000_1465_000_with_camera_labels-60.png 1648 680 79
big_dataset_depth/000000000926-segment-10923963890428322967_1445_000_1465_000_with_camera_labels-60.png 1656 696 75
big_dataset_depth/000000000926-segment-10923963890428322967_1445_000_1465_000_with_camera_labels-60.png 1664 696 74
big_dataset_depth/000000000926-segment-10923963890428322967_1445_000_1465_000_with_camera_labels-60.png 1672 672 77
big_dataset_depth/000000000926-segment-10923963890428322967_1445_000_1465_000_with_camera_labels-60.png 1680 696 73
big_dataset_depth/000000000926-segment-10923963890428322967_1445_000_1465_000_with_camera_labels-60.png 1688 696 72
big_dataset_depth/000000000926-segment-10923963890428322967_1445_000_1465_000_with_camera_labels-60.png 1696 696 71
big_dataset_depth/000000000926-segment-10923963890428322967_1445_000_1465_000_with_camera_labels-60.png 1704 712 70
big_dataset_depth/000000000926-segment-10923963890428322967_1445_000_1465_000_with_camera_labels-60.png 1712 712 70
big_dataset_depth/000000000926-segment-10923963890428322967_1445_000_1465_000_with_camera_labels-60.png 1720 712 70
big_dataset_depth/000000000926-segment-10923963890428322967_1445_000_1465_000_with_camera_labels-60.png 1728 712 69
big_dataset_depth/000000000926-segment-10923963890428322967_1445_000_1465_000_with_camera_labels-60.png 1736 712 68
big_dataset_depth/000000000926-segment-10923963890428322967_1445_000_1465_000_with_camera_labels-60.png 1744 712 68
big_dataset_depth/000000000926-segment-10923963890428322967_1445_000_1465_000_with_camera_labels-60.png 1752 712 67
big_dataset_depth/000000000926-segment-10923963890428322967_1445_000_1465_000_with_camera_labels-60.png 1760 712 66
big_dataset_depth/000000000926-segment-10923963890428322967_1445_000_1465_000_with_camera_labels-60.png 1768 720 66
big_dataset_depth/000000000926-segment-10923963890428322967_1445_000_1465_000_with_camera_labels-60.png 1776 720 65
big_dataset_depth/000000000926-segment-10923963890428322967_1445_000_1465_000_with_camera_labels-60.png 1784 720 65
big_dataset_depth/000000000926-segment-10923963890428322967_1445_000_1465_000_with_camera_labels-60.png 1792 720 64
big_dataset_depth/000000000926-segment-10923963890428322967_1445_000_1465_000_with_camera_labels-60.png 1800 720 64
big_dataset_depth/000000000926-segment-10923963890428322967_1445_000_1465_000_with_camera_labels-60.png 1808 720 63
big_dataset_depth/000000000926-segment-10923963890428322967_1445_000_1465_000_with_camera_labels-60.png 1816 712 63
big_dataset_depth/000000000926-segment-10923963890428322967_1445_000_1465_000_with_camera_labels-60.png 1824 720 62
big_dataset_depth/000000000926-segment-10923963890428322967_1445_000_1465_000_with_camera_labels-60.png 1832 728 62
big_dataset_depth/000000000926-segment-10923963890428322967_1445_000_1465_000_with_camera_labels-60.png 1840 728 62
big_dataset_depth/000000000926-segment-10923963890428322967_1445_000_1465_000_with_camera_labels-60.png 1848 720 61
big_dataset_depth/000000000926-segment-10923963890428322967_1445_000_1465_000_with_camera_labels-60.png 1856 712 61
big_dataset_depth/000000000926-segment-10923963890428322967_1445_000_1465_000_with_camera_labels-60.png 1864 736 60
big_dataset_depth/000000000926-segment-10923963890428322967_1445_000_1465_000_with_camera_labels-60.png 1872 728 60
big_dataset_depth/000000000926-segment-10923963890428322967_1445_000_1465_000_with_camera_labels-60.png 1880 736 59
big_dataset_depth/000000000926-segment-10923963890428322967_1445_000_1465_000_with_camera_labels-60.png 1888 728 59
big_dataset_depth/000000000926-segment-10923963890428322967_1445_000_1465_000_with_camera_labels-60.png 1896 728 59
big_dataset_depth/000000000926-segment-10923963890428322967_1445_000_1465_000_with_camera_labels-60.png 1904 736 58
big_dataset_depth/000000000926-segment-10923963890428322967_1445_000_1465_000_with_camera_labels-60.png 1912 704 61
