big_dataset_depth/000000002770-segment-13078892192456386060_2960_000_2980_000_with_camera_labels-130.png 0 840 41
big_dataset_depth/000000002770-segment-13078892192456386060_2960_000_2980_000_with_camera_labels-130.png 8 976 22
big_dataset_depth/000000002770-segment-13078892192456386060_2960_000_2980_000_with_camera_labels-130.png 16 992 23
big_dataset_depth/000000002770-segment-13078892192456386060_2960_000_2980_000_with_camera_labels-130.png 24 816 52
big_dataset_depth/000000002770-segment-13078892192456386060_2960_000_2980_000_with_camera_labels-130.png 32 1024 23
big_dataset_depth/000000002770-segment-13078892192456386060_2960_000_2980_000_with_camera_labels-130.png 40 912 33
big_dataset_depth/000000002770-segment-13078892192456386060_2960_000_2980_000_with_camera_labels-130.png 48 912 38
big_dataset_depth/000000002770-segment-13078892192456386060_2960_000_2980_000_with_camera_labels-130.png 56 992 24
big_dataset_depth/000000002770-segment-13078892192456386060_2960_000_2980_000_with_camera_labels-130.png 64 976 24
big_dataset_depth/000000002770-segment-13078892192456386060_2960_000_2980_000_with_camera_labels-130.png 72 1000 24
big_dataset_depth/000000002770-segment-13078892192456386060_2960_000_2980_000_with_camera_labels-130.png 80 1000 24
big_dataset_depth/000000002770-segment-13078892192456386060_2960_000_2980_000_with_camera_labels-130.png 88 1008 24
big_dataset_depth/000000002770-segment-13078892192456386060_2960_000_2980_000_with_camera_labels-130.png 96 984 24
big_dataset_depth/000000002770-segment-13078892192456386060_2960_000_2980_000_with_camera_labels-130.png 104 984 24
big_dataset_depth/000000002770-segment-13078892192456386060_2960_000_2980_000_with_camera_labels-130.png 112 944 25
big_dataset_depth/000000002770-segment-13078892192456386060_2960_000_2980_000_with_camera_labels-130.png 120 992 25
big_dataset_depth/000000002770-segment-13078892192456386060_2960_000_2980_000_with_camera_labels-130.png 160 824 45
big_dataset_depth/000000002770-segment-13078892192456386060_2960_000_2980_000_with_camera_labels-130.png 168 840 46
big_dataset_depth/000000002770-segment-13078892192456386060_2960_000_2980_000_with_camera_labels-130.png 176 848 46
big_dataset_depth/000000002770-segment-13078892192456386060_2960_000_2980_000_with_camera_labels-130.png 184 848 46
big_dataset_depth/000000002770-segment-13078892192456386060_2960_000_2980_000_with_camera_labels-130.png 192 848 46
big_dataset_depth/000000002770-segment-13078892192456386060_2960_000_2980_000_with_camera_labels-130.png 200 816 45
big_dataset_depth/000000002770-segment-13078892192456386060_2960_000_2980_000_with_camera_labels-130.png 208 824 45
big_dataset_depth/000000002770-segment-13078892192456386060_2960_000_2980_000_with_camera_labels-130.png 216 824 45
big_dataset_depth/000000002770-segment-13078892192456386060_2960_000_2980_000_with_camera_labels-130.png 224 824 45
big_dataset_depth/000000002770-segment-13078892192456386060_2960_000_2980_000_with_camera_labels-130.png 232 824 45
big_dataset_depth/000000002770-segment-13078892192456386060_2960_000_2980_000_with_camera_labels-130.png 240 824 45
big_dataset_depth/000000002770-segment-13078892192456386060_2960_000_2980_000_with_camera_labels-130.png 248 824 45
big_dataset_depth/000000002770-segment-13078892192456386060_2960_000_2980_000_with_camera_labels-130.png 256 824 45
big_dataset_depth/000000002770-segment-13078892192456386060_2960_000_2980_000_with_camera_labels-130.png 264 832 44
big_dataset_depth/000000002770-segment-13078892192456386060_2960_000_2980_000_with_camera_labels-130.png 272 840 47
big_dataset_depth/000000002770-segment-13078892192456386060_2960_000_2980_000_with_camera_labels-130.png 280 824 45
big_dataset_depth/000000002770-segment-13078892192456386060_2960_000_2980_000_with_camera_labels-130.png 288 832 45
big_dataset_depth/000000002770-segment-13078892192456386060_2960_000_2980_000_with_camera_labels-130.png 296 848 45
big_dataset_depth/000000002770-segment-13078892192456386060_2960_000_2980_000_with_camera_labels-130.png 304 840 45
big_dataset_depth/000000002770-segment-13078892192456386060_2960_000_2980_000_with_camera_labels-130.png 312 840 46
big_dataset_depth/000000002770-segment-13078892192456386060_2960_000_2980_000_with_camera_labels-130.png 320 816 50
big_dataset_depth/000000002770-segment-13078892192456386060_2960_000_2980_000_with_camera_labels-130.png 328 800 47
big_dataset_depth/000000002770-segment-13078892192456386060_2960_000_2980_000_with_camera_labels-130.png 336 824 49
big_dataset_depth/000000002770-segment-13078892192456386060_2960_000_2980_000_with_camera_labels-130.png 344 824 49
big_dataset_depth/000000002770-segment-13078892192456386060_2960_000_2980_000_with_camera_labels-130.png 352 832 49
big_dataset_depth/000000002770-segment-13078892192456386060_2960_000_2980_000_with_camera_labels-130.png 360 824 52
big_dataset_depth/000000002770-segment-13078892192456386060_2960_000_2980_000_with_camera_labels-130.png 368 808 54
big_dataset_depth/000000002770-segment-13078892192456386060_2960_000_2980_000_with_camera_labels-130.png 376 784 53
big_dataset_depth/000000002770-segment-13078892192456386060_2960_000_2980_000_with_camera_labels-130.png 384 808 54
big_dataset_depth/000000002770-segment-13078892192456386060_2960_000_2980_000_with_camera_labels-130.png 392 784 53
big_dataset_depth/000000002770-segment-13078892192456386060_2960_000_2980_000_with_camera_labels-130.png 400 784 53
big_dataset_depth/000000002770-segment-13078892192456386060_2960_000_2980_000_with_camera_labels-130.png 408 792 53
big_dataset_depth/000000002770-segment-13078892192456386060_2960_000_2980_000_with_camera_labels-130.png 416 784 53
big_dataset_depth/000000002770-segment-13078892192456386060_2960_000_2980_000_with_camera_labels-130.png 424 800 55
big_dataset_depth/000000002770-segment-13078892192456386060_2960_000_2980_000_with_camera_labels-130.png 432 808 54
big_dataset_depth/000000002770-segment-13078892192456386060_2960_000_2980_000_with_camera_labels-130.png 440 816 53
big_dataset_depth/000000002770-segment-13078892192456386060_2960_000_2980_000_with_camera_labels-130.png 448 800 54
big_dataset_depth/000000002770-segment-13078892192456386060_2960_000_2980_000_with_camera_labels-130.png 456 784 56
big_dataset_depth/000000002770-segment-13078892192456386060_2960_000_2980_000_with_camera_labels-130.png 464 776 57
big_dataset_depth/000000002770-segment-13078892192456386060_2960_000_2980_000_with_camera_labels-130.png 472 800 59
big_dataset_depth/000000002770-segment-13078892192456386060_2960_000_2980_000_with_camera_labels-130.png 480 800 59
big_dataset_depth/000000002770-segment-13078892192456386060_2960_000_2980_000_with_camera_labels-130.png 488 776 63
big_dataset_depth/000000002770-segment-13078892192456386060_2960_000_2980_000_with_camera_labels-130.png 496 768 63
big_dataset_depth/000000002770-segment-13078892192456386060_2960_000_2980_000_with_camera_labels-130.png 504 776 64
big_dataset_depth/000000002770-segment-13078892192456386060_2960_000_2980_000_with_camera_labels-130.png 512 784 64
big_dataset_depth/000000002770-segment-13078892192456386060_2960_000_2980_000_with_camera_labels-130.png 520 784 65
big_dataset_depth/000000002770-segment-13078892192456386060_2960_000_2980_000_with_camera_labels-130.png 528 776 66
big_dataset_depth/000000002770-segment-13078892192456386060_2960_000_2980_000_with_camera_labels-130.png 536 760 67
big_dataset_depth/000000002770-segment-13078892192456386060_2960_000_2980_000_with_camera_labels-130.png 544 768 69
big_dataset_depth/000000002770-segment-13078892192456386060_2960_000_2980_000_with_camera_labels-130.png 552 760 70
big_dataset_depth/000000002770-segment-13078892192456386060_2960_000_2980_000_with_camera_labels-130.png 560 760 74
big_dataset_depth/000000002770-segment-13078892192456386060_2960_000_2980_000_with_camera_labels-130.png 568 760 74
big_dataset_depth/000000002770-segment-13078892192456386060_2960_000_2980_000_with_camera_labels-130.png 576 752 77
big_dataset_depth/000000002770-segment-13078892192456386060_2960_000_2980_000_with_camera_labels-130.png 584 744 88
big_dataset_depth/000000002770-segment-13078892192456386060_2960_000_2980_000_with_camera_labels-130.png 624 1040 12
big_dataset_depth/000000002770-segment-13078892192456386060_2960_000_2980_000_with_camera_labels-130.png 632 1048 12
big_dataset_depth/000000002770-segment-13078892192456386060_2960_000_2980_000_with_camera_labels-130.png 640 1104 12
big_dataset_depth/000000002770-segment-13078892192456386060_2960_000_2980_000_with_camera_labels-130.png 648 792 32
big_dataset_depth/000000002770-segment-13078892192456386060_2960_000_2980_000_with_camera_labels-130.png 656 1016 23
big_dataset_depth/000000002770-segment-13078892192456386060_2960_000_2980_000_with_camera_labels-130.png 664 1240 13
big_dataset_depth/000000002770-segment-13078892192456386060_2960_000_2980_000_with_camera_labels-130.png 672 1256 13
big_dataset_depth/000000002770-segment-13078892192456386060_2960_000_2980_000_with_camera_labels-130.png 680 1256 13
big_dataset_depth/000000002770-segment-13078892192456386060_2960_000_2980_000_with_camera_labels-130.png 688 1248 13
big_dataset_depth/000000002770-segment-13078892192456386060_2960_000_2980_000_with_camera_labels-130.png 696 1256 13
big_dataset_depth/000000002770-segment-13078892192456386060_2960_000_2980_000_with_camera_labels-130.png 704 1256 13
big_dataset_depth/000000002770-segment-13078892192456386060_2960_000_2980_000_with_camera_labels-130.png 712 1256 13
big_dataset_depth/000000002770-segment-13078892192456386060_2960_000_2980_000_with_camera_labels-130.png 720 1256 13
big_dataset_depth/000000002770-segment-13078892192456386060_2960_000_2980_000_with_camera_labels-130.png 728 1256 13
big_dataset_depth/000000002770-segment-13078892192456386060_2960_000_2980_000_with_camera_labels-130.png 736 1256 13
big_dataset_depth/000000002770-segment-13078892192456386060_2960_000_2980_000_with_camera_labels-130.png 744 1144 12
big_dataset_depth/000000002770-segment-13078892192456386060_2960_000_2980_000_with_camera_labels-130.png 752 1192 13
big_dataset_depth/000000002770-segment-13078892192456386060_2960_000_2980_000_with_camera_labels-130.png 760 1168 12
big_dataset_depth/000000002770-segment-13078892192456386060_2960_000_2980_000_with_camera_labels-130.png 768 1168 12
big_dataset_depth/000000002770-segment-13078892192456386060_2960_000_2980_000_with_camera_labels-130.png 776 1176 12
big_dataset_depth/000000002770-segment-13078892192456386060_2960_000_2980_000_with_camera_labels-130.png 784 1176 12
big_dataset_depth/000000002770-segment-13078892192456386060_2960_000_2980_000_with_camera_labels-130.png 792 1184 12
big_dataset_depth/000000002770-segment-13078892192456386060_2960_000_2980_000_with_camera_labels-130.png 800 1184 12
big_dataset_depth/000000002770-segment-13078892192456386060_2960_000_2980_000_with_camera_labels-130.png 808 1184 12
big_dataset_depth/000000002770-segment-13078892192456386060_2960_000_2980_000_with_camera_labels-130.png 816 1168 12
big_dataset_depth/000000002770-segment-13078892192456386060_2960_000_2980_000_with_camera_labels-130.png 824 1184 12
big_dataset_depth/000000002770-segment-13078892192456386060_2960_000_2980_000_with_camera_labels-130.png 832 1176 12
big_dataset_depth/000000002770-segment-13078892192456386060_2960_000_2980_000_with_camera_labels-130.png 840 1184 12
big_dataset_depth/000000002770-segment-13078892192456386060_2960_000_2980_000_with_camera_labels-130.png 848 1184 12
big_dataset_depth/000000002770-segment-13078892192456386060_2960_000_2980_000_with_camera_labels-130.png 856 1176 12
big_dataset_depth/000000002770-segment-13078892192456386060_2960_000_2980_000_with_camera_labels-130.png 864 1184 12
big_dataset_depth/000000002770-segment-13078892192456386060_2960_000_2980_000_with_camera_labels-130.png 872 1184 12
big_dataset_depth/000000002770-segment-13078892192456386060_2960_000_2980_000_with_camera_labels-130.png 880 1184 12
big_dataset_depth/000000002770-segment-13078892192456386060_2960_000_2980_000_with_camera_labels-130.png 888 1184 12
big_dataset_depth/000000002770-segment-13078892192456386060_2960_000_2980_000_with_camera_labels-130.png 904 1240 14
big_dataset_depth/000000002770-segment-13078892192456386060_2960_000_2980_000_with_camera_labels-130.png 912 1216 13
big_dataset_depth/000000002770-segment-13078892192456386060_2960_000_2980_000_with_camera_labels-130.png 920 1208 12
big_dataset_depth/000000002770-segment-13078892192456386060_2960_000_2980_000_with_camera_labels-130.png 928 1208 12
big_dataset_depth/000000002770-segment-13078892192456386060_2960_000_2980_000_with_camera_labels-130.png 936 1192 12
big_dataset_depth/000000002770-segment-13078892192456386060_2960_000_2980_000_with_camera_labels-130.png 944 1208 12
big_dataset_depth/000000002770-segment-13078892192456386060_2960_000_2980_000_with_camera_labels-130.png 952 1208 12
big_dataset_depth/000000002770-segment-13078892192456386060_2960_000_2980_000_with_camera_labels-130.png 960 1184 12
big_dataset_depth/000000002770-segment-13078892192456386060_2960_000_2980_000_with_camera_labels-130.png 968 1184 12
big_dataset_depth/000000002770-segment-13078892192456386060_2960_000_2980_000_with_camera_labels-130.png 984 1176 12
big_dataset_depth/000000002770-segment-13078892192456386060_2960_000_2980_000_with_camera_labels-130.png 992 1176 12
big_dataset_depth/000000002770-segment-13078892192456386060_2960_000_2980_000_with_camera_labels-130.png 1000 1184 12
big_dataset_depth/000000002770-segment-13078892192456386060_2960_000_2980_000_with_camera_labels-130.png 1008 1184 12
big_dataset_depth/000000002770-segment-13078892192456386060_2960_000_2980_000_with_camera_labels-130.png 1024 1168 12
big_dataset_depth/000000002770-segment-13078892192456386060_2960_000_2980_000_with_camera_labels-130.png 1032 1184 12
big_dataset_depth/000000002770-segment-13078892192456386060_2960_000_2980_000_with_camera_labels-130.png 1040 1184 12
big_dataset_depth/000000002770-segment-13078892192456386060_2960_000_2980_000_with_camera_labels-130.png 1048 1184 12
big_dataset_depth/000000002770-segment-13078892192456386060_2960_000_2980_000_with_camera_labels-130.png 1056 1176 12
big_dataset_depth/000000002770-segment-13078892192456386060_2960_000_2980_000_with_camera_labels-130.png 1064 1184 12
big_dataset_depth/000000002770-segment-13078892192456386060_2960_000_2980_000_with_camera_labels-130.png 1072 1216 13
big_dataset_depth/000000002770-segment-13078892192456386060_2960_000_2980_000_with_camera_labels-130.png 1080 1184 12
big_dataset_depth/000000002770-segment-13078892192456386060_2960_000_2980_000_with_camera_labels-130.png 1088 1160 12
big_dataset_depth/000000002770-segment-13078892192456386060_2960_000_2980_000_with_camera_labels-130.png 1096 1160 12
big_dataset_depth/000000002770-segment-13078892192456386060_2960_000_2980_000_with_camera_labels-130.png 1104 1152 12
big_dataset_depth/000000002770-segment-13078892192456386060_2960_000_2980_000_with_camera_labels-130.png 1112 1184 13
big_dataset_depth/000000002770-segment-13078892192456386060_2960_000_2980_000_with_camera_labels-130.png 1120 1200 13
big_dataset_depth/000000002770-segment-13078892192456386060_2960_000_2980_000_with_camera_labels-130.png 1128 1256 13
big_dataset_depth/000000002770-segment-13078892192456386060_2960_000_2980_000_with_camera_labels-130.png 1136 1256 13
big_dataset_depth/000000002770-segment-13078892192456386060_2960_000_2980_000_with_camera_labels-130.png 1144 1256 13
big_dataset_depth/000000002770-segment-13078892192456386060_2960_000_2980_000_with_camera_labels-130.png 1152 1256 13
big_dataset_depth/000000002770-segment-13078892192456386060_2960_000_2980_000_with_camera_labels-130.png 1160 1240 13
big_dataset_depth/000000002770-segment-13078892192456386060_2960_000_2980_000_with_camera_labels-130.png 1168 1256 13
big_dataset_depth/000000002770-segment-13078892192456386060_2960_000_2980_000_with_camera_labels-130.png 1176 1256 13
big_dataset_depth/000000002770-segment-13078892192456386060_2960_000_2980_000_with_camera_labels-130.png 1184 1256 13
big_dataset_depth/000000002770-segment-13078892192456386060_2960_000_2980_000_with_camera_labels-130.png 1192 1256 13
big_dataset_depth/000000002770-segment-13078892192456386060_2960_000_2980_000_with_camera_labels-130.png 1200 1264 13
big_dataset_depth/000000002770-segment-13078892192456386060_2960_000_2980_000_with_camera_labels-130.png 1208 1256 13
big_dataset_depth/000000002770-segment-13078892192456386060_2960_000_2980_000_with_camera_labels-130.png 1216 1208 12
big_dataset_depth/000000002770-segment-13078892192456386060_2960_000_2980_000_with_camera_labels-130.png 1224 1184 12
big_dataset_depth/000000002770-segment-13078892192456386060_2960_000_2980_000_with_camera_labels-130.png 1232 968 53
big_dataset_depth/000000002770-segment-13078892192456386060_2960_000_2980_000_with_camera_labels-130.png 1240 1136 12
big_dataset_depth/000000002770-segment-13078892192456386060_2960_000_2980_000_with_camera_labels-130.png 1248 1016 12
big_dataset_depth/000000002770-segment-13078892192456386060_2960_000_2980_000_with_camera_labels-130.png 1256 872 42
big_dataset_depth/000000002770-segment-13078892192456386060_2960_000_2980_000_with_camera_labels-130.png 1264 752 73
big_dataset_depth/000000002770-segment-13078892192456386060_2960_000_2980_000_with_camera_labels-130.png 1272 752 69
big_dataset_depth/000000002770-segment-13078892192456386060_2960_000_2980_000_with_camera_labels-130.png 1280 728 84
big_dataset_depth/000000002770-segment-13078892192456386060_2960_000_2980_000_with_camera_labels-130.png 1288 744 77
big_dataset_depth/000000002770-segment-13078892192456386060_2960_000_2980_000_with_camera_labels-130.png 1296 744 75
big_dataset_depth/000000002770-segment-13078892192456386060_2960_000_2980_000_with_camera_labels-130.png 1304 736 70
big_dataset_depth/000000002770-segment-13078892192456386060_2960_000_2980_000_with_camera_labels-130.png 1312 736 65
big_dataset_depth/000000002770-segment-13078892192456386060_2960_000_2980_000_with_camera_labels-130.png 1320 760 65
big_dataset_depth/000000002770-segment-13078892192456386060_2960_000_2980_000_with_camera_labels-130.png 1328 752 66
big_dataset_depth/000000002770-segment-13078892192456386060_2960_000_2980_000_with_camera_labels-130.png 1336 760 65
big_dataset_depth/000000002770-segment-13078892192456386060_2960_000_2980_000_with_camera_labels-130.png 1344 760 67
big_dataset_depth/000000002770-segment-13078892192456386060_2960_000_2980_000_with_camera_labels-130.png 1352 768 66
big_dataset_depth/000000002770-segment-13078892192456386060_2960_000_2980_000_with_camera_labels-130.png 1360 752 67
big_dataset_depth/000000002770-segment-13078892192456386060_2960_000_2980_000_with_camera_labels-130.png 1368 760 66
big_dataset_depth/000000002770-segment-13078892192456386060_2960_000_2980_000_with_camera_labels-130.png 1376 752 73
big_dataset_depth/000000002770-segment-13078892192456386060_2960_000_2980_000_with_camera_labels-130.png 1384 736 79
big_dataset_depth/000000002770-segment-13078892192456386060_2960_000_2980_000_with_camera_labels-130.png 1392 712 62
big_dataset_depth/000000002770-segment-13078892192456386060_2960_000_2980_000_with_camera_labels-130.png 1400 760 62
big_dataset_depth/000000002770-segment-13078892192456386060_2960_000_2980_000_with_camera_labels-130.png 1408 744 62
big_dataset_depth/000000002770-segment-13078892192456386060_2960_000_2980_000_with_camera_labels-130.png 1416 760 44
big_dataset_depth/000000002770-segment-13078892192456386060_2960_000_2980_000_with_camera_labels-130.png 1424 776 44
big_dataset_depth/000000002770-segment-13078892192456386060_2960_000_2980_000_with_camera_labels-130.png 1432 784 44
big_dataset_depth/000000002770-segment-13078892192456386060_2960_000_2980_000_with_camera_labels-130.png 1440 816 44
big_dataset_depth/000000002770-segment-13078892192456386060_2960_000_2980_000_with_camera_labels-130.png 1448 816 44
big_dataset_depth/000000002770-segment-13078892192456386060_2960_000_2980_000_with_camera_labels-130.png 1456 768 49
big_dataset_depth/000000002770-segment-13078892192456386060_2960_000_2980_000_with_camera_labels-130.png 1464 784 54
big_dataset_depth/000000002770-segment-13078892192456386060_2960_000_2980_000_with_camera_labels-130.png 1472 792 51
big_dataset_depth/000000002770-segment-13078892192456386060_2960_000_2980_000_with_camera_labels-130.png 1480 760 62
big_dataset_depth/000000002770-segment-13078892192456386060_2960_000_2980_000_with_camera_labels-130.png 1488 760 65
big_dataset_depth/000000002770-segment-13078892192456386060_2960_000_2980_000_with_camera_labels-130.png 1496 760 64
big_dataset_depth/000000002770-segment-13078892192456386060_2960_000_2980_000_with_camera_labels-130.png 1504 760 64
big_dataset_depth/000000002770-segment-13078892192456386060_2960_000_2980_000_with_camera_labels-130.png 1512 768 61
big_dataset_depth/000000002770-segment-13078892192456386060_2960_000_2980_000_with_camera_labels-130.png 1520 760 64
big_dataset_depth/000000002770-segment-13078892192456386060_2960_000_2980_000_with_camera_labels-130.png 1528 760 64
big_dataset_depth/000000002770-segment-13078892192456386060_2960_000_2980_000_with_camera_labels-130.png 1536 760 63
big_dataset_depth/000000002770-segment-13078892192456386060_2960_000_2980_000_with_camera_labels-130.png 1544 768 59
big_dataset_depth/000000002770-segment-13078892192456386060_2960_000_2980_000_with_camera_labels-130.png 1552 776 58
big_dataset_depth/000000002770-segment-13078892192456386060_2960_000_2980_000_with_camera_labels-130.png 1560 888 33
big_dataset_depth/000000002770-segment-13078892192456386060_2960_000_2980_000_with_camera_labels-130.png 1568 776 58
big_dataset_depth/000000002770-segment-13078892192456386060_2960_000_2980_000_with_camera_labels-130.png 1576 624 44
big_dataset_depth/000000002770-segment-13078892192456386060_2960_000_2980_000_with_camera_labels-130.png 1592 816 43
big_dataset_depth/000000002770-segment-13078892192456386060_2960_000_2980_000_with_camera_labels-130.png 1600 864 35
big_dataset_depth/000000002770-segment-13078892192456386060_2960_000_2980_000_with_camera_labels-130.png 1608 816 43
big_dataset_depth/000000002770-segment-13078892192456386060_2960_000_2980_000_with_camera_labels-130.png 1616 824 42
big_dataset_depth/000000002770-segment-13078892192456386060_2960_000_2980_000_with_camera_labels-130.png 1624 816 43
big_dataset_depth/000000002770-segment-13078892192456386060_2960_000_2980_000_with_camera_labels-130.png 1632 784 50
big_dataset_depth/000000002770-segment-13078892192456386060_2960_000_2980_000_with_camera_labels-130.png 1640 808 47
big_dataset_depth/000000002770-segment-13078892192456386060_2960_000_2980_000_with_camera_labels-130.png 1648 816 43
big_dataset_depth/000000002770-segment-13078892192456386060_2960_000_2980_000_with_camera_labels-130.png 1656 864 36
big_dataset_depth/000000002770-segment-13078892192456386060_2960_000_2980_000_with_camera_labels-130.png 1664 808 46
big_dataset_depth/000000002770-segment-13078892192456386060_2960_000_2980_000_with_camera_labels-130.png 1672 784 50
big_dataset_depth/000000002770-segment-13078892192456386060_2960_000_2980_000_with_camera_labels-130.png 1680 784 50
big_dataset_depth/000000002770-segment-13078892192456386060_2960_000_2980_000_with_camera_labels-130.png 1688 792 49
big_dataset_depth/000000002770-segment-13078892192456386060_2960_000_2980_000_with_camera_labels-130.png 1712 792 48
big_dataset_depth/000000002770-segment-13078892192456386060_2960_000_2980_000_with_camera_labels-130.png 1728 864 38
big_dataset_depth/000000002770-segment-13078892192456386060_2960_000_2980_000_with_camera_labels-130.png 1736 936 28
big_dataset_depth/000000002770-segment-13078892192456386060_2960_000_2980_000_with_camera_labels-130.png 1744 936 28
big_dataset_depth/000000002770-segment-13078892192456386060_2960_000_2980_000_with_camera_labels-130.png 1752 936 28
big_dataset_depth/000000002770-segment-13078892192456386060_2960_000_2980_000_with_camera_labels-130.png 1768 816 41
big_dataset_depth/000000002770-segment-13078892192456386060_2960_000_2980_000_with_camera_labels-130.png 1776 800 46
big_dataset_depth/000000002770-segment-13078892192456386060_2960_000_2980_000_with_camera_labels-130.png 1784 800 46
big_dataset_depth/000000002770-segment-13078892192456386060_2960_000_2980_000_with_camera_labels-130.png 1800 952 27
big_dataset_depth/000000002770-segment-13078892192456386060_2960_000_2980_000_with_camera_labels-130.png 1808 952 27
big_dataset_depth/000000002770-segment-13078892192456386060_2960_000_2980_000_with_camera_labels-130.png 1816 952 27
big_dataset_depth/000000002770-segment-13078892192456386060_2960_000_2980_000_with_camera_labels-130.png 1824 912 31
big_dataset_depth/000000002770-segment-13078892192456386060_2960_000_2980_000_with_camera_labels-130.png 1832 952 27
big_dataset_depth/000000002770-segment-13078892192456386060_2960_000_2980_000_with_camera_labels-130.png 1840 952 26
big_dataset_depth/000000002770-segment-13078892192456386060_2960_000_2980_000_with_camera_labels-130.png 1848 1024 23
big_dataset_depth/000000002770-segment-13078892192456386060_2960_000_2980_000_with_camera_labels-130.png 1856 864 34
big_dataset_depth/000000002770-segment-13078892192456386060_2960_000_2980_000_with_camera_labels-130.png 1864 808 39
big_dataset_depth/000000002770-segment-13078892192456386060_2960_000_2980_000_with_camera_labels-130.png 1888 888 33
big_dataset_depth/000000002770-segment-13078892192456386060_2960_000_2980_000_with_camera_labels-130.png 1896 1040 26
big_dataset_depth/000000002770-segment-13078892192456386060_2960_000_2980_000_with_camera_labels-130.png 1904 1048 23
big_dataset_depth/000000002770-segment-13078892192456386060_2960_000_2980_000_with_camera_labels-130.png 1912 1024 26
