big_dataset_depth/000000001135-segment-11076364019363412893_1711_000_1731_000_with_camera_labels-160.png 0 736 46
big_dataset_depth/000000001135-segment-11076364019363412893_1711_000_1731_000_with_camera_labels-160.png 8 760 45
big_dataset_depth/000000001135-segment-11076364019363412893_1711_000_1731_000_with_camera_labels-160.png 16 784 45
big_dataset_depth/000000001135-segment-11076364019363412893_1711_000_1731_000_with_camera_labels-160.png 24 792 45
big_dataset_depth/000000001135-segment-11076364019363412893_1711_000_1731_000_with_camera_labels-160.png 32 792 45
big_dataset_depth/000000001135-segment-11076364019363412893_1711_000_1731_000_with_camera_labels-160.png 40 768 46
big_dataset_depth/000000001135-segment-11076364019363412893_1711_000_1731_000_with_camera_labels-160.png 48 808 43
big_dataset_depth/000000001135-segment-11076364019363412893_1711_000_1731_000_with_camera_labels-160.png 56 768 47
big_dataset_depth/000000001135-segment-11076364019363412893_1711_000_1731_000_with_camera_labels-160.png 64 808 44
big_dataset_depth/000000001135-segment-11076364019363412893_1711_000_1731_000_with_camera_labels-160.png 72 784 47
big_dataset_depth/000000001135-segment-11076364019363412893_1711_000_1731_000_with_camera_labels-160.png 80 784 47
big_dataset_depth/000000001135-segment-11076364019363412893_1711_000_1731_000_with_camera_labels-160.png 88 768 47
big_dataset_depth/000000001135-segment-11076364019363412893_1711_000_1731_000_with_camera_labels-160.png 96 776 47
big_dataset_depth/000000001135-segment-11076364019363412893_1711_000_1731_000_with_camera_labels-160.png 104 784 48
big_dataset_depth/000000001135-segment-11076364019363412893_1711_000_1731_000_with_camera_labels-160.png 112 768 49
big_dataset_depth/000000001135-segment-11076364019363412893_1711_000_1731_000_with_camera_labels-160.png 120 768 50
big_dataset_depth/000000001135-segment-11076364019363412893_1711_000_1731_000_with_camera_labels-160.png 128 768 49
big_dataset_depth/000000001135-segment-11076364019363412893_1711_000_1731_000_with_camera_labels-160.png 136 784 50
big_dataset_depth/000000001135-segment-11076364019363412893_1711_000_1731_000_with_camera_labels-160.png 144 768 50
big_dataset_depth/000000001135-segment-11076364019363412893_1711_000_1731_000_with_camera_labels-160.png 152 768 51
big_dataset_depth/000000001135-segment-11076364019363412893_1711_000_1731_000_with_camera_labels-160.png 160 760 50
big_dataset_depth/000000001135-segment-11076364019363412893_1711_000_1731_000_with_camera_labels-160.png 168 760 55
big_dataset_depth/000000001135-segment-11076364019363412893_1711_000_1731_000_with_camera_labels-160.png 176 760 55
big_dataset_depth/000000001135-segment-11076364019363412893_1711_000_1731_000_with_camera_labels-160.png 184 752 56
big_dataset_depth/000000001135-segment-11076364019363412893_1711_000_1731_000_with_camera_labels-160.png 192 1272 13
big_dataset_depth/000000001135-segment-11076364019363412893_1711_000_1731_000_with_camera_labels-160.png 200 768 56
big_dataset_depth/000000001135-segment-11076364019363412893_1711_000_1731_000_with_camera_labels-160.png 208 736 58
big_dataset_depth/000000001135-segment-11076364019363412893_1711_000_1731_000_with_camera_labels-160.png 216 760 57
big_dataset_depth/000000001135-segment-11076364019363412893_1711_000_1731_000_with_camera_labels-160.png 224 760 57
big_dataset_depth/000000001135-segment-11076364019363412893_1711_000_1731_000_with_camera_labels-160.png 232 760 57
big_dataset_depth/000000001135-segment-11076364019363412893_1711_000_1731_000_with_camera_labels-160.png 240 760 57
big_dataset_depth/000000001135-segment-11076364019363412893_1711_000_1731_000_with_camera_labels-160.png 248 760 57
big_dataset_depth/000000001135-segment-11076364019363412893_1711_000_1731_000_with_camera_labels-160.png 256 760 58
big_dataset_depth/000000001135-segment-11076364019363412893_1711_000_1731_000_with_camera_labels-160.png 264 752 59
big_dataset_depth/000000001135-segment-11076364019363412893_1711_000_1731_000_with_camera_labels-160.png 272 736 59
big_dataset_depth/000000001135-segment-11076364019363412893_1711_000_1731_000_with_camera_labels-160.png 280 736 60
big_dataset_depth/000000001135-segment-11076364019363412893_1711_000_1731_000_with_camera_labels-160.png 288 736 62
big_dataset_depth/000000001135-segment-11076364019363412893_1711_000_1731_000_with_camera_labels-160.png 296 720 61
big_dataset_depth/000000001135-segment-11076364019363412893_1711_000_1731_000_with_camera_labels-160.png 304 720 62
big_dataset_depth/000000001135-segment-11076364019363412893_1711_000_1731_000_with_camera_labels-160.png 312 744 64
big_dataset_depth/000000001135-segment-11076364019363412893_1711_000_1731_000_with_camera_labels-160.png 320 752 63
big_dataset_depth/000000001135-segment-11076364019363412893_1711_000_1731_000_with_camera_labels-160.png 328 752 63
big_dataset_depth/000000001135-segment-11076364019363412893_1711_000_1731_000_with_camera_labels-160.png 344 736 58
big_dataset_depth/000000001135-segment-11076364019363412893_1711_000_1731_000_with_camera_labels-160.png 352 752 52
big_dataset_depth/000000001135-segment-11076364019363412893_1711_000_1731_000_with_camera_labels-160.png 360 776 46
big_dataset_depth/000000001135-segment-11076364019363412893_1711_000_1731_000_with_camera_labels-160.png 368 768 46
big_dataset_depth/000000001135-segment-11076364019363412893_1711_000_1731_000_with_camera_labels-160.png 376 776 45
big_dataset_depth/000000001135-segment-11076364019363412893_1711_000_1731_000_with_camera_labels-160.png 384 768 45
big_dataset_depth/000000001135-segment-11076364019363412893_1711_000_1731_000_with_camera_labels-160.png 392 720 56
big_dataset_depth/000000001135-segment-11076364019363412893_1711_000_1731_000_with_camera_labels-160.png 400 856 45
big_dataset_depth/000000001135-segment-11076364019363412893_1711_000_1731_000_with_camera_labels-160.png 408 864 45
big_dataset_depth/000000001135-segment-11076364019363412893_1711_000_1731_000_with_camera_labels-160.png 416 856 45
big_dataset_depth/000000001135-segment-11076364019363412893_1711_000_1731_000_with_camera_labels-160.png 424 776 45
big_dataset_depth/000000001135-segment-11076364019363412893_1711_000_1731_000_with_camera_labels-160.png 432 768 45
big_dataset_depth/000000001135-segment-11076364019363412893_1711_000_1731_000_with_camera_labels-160.png 440 864 45
big_dataset_depth/000000001135-segment-11076364019363412893_1711_000_1731_000_with_camera_labels-160.png 448 848 45
big_dataset_depth/000000001135-segment-11076364019363412893_1711_000_1731_000_with_camera_labels-160.png 456 768 45
big_dataset_depth/000000001135-segment-11076364019363412893_1711_000_1731_000_with_camera_labels-160.png 464 768 45
big_dataset_depth/000000001135-segment-11076364019363412893_1711_000_1731_000_with_camera_labels-160.png 472 752 45
big_dataset_depth/000000001135-segment-11076364019363412893_1711_000_1731_000_with_camera_labels-160.png 480 768 46
big_dataset_depth/000000001135-segment-11076364019363412893_1711_000_1731_000_with_camera_labels-160.png 488 768 47
big_dataset_depth/000000001135-segment-11076364019363412893_1711_000_1731_000_with_camera_labels-160.png 496 680 67
big_dataset_depth/000000001135-segment-11076364019363412893_1711_000_1731_000_with_camera_labels-160.png 504 696 49
big_dataset_depth/000000001135-segment-11076364019363412893_1711_000_1731_000_with_camera_labels-160.png 512 648 86
big_dataset_depth/000000001135-segment-11076364019363412893_1711_000_1731_000_with_camera_labels-160.png 520 672 91
big_dataset_depth/000000001135-segment-11076364019363412893_1711_000_1731_000_with_camera_labels-160.png 528 696 96
big_dataset_depth/000000001135-segment-11076364019363412893_1711_000_1731_000_with_camera_labels-160.png 536 744 68
big_dataset_depth/000000001135-segment-11076364019363412893_1711_000_1731_000_with_camera_labels-160.png 544 744 67
big_dataset_depth/000000001135-segment-11076364019363412893_1711_000_1731_000_with_camera_labels-160.png 552 776 39
big_dataset_depth/000000001135-segment-11076364019363412893_1711_000_1731_000_with_camera_labels-160.png 560 768 39
big_dataset_depth/000000001135-segment-11076364019363412893_1711_000_1731_000_with_camera_labels-160.png 568 792 39
big_dataset_depth/000000001135-segment-11076364019363412893_1711_000_1731_000_with_camera_labels-160.png 576 792 38
big_dataset_depth/000000001135-segment-11076364019363412893_1711_000_1731_000_with_camera_labels-160.png 584 784 72
big_dataset_depth/000000001135-segment-11076364019363412893_1711_000_1731_000_with_camera_labels-160.png 592 880 38
big_dataset_depth/000000001135-segment-11076364019363412893_1711_000_1731_000_with_camera_labels-160.png 600 880 38
big_dataset_depth/000000001135-segment-11076364019363412893_1711_000_1731_000_with_camera_labels-160.png 608 880 38
big_dataset_depth/000000001135-segment-11076364019363412893_1711_000_1731_000_with_camera_labels-160.png 616 856 39
big_dataset_depth/000000001135-segment-11076364019363412893_1711_000_1731_000_with_camera_labels-160.png 624 792 38
big_dataset_depth/000000001135-segment-11076364019363412893_1711_000_1731_000_with_camera_labels-160.png 632 776 38
big_dataset_depth/000000001135-segment-11076364019363412893_1711_000_1731_000_with_camera_labels-160.png 640 776 38
big_dataset_depth/000000001135-segment-11076364019363412893_1711_000_1731_000_with_camera_labels-160.png 648 776 39
big_dataset_depth/000000001135-segment-11076364019363412893_1711_000_1731_000_with_camera_labels-160.png 656 776 39
big_dataset_depth/000000001135-segment-11076364019363412893_1711_000_1731_000_with_camera_labels-160.png 664 776 39
big_dataset_depth/000000001135-segment-11076364019363412893_1711_000_1731_000_with_camera_labels-160.png 672 768 39
big_dataset_depth/000000001135-segment-11076364019363412893_1711_000_1731_000_with_camera_labels-160.png 680 792 39
big_dataset_depth/000000001135-segment-11076364019363412893_1711_000_1731_000_with_camera_labels-160.png 688 792 39
big_dataset_depth/000000001135-segment-11076364019363412893_1711_000_1731_000_with_camera_labels-160.png 696 896 28
big_dataset_depth/000000001135-segment-11076364019363412893_1711_000_1731_000_with_camera_labels-160.png 704 896 28
big_dataset_depth/000000001135-segment-11076364019363412893_1711_000_1731_000_with_camera_labels-160.png 712 896 28
big_dataset_depth/000000001135-segment-11076364019363412893_1711_000_1731_000_with_camera_labels-160.png 904 1232 13
big_dataset_depth/000000001135-segment-11076364019363412893_1711_000_1731_000_with_camera_labels-160.png 1016 584 76
big_dataset_depth/000000001135-segment-11076364019363412893_1711_000_1731_000_with_camera_labels-160.png 1024 616 77
big_dataset_depth/000000001135-segment-11076364019363412893_1711_000_1731_000_with_camera_labels-160.png 1032 616 77
big_dataset_depth/000000001135-segment-11076364019363412893_1711_000_1731_000_with_camera_labels-160.png 1040 648 78
big_dataset_depth/000000001135-segment-11076364019363412893_1711_000_1731_000_with_camera_labels-160.png 1048 664 78
big_dataset_depth/000000001135-segment-11076364019363412893_1711_000_1731_000_with_camera_labels-160.png 1056 728 78
big_dataset_depth/000000001135-segment-11076364019363412893_1711_000_1731_000_with_camera_labels-160.png 1064 632 76
big_dataset_depth/000000001135-segment-11076364019363412893_1711_000_1731_000_with_camera_labels-160.png 1072 720 68
big_dataset_depth/000000001135-segment-11076364019363412893_1711_000_1731_000_with_camera_labels-160.png 1080 736 67
big_dataset_depth/000000001135-segment-11076364019363412893_1711_000_1731_000_with_camera_labels-160.png 1088 736 67
big_dataset_depth/000000001135-segment-11076364019363412893_1711_000_1731_000_with_camera_labels-160.png 1096 672 60
big_dataset_depth/000000001135-segment-11076364019363412893_1711_000_1731_000_with_camera_labels-160.png 1104 632 52
big_dataset_depth/000000001135-segment-11076364019363412893_1711_000_1731_000_with_camera_labels-160.png 1112 696 79
big_dataset_depth/000000001135-segment-11076364019363412893_1711_000_1731_000_with_camera_labels-160.png 1120 672 53
big_dataset_depth/000000001135-segment-11076364019363412893_1711_000_1731_000_with_camera_labels-160.png 1128 728 52
big_dataset_depth/000000001135-segment-11076364019363412893_1711_000_1731_000_with_camera_labels-160.png 1136 760 52
big_dataset_depth/000000001135-segment-11076364019363412893_1711_000_1731_000_with_camera_labels-160.png 1144 744 52
big_dataset_depth/000000001135-segment-11076364019363412893_1711_000_1731_000_with_camera_labels-160.png 1152 744 63
big_dataset_depth/000000001135-segment-11076364019363412893_1711_000_1731_000_with_camera_labels-160.png 1160 720 76
big_dataset_depth/000000001135-segment-11076364019363412893_1711_000_1731_000_with_camera_labels-160.png 1168 744 63
big_dataset_depth/000000001135-segment-11076364019363412893_1711_000_1731_000_with_camera_labels-160.png 1176 680 75
big_dataset_depth/000000001135-segment-11076364019363412893_1711_000_1731_000_with_camera_labels-160.png 1184 712 77
big_dataset_depth/000000001135-segment-11076364019363412893_1711_000_1731_000_with_camera_labels-160.png 1192 704 75
big_dataset_depth/000000001135-segment-11076364019363412893_1711_000_1731_000_with_camera_labels-160.png 1200 712 71
big_dataset_depth/000000001135-segment-11076364019363412893_1711_000_1731_000_with_camera_labels-160.png 1208 720 68
big_dataset_depth/000000001135-segment-11076364019363412893_1711_000_1731_000_with_camera_labels-160.png 1216 728 64
big_dataset_depth/000000001135-segment-11076364019363412893_1711_000_1731_000_with_camera_labels-160.png 1224 712 65
big_dataset_depth/000000001135-segment-11076364019363412893_1711_000_1731_000_with_camera_labels-160.png 1232 696 57
big_dataset_depth/000000001135-segment-11076364019363412893_1711_000_1731_000_with_camera_labels-160.png 1240 728 55
big_dataset_depth/000000001135-segment-11076364019363412893_1711_000_1731_000_with_camera_labels-160.png 1248 728 54
big_dataset_depth/000000001135-segment-11076364019363412893_1711_000_1731_000_with_camera_labels-160.png 1256 728 54
big_dataset_depth/000000001135-segment-11076364019363412893_1711_000_1731_000_with_camera_labels-160.png 1264 736 54
big_dataset_depth/000000001135-segment-11076364019363412893_1711_000_1731_000_with_camera_labels-160.png 1272 736 51
big_dataset_depth/000000001135-segment-11076364019363412893_1711_000_1731_000_with_camera_labels-160.png 1280 744 50
big_dataset_depth/000000001135-segment-11076364019363412893_1711_000_1731_000_with_camera_labels-160.png 1288 752 49
big_dataset_depth/000000001135-segment-11076364019363412893_1711_000_1731_000_with_camera_labels-160.png 1296 752 49
big_dataset_depth/000000001135-segment-11076364019363412893_1711_000_1731_000_with_camera_labels-160.png 1304 728 49
big_dataset_depth/000000001135-segment-11076364019363412893_1711_000_1731_000_with_camera_labels-160.png 1312 768 47
big_dataset_depth/000000001135-segment-11076364019363412893_1711_000_1731_000_with_camera_labels-160.png 1320 752 46
big_dataset_depth/000000001135-segment-11076364019363412893_1711_000_1731_000_with_camera_labels-160.png 1328 760 45
big_dataset_depth/000000001135-segment-11076364019363412893_1711_000_1731_000_with_camera_labels-160.png 1336 752 45
big_dataset_depth/000000001135-segment-11076364019363412893_1711_000_1731_000_with_camera_labels-160.png 1344 768 45
big_dataset_depth/000000001135-segment-11076364019363412893_1711_000_1731_000_with_camera_labels-160.png 1352 776 44
big_dataset_depth/000000001135-segment-11076364019363412893_1711_000_1731_000_with_camera_labels-160.png 1360 760 45
big_dataset_depth/000000001135-segment-11076364019363412893_1711_000_1731_000_with_camera_labels-160.png 1368 760 45
big_dataset_depth/000000001135-segment-11076364019363412893_1711_000_1731_000_with_camera_labels-160.png 1376 776 43
big_dataset_depth/000000001135-segment-11076364019363412893_1711_000_1731_000_with_camera_labels-160.png 1384 768 41
big_dataset_depth/000000001135-segment-11076364019363412893_1711_000_1731_000_with_camera_labels-160.png 1392 808 39
big_dataset_depth/000000001135-segment-11076364019363412893_1711_000_1731_000_with_camera_labels-160.png 1408 824 39
big_dataset_depth/000000001135-segment-11076364019363412893_1711_000_1731_000_with_camera_labels-160.png 1416 824 38
big_dataset_depth/000000001135-segment-11076364019363412893_1711_000_1731_000_with_camera_labels-160.png 1424 816 39
big_dataset_depth/000000001135-segment-11076364019363412893_1711_000_1731_000_with_camera_labels-160.png 1432 784 40
big_dataset_depth/000000001135-segment-11076364019363412893_1711_000_1731_000_with_camera_labels-160.png 1440 920 31
big_dataset_depth/000000001135-segment-11076364019363412893_1711_000_1731_000_with_camera_labels-160.png 1448 816 40
big_dataset_depth/000000001135-segment-11076364019363412893_1711_000_1731_000_with_camera_labels-160.png 1456 808 40
big_dataset_depth/000000001135-segment-11076364019363412893_1711_000_1731_000_with_camera_labels-160.png 1464 816 40
big_dataset_depth/000000001135-segment-11076364019363412893_1711_000_1731_000_with_camera_labels-160.png 1472 816 40
big_dataset_depth/000000001135-segment-11076364019363412893_1711_000_1731_000_with_camera_labels-160.png 1480 832 38
big_dataset_depth/000000001135-segment-11076364019363412893_1711_000_1731_000_with_camera_labels-160.png 1488 840 37
big_dataset_depth/000000001135-segment-11076364019363412893_1711_000_1731_000_with_camera_labels-160.png 1496 832 39
big_dataset_depth/000000001135-segment-11076364019363412893_1711_000_1731_000_with_camera_labels-160.png 1504 832 39
big_dataset_depth/000000001135-segment-11076364019363412893_1711_000_1731_000_with_camera_labels-160.png 1512 840 37
big_dataset_depth/000000001135-segment-11076364019363412893_1711_000_1731_000_with_camera_labels-160.png 1520 824 38
big_dataset_depth/000000001135-segment-11076364019363412893_1711_000_1731_000_with_camera_labels-160.png 1528 816 39
big_dataset_depth/000000001135-segment-11076364019363412893_1711_000_1731_000_with_camera_labels-160.png 1536 816 39
big_dataset_depth/000000001135-segment-11076364019363412893_1711_000_1731_000_with_camera_labels-160.png 1544 816 39
big_dataset_depth/000000001135-segment-11076364019363412893_1711_000_1731_000_with_camera_labels-160.png 1552 832 38
big_dataset_depth/000000001135-segment-11076364019363412893_1711_000_1731_000_with_camera_labels-160.png 1560 824 40
big_dataset_depth/000000001135-segment-11076364019363412893_1711_000_1731_000_with_camera_labels-160.png 1568 824 39
big_dataset_depth/000000001135-segment-11076364019363412893_1711_000_1731_000_with_camera_labels-160.png 1576 824 40
big_dataset_depth/000000001135-segment-11076364019363412893_1711_000_1731_000_with_camera_labels-160.png 1584 808 39
big_dataset_depth/000000001135-segment-11076364019363412893_1711_000_1731_000_with_camera_labels-160.png 1592 784 39
big_dataset_depth/000000001135-segment-11076364019363412893_1711_000_1731_000_with_camera_labels-160.png 1600 800 40
big_dataset_depth/000000001135-segment-11076364019363412893_1711_000_1731_000_with_camera_labels-160.png 1608 832 39
big_dataset_depth/000000001135-segment-11076364019363412893_1711_000_1731_000_with_camera_labels-160.png 1616 856 37
big_dataset_depth/000000001135-segment-11076364019363412893_1711_000_1731_000_with_camera_labels-160.png 1624 816 40
big_dataset_depth/000000001135-segment-11076364019363412893_1711_000_1731_000_with_camera_labels-160.png 1632 840 39
big_dataset_depth/000000001135-segment-11076364019363412893_1711_000_1731_000_with_camera_labels-160.png 1640 816 40
big_dataset_depth/000000001135-segment-11076364019363412893_1711_000_1731_000_with_camera_labels-160.png 1648 752 40
big_dataset_depth/000000001135-segment-11076364019363412893_1711_000_1731_000_with_camera_labels-160.png 1656 808 41
big_dataset_depth/000000001135-segment-11076364019363412893_1711_000_1731_000_with_camera_labels-160.png 1664 816 41
big_dataset_depth/000000001135-segment-11076364019363412893_1711_000_1731_000_with_camera_labels-160.png 1720 1208 14
big_dataset_depth/000000001135-segment-11076364019363412893_1711_000_1731_000_with_camera_labels-160.png 1736 1032 25
big_dataset_depth/000000001135-segment-11076364019363412893_1711_000_1731_000_with_camera_labels-160.png 1744 1232 13
big_dataset_depth/000000001135-segment-11076364019363412893_1711_000_1731_000_with_camera_labels-160.png 1752 1216 14
big_dataset_depth/000000001135-segment-11076364019363412893_1711_000_1731_000_with_camera_labels-160.png 1760 1232 13
big_dataset_depth/000000001135-segment-11076364019363412893_1711_000_1731_000_with_camera_labels-160.png 1768 1224 13
big_dataset_depth/000000001135-segment-11076364019363412893_1711_000_1731_000_with_camera_labels-160.png 1776 1056 25
big_dataset_depth/000000001135-segment-11076364019363412893_1711_000_1731_000_with_camera_labels-160.png 1784 1048 26
big_dataset_depth/000000001135-segment-11076364019363412893_1711_000_1731_000_with_camera_labels-160.png 1792 1264 13
big_dataset_depth/000000001135-segment-11076364019363412893_1711_000_1731_000_with_camera_labels-160.png 1800 1128 21
big_dataset_depth/000000001135-segment-11076364019363412893_1711_000_1731_000_with_camera_labels-160.png 1808 984 26
big_dataset_depth/000000001135-segment-11076364019363412893_1711_000_1731_000_with_camera_labels-160.png 1816 1264 13
big_dataset_depth/000000001135-segment-11076364019363412893_1711_000_1731_000_with_camera_labels-160.png 1824 968 31
big_dataset_depth/000000001135-segment-11076364019363412893_1711_000_1731_000_with_camera_labels-160.png 1832 800 41
big_dataset_depth/000000001135-segment-11076364019363412893_1711_000_1731_000_with_camera_labels-160.png 1840 1120 21
big_dataset_depth/000000001135-segment-11076364019363412893_1711_000_1731_000_with_camera_labels-160.png 1848 1120 21
big_dataset_depth/000000001135-segment-11076364019363412893_1711_000_1731_000_with_camera_labels-160.png 1856 848 38
big_dataset_depth/000000001135-segment-11076364019363412893_1711_000_1731_000_with_camera_labels-160.png 1864 856 38
big_dataset_depth/000000001135-segment-11076364019363412893_1711_000_1731_000_with_camera_labels-160.png 1872 808 40
big_dataset_depth/000000001135-segment-11076364019363412893_1711_000_1731_000_with_camera_labels-160.png 1880 832 39
big_dataset_depth/000000001135-segment-11076364019363412893_1711_000_1731_000_with_camera_labels-160.png 1888 888 36
big_dataset_depth/000000001135-segment-11076364019363412893_1711_000_1731_000_with_camera_labels-160.png 1896 848 38
big_dataset_depth/000000001135-segment-11076364019363412893_1711_000_1731_000_with_camera_labels-160.png 1904 1032 27
big_dataset_depth/000000001135-segment-11076364019363412893_1711_000_1731_000_with_camera_labels-160.png 1912 872 38
