big_dataset_depth/000000001717-segment-11839652018869852123_2565_000_2585_000_with_camera_labels-180.png 0 760 46
big_dataset_depth/000000001717-segment-11839652018869852123_2565_000_2585_000_with_camera_labels-180.png 8 744 46
big_dataset_depth/000000001717-segment-11839652018869852123_2565_000_2585_000_with_camera_labels-180.png 16 752 47
big_dataset_depth/000000001717-segment-11839652018869852123_2565_000_2585_000_with_camera_labels-180.png 24 744 47
big_dataset_depth/000000001717-segment-11839652018869852123_2565_000_2585_000_with_camera_labels-180.png 32 744 47
big_dataset_depth/000000001717-segment-11839652018869852123_2565_000_2585_000_with_camera_labels-180.png 40 744 48
big_dataset_depth/000000001717-segment-11839652018869852123_2565_000_2585_000_with_camera_labels-180.png 48 760 48
big_dataset_depth/000000001717-segment-11839652018869852123_2565_000_2585_000_with_camera_labels-180.png 56 752 48
big_dataset_depth/000000001717-segment-11839652018869852123_2565_000_2585_000_with_camera_labels-180.png 64 744 48
big_dataset_depth/000000001717-segment-11839652018869852123_2565_000_2585_000_with_camera_labels-180.png 72 744 49
big_dataset_depth/000000001717-segment-11839652018869852123_2565_000_2585_000_with_camera_labels-180.png 80 736 49
big_dataset_depth/000000001717-segment-11839652018869852123_2565_000_2585_000_with_camera_labels-180.png 88 720 50
big_dataset_depth/000000001717-segment-11839652018869852123_2565_000_2585_000_with_camera_labels-180.png 96 720 50
big_dataset_depth/000000001717-segment-11839652018869852123_2565_000_2585_000_with_camera_labels-180.png 104 728 50
big_dataset_depth/000000001717-segment-11839652018869852123_2565_000_2585_000_with_camera_labels-180.png 112 744 50
big_dataset_depth/000000001717-segment-11839652018869852123_2565_000_2585_000_with_camera_labels-180.png 120 840 20
big_dataset_depth/000000001717-segment-11839652018869852123_2565_000_2585_000_with_camera_labels-180.png 128 808 31
big_dataset_depth/000000001717-segment-11839652018869852123_2565_000_2585_000_with_camera_labels-180.png 136 880 20
big_dataset_depth/000000001717-segment-11839652018869852123_2565_000_2585_000_with_camera_labels-180.png 144 808 36
big_dataset_depth/000000001717-segment-11839652018869852123_2565_000_2585_000_with_camera_labels-180.png 152 1016 20
big_dataset_depth/000000001717-segment-11839652018869852123_2565_000_2585_000_with_camera_labels-180.png 160 736 53
big_dataset_depth/000000001717-segment-11839652018869852123_2565_000_2585_000_with_camera_labels-180.png 168 896 32
big_dataset_depth/000000001717-segment-11839652018869852123_2565_000_2585_000_with_camera_labels-180.png 176 864 38
big_dataset_depth/000000001717-segment-11839652018869852123_2565_000_2585_000_with_camera_labels-180.png 184 984 21
big_dataset_depth/000000001717-segment-11839652018869852123_2565_000_2585_000_with_camera_labels-180.png 192 816 44
big_dataset_depth/000000001717-segment-11839652018869852123_2565_000_2585_000_with_camera_labels-180.png 200 992 21
big_dataset_depth/000000001717-segment-11839652018869852123_2565_000_2585_000_with_camera_labels-180.png 208 896 33
big_dataset_depth/000000001717-segment-11839652018869852123_2565_000_2585_000_with_camera_labels-180.png 216 992 21
big_dataset_depth/000000001717-segment-11839652018869852123_2565_000_2585_000_with_camera_labels-180.png 224 992 21
big_dataset_depth/000000001717-segment-11839652018869852123_2565_000_2585_000_with_camera_labels-180.png 232 992 21
big_dataset_depth/000000001717-segment-11839652018869852123_2565_000_2585_000_with_camera_labels-180.png 240 976 21
big_dataset_depth/000000001717-segment-11839652018869852123_2565_000_2585_000_with_camera_labels-180.png 248 976 22
big_dataset_depth/000000001717-segment-11839652018869852123_2565_000_2585_000_with_camera_labels-180.png 256 896 20
big_dataset_depth/000000001717-segment-11839652018869852123_2565_000_2585_000_with_camera_labels-180.png 264 904 20
big_dataset_depth/000000001717-segment-11839652018869852123_2565_000_2585_000_with_camera_labels-180.png 272 904 20
big_dataset_depth/000000001717-segment-11839652018869852123_2565_000_2585_000_with_camera_labels-180.png 280 896 20
big_dataset_depth/000000001717-segment-11839652018869852123_2565_000_2585_000_with_camera_labels-180.png 288 936 21
big_dataset_depth/000000001717-segment-11839652018869852123_2565_000_2585_000_with_camera_labels-180.png 296 920 20
big_dataset_depth/000000001717-segment-11839652018869852123_2565_000_2585_000_with_camera_labels-180.png 304 904 20
big_dataset_depth/000000001717-segment-11839652018869852123_2565_000_2585_000_with_camera_labels-180.png 312 920 20
big_dataset_depth/000000001717-segment-11839652018869852123_2565_000_2585_000_with_camera_labels-180.png 320 904 20
big_dataset_depth/000000001717-segment-11839652018869852123_2565_000_2585_000_with_camera_labels-180.png 328 896 20
big_dataset_depth/000000001717-segment-11839652018869852123_2565_000_2585_000_with_camera_labels-180.png 344 936 21
big_dataset_depth/000000001717-segment-11839652018869852123_2565_000_2585_000_with_camera_labels-180.png 352 904 20
big_dataset_depth/000000001717-segment-11839652018869852123_2565_000_2585_000_with_camera_labels-180.png 360 936 21
big_dataset_depth/000000001717-segment-11839652018869852123_2565_000_2585_000_with_camera_labels-180.png 368 912 20
big_dataset_depth/000000001717-segment-11839652018869852123_2565_000_2585_000_with_camera_labels-180.png 376 920 21
big_dataset_depth/000000001717-segment-11839652018869852123_2565_000_2585_000_with_camera_labels-180.png 392 912 20
big_dataset_depth/000000001717-segment-11839652018869852123_2565_000_2585_000_with_camera_labels-180.png 400 920 21
big_dataset_depth/000000001717-segment-11839652018869852123_2565_000_2585_000_with_camera_labels-180.png 408 880 19
big_dataset_depth/000000001717-segment-11839652018869852123_2565_000_2585_000_with_camera_labels-180.png 416 912 21
big_dataset_depth/000000001717-segment-11839652018869852123_2565_000_2585_000_with_camera_labels-180.png 424 896 20
big_dataset_depth/000000001717-segment-11839652018869852123_2565_000_2585_000_with_camera_labels-180.png 432 896 20
big_dataset_depth/000000001717-segment-11839652018869852123_2565_000_2585_000_with_camera_labels-180.png 440 928 21
big_dataset_depth/000000001717-segment-11839652018869852123_2565_000_2585_000_with_camera_labels-180.png 448 896 20
big_dataset_depth/000000001717-segment-11839652018869852123_2565_000_2585_000_with_camera_labels-180.png 456 928 21
big_dataset_depth/000000001717-segment-11839652018869852123_2565_000_2585_000_with_camera_labels-180.png 464 896 20
big_dataset_depth/000000001717-segment-11839652018869852123_2565_000_2585_000_with_camera_labels-180.png 472 880 19
big_dataset_depth/000000001717-segment-11839652018869852123_2565_000_2585_000_with_camera_labels-180.png 480 888 20
big_dataset_depth/000000001717-segment-11839652018869852123_2565_000_2585_000_with_camera_labels-180.png 488 968 21
big_dataset_depth/000000001717-segment-11839652018869852123_2565_000_2585_000_with_camera_labels-180.png 496 1008 20
big_dataset_depth/000000001717-segment-11839652018869852123_2565_000_2585_000_with_camera_labels-180.png 504 1000 21
big_dataset_depth/000000001717-segment-11839652018869852123_2565_000_2585_000_with_camera_labels-180.png 512 1000 21
big_dataset_depth/000000001717-segment-11839652018869852123_2565_000_2585_000_with_camera_labels-180.png 520 1000 21
big_dataset_depth/000000001717-segment-11839652018869852123_2565_000_2585_000_with_camera_labels-180.png 528 984 21
big_dataset_depth/000000001717-segment-11839652018869852123_2565_000_2585_000_with_camera_labels-180.png 536 1000 21
big_dataset_depth/000000001717-segment-11839652018869852123_2565_000_2585_000_with_camera_labels-180.png 544 992 21
big_dataset_depth/000000001717-segment-11839652018869852123_2565_000_2585_000_with_camera_labels-180.png 552 960 21
big_dataset_depth/000000001717-segment-11839652018869852123_2565_000_2585_000_with_camera_labels-180.png 560 936 21
big_dataset_depth/000000001717-segment-11839652018869852123_2565_000_2585_000_with_camera_labels-180.png 568 896 21
big_dataset_depth/000000001717-segment-11839652018869852123_2565_000_2585_000_with_camera_labels-180.png 576 848 22
big_dataset_depth/000000001717-segment-11839652018869852123_2565_000_2585_000_with_camera_labels-180.png 584 848 23
big_dataset_depth/000000001717-segment-11839652018869852123_2565_000_2585_000_with_camera_labels-180.png 592 816 23
big_dataset_depth/000000001717-segment-11839652018869852123_2565_000_2585_000_with_camera_labels-180.png 600 880 26
big_dataset_depth/000000001717-segment-11839652018869852123_2565_000_2585_000_with_camera_labels-180.png 608 912 26
big_dataset_depth/000000001717-segment-11839652018869852123_2565_000_2585_000_with_camera_labels-180.png 616 912 26
big_dataset_depth/000000001717-segment-11839652018869852123_2565_000_2585_000_with_camera_labels-180.png 624 904 26
big_dataset_depth/000000001717-segment-11839652018869852123_2565_000_2585_000_with_camera_labels-180.png 632 912 26
big_dataset_depth/000000001717-segment-11839652018869852123_2565_000_2585_000_with_camera_labels-180.png 640 912 26
big_dataset_depth/000000001717-segment-11839652018869852123_2565_000_2585_000_with_camera_labels-180.png 648 904 26
big_dataset_depth/000000001717-segment-11839652018869852123_2565_000_2585_000_with_camera_labels-180.png 656 848 26
big_dataset_depth/000000001717-segment-11839652018869852123_2565_000_2585_000_with_camera_labels-180.png 688 712 65
big_dataset_depth/000000001717-segment-11839652018869852123_2565_000_2585_000_with_camera_labels-180.png 696 704 69
big_dataset_depth/000000001717-segment-11839652018869852123_2565_000_2585_000_with_camera_labels-180.png 704 704 69
big_dataset_depth/000000001717-segment-11839652018869852123_2565_000_2585_000_with_camera_labels-180.png 712 704 74
big_dataset_depth/000000001717-segment-11839652018869852123_2565_000_2585_000_with_camera_labels-180.png 720 704 74
big_dataset_depth/000000001717-segment-11839652018869852123_2565_000_2585_000_with_camera_labels-180.png 728 696 78
big_dataset_depth/000000001717-segment-11839652018869852123_2565_000_2585_000_with_camera_labels-180.png 736 704 78
big_dataset_depth/000000001717-segment-11839652018869852123_2565_000_2585_000_with_camera_labels-180.png 744 704 82
big_dataset_depth/000000001717-segment-11839652018869852123_2565_000_2585_000_with_camera_labels-180.png 752 680 82
big_dataset_depth/000000001717-segment-11839652018869852123_2565_000_2585_000_with_camera_labels-180.png 760 704 87
big_dataset_depth/000000001717-segment-11839652018869852123_2565_000_2585_000_with_camera_labels-180.png 768 688 89
big_dataset_depth/000000001717-segment-11839652018869852123_2565_000_2585_000_with_camera_labels-180.png 776 688 95
big_dataset_depth/000000001717-segment-11839652018869852123_2565_000_2585_000_with_camera_labels-180.png 784 680 95
big_dataset_depth/000000001717-segment-11839652018869852123_2565_000_2585_000_with_camera_labels-180.png 792 688 101
big_dataset_depth/000000001717-segment-11839652018869852123_2565_000_2585_000_with_camera_labels-180.png 800 688 108
big_dataset_depth/000000001717-segment-11839652018869852123_2565_000_2585_000_with_camera_labels-180.png 808 680 108
big_dataset_depth/000000001717-segment-11839652018869852123_2565_000_2585_000_with_camera_labels-180.png 1072 728 71
big_dataset_depth/000000001717-segment-11839652018869852123_2565_000_2585_000_with_camera_labels-180.png 1080 728 71
big_dataset_depth/000000001717-segment-11839652018869852123_2565_000_2585_000_with_camera_labels-180.png 1088 712 68
big_dataset_depth/000000001717-segment-11839652018869852123_2565_000_2585_000_with_camera_labels-180.png 1096 720 66
big_dataset_depth/000000001717-segment-11839652018869852123_2565_000_2585_000_with_camera_labels-180.png 1104 728 66
big_dataset_depth/000000001717-segment-11839652018869852123_2565_000_2585_000_with_camera_labels-180.png 1112 720 66
big_dataset_depth/000000001717-segment-11839652018869852123_2565_000_2585_000_with_camera_labels-180.png 1120 720 66
big_dataset_depth/000000001717-segment-11839652018869852123_2565_000_2585_000_with_camera_labels-180.png 1128 720 66
big_dataset_depth/000000001717-segment-11839652018869852123_2565_000_2585_000_with_camera_labels-180.png 1136 720 66
big_dataset_depth/000000001717-segment-11839652018869852123_2565_000_2585_000_with_camera_labels-180.png 1144 720 66
big_dataset_depth/000000001717-segment-11839652018869852123_2565_000_2585_000_with_camera_labels-180.png 1152 712 66
big_dataset_depth/000000001717-segment-11839652018869852123_2565_000_2585_000_with_camera_labels-180.png 1160 736 66
big_dataset_depth/000000001717-segment-11839652018869852123_2565_000_2585_000_with_camera_labels-180.png 1168 736 66
big_dataset_depth/000000001717-segment-11839652018869852123_2565_000_2585_000_with_camera_labels-180.png 1240 712 101
big_dataset_depth/000000001717-segment-11839652018869852123_2565_000_2585_000_with_camera_labels-180.png 1368 720 78
big_dataset_depth/000000001717-segment-11839652018869852123_2565_000_2585_000_with_camera_labels-180.png 1376 720 78
big_dataset_depth/000000001717-segment-11839652018869852123_2565_000_2585_000_with_camera_labels-180.png 1384 720 78
big_dataset_depth/000000001717-segment-11839652018869852123_2565_000_2585_000_with_camera_labels-180.png 1392 720 78
big_dataset_depth/000000001717-segment-11839652018869852123_2565_000_2585_000_with_camera_labels-180.png 1400 752 53
big_dataset_depth/000000001717-segment-11839652018869852123_2565_000_2585_000_with_camera_labels-180.png 1408 712 78
big_dataset_depth/000000001717-segment-11839652018869852123_2565_000_2585_000_with_camera_labels-180.png 1416 712 78
big_dataset_depth/000000001717-segment-11839652018869852123_2565_000_2585_000_with_camera_labels-180.png 1424 712 78
big_dataset_depth/000000001717-segment-11839652018869852123_2565_000_2585_000_with_camera_labels-180.png 1432 704 92
big_dataset_depth/000000001717-segment-11839652018869852123_2565_000_2585_000_with_camera_labels-180.png 1440 712 106
big_dataset_depth/000000001717-segment-11839652018869852123_2565_000_2585_000_with_camera_labels-180.png 1448 712 104
big_dataset_depth/000000001717-segment-11839652018869852123_2565_000_2585_000_with_camera_labels-180.png 1456 704 103
big_dataset_depth/000000001717-segment-11839652018869852123_2565_000_2585_000_with_camera_labels-180.png 1464 720 101
big_dataset_depth/000000001717-segment-11839652018869852123_2565_000_2585_000_with_camera_labels-180.png 1472 704 103
big_dataset_depth/000000001717-segment-11839652018869852123_2565_000_2585_000_with_camera_labels-180.png 1480 712 98
big_dataset_depth/000000001717-segment-11839652018869852123_2565_000_2585_000_with_camera_labels-180.png 1488 704 100
big_dataset_depth/000000001717-segment-11839652018869852123_2565_000_2585_000_with_camera_labels-180.png 1496 720 95
big_dataset_depth/000000001717-segment-11839652018869852123_2565_000_2585_000_with_camera_labels-180.png 1504 720 94
big_dataset_depth/000000001717-segment-11839652018869852123_2565_000_2585_000_with_camera_labels-180.png 1512 704 98
big_dataset_depth/000000001717-segment-11839652018869852123_2565_000_2585_000_with_camera_labels-180.png 1520 712 93
big_dataset_depth/000000001717-segment-11839652018869852123_2565_000_2585_000_with_camera_labels-180.png 1528 720 91
big_dataset_depth/000000001717-segment-11839652018869852123_2565_000_2585_000_with_camera_labels-180.png 1536 720 90
big_dataset_depth/000000001717-segment-11839652018869852123_2565_000_2585_000_with_camera_labels-180.png 1544 704 92
big_dataset_depth/000000001717-segment-11839652018869852123_2565_000_2585_000_with_camera_labels-180.png 1552 720 87
big_dataset_depth/000000001717-segment-11839652018869852123_2565_000_2585_000_with_camera_labels-180.png 1560 712 89
big_dataset_depth/000000001717-segment-11839652018869852123_2565_000_2585_000_with_camera_labels-180.png 1568 720 85
big_dataset_depth/000000001717-segment-11839652018869852123_2565_000_2585_000_with_camera_labels-180.png 1576 736 83
big_dataset_depth/000000001717-segment-11839652018869852123_2565_000_2585_000_with_camera_labels-180.png 1584 720 85
big_dataset_depth/000000001717-segment-11839652018869852123_2565_000_2585_000_with_camera_labels-180.png 1592 736 82
big_dataset_depth/000000001717-segment-11839652018869852123_2565_000_2585_000_with_camera_labels-180.png 1600 736 81
big_dataset_depth/000000001717-segment-11839652018869852123_2565_000_2585_000_with_camera_labels-180.png 1608 736 80
big_dataset_depth/000000001717-segment-11839652018869852123_2565_000_2585_000_with_camera_labels-180.png 1616 720 83
big_dataset_depth/000000001717-segment-11839652018869852123_2565_000_2585_000_with_camera_labels-180.png 1624 744 78
big_dataset_depth/000000001717-segment-11839652018869852123_2565_000_2585_000_with_camera_labels-180.png 1632 744 77
big_dataset_depth/000000001717-segment-11839652018869852123_2565_000_2585_000_with_camera_labels-180.png 1640 744 76
big_dataset_depth/000000001717-segment-11839652018869852123_2565_000_2585_000_with_camera_labels-180.png 1648 744 75
big_dataset_depth/000000001717-segment-11839652018869852123_2565_000_2585_000_with_camera_labels-180.png 1656 728 77
big_dataset_depth/000000001717-segment-11839652018869852123_2565_000_2585_000_with_camera_labels-180.png 1664 744 74
big_dataset_depth/000000001717-segment-11839652018869852123_2565_000_2585_000_with_camera_labels-180.png 1672 744 73
big_dataset_depth/000000001717-segment-11839652018869852123_2565_000_2585_000_with_camera_labels-180.png 1680 744 73
big_dataset_depth/000000001717-segment-11839652018869852123_2565_000_2585_000_with_camera_labels-180.png 1688 744 72
big_dataset_depth/000000001717-segment-11839652018869852123_2565_000_2585_000_with_camera_labels-180.png 1696 728 75
big_dataset_depth/000000001717-segment-11839652018869852123_2565_000_2585_000_with_camera_labels-180.png 1704 752 71
big_dataset_depth/000000001717-segment-11839652018869852123_2565_000_2585_000_with_camera_labels-180.png 1712 752 70
big_dataset_depth/000000001717-segment-11839652018869852123_2565_000_2585_000_with_camera_labels-180.png 1720 752 69
big_dataset_depth/000000001717-segment-11839652018869852123_2565_000_2585_000_with_camera_labels-180.png 1728 752 69
big_dataset_depth/000000001717-segment-11839652018869852123_2565_000_2585_000_with_camera_labels-180.png 1736 744 68
big_dataset_depth/000000001717-segment-11839652018869852123_2565_000_2585_000_with_camera_labels-180.png 1744 752 67
big_dataset_depth/000000001717-segment-11839652018869852123_2565_000_2585_000_with_camera_labels-180.png 1752 728 70
big_dataset_depth/000000001717-segment-11839652018869852123_2565_000_2585_000_with_camera_labels-180.png 1760 760 66
big_dataset_depth/000000001717-segment-11839652018869852123_2565_000_2585_000_with_camera_labels-180.png 1768 768 65
big_dataset_depth/000000001717-segment-11839652018869852123_2565_000_2585_000_with_camera_labels-180.png 1776 760 65
big_dataset_depth/000000001717-segment-11839652018869852123_2565_000_2585_000_with_camera_labels-180.png 1784 760 64
big_dataset_depth/000000001717-segment-11839652018869852123_2565_000_2585_000_with_camera_labels-180.png 1792 760 64
big_dataset_depth/000000001717-segment-11839652018869852123_2565_000_2585_000_with_camera_labels-180.png 1800 768 63
big_dataset_depth/000000001717-segment-11839652018869852123_2565_000_2585_000_with_camera_labels-180.png 1808 768 63
big_dataset_depth/000000001717-segment-11839652018869852123_2565_000_2585_000_with_camera_labels-180.png 1816 752 63
big_dataset_depth/000000001717-segment-11839652018869852123_2565_000_2585_000_with_camera_labels-180.png 1824 760 62
big_dataset_depth/000000001717-segment-11839652018869852123_2565_000_2585_000_with_camera_labels-180.png 1832 768 61
big_dataset_depth/000000001717-segment-11839652018869852123_2565_000_2585_000_with_camera_labels-180.png 1840 784 60
big_dataset_depth/000000001717-segment-11839652018869852123_2565_000_2585_000_with_camera_labels-180.png 1848 784 60
big_dataset_depth/000000001717-segment-11839652018869852123_2565_000_2585_000_with_camera_labels-180.png 1856 784 60
big_dataset_depth/000000001717-segment-11839652018869852123_2565_000_2585_000_with_camera_labels-180.png 1864 784 59
big_dataset_depth/000000001717-segment-11839652018869852123_2565_000_2585_000_with_camera_labels-180.png 1872 784 59
big_dataset_depth/000000001717-segment-11839652018869852123_2565_000_2585_000_with_camera_labels-180.png 1880 784 58
big_dataset_depth/000000001717-segment-11839652018869852123_2565_000_2585_000_with_camera_labels-180.png 1888 784 58
big_dataset_depth/000000001717-segment-11839652018869852123_2565_000_2585_000_with_camera_labels-180.png 1896 784 57
big_dataset_depth/000000001717-segment-11839652018869852123_2565_000_2585_000_with_camera_labels-180.png 1904 784 57
big_dataset_depth/000000001717-segment-11839652018869852123_2565_000_2585_000_with_camera_labels-180.png 1912 792 56
