big_dataset_depth/000000001897-segment-12027892938363296829_4086_280_4106_280_with_camera_labels-0.png 0 696 93
big_dataset_depth/000000001897-segment-12027892938363296829_4086_280_4106_280_with_camera_labels-0.png 8 712 96
big_dataset_depth/000000001897-segment-12027892938363296829_4086_280_4106_280_with_camera_labels-0.png 16 736 88
big_dataset_depth/000000001897-segment-12027892938363296829_4086_280_4106_280_with_camera_labels-0.png 24 776 71
big_dataset_depth/000000001897-segment-12027892938363296829_4086_280_4106_280_with_camera_labels-0.png 32 784 71
big_dataset_depth/000000001897-segment-12027892938363296829_4086_280_4106_280_with_camera_labels-0.png 40 792 71
big_dataset_depth/000000001897-segment-12027892938363296829_4086_280_4106_280_with_camera_labels-0.png 48 744 85
big_dataset_depth/000000001897-segment-12027892938363296829_4086_280_4106_280_with_camera_labels-0.png 56 816 58
big_dataset_depth/000000001897-segment-12027892938363296829_4086_280_4106_280_with_camera_labels-0.png 64 816 55
big_dataset_depth/000000001897-segment-12027892938363296829_4086_280_4106_280_with_camera_labels-0.png 72 808 57
big_dataset_depth/000000001897-segment-12027892938363296829_4086_280_4106_280_with_camera_labels-0.png 80 856 39
big_dataset_depth/000000001897-segment-12027892938363296829_4086_280_4106_280_with_camera_labels-0.png 88 864 38
big_dataset_depth/000000001897-segment-12027892938363296829_4086_280_4106_280_with_camera_labels-0.png 96 856 39
big_dataset_depth/000000001897-segment-12027892938363296829_4086_280_4106_280_with_camera_labels-0.png 104 856 39
big_dataset_depth/000000001897-segment-12027892938363296829_4086_280_4106_280_with_camera_labels-0.png 112 856 38
big_dataset_depth/000000001897-segment-12027892938363296829_4086_280_4106_280_with_camera_labels-0.png 120 856 38
big_dataset_depth/000000001897-segment-12027892938363296829_4086_280_4106_280_with_camera_labels-0.png 128 856 38
big_dataset_depth/000000001897-segment-12027892938363296829_4086_280_4106_280_with_camera_labels-0.png 136 856 38
big_dataset_depth/000000001897-segment-12027892938363296829_4086_280_4106_280_with_camera_labels-0.png 144 864 38
big_dataset_depth/000000001897-segment-12027892938363296829_4086_280_4106_280_with_camera_labels-0.png 152 888 33
big_dataset_depth/000000001897-segment-12027892938363296829_4086_280_4106_280_with_camera_labels-0.png 160 912 28
big_dataset_depth/000000001897-segment-12027892938363296829_4086_280_4106_280_with_camera_labels-0.png 168 856 38
big_dataset_depth/000000001897-segment-12027892938363296829_4086_280_4106_280_with_camera_labels-0.png 176 872 37
big_dataset_depth/000000001897-segment-12027892938363296829_4086_280_4106_280_with_camera_labels-0.png 184 856 38
big_dataset_depth/000000001897-segment-12027892938363296829_4086_280_4106_280_with_camera_labels-0.png 192 856 38
big_dataset_depth/000000001897-segment-12027892938363296829_4086_280_4106_280_with_camera_labels-0.png 200 864 37
big_dataset_depth/000000001897-segment-12027892938363296829_4086_280_4106_280_with_camera_labels-0.png 208 856 38
big_dataset_depth/000000001897-segment-12027892938363296829_4086_280_4106_280_with_camera_labels-0.png 216 856 38
big_dataset_depth/000000001897-segment-12027892938363296829_4086_280_4106_280_with_camera_labels-0.png 224 856 38
big_dataset_depth/000000001897-segment-12027892938363296829_4086_280_4106_280_with_camera_labels-0.png 232 856 38
big_dataset_depth/000000001897-segment-12027892938363296829_4086_280_4106_280_with_camera_labels-0.png 240 848 38
big_dataset_depth/000000001897-segment-12027892938363296829_4086_280_4106_280_with_camera_labels-0.png 248 1040 15
big_dataset_depth/000000001897-segment-12027892938363296829_4086_280_4106_280_with_camera_labels-0.png 256 856 37
big_dataset_depth/000000001897-segment-12027892938363296829_4086_280_4106_280_with_camera_labels-0.png 264 1008 27
big_dataset_depth/000000001897-segment-12027892938363296829_4086_280_4106_280_with_camera_labels-0.png 272 1184 15
big_dataset_depth/000000001897-segment-12027892938363296829_4086_280_4106_280_with_camera_labels-0.png 280 1000 27
big_dataset_depth/000000001897-segment-12027892938363296829_4086_280_4106_280_with_camera_labels-0.png 288 1184 15
big_dataset_depth/000000001897-segment-12027892938363296829_4086_280_4106_280_with_camera_labels-0.png 296 1104 21
big_dataset_depth/000000001897-segment-12027892938363296829_4086_280_4106_280_with_camera_labels-0.png 304 976 28
big_dataset_depth/000000001897-segment-12027892938363296829_4086_280_4106_280_with_camera_labels-0.png 312 1072 23
big_dataset_depth/000000001897-segment-12027892938363296829_4086_280_4106_280_with_camera_labels-0.png 320 1216 15
big_dataset_depth/000000001897-segment-12027892938363296829_4086_280_4106_280_with_camera_labels-0.png 328 840 42
big_dataset_depth/000000001897-segment-12027892938363296829_4086_280_4106_280_with_camera_labels-0.png 336 1208 15
big_dataset_depth/000000001897-segment-12027892938363296829_4086_280_4106_280_with_camera_labels-0.png 344 1200 15
big_dataset_depth/000000001897-segment-12027892938363296829_4086_280_4106_280_with_camera_labels-0.png 352 1040 15
big_dataset_depth/000000001897-segment-12027892938363296829_4086_280_4106_280_with_camera_labels-0.png 432 824 42
big_dataset_depth/000000001897-segment-12027892938363296829_4086_280_4106_280_with_camera_labels-0.png 440 800 48
big_dataset_depth/000000001897-segment-12027892938363296829_4086_280_4106_280_with_camera_labels-0.png 448 816 42
big_dataset_depth/000000001897-segment-12027892938363296829_4086_280_4106_280_with_camera_labels-0.png 456 768 47
big_dataset_depth/000000001897-segment-12027892938363296829_4086_280_4106_280_with_camera_labels-0.png 464 784 57
big_dataset_depth/000000001897-segment-12027892938363296829_4086_280_4106_280_with_camera_labels-0.png 472 784 57
big_dataset_depth/000000001897-segment-12027892938363296829_4086_280_4106_280_with_camera_labels-0.png 480 784 57
big_dataset_depth/000000001897-segment-12027892938363296829_4086_280_4106_280_with_camera_labels-0.png 488 712 55
big_dataset_depth/000000001897-segment-12027892938363296829_4086_280_4106_280_with_camera_labels-0.png 496 712 55
big_dataset_depth/000000001897-segment-12027892938363296829_4086_280_4106_280_with_camera_labels-0.png 504 792 56
big_dataset_depth/000000001897-segment-12027892938363296829_4086_280_4106_280_with_camera_labels-0.png 512 816 43
big_dataset_depth/000000001897-segment-12027892938363296829_4086_280_4106_280_with_camera_labels-0.png 520 832 41
big_dataset_depth/000000001897-segment-12027892938363296829_4086_280_4106_280_with_camera_labels-0.png 528 840 37
big_dataset_depth/000000001897-segment-12027892938363296829_4086_280_4106_280_with_camera_labels-0.png 536 840 37
big_dataset_depth/000000001897-segment-12027892938363296829_4086_280_4106_280_with_camera_labels-0.png 544 848 36
big_dataset_depth/000000001897-segment-12027892938363296829_4086_280_4106_280_with_camera_labels-0.png 552 864 36
big_dataset_depth/000000001897-segment-12027892938363296829_4086_280_4106_280_with_camera_labels-0.png 560 840 36
big_dataset_depth/000000001897-segment-12027892938363296829_4086_280_4106_280_with_camera_labels-0.png 568 864 36
big_dataset_depth/000000001897-segment-12027892938363296829_4086_280_4106_280_with_camera_labels-0.png 576 840 36
big_dataset_depth/000000001897-segment-12027892938363296829_4086_280_4106_280_with_camera_labels-0.png 584 840 36
big_dataset_depth/000000001897-segment-12027892938363296829_4086_280_4106_280_with_camera_labels-0.png 592 848 36
big_dataset_depth/000000001897-segment-12027892938363296829_4086_280_4106_280_with_camera_labels-0.png 600 832 36
big_dataset_depth/000000001897-segment-12027892938363296829_4086_280_4106_280_with_camera_labels-0.png 608 848 36
big_dataset_depth/000000001897-segment-12027892938363296829_4086_280_4106_280_with_camera_labels-0.png 616 832 36
big_dataset_depth/000000001897-segment-12027892938363296829_4086_280_4106_280_with_camera_labels-0.png 624 832 36
big_dataset_depth/000000001897-segment-12027892938363296829_4086_280_4106_280_with_camera_labels-0.png 632 832 36
big_dataset_depth/000000001897-segment-12027892938363296829_4086_280_4106_280_with_camera_labels-0.png 640 864 35
big_dataset_depth/000000001897-segment-12027892938363296829_4086_280_4106_280_with_camera_labels-0.png 648 856 36
big_dataset_depth/000000001897-segment-12027892938363296829_4086_280_4106_280_with_camera_labels-0.png 656 848 37
big_dataset_depth/000000001897-segment-12027892938363296829_4086_280_4106_280_with_camera_labels-0.png 664 848 37
big_dataset_depth/000000001897-segment-12027892938363296829_4086_280_4106_280_with_camera_labels-0.png 672 848 37
big_dataset_depth/000000001897-segment-12027892938363296829_4086_280_4106_280_with_camera_labels-0.png 680 840 37
big_dataset_depth/000000001897-segment-12027892938363296829_4086_280_4106_280_with_camera_labels-0.png 688 856 35
big_dataset_depth/000000001897-segment-12027892938363296829_4086_280_4106_280_with_camera_labels-0.png 696 848 34
big_dataset_depth/000000001897-segment-12027892938363296829_4086_280_4106_280_with_camera_labels-0.png 704 856 34
big_dataset_depth/000000001897-segment-12027892938363296829_4086_280_4106_280_with_camera_labels-0.png 712 864 34
big_dataset_depth/000000001897-segment-12027892938363296829_4086_280_4106_280_with_camera_labels-0.png 720 864 34
big_dataset_depth/000000001897-segment-12027892938363296829_4086_280_4106_280_with_camera_labels-0.png 728 864 34
big_dataset_depth/000000001897-segment-12027892938363296829_4086_280_4106_280_with_camera_labels-0.png 736 848 34
big_dataset_depth/000000001897-segment-12027892938363296829_4086_280_4106_280_with_camera_labels-0.png 760 800 49
big_dataset_depth/000000001897-segment-12027892938363296829_4086_280_4106_280_with_camera_labels-0.png 768 792 52
big_dataset_depth/000000001897-segment-12027892938363296829_4086_280_4106_280_with_camera_labels-0.png 776 792 51
big_dataset_depth/000000001897-segment-12027892938363296829_4086_280_4106_280_with_camera_labels-0.png 784 792 51
big_dataset_depth/000000001897-segment-12027892938363296829_4086_280_4106_280_with_camera_labels-0.png 792 800 48
big_dataset_depth/000000001897-segment-12027892938363296829_4086_280_4106_280_with_camera_labels-0.png 800 792 50
big_dataset_depth/000000001897-segment-12027892938363296829_4086_280_4106_280_with_camera_labels-0.png 808 800 49
big_dataset_depth/000000001897-segment-12027892938363296829_4086_280_4106_280_with_camera_labels-0.png 816 752 59
big_dataset_depth/000000001897-segment-12027892938363296829_4086_280_4106_280_with_camera_labels-0.png 824 768 59
big_dataset_depth/000000001897-segment-12027892938363296829_4086_280_4106_280_with_camera_labels-0.png 832 760 59
big_dataset_depth/000000001897-segment-12027892938363296829_4086_280_4106_280_with_camera_labels-0.png 840 752 59
big_dataset_depth/000000001897-segment-12027892938363296829_4086_280_4106_280_with_camera_labels-0.png 848 752 68
big_dataset_depth/000000001897-segment-12027892938363296829_4086_280_4106_280_with_camera_labels-0.png 912 792 65
big_dataset_depth/000000001897-segment-12027892938363296829_4086_280_4106_280_with_camera_labels-0.png 920 872 31
big_dataset_depth/000000001897-segment-12027892938363296829_4086_280_4106_280_with_camera_labels-0.png 928 888 32
big_dataset_depth/000000001897-segment-12027892938363296829_4086_280_4106_280_with_camera_labels-0.png 936 872 31
big_dataset_depth/000000001897-segment-12027892938363296829_4086_280_4106_280_with_camera_labels-0.png 944 856 31
big_dataset_depth/000000001897-segment-12027892938363296829_4086_280_4106_280_with_camera_labels-0.png 952 872 31
big_dataset_depth/000000001897-segment-12027892938363296829_4086_280_4106_280_with_camera_labels-0.png 960 856 31
big_dataset_depth/000000001897-segment-12027892938363296829_4086_280_4106_280_with_camera_labels-0.png 968 856 31
big_dataset_depth/000000001897-segment-12027892938363296829_4086_280_4106_280_with_camera_labels-0.png 976 856 31
big_dataset_depth/000000001897-segment-12027892938363296829_4086_280_4106_280_with_camera_labels-0.png 984 856 31
big_dataset_depth/000000001897-segment-12027892938363296829_4086_280_4106_280_with_camera_labels-0.png 992 856 31
big_dataset_depth/000000001897-segment-12027892938363296829_4086_280_4106_280_with_camera_labels-0.png 1000 864 31
big_dataset_depth/000000001897-segment-12027892938363296829_4086_280_4106_280_with_camera_labels-0.png 1008 856 31
big_dataset_depth/000000001897-segment-12027892938363296829_4086_280_4106_280_with_camera_labels-0.png 1016 880 31
big_dataset_depth/000000001897-segment-12027892938363296829_4086_280_4106_280_with_camera_labels-0.png 1024 856 31
big_dataset_depth/000000001897-segment-12027892938363296829_4086_280_4106_280_with_camera_labels-0.png 1032 872 31
big_dataset_depth/000000001897-segment-12027892938363296829_4086_280_4106_280_with_camera_labels-0.png 1040 848 31
big_dataset_depth/000000001897-segment-12027892938363296829_4086_280_4106_280_with_camera_labels-0.png 1048 864 31
big_dataset_depth/000000001897-segment-12027892938363296829_4086_280_4106_280_with_camera_labels-0.png 1056 864 31
big_dataset_depth/000000001897-segment-12027892938363296829_4086_280_4106_280_with_camera_labels-0.png 1064 872 31
big_dataset_depth/000000001897-segment-12027892938363296829_4086_280_4106_280_with_camera_labels-0.png 1072 888 32
big_dataset_depth/000000001897-segment-12027892938363296829_4086_280_4106_280_with_camera_labels-0.png 1080 888 32
big_dataset_depth/000000001897-segment-12027892938363296829_4086_280_4106_280_with_camera_labels-0.png 1088 872 32
big_dataset_depth/000000001897-segment-12027892938363296829_4086_280_4106_280_with_camera_labels-0.png 1096 720 96
big_dataset_depth/000000001897-segment-12027892938363296829_4086_280_4106_280_with_camera_labels-0.png 1120 736 93
big_dataset_depth/000000001897-segment-12027892938363296829_4086_280_4106_280_with_camera_labels-0.png 1128 736 92
big_dataset_depth/000000001897-segment-12027892938363296829_4086_280_4106_280_with_camera_labels-0.png 1136 712 91
big_dataset_depth/000000001897-segment-12027892938363296829_4086_280_4106_280_with_camera_labels-0.png 1144 744 88
big_dataset_depth/000000001897-segment-12027892938363296829_4086_280_4106_280_with_camera_labels-0.png 1152 744 83
big_dataset_depth/000000001897-segment-12027892938363296829_4086_280_4106_280_with_camera_labels-0.png 1160 744 83
big_dataset_depth/000000001897-segment-12027892938363296829_4086_280_4106_280_with_camera_labels-0.png 1168 736 86
big_dataset_depth/000000001897-segment-12027892938363296829_4086_280_4106_280_with_camera_labels-0.png 1176 736 92
big_dataset_depth/000000001897-segment-12027892938363296829_4086_280_4106_280_with_camera_labels-0.png 1192 720 92
big_dataset_depth/000000001897-segment-12027892938363296829_4086_280_4106_280_with_camera_labels-0.png 1200 736 89
big_dataset_depth/000000001897-segment-12027892938363296829_4086_280_4106_280_with_camera_labels-0.png 1208 744 87
big_dataset_depth/000000001897-segment-12027892938363296829_4086_280_4106_280_with_camera_labels-0.png 1216 736 87
big_dataset_depth/000000001897-segment-12027892938363296829_4086_280_4106_280_with_camera_labels-0.png 1232 656 107
big_dataset_depth/000000001897-segment-12027892938363296829_4086_280_4106_280_with_camera_labels-0.png 1240 712 96
big_dataset_depth/000000001897-segment-12027892938363296829_4086_280_4106_280_with_camera_labels-0.png 1248 712 108
big_dataset_depth/000000001897-segment-12027892938363296829_4086_280_4106_280_with_camera_labels-0.png 1256 736 91
big_dataset_depth/000000001897-segment-12027892938363296829_4086_280_4106_280_with_camera_labels-0.png 1264 744 83
big_dataset_depth/000000001897-segment-12027892938363296829_4086_280_4106_280_with_camera_labels-0.png 1272 728 97
big_dataset_depth/000000001897-segment-12027892938363296829_4086_280_4106_280_with_camera_labels-0.png 1280 704 107
big_dataset_depth/000000001897-segment-12027892938363296829_4086_280_4106_280_with_camera_labels-0.png 1288 712 103
big_dataset_depth/000000001897-segment-12027892938363296829_4086_280_4106_280_with_camera_labels-0.png 1296 712 96
big_dataset_depth/000000001897-segment-12027892938363296829_4086_280_4106_280_with_camera_labels-0.png 1304 704 95
big_dataset_depth/000000001897-segment-12027892938363296829_4086_280_4106_280_with_camera_labels-0.png 1312 720 94
big_dataset_depth/000000001897-segment-12027892938363296829_4086_280_4106_280_with_camera_labels-0.png 1320 728 92
big_dataset_depth/000000001897-segment-12027892938363296829_4086_280_4106_280_with_camera_labels-0.png 1328 728 89
big_dataset_depth/000000001897-segment-12027892938363296829_4086_280_4106_280_with_camera_labels-0.png 1336 720 85
big_dataset_depth/000000001897-segment-12027892938363296829_4086_280_4106_280_with_camera_labels-0.png 1344 736 83
big_dataset_depth/000000001897-segment-12027892938363296829_4086_280_4106_280_with_camera_labels-0.png 1352 728 83
big_dataset_depth/000000001897-segment-12027892938363296829_4086_280_4106_280_with_camera_labels-0.png 1360 736 83
big_dataset_depth/000000001897-segment-12027892938363296829_4086_280_4106_280_with_camera_labels-0.png 1368 728 83
big_dataset_depth/000000001897-segment-12027892938363296829_4086_280_4106_280_with_camera_labels-0.png 1376 744 82
big_dataset_depth/000000001897-segment-12027892938363296829_4086_280_4106_280_with_camera_labels-0.png 1384 736 72
big_dataset_depth/000000001897-segment-12027892938363296829_4086_280_4106_280_with_camera_labels-0.png 1392 760 71
big_dataset_depth/000000001897-segment-12027892938363296829_4086_280_4106_280_with_camera_labels-0.png 1400 744 83
big_dataset_depth/000000001897-segment-12027892938363296829_4086_280_4106_280_with_camera_labels-0.png 1408 744 83
big_dataset_depth/000000001897-segment-12027892938363296829_4086_280_4106_280_with_camera_labels-0.png 1416 744 83
big_dataset_depth/000000001897-segment-12027892938363296829_4086_280_4106_280_with_camera_labels-0.png 1424 744 78
big_dataset_depth/000000001897-segment-12027892938363296829_4086_280_4106_280_with_camera_labels-0.png 1432 752 77
big_dataset_depth/000000001897-segment-12027892938363296829_4086_280_4106_280_with_camera_labels-0.png 1440 792 50
big_dataset_depth/000000001897-segment-12027892938363296829_4086_280_4106_280_with_camera_labels-0.png 1448 776 52
big_dataset_depth/000000001897-segment-12027892938363296829_4086_280_4106_280_with_camera_labels-0.png 1456 792 54
big_dataset_depth/000000001897-segment-12027892938363296829_4086_280_4106_280_with_camera_labels-0.png 1464 784 52
big_dataset_depth/000000001897-segment-12027892938363296829_4086_280_4106_280_with_camera_labels-0.png 1472 800 50
big_dataset_depth/000000001897-segment-12027892938363296829_4086_280_4106_280_with_camera_labels-0.png 1480 832 46
big_dataset_depth/000000001897-segment-12027892938363296829_4086_280_4106_280_with_camera_labels-0.png 1496 808 48
big_dataset_depth/000000001897-segment-12027892938363296829_4086_280_4106_280_with_camera_labels-0.png 1504 808 47
big_dataset_depth/000000001897-segment-12027892938363296829_4086_280_4106_280_with_camera_labels-0.png 1512 808 47
big_dataset_depth/000000001897-segment-12027892938363296829_4086_280_4106_280_with_camera_labels-0.png 1520 808 47
big_dataset_depth/000000001897-segment-12027892938363296829_4086_280_4106_280_with_camera_labels-0.png 1528 792 54
big_dataset_depth/000000001897-segment-12027892938363296829_4086_280_4106_280_with_camera_labels-0.png 1536 784 56
big_dataset_depth/000000001897-segment-12027892938363296829_4086_280_4106_280_with_camera_labels-0.png 1544 792 55
big_dataset_depth/000000001897-segment-12027892938363296829_4086_280_4106_280_with_camera_labels-0.png 1552 792 54
big_dataset_depth/000000001897-segment-12027892938363296829_4086_280_4106_280_with_camera_labels-0.png 1560 792 55
big_dataset_depth/000000001897-segment-12027892938363296829_4086_280_4106_280_with_camera_labels-0.png 1568 784 55
big_dataset_depth/000000001897-segment-12027892938363296829_4086_280_4106_280_with_camera_labels-0.png 1576 784 55
big_dataset_depth/000000001897-segment-12027892938363296829_4086_280_4106_280_with_camera_labels-0.png 1584 784 53
big_dataset_depth/000000001897-segment-12027892938363296829_4086_280_4106_280_with_camera_labels-0.png 1592 792 52
big_dataset_depth/000000001897-segment-12027892938363296829_4086_280_4106_280_with_camera_labels-0.png 1600 792 52
big_dataset_depth/000000001897-segment-12027892938363296829_4086_280_4106_280_with_camera_labels-0.png 1608 776 53
big_dataset_depth/000000001897-segment-12027892938363296829_4086_280_4106_280_with_camera_labels-0.png 1616 792 52
big_dataset_depth/000000001897-segment-12027892938363296829_4086_280_4106_280_with_camera_labels-0.png 1624 768 54
big_dataset_depth/000000001897-segment-12027892938363296829_4086_280_4106_280_with_camera_labels-0.png 1632 792 51
big_dataset_depth/000000001897-segment-12027892938363296829_4086_280_4106_280_with_camera_labels-0.png 1648 824 45
big_dataset_depth/000000001897-segment-12027892938363296829_4086_280_4106_280_with_camera_labels-0.png 1656 800 48
big_dataset_depth/000000001897-segment-12027892938363296829_4086_280_4106_280_with_camera_labels-0.png 1664 800 48
big_dataset_depth/000000001897-segment-12027892938363296829_4086_280_4106_280_with_camera_labels-0.png 1672 808 48
big_dataset_depth/000000001897-segment-12027892938363296829_4086_280_4106_280_with_camera_labels-0.png 1680 816 47
big_dataset_depth/000000001897-segment-12027892938363296829_4086_280_4106_280_with_camera_labels-0.png 1688 816 46
big_dataset_depth/000000001897-segment-12027892938363296829_4086_280_4106_280_with_camera_labels-0.png 1704 840 41
big_dataset_depth/000000001897-segment-12027892938363296829_4086_280_4106_280_with_camera_labels-0.png 1712 904 33
big_dataset_depth/000000001897-segment-12027892938363296829_4086_280_4106_280_with_camera_labels-0.png 1720 776 45
big_dataset_depth/000000001897-segment-12027892938363296829_4086_280_4106_280_with_camera_labels-0.png 1728 832 44
big_dataset_depth/000000001897-segment-12027892938363296829_4086_280_4106_280_with_camera_labels-0.png 1736 808 44
big_dataset_depth/000000001897-segment-12027892938363296829_4086_280_4106_280_with_camera_labels-0.png 1744 832 43
big_dataset_depth/000000001897-segment-12027892938363296829_4086_280_4106_280_with_camera_labels-0.png 1760 872 37
big_dataset_depth/000000001897-segment-12027892938363296829_4086_280_4106_280_with_camera_labels-0.png 1768 920 31
big_dataset_depth/000000001897-segment-12027892938363296829_4086_280_4106_280_with_camera_labels-0.png 1776 872 37
big_dataset_depth/000000001897-segment-12027892938363296829_4086_280_4106_280_with_camera_labels-0.png 1784 832 42
big_dataset_depth/000000001897-segment-12027892938363296829_4086_280_4106_280_with_camera_labels-0.png 1792 832 42
big_dataset_depth/000000001897-segment-12027892938363296829_4086_280_4106_280_with_camera_labels-0.png 1800 840 41
big_dataset_depth/000000001897-segment-12027892938363296829_4086_280_4106_280_with_camera_labels-0.png 1816 936 30
big_dataset_depth/000000001897-segment-12027892938363296829_4086_280_4106_280_with_camera_labels-0.png 1824 864 37
big_dataset_depth/000000001897-segment-12027892938363296829_4086_280_4106_280_with_camera_labels-0.png 1832 832 40
big_dataset_depth/000000001897-segment-12027892938363296829_4086_280_4106_280_with_camera_labels-0.png 1840 840 39
big_dataset_depth/000000001897-segment-12027892938363296829_4086_280_4106_280_with_camera_labels-0.png 1848 856 39
big_dataset_depth/000000001897-segment-12027892938363296829_4086_280_4106_280_with_camera_labels-0.png 1856 856 39
big_dataset_depth/000000001897-segment-12027892938363296829_4086_280_4106_280_with_camera_labels-0.png 1880 872 36
big_dataset_depth/000000001897-segment-12027892938363296829_4086_280_4106_280_with_camera_labels-0.png 1888 960 28
big_dataset_depth/000000001897-segment-12027892938363296829_4086_280_4106_280_with_camera_labels-0.png 1904 928 29
big_dataset_depth/000000001897-segment-12027892938363296829_4086_280_4106_280_with_camera_labels-0.png 1912 856 36
