big_dataset_depth/000000002816-segment-13142190313715360621_3888_090_3908_090_with_camera_labels-190.png 0 736 56
big_dataset_depth/000000002816-segment-13142190313715360621_3888_090_3908_090_with_camera_labels-190.png 8 792 51
big_dataset_depth/000000002816-segment-13142190313715360621_3888_090_3908_090_with_camera_labels-190.png 16 792 51
big_dataset_depth/000000002816-segment-13142190313715360621_3888_090_3908_090_with_camera_labels-190.png 24 992 25
big_dataset_depth/000000002816-segment-13142190313715360621_3888_090_3908_090_with_camera_labels-190.png 32 800 50
big_dataset_depth/000000002816-segment-13142190313715360621_3888_090_3908_090_with_camera_labels-190.png 40 888 38
big_dataset_depth/000000002816-segment-13142190313715360621_3888_090_3908_090_with_camera_labels-190.png 48 992 25
big_dataset_depth/000000002816-segment-13142190313715360621_3888_090_3908_090_with_camera_labels-190.png 56 800 47
big_dataset_depth/000000002816-segment-13142190313715360621_3888_090_3908_090_with_camera_labels-190.png 64 800 47
big_dataset_depth/000000002816-segment-13142190313715360621_3888_090_3908_090_with_camera_labels-190.png 72 800 47
big_dataset_depth/000000002816-segment-13142190313715360621_3888_090_3908_090_with_camera_labels-190.png 80 776 47
big_dataset_depth/000000002816-segment-13142190313715360621_3888_090_3908_090_with_camera_labels-190.png 88 976 26
big_dataset_depth/000000002816-segment-13142190313715360621_3888_090_3908_090_with_camera_labels-190.png 104 776 47
big_dataset_depth/000000002816-segment-13142190313715360621_3888_090_3908_090_with_camera_labels-190.png 112 776 47
big_dataset_depth/000000002816-segment-13142190313715360621_3888_090_3908_090_with_camera_labels-190.png 120 776 47
big_dataset_depth/000000002816-segment-13142190313715360621_3888_090_3908_090_with_camera_labels-190.png 128 776 47
big_dataset_depth/000000002816-segment-13142190313715360621_3888_090_3908_090_with_camera_labels-190.png 136 952 27
big_dataset_depth/000000002816-segment-13142190313715360621_3888_090_3908_090_with_camera_labels-190.png 144 864 37
big_dataset_depth/000000002816-segment-13142190313715360621_3888_090_3908_090_with_camera_labels-190.png 152 952 28
big_dataset_depth/000000002816-segment-13142190313715360621_3888_090_3908_090_with_camera_labels-190.png 160 800 49
big_dataset_depth/000000002816-segment-13142190313715360621_3888_090_3908_090_with_camera_labels-190.png 168 768 47
big_dataset_depth/000000002816-segment-13142190313715360621_3888_090_3908_090_with_camera_labels-190.png 176 672 73
big_dataset_depth/000000002816-segment-13142190313715360621_3888_090_3908_090_with_camera_labels-190.png 192 936 29
big_dataset_depth/000000002816-segment-13142190313715360621_3888_090_3908_090_with_camera_labels-190.png 200 864 38
big_dataset_depth/000000002816-segment-13142190313715360621_3888_090_3908_090_with_camera_labels-190.png 208 784 46
big_dataset_depth/000000002816-segment-13142190313715360621_3888_090_3908_090_with_camera_labels-190.png 216 784 46
big_dataset_depth/000000002816-segment-13142190313715360621_3888_090_3908_090_with_camera_labels-190.png 224 808 46
big_dataset_depth/000000002816-segment-13142190313715360621_3888_090_3908_090_with_camera_labels-190.png 232 784 46
big_dataset_depth/000000002816-segment-13142190313715360621_3888_090_3908_090_with_camera_labels-190.png 240 920 30
big_dataset_depth/000000002816-segment-13142190313715360621_3888_090_3908_090_with_camera_labels-190.png 248 848 38
big_dataset_depth/000000002816-segment-13142190313715360621_3888_090_3908_090_with_camera_labels-190.png 256 808 46
big_dataset_depth/000000002816-segment-13142190313715360621_3888_090_3908_090_with_camera_labels-190.png 264 808 46
big_dataset_depth/000000002816-segment-13142190313715360621_3888_090_3908_090_with_camera_labels-190.png 272 808 46
big_dataset_depth/000000002816-segment-13142190313715360621_3888_090_3908_090_with_camera_labels-190.png 280 800 46
big_dataset_depth/000000002816-segment-13142190313715360621_3888_090_3908_090_with_camera_labels-190.png 288 832 42
big_dataset_depth/000000002816-segment-13142190313715360621_3888_090_3908_090_with_camera_labels-190.png 296 784 46
big_dataset_depth/000000002816-segment-13142190313715360621_3888_090_3908_090_with_camera_labels-190.png 304 784 48
big_dataset_depth/000000002816-segment-13142190313715360621_3888_090_3908_090_with_camera_labels-190.png 312 776 46
big_dataset_depth/000000002816-segment-13142190313715360621_3888_090_3908_090_with_camera_labels-190.png 320 792 47
big_dataset_depth/000000002816-segment-13142190313715360621_3888_090_3908_090_with_camera_labels-190.png 328 792 49
big_dataset_depth/000000002816-segment-13142190313715360621_3888_090_3908_090_with_camera_labels-190.png 336 792 49
big_dataset_depth/000000002816-segment-13142190313715360621_3888_090_3908_090_with_camera_labels-190.png 344 800 48
big_dataset_depth/000000002816-segment-13142190313715360621_3888_090_3908_090_with_camera_labels-190.png 352 792 49
big_dataset_depth/000000002816-segment-13142190313715360621_3888_090_3908_090_with_camera_labels-190.png 360 792 49
big_dataset_depth/000000002816-segment-13142190313715360621_3888_090_3908_090_with_camera_labels-190.png 368 792 49
big_dataset_depth/000000002816-segment-13142190313715360621_3888_090_3908_090_with_camera_labels-190.png 376 792 49
big_dataset_depth/000000002816-segment-13142190313715360621_3888_090_3908_090_with_camera_labels-190.png 384 792 49
big_dataset_depth/000000002816-segment-13142190313715360621_3888_090_3908_090_with_camera_labels-190.png 392 792 49
big_dataset_depth/000000002816-segment-13142190313715360621_3888_090_3908_090_with_camera_labels-190.png 400 792 49
big_dataset_depth/000000002816-segment-13142190313715360621_3888_090_3908_090_with_camera_labels-190.png 408 792 49
big_dataset_depth/000000002816-segment-13142190313715360621_3888_090_3908_090_with_camera_labels-190.png 416 800 49
big_dataset_depth/000000002816-segment-13142190313715360621_3888_090_3908_090_with_camera_labels-190.png 424 792 49
big_dataset_depth/000000002816-segment-13142190313715360621_3888_090_3908_090_with_camera_labels-190.png 432 792 49
big_dataset_depth/000000002816-segment-13142190313715360621_3888_090_3908_090_with_camera_labels-190.png 440 792 49
big_dataset_depth/000000002816-segment-13142190313715360621_3888_090_3908_090_with_camera_labels-190.png 448 760 59
big_dataset_depth/000000002816-segment-13142190313715360621_3888_090_3908_090_with_camera_labels-190.png 464 736 69
big_dataset_depth/000000002816-segment-13142190313715360621_3888_090_3908_090_with_camera_labels-190.png 472 736 69
big_dataset_depth/000000002816-segment-13142190313715360621_3888_090_3908_090_with_camera_labels-190.png 480 728 69
big_dataset_depth/000000002816-segment-13142190313715360621_3888_090_3908_090_with_camera_labels-190.png 488 736 69
big_dataset_depth/000000002816-segment-13142190313715360621_3888_090_3908_090_with_camera_labels-190.png 496 736 69
big_dataset_depth/000000002816-segment-13142190313715360621_3888_090_3908_090_with_camera_labels-190.png 504 736 69
big_dataset_depth/000000002816-segment-13142190313715360621_3888_090_3908_090_with_camera_labels-190.png 512 736 69
big_dataset_depth/000000002816-segment-13142190313715360621_3888_090_3908_090_with_camera_labels-190.png 520 736 69
big_dataset_depth/000000002816-segment-13142190313715360621_3888_090_3908_090_with_camera_labels-190.png 528 744 69
big_dataset_depth/000000002816-segment-13142190313715360621_3888_090_3908_090_with_camera_labels-190.png 536 736 62
big_dataset_depth/000000002816-segment-13142190313715360621_3888_090_3908_090_with_camera_labels-190.png 544 744 49
big_dataset_depth/000000002816-segment-13142190313715360621_3888_090_3908_090_with_camera_labels-190.png 552 776 49
big_dataset_depth/000000002816-segment-13142190313715360621_3888_090_3908_090_with_camera_labels-190.png 560 792 49
big_dataset_depth/000000002816-segment-13142190313715360621_3888_090_3908_090_with_camera_labels-190.png 568 792 49
big_dataset_depth/000000002816-segment-13142190313715360621_3888_090_3908_090_with_camera_labels-190.png 576 792 49
big_dataset_depth/000000002816-segment-13142190313715360621_3888_090_3908_090_with_camera_labels-190.png 584 792 49
big_dataset_depth/000000002816-segment-13142190313715360621_3888_090_3908_090_with_camera_labels-190.png 592 752 49
big_dataset_depth/000000002816-segment-13142190313715360621_3888_090_3908_090_with_camera_labels-190.png 600 616 85
big_dataset_depth/000000002816-segment-13142190313715360621_3888_090_3908_090_with_camera_labels-190.png 608 720 75
big_dataset_depth/000000002816-segment-13142190313715360621_3888_090_3908_090_with_camera_labels-190.png 616 728 79
big_dataset_depth/000000002816-segment-13142190313715360621_3888_090_3908_090_with_camera_labels-190.png 624 728 82
big_dataset_depth/000000002816-segment-13142190313715360621_3888_090_3908_090_with_camera_labels-190.png 632 720 86
big_dataset_depth/000000002816-segment-13142190313715360621_3888_090_3908_090_with_camera_labels-190.png 640 720 86
big_dataset_depth/000000002816-segment-13142190313715360621_3888_090_3908_090_with_camera_labels-190.png 648 720 85
big_dataset_depth/000000002816-segment-13142190313715360621_3888_090_3908_090_with_camera_labels-190.png 656 704 92
big_dataset_depth/000000002816-segment-13142190313715360621_3888_090_3908_090_with_camera_labels-190.png 664 712 98
big_dataset_depth/000000002816-segment-13142190313715360621_3888_090_3908_090_with_camera_labels-190.png 672 704 98
big_dataset_depth/000000002816-segment-13142190313715360621_3888_090_3908_090_with_camera_labels-190.png 680 712 98
big_dataset_depth/000000002816-segment-13142190313715360621_3888_090_3908_090_with_camera_labels-190.png 688 704 101
big_dataset_depth/000000002816-segment-13142190313715360621_3888_090_3908_090_with_camera_labels-190.png 696 616 86
big_dataset_depth/000000002816-segment-13142190313715360621_3888_090_3908_090_with_camera_labels-190.png 704 720 95
big_dataset_depth/000000002816-segment-13142190313715360621_3888_090_3908_090_with_camera_labels-190.png 712 608 86
big_dataset_depth/000000002816-segment-13142190313715360621_3888_090_3908_090_with_camera_labels-190.png 720 728 88
big_dataset_depth/000000002816-segment-13142190313715360621_3888_090_3908_090_with_camera_labels-190.png 736 728 88
big_dataset_depth/000000002816-segment-13142190313715360621_3888_090_3908_090_with_camera_labels-190.png 1072 752 60
big_dataset_depth/000000002816-segment-13142190313715360621_3888_090_3908_090_with_camera_labels-190.png 1080 760 59
big_dataset_depth/000000002816-segment-13142190313715360621_3888_090_3908_090_with_camera_labels-190.png 1088 760 56
big_dataset_depth/000000002816-segment-13142190313715360621_3888_090_3908_090_with_camera_labels-190.png 1096 760 56
big_dataset_depth/000000002816-segment-13142190313715360621_3888_090_3908_090_with_camera_labels-190.png 1104 752 56
big_dataset_depth/000000002816-segment-13142190313715360621_3888_090_3908_090_with_camera_labels-190.png 1112 752 55
big_dataset_depth/000000002816-segment-13142190313715360621_3888_090_3908_090_with_camera_labels-190.png 1120 752 55
big_dataset_depth/000000002816-segment-13142190313715360621_3888_090_3908_090_with_camera_labels-190.png 1128 752 55
big_dataset_depth/000000002816-segment-13142190313715360621_3888_090_3908_090_with_camera_labels-190.png 1136 752 55
big_dataset_depth/000000002816-segment-13142190313715360621_3888_090_3908_090_with_camera_labels-190.png 1144 752 55
big_dataset_depth/000000002816-segment-13142190313715360621_3888_090_3908_090_with_camera_labels-190.png 1152 752 55
big_dataset_depth/000000002816-segment-13142190313715360621_3888_090_3908_090_with_camera_labels-190.png 1160 760 56
big_dataset_depth/000000002816-segment-13142190313715360621_3888_090_3908_090_with_camera_labels-190.png 1168 752 55
big_dataset_depth/000000002816-segment-13142190313715360621_3888_090_3908_090_with_camera_labels-190.png 1176 760 56
big_dataset_depth/000000002816-segment-13142190313715360621_3888_090_3908_090_with_camera_labels-190.png 1184 680 83
big_dataset_depth/000000002816-segment-13142190313715360621_3888_090_3908_090_with_camera_labels-190.png 1192 696 106
big_dataset_depth/000000002816-segment-13142190313715360621_3888_090_3908_090_with_camera_labels-190.png 1200 704 100
big_dataset_depth/000000002816-segment-13142190313715360621_3888_090_3908_090_with_camera_labels-190.png 1208 696 104
big_dataset_depth/000000002816-segment-13142190313715360621_3888_090_3908_090_with_camera_labels-190.png 1216 704 100
big_dataset_depth/000000002816-segment-13142190313715360621_3888_090_3908_090_with_camera_labels-190.png 1224 696 105
big_dataset_depth/000000002816-segment-13142190313715360621_3888_090_3908_090_with_camera_labels-190.png 1232 720 74
big_dataset_depth/000000002816-segment-13142190313715360621_3888_090_3908_090_with_camera_labels-190.png 1240 712 88
big_dataset_depth/000000002816-segment-13142190313715360621_3888_090_3908_090_with_camera_labels-190.png 1248 728 74
big_dataset_depth/000000002816-segment-13142190313715360621_3888_090_3908_090_with_camera_labels-190.png 1256 720 74
big_dataset_depth/000000002816-segment-13142190313715360621_3888_090_3908_090_with_camera_labels-190.png 1264 720 74
big_dataset_depth/000000002816-segment-13142190313715360621_3888_090_3908_090_with_camera_labels-190.png 1272 720 74
big_dataset_depth/000000002816-segment-13142190313715360621_3888_090_3908_090_with_camera_labels-190.png 1280 688 93
big_dataset_depth/000000002816-segment-13142190313715360621_3888_090_3908_090_with_camera_labels-190.png 1288 688 87
big_dataset_depth/000000002816-segment-13142190313715360621_3888_090_3908_090_with_camera_labels-190.png 1296 712 80
big_dataset_depth/000000002816-segment-13142190313715360621_3888_090_3908_090_with_camera_labels-190.png 1304 672 103
big_dataset_depth/000000002816-segment-13142190313715360621_3888_090_3908_090_with_camera_labels-190.png 1312 696 53
big_dataset_depth/000000002816-segment-13142190313715360621_3888_090_3908_090_with_camera_labels-190.png 1320 704 53
big_dataset_depth/000000002816-segment-13142190313715360621_3888_090_3908_090_with_camera_labels-190.png 1328 720 54
big_dataset_depth/000000002816-segment-13142190313715360621_3888_090_3908_090_with_camera_labels-190.png 1336 704 54
big_dataset_depth/000000002816-segment-13142190313715360621_3888_090_3908_090_with_camera_labels-190.png 1344 680 53
big_dataset_depth/000000002816-segment-13142190313715360621_3888_090_3908_090_with_camera_labels-190.png 1352 712 68
big_dataset_depth/000000002816-segment-13142190313715360621_3888_090_3908_090_with_camera_labels-190.png 1360 712 75
big_dataset_depth/000000002816-segment-13142190313715360621_3888_090_3908_090_with_camera_labels-190.png 1368 712 75
big_dataset_depth/000000002816-segment-13142190313715360621_3888_090_3908_090_with_camera_labels-190.png 1376 720 46
big_dataset_depth/000000002816-segment-13142190313715360621_3888_090_3908_090_with_camera_labels-190.png 1384 784 46
big_dataset_depth/000000002816-segment-13142190313715360621_3888_090_3908_090_with_camera_labels-190.png 1392 776 44
big_dataset_depth/000000002816-segment-13142190313715360621_3888_090_3908_090_with_camera_labels-190.png 1400 704 55
big_dataset_depth/000000002816-segment-13142190313715360621_3888_090_3908_090_with_camera_labels-190.png 1408 712 65
big_dataset_depth/000000002816-segment-13142190313715360621_3888_090_3908_090_with_camera_labels-190.png 1416 752 54
big_dataset_depth/000000002816-segment-13142190313715360621_3888_090_3908_090_with_camera_labels-190.png 1424 744 58
big_dataset_depth/000000002816-segment-13142190313715360621_3888_090_3908_090_with_camera_labels-190.png 1448 816 45
big_dataset_depth/000000002816-segment-13142190313715360621_3888_090_3908_090_with_camera_labels-190.png 1456 840 40
big_dataset_depth/000000002816-segment-13142190313715360621_3888_090_3908_090_with_camera_labels-190.png 1464 896 29
big_dataset_depth/000000002816-segment-13142190313715360621_3888_090_3908_090_with_camera_labels-190.png 1472 736 58
big_dataset_depth/000000002816-segment-13142190313715360621_3888_090_3908_090_with_camera_labels-190.png 1480 736 58
big_dataset_depth/000000002816-segment-13142190313715360621_3888_090_3908_090_with_camera_labels-190.png 1488 848 38
big_dataset_depth/000000002816-segment-13142190313715360621_3888_090_3908_090_with_camera_labels-190.png 1504 744 55
big_dataset_depth/000000002816-segment-13142190313715360621_3888_090_3908_090_with_camera_labels-190.png 1512 744 54
big_dataset_depth/000000002816-segment-13142190313715360621_3888_090_3908_090_with_camera_labels-190.png 1520 920 27
big_dataset_depth/000000002816-segment-13142190313715360621_3888_090_3908_090_with_camera_labels-190.png 1528 920 26
big_dataset_depth/000000002816-segment-13142190313715360621_3888_090_3908_090_with_camera_labels-190.png 1536 744 52
big_dataset_depth/000000002816-segment-13142190313715360621_3888_090_3908_090_with_camera_labels-190.png 1544 744 52
big_dataset_depth/000000002816-segment-13142190313715360621_3888_090_3908_090_with_camera_labels-190.png 1552 944 25
big_dataset_depth/000000002816-segment-13142190313715360621_3888_090_3908_090_with_camera_labels-190.png 1560 944 25
big_dataset_depth/000000002816-segment-13142190313715360621_3888_090_3908_090_with_camera_labels-190.png 1568 848 37
big_dataset_depth/000000002816-segment-13142190313715360621_3888_090_3908_090_with_camera_labels-190.png 1576 856 37
big_dataset_depth/000000002816-segment-13142190313715360621_3888_090_3908_090_with_camera_labels-190.png 1584 960 24
big_dataset_depth/000000002816-segment-13142190313715360621_3888_090_3908_090_with_camera_labels-190.png 1592 960 24
big_dataset_depth/000000002816-segment-13142190313715360621_3888_090_3908_090_with_camera_labels-190.png 1608 768 47
big_dataset_depth/000000002816-segment-13142190313715360621_3888_090_3908_090_with_camera_labels-190.png 1616 872 35
big_dataset_depth/000000002816-segment-13142190313715360621_3888_090_3908_090_with_camera_labels-190.png 1624 976 23
big_dataset_depth/000000002816-segment-13142190313715360621_3888_090_3908_090_with_camera_labels-190.png 1632 976 23
big_dataset_depth/000000002816-segment-13142190313715360621_3888_090_3908_090_with_camera_labels-190.png 1640 976 23
big_dataset_depth/000000002816-segment-13142190313715360621_3888_090_3908_090_with_camera_labels-190.png 1648 752 47
big_dataset_depth/000000002816-segment-13142190313715360621_3888_090_3908_090_with_camera_labels-190.png 1656 992 22
big_dataset_depth/000000002816-segment-13142190313715360621_3888_090_3908_090_with_camera_labels-190.png 1664 992 22
big_dataset_depth/000000002816-segment-13142190313715360621_3888_090_3908_090_with_camera_labels-190.png 1672 992 22
big_dataset_depth/000000002816-segment-13142190313715360621_3888_090_3908_090_with_camera_labels-190.png 1680 992 22
big_dataset_depth/000000002816-segment-13142190313715360621_3888_090_3908_090_with_camera_labels-190.png 1688 752 47
big_dataset_depth/000000002816-segment-13142190313715360621_3888_090_3908_090_with_camera_labels-190.png 1696 1008 21
big_dataset_depth/000000002816-segment-13142190313715360621_3888_090_3908_090_with_camera_labels-190.png 1704 928 30
big_dataset_depth/000000002816-segment-13142190313715360621_3888_090_3908_090_with_camera_labels-190.png 1712 1008 21
big_dataset_depth/000000002816-segment-13142190313715360621_3888_090_3908_090_with_camera_labels-190.png 1720 1008 21
big_dataset_depth/000000002816-segment-13142190313715360621_3888_090_3908_090_with_camera_labels-190.png 1736 1032 20
big_dataset_depth/000000002816-segment-13142190313715360621_3888_090_3908_090_with_camera_labels-190.png 1744 1032 20
big_dataset_depth/000000002816-segment-13142190313715360621_3888_090_3908_090_with_camera_labels-190.png 1752 1032 20
big_dataset_depth/000000002816-segment-13142190313715360621_3888_090_3908_090_with_camera_labels-190.png 1760 1032 20
big_dataset_depth/000000002816-segment-13142190313715360621_3888_090_3908_090_with_camera_labels-190.png 1768 1032 20
big_dataset_depth/000000002816-segment-13142190313715360621_3888_090_3908_090_with_camera_labels-190.png 1776 1048 19
big_dataset_depth/000000002816-segment-13142190313715360621_3888_090_3908_090_with_camera_labels-190.png 1784 1048 19
big_dataset_depth/000000002816-segment-13142190313715360621_3888_090_3908_090_with_camera_labels-190.png 1792 1048 19
big_dataset_depth/000000002816-segment-13142190313715360621_3888_090_3908_090_with_camera_labels-190.png 1800 1048 19
big_dataset_depth/000000002816-segment-13142190313715360621_3888_090_3908_090_with_camera_labels-190.png 1808 1048 19
big_dataset_depth/000000002816-segment-13142190313715360621_3888_090_3908_090_with_camera_labels-190.png 1816 1072 19
big_dataset_depth/000000002816-segment-13142190313715360621_3888_090_3908_090_with_camera_labels-190.png 1824 1072 19
big_dataset_depth/000000002816-segment-13142190313715360621_3888_090_3908_090_with_camera_labels-190.png 1832 1072 19
big_dataset_depth/000000002816-segment-13142190313715360621_3888_090_3908_090_with_camera_labels-190.png 1840 1072 18
big_dataset_depth/000000002816-segment-13142190313715360621_3888_090_3908_090_with_camera_labels-190.png 1848 1072 18
big_dataset_depth/000000002816-segment-13142190313715360621_3888_090_3908_090_with_camera_labels-190.png 1856 1096 18
big_dataset_depth/000000002816-segment-13142190313715360621_3888_090_3908_090_with_camera_labels-190.png 1864 1096 18
big_dataset_depth/000000002816-segment-13142190313715360621_3888_090_3908_090_with_camera_labels-190.png 1872 880 30
big_dataset_depth/000000002816-segment-13142190313715360621_3888_090_3908_090_with_camera_labels-190.png 1880 1096 18
big_dataset_depth/000000002816-segment-13142190313715360621_3888_090_3908_090_with_camera_labels-190.png 1888 1104 18
big_dataset_depth/000000002816-segment-13142190313715360621_3888_090_3908_090_with_camera_labels-190.png 1896 864 36
big_dataset_depth/000000002816-segment-13142190313715360621_3888_090_3908_090_with_camera_labels-190.png 1904 1008 23
big_dataset_depth/000000002816-segment-13142190313715360621_3888_090_3908_090_with_camera_labels-190.png 1912 912 32
