big_dataset_depth/000000000639-segment-10584247114982259878_490_000_510_000_with_camera_labels-190.png 0 776 63
big_dataset_depth/000000000639-segment-10584247114982259878_490_000_510_000_with_camera_labels-190.png 8 776 63
big_dataset_depth/000000000639-segment-10584247114982259878_490_000_510_000_with_camera_labels-190.png 16 776 63
big_dataset_depth/000000000639-segment-10584247114982259878_490_000_510_000_with_camera_labels-190.png 24 1024 20
big_dataset_depth/000000000639-segment-10584247114982259878_490_000_510_000_with_camera_labels-190.png 32 808 52
big_dataset_depth/000000000639-segment-10584247114982259878_490_000_510_000_with_camera_labels-190.png 40 1024 20
big_dataset_depth/000000000639-segment-10584247114982259878_490_000_510_000_with_camera_labels-190.png 48 848 49
big_dataset_depth/000000000639-segment-10584247114982259878_490_000_510_000_with_camera_labels-190.png 56 1024 20
big_dataset_depth/000000000639-segment-10584247114982259878_490_000_510_000_with_camera_labels-190.png 64 904 41
big_dataset_depth/000000000639-segment-10584247114982259878_490_000_510_000_with_camera_labels-190.png 72 816 54
big_dataset_depth/000000000639-segment-10584247114982259878_490_000_510_000_with_camera_labels-190.png 88 816 54
big_dataset_depth/000000000639-segment-10584247114982259878_490_000_510_000_with_camera_labels-190.png 112 1008 21
big_dataset_depth/000000000639-segment-10584247114982259878_490_000_510_000_with_camera_labels-190.png 128 1008 21
big_dataset_depth/000000000639-segment-10584247114982259878_490_000_510_000_with_camera_labels-190.png 144 1008 22
big_dataset_depth/000000000639-segment-10584247114982259878_490_000_510_000_with_camera_labels-190.png 168 984 22
big_dataset_depth/000000000639-segment-10584247114982259878_490_000_510_000_with_camera_labels-190.png 176 984 22
big_dataset_depth/000000000639-segment-10584247114982259878_490_000_510_000_with_camera_labels-190.png 184 984 22
big_dataset_depth/000000000639-segment-10584247114982259878_490_000_510_000_with_camera_labels-190.png 192 984 22
big_dataset_depth/000000000639-segment-10584247114982259878_490_000_510_000_with_camera_labels-190.png 200 984 23
big_dataset_depth/000000000639-segment-10584247114982259878_490_000_510_000_with_camera_labels-190.png 208 984 23
big_dataset_depth/000000000639-segment-10584247114982259878_490_000_510_000_with_camera_labels-190.png 216 984 23
big_dataset_depth/000000000639-segment-10584247114982259878_490_000_510_000_with_camera_labels-190.png 240 968 23
big_dataset_depth/000000000639-segment-10584247114982259878_490_000_510_000_with_camera_labels-190.png 248 968 23
big_dataset_depth/000000000639-segment-10584247114982259878_490_000_510_000_with_camera_labels-190.png 256 968 23
big_dataset_depth/000000000639-segment-10584247114982259878_490_000_510_000_with_camera_labels-190.png 264 968 23
big_dataset_depth/000000000639-segment-10584247114982259878_490_000_510_000_with_camera_labels-190.png 288 952 24
big_dataset_depth/000000000639-segment-10584247114982259878_490_000_510_000_with_camera_labels-190.png 296 840 60
big_dataset_depth/000000000639-segment-10584247114982259878_490_000_510_000_with_camera_labels-190.png 304 952 24
big_dataset_depth/000000000639-segment-10584247114982259878_490_000_510_000_with_camera_labels-190.png 312 952 24
big_dataset_depth/000000000639-segment-10584247114982259878_490_000_510_000_with_camera_labels-190.png 320 952 24
big_dataset_depth/000000000639-segment-10584247114982259878_490_000_510_000_with_camera_labels-190.png 328 944 25
big_dataset_depth/000000000639-segment-10584247114982259878_490_000_510_000_with_camera_labels-190.png 352 928 25
big_dataset_depth/000000000639-segment-10584247114982259878_490_000_510_000_with_camera_labels-190.png 360 928 25
big_dataset_depth/000000000639-segment-10584247114982259878_490_000_510_000_with_camera_labels-190.png 368 928 26
big_dataset_depth/000000000639-segment-10584247114982259878_490_000_510_000_with_camera_labels-190.png 376 928 26
big_dataset_depth/000000000639-segment-10584247114982259878_490_000_510_000_with_camera_labels-190.png 384 928 26
big_dataset_depth/000000000639-segment-10584247114982259878_490_000_510_000_with_camera_labels-190.png 408 912 27
big_dataset_depth/000000000639-segment-10584247114982259878_490_000_510_000_with_camera_labels-190.png 416 912 27
big_dataset_depth/000000000639-segment-10584247114982259878_490_000_510_000_with_camera_labels-190.png 424 912 27
big_dataset_depth/000000000639-segment-10584247114982259878_490_000_510_000_with_camera_labels-190.png 432 912 27
big_dataset_depth/000000000639-segment-10584247114982259878_490_000_510_000_with_camera_labels-190.png 440 912 27
big_dataset_depth/000000000639-segment-10584247114982259878_490_000_510_000_with_camera_labels-190.png 472 896 28
big_dataset_depth/000000000639-segment-10584247114982259878_490_000_510_000_with_camera_labels-190.png 520 888 30
big_dataset_depth/000000000639-segment-10584247114982259878_490_000_510_000_with_camera_labels-190.png 528 888 30
big_dataset_depth/000000000639-segment-10584247114982259878_490_000_510_000_with_camera_labels-190.png 536 888 30
big_dataset_depth/000000000639-segment-10584247114982259878_490_000_510_000_with_camera_labels-190.png 544 888 30
big_dataset_depth/000000000639-segment-10584247114982259878_490_000_510_000_with_camera_labels-190.png 568 720 94
big_dataset_depth/000000000639-segment-10584247114982259878_490_000_510_000_with_camera_labels-190.png 576 728 94
big_dataset_depth/000000000639-segment-10584247114982259878_490_000_510_000_with_camera_labels-190.png 584 720 93
big_dataset_depth/000000000639-segment-10584247114982259878_490_000_510_000_with_camera_labels-190.png 592 720 93
big_dataset_depth/000000000639-segment-10584247114982259878_490_000_510_000_with_camera_labels-190.png 600 720 93
big_dataset_depth/000000000639-segment-10584247114982259878_490_000_510_000_with_camera_labels-190.png 608 720 92
big_dataset_depth/000000000639-segment-10584247114982259878_490_000_510_000_with_camera_labels-190.png 616 720 92
big_dataset_depth/000000000639-segment-10584247114982259878_490_000_510_000_with_camera_labels-190.png 624 792 63
big_dataset_depth/000000000639-segment-10584247114982259878_490_000_510_000_with_camera_labels-190.png 632 792 62
big_dataset_depth/000000000639-segment-10584247114982259878_490_000_510_000_with_camera_labels-190.png 648 720 91
big_dataset_depth/000000000639-segment-10584247114982259878_490_000_510_000_with_camera_labels-190.png 656 720 90
big_dataset_depth/000000000639-segment-10584247114982259878_490_000_510_000_with_camera_labels-190.png 664 720 90
big_dataset_depth/000000000639-segment-10584247114982259878_490_000_510_000_with_camera_labels-190.png 672 720 90
big_dataset_depth/000000000639-segment-10584247114982259878_490_000_510_000_with_camera_labels-190.png 680 720 90
big_dataset_depth/000000000639-segment-10584247114982259878_490_000_510_000_with_camera_labels-190.png 688 720 90
big_dataset_depth/000000000639-segment-10584247114982259878_490_000_510_000_with_camera_labels-190.png 696 720 90
big_dataset_depth/000000000639-segment-10584247114982259878_490_000_510_000_with_camera_labels-190.png 704 720 90
big_dataset_depth/000000000639-segment-10584247114982259878_490_000_510_000_with_camera_labels-190.png 712 832 38
big_dataset_depth/000000000639-segment-10584247114982259878_490_000_510_000_with_camera_labels-190.png 720 720 91
big_dataset_depth/000000000639-segment-10584247114982259878_490_000_510_000_with_camera_labels-190.png 752 824 40
big_dataset_depth/000000000639-segment-10584247114982259878_490_000_510_000_with_camera_labels-190.png 784 808 43
big_dataset_depth/000000000639-segment-10584247114982259878_490_000_510_000_with_camera_labels-190.png 792 712 79
big_dataset_depth/000000000639-segment-10584247114982259878_490_000_510_000_with_camera_labels-190.png 800 728 79
big_dataset_depth/000000000639-segment-10584247114982259878_490_000_510_000_with_camera_labels-190.png 808 720 78
big_dataset_depth/000000000639-segment-10584247114982259878_490_000_510_000_with_camera_labels-190.png 816 712 78
big_dataset_depth/000000000639-segment-10584247114982259878_490_000_510_000_with_camera_labels-190.png 824 720 77
big_dataset_depth/000000000639-segment-10584247114982259878_490_000_510_000_with_camera_labels-190.png 832 720 77
big_dataset_depth/000000000639-segment-10584247114982259878_490_000_510_000_with_camera_labels-190.png 840 720 76
big_dataset_depth/000000000639-segment-10584247114982259878_490_000_510_000_with_camera_labels-190.png 848 728 75
big_dataset_depth/000000000639-segment-10584247114982259878_490_000_510_000_with_camera_labels-190.png 856 720 75
big_dataset_depth/000000000639-segment-10584247114982259878_490_000_510_000_with_camera_labels-190.png 864 720 74
big_dataset_depth/000000000639-segment-10584247114982259878_490_000_510_000_with_camera_labels-190.png 872 744 74
big_dataset_depth/000000000639-segment-10584247114982259878_490_000_510_000_with_camera_labels-190.png 880 768 74
big_dataset_depth/000000000639-segment-10584247114982259878_490_000_510_000_with_camera_labels-190.png 888 744 74
big_dataset_depth/000000000639-segment-10584247114982259878_490_000_510_000_with_camera_labels-190.png 896 720 74
big_dataset_depth/000000000639-segment-10584247114982259878_490_000_510_000_with_camera_labels-190.png 904 1016 44
big_dataset_depth/000000000639-segment-10584247114982259878_490_000_510_000_with_camera_labels-190.png 912 720 74
big_dataset_depth/000000000639-segment-10584247114982259878_490_000_510_000_with_camera_labels-190.png 920 728 75
big_dataset_depth/000000000639-segment-10584247114982259878_490_000_510_000_with_camera_labels-190.png 928 720 75
big_dataset_depth/000000000639-segment-10584247114982259878_490_000_510_000_with_camera_labels-190.png 936 784 75
big_dataset_depth/000000000639-segment-10584247114982259878_490_000_510_000_with_camera_labels-190.png 1016 888 30
big_dataset_depth/000000000639-segment-10584247114982259878_490_000_510_000_with_camera_labels-190.png 1152 784 51
big_dataset_depth/000000000639-segment-10584247114982259878_490_000_510_000_with_camera_labels-190.png 1160 872 42
big_dataset_depth/000000000639-segment-10584247114982259878_490_000_510_000_with_camera_labels-190.png 1168 872 43
big_dataset_depth/000000000639-segment-10584247114982259878_490_000_510_000_with_camera_labels-190.png 1176 872 43
big_dataset_depth/000000000639-segment-10584247114982259878_490_000_510_000_with_camera_labels-190.png 1184 880 43
big_dataset_depth/000000000639-segment-10584247114982259878_490_000_510_000_with_camera_labels-190.png 1192 832 42
big_dataset_depth/000000000639-segment-10584247114982259878_490_000_510_000_with_camera_labels-190.png 1200 784 42
big_dataset_depth/000000000639-segment-10584247114982259878_490_000_510_000_with_camera_labels-190.png 1208 784 42
big_dataset_depth/000000000639-segment-10584247114982259878_490_000_510_000_with_camera_labels-190.png 1216 880 42
big_dataset_depth/000000000639-segment-10584247114982259878_490_000_510_000_with_camera_labels-190.png 1224 784 43
big_dataset_depth/000000000639-segment-10584247114982259878_490_000_510_000_with_camera_labels-190.png 1232 784 42
big_dataset_depth/000000000639-segment-10584247114982259878_490_000_510_000_with_camera_labels-190.png 1240 784 42
big_dataset_depth/000000000639-segment-10584247114982259878_490_000_510_000_with_camera_labels-190.png 1248 784 42
big_dataset_depth/000000000639-segment-10584247114982259878_490_000_510_000_with_camera_labels-190.png 1256 880 42
big_dataset_depth/000000000639-segment-10584247114982259878_490_000_510_000_with_camera_labels-190.png 1264 784 42
big_dataset_depth/000000000639-segment-10584247114982259878_490_000_510_000_with_camera_labels-190.png 1272 784 42
big_dataset_depth/000000000639-segment-10584247114982259878_490_000_510_000_with_camera_labels-190.png 1280 784 42
big_dataset_depth/000000000639-segment-10584247114982259878_490_000_510_000_with_camera_labels-190.png 1288 792 43
big_dataset_depth/000000000639-segment-10584247114982259878_490_000_510_000_with_camera_labels-190.png 1296 792 43
big_dataset_depth/000000000639-segment-10584247114982259878_490_000_510_000_with_camera_labels-190.png 1304 784 46
big_dataset_depth/000000000639-segment-10584247114982259878_490_000_510_000_with_camera_labels-190.png 1312 720 47
big_dataset_depth/000000000639-segment-10584247114982259878_490_000_510_000_with_camera_labels-190.png 1408 872 43
big_dataset_depth/000000000639-segment-10584247114982259878_490_000_510_000_with_camera_labels-190.png 1416 880 43
big_dataset_depth/000000000639-segment-10584247114982259878_490_000_510_000_with_camera_labels-190.png 1424 896 43
big_dataset_depth/000000000639-segment-10584247114982259878_490_000_510_000_with_camera_labels-190.png 1432 904 43
big_dataset_depth/000000000639-segment-10584247114982259878_490_000_510_000_with_camera_labels-190.png 1440 856 43
big_dataset_depth/000000000639-segment-10584247114982259878_490_000_510_000_with_camera_labels-190.png 1448 808 44
big_dataset_depth/000000000639-segment-10584247114982259878_490_000_510_000_with_camera_labels-190.png 1456 792 43
big_dataset_depth/000000000639-segment-10584247114982259878_490_000_510_000_with_camera_labels-190.png 1464 792 43
big_dataset_depth/000000000639-segment-10584247114982259878_490_000_510_000_with_camera_labels-190.png 1472 872 43
big_dataset_depth/000000000639-segment-10584247114982259878_490_000_510_000_with_camera_labels-190.png 1480 896 43
big_dataset_depth/000000000639-segment-10584247114982259878_490_000_510_000_with_camera_labels-190.png 1488 888 43
big_dataset_depth/000000000639-segment-10584247114982259878_490_000_510_000_with_camera_labels-190.png 1496 872 43
big_dataset_depth/000000000639-segment-10584247114982259878_490_000_510_000_with_camera_labels-190.png 1504 872 43
big_dataset_depth/000000000639-segment-10584247114982259878_490_000_510_000_with_camera_labels-190.png 1512 888 43
big_dataset_depth/000000000639-segment-10584247114982259878_490_000_510_000_with_camera_labels-190.png 1520 928 43
big_dataset_depth/000000000639-segment-10584247114982259878_490_000_510_000_with_camera_labels-190.png 1528 928 43
big_dataset_depth/000000000639-segment-10584247114982259878_490_000_510_000_with_camera_labels-190.png 1536 912 43
big_dataset_depth/000000000639-segment-10584247114982259878_490_000_510_000_with_camera_labels-190.png 1544 888 43
big_dataset_depth/000000000639-segment-10584247114982259878_490_000_510_000_with_camera_labels-190.png 1584 744 56
big_dataset_depth/000000000639-segment-10584247114982259878_490_000_510_000_with_camera_labels-190.png 1592 760 54
big_dataset_depth/000000000639-segment-10584247114982259878_490_000_510_000_with_camera_labels-190.png 1600 768 53
big_dataset_depth/000000000639-segment-10584247114982259878_490_000_510_000_with_camera_labels-190.png 1608 768 52
big_dataset_depth/000000000639-segment-10584247114982259878_490_000_510_000_with_camera_labels-190.png 1616 816 51
big_dataset_depth/000000000639-segment-10584247114982259878_490_000_510_000_with_camera_labels-190.png 1624 840 51
big_dataset_depth/000000000639-segment-10584247114982259878_490_000_510_000_with_camera_labels-190.png 1632 784 53
big_dataset_depth/000000000639-segment-10584247114982259878_490_000_510_000_with_camera_labels-190.png 1640 768 51
big_dataset_depth/000000000639-segment-10584247114982259878_490_000_510_000_with_camera_labels-190.png 1648 808 53
big_dataset_depth/000000000639-segment-10584247114982259878_490_000_510_000_with_camera_labels-190.png 1656 784 52
big_dataset_depth/000000000639-segment-10584247114982259878_490_000_510_000_with_camera_labels-190.png 1664 816 52
big_dataset_depth/000000000639-segment-10584247114982259878_490_000_510_000_with_camera_labels-190.png 1672 792 52
big_dataset_depth/000000000639-segment-10584247114982259878_490_000_510_000_with_camera_labels-190.png 1680 800 54
big_dataset_depth/000000000639-segment-10584247114982259878_490_000_510_000_with_camera_labels-190.png 1688 832 51
big_dataset_depth/000000000639-segment-10584247114982259878_490_000_510_000_with_camera_labels-190.png 1696 832 51
big_dataset_depth/000000000639-segment-10584247114982259878_490_000_510_000_with_camera_labels-190.png 1704 832 51
big_dataset_depth/000000000639-segment-10584247114982259878_490_000_510_000_with_camera_labels-190.png 1712 840 52
big_dataset_depth/000000000639-segment-10584247114982259878_490_000_510_000_with_camera_labels-190.png 1744 936 28
big_dataset_depth/000000000639-segment-10584247114982259878_490_000_510_000_with_camera_labels-190.png 1848 800 54
