big_dataset_depth/000000000525-segment-10485926982439064520_4980_000_5000_000_with_camera_labels-50.png 0 704 73
big_dataset_depth/000000000525-segment-10485926982439064520_4980_000_5000_000_with_camera_labels-50.png 8 768 51
big_dataset_depth/000000000525-segment-10485926982439064520_4980_000_5000_000_with_camera_labels-50.png 16 832 39
big_dataset_depth/000000000525-segment-10485926982439064520_4980_000_5000_000_with_camera_labels-50.png 24 704 63
big_dataset_depth/000000000525-segment-10485926982439064520_4980_000_5000_000_with_camera_labels-50.png 32 816 43
big_dataset_depth/000000000525-segment-10485926982439064520_4980_000_5000_000_with_camera_labels-50.png 40 800 41
big_dataset_depth/000000000525-segment-10485926982439064520_4980_000_5000_000_with_camera_labels-50.png 48 816 39
big_dataset_depth/000000000525-segment-10485926982439064520_4980_000_5000_000_with_camera_labels-50.png 56 848 39
big_dataset_depth/000000000525-segment-10485926982439064520_4980_000_5000_000_with_camera_labels-50.png 64 776 39
big_dataset_depth/000000000525-segment-10485926982439064520_4980_000_5000_000_with_camera_labels-50.png 72 840 39
big_dataset_depth/000000000525-segment-10485926982439064520_4980_000_5000_000_with_camera_labels-50.png 88 800 51
big_dataset_depth/000000000525-segment-10485926982439064520_4980_000_5000_000_with_camera_labels-50.png 96 800 51
big_dataset_depth/000000000525-segment-10485926982439064520_4980_000_5000_000_with_camera_labels-50.png 104 776 54
big_dataset_depth/000000000525-segment-10485926982439064520_4980_000_5000_000_with_camera_labels-50.png 112 776 55
big_dataset_depth/000000000525-segment-10485926982439064520_4980_000_5000_000_with_camera_labels-50.png 120 792 53
big_dataset_depth/000000000525-segment-10485926982439064520_4980_000_5000_000_with_camera_labels-50.png 128 792 53
big_dataset_depth/000000000525-segment-10485926982439064520_4980_000_5000_000_with_camera_labels-50.png 136 736 70
big_dataset_depth/000000000525-segment-10485926982439064520_4980_000_5000_000_with_camera_labels-50.png 144 744 71
big_dataset_depth/000000000525-segment-10485926982439064520_4980_000_5000_000_with_camera_labels-50.png 152 736 71
big_dataset_depth/000000000525-segment-10485926982439064520_4980_000_5000_000_with_camera_labels-50.png 160 744 73
big_dataset_depth/000000000525-segment-10485926982439064520_4980_000_5000_000_with_camera_labels-50.png 168 744 64
big_dataset_depth/000000000525-segment-10485926982439064520_4980_000_5000_000_with_camera_labels-50.png 176 776 56
big_dataset_depth/000000000525-segment-10485926982439064520_4980_000_5000_000_with_camera_labels-50.png 184 768 57
big_dataset_depth/000000000525-segment-10485926982439064520_4980_000_5000_000_with_camera_labels-50.png 192 576 58
big_dataset_depth/000000000525-segment-10485926982439064520_4980_000_5000_000_with_camera_labels-50.png 200 776 58
big_dataset_depth/000000000525-segment-10485926982439064520_4980_000_5000_000_with_camera_labels-50.png 208 736 62
big_dataset_depth/000000000525-segment-10485926982439064520_4980_000_5000_000_with_camera_labels-50.png 224 768 59
big_dataset_depth/000000000525-segment-10485926982439064520_4980_000_5000_000_with_camera_labels-50.png 232 768 56
big_dataset_depth/000000000525-segment-10485926982439064520_4980_000_5000_000_with_camera_labels-50.png 240 776 56
big_dataset_depth/000000000525-segment-10485926982439064520_4980_000_5000_000_with_camera_labels-50.png 248 760 55
big_dataset_depth/000000000525-segment-10485926982439064520_4980_000_5000_000_with_camera_labels-50.png 256 760 56
big_dataset_depth/000000000525-segment-10485926982439064520_4980_000_5000_000_with_camera_labels-50.png 264 784 57
big_dataset_depth/000000000525-segment-10485926982439064520_4980_000_5000_000_with_camera_labels-50.png 272 776 52
big_dataset_depth/000000000525-segment-10485926982439064520_4980_000_5000_000_with_camera_labels-50.png 280 792 45
big_dataset_depth/000000000525-segment-10485926982439064520_4980_000_5000_000_with_camera_labels-50.png 288 776 50
big_dataset_depth/000000000525-segment-10485926982439064520_4980_000_5000_000_with_camera_labels-50.png 296 808 46
big_dataset_depth/000000000525-segment-10485926982439064520_4980_000_5000_000_with_camera_labels-50.png 304 776 45
big_dataset_depth/000000000525-segment-10485926982439064520_4980_000_5000_000_with_camera_labels-50.png 312 808 45
big_dataset_depth/000000000525-segment-10485926982439064520_4980_000_5000_000_with_camera_labels-50.png 320 792 40
big_dataset_depth/000000000525-segment-10485926982439064520_4980_000_5000_000_with_camera_labels-50.png 328 808 41
big_dataset_depth/000000000525-segment-10485926982439064520_4980_000_5000_000_with_camera_labels-50.png 336 792 41
big_dataset_depth/000000000525-segment-10485926982439064520_4980_000_5000_000_with_camera_labels-50.png 344 792 42
big_dataset_depth/000000000525-segment-10485926982439064520_4980_000_5000_000_with_camera_labels-50.png 352 800 42
big_dataset_depth/000000000525-segment-10485926982439064520_4980_000_5000_000_with_camera_labels-50.png 360 784 42
big_dataset_depth/000000000525-segment-10485926982439064520_4980_000_5000_000_with_camera_labels-50.png 368 784 47
big_dataset_depth/000000000525-segment-10485926982439064520_4980_000_5000_000_with_camera_labels-50.png 376 768 47
big_dataset_depth/000000000525-segment-10485926982439064520_4980_000_5000_000_with_camera_labels-50.png 384 784 47
big_dataset_depth/000000000525-segment-10485926982439064520_4980_000_5000_000_with_camera_labels-50.png 392 792 47
big_dataset_depth/000000000525-segment-10485926982439064520_4980_000_5000_000_with_camera_labels-50.png 400 744 63
big_dataset_depth/000000000525-segment-10485926982439064520_4980_000_5000_000_with_camera_labels-50.png 408 752 63
big_dataset_depth/000000000525-segment-10485926982439064520_4980_000_5000_000_with_camera_labels-50.png 416 752 64
big_dataset_depth/000000000525-segment-10485926982439064520_4980_000_5000_000_with_camera_labels-50.png 424 736 64
big_dataset_depth/000000000525-segment-10485926982439064520_4980_000_5000_000_with_camera_labels-50.png 432 728 65
big_dataset_depth/000000000525-segment-10485926982439064520_4980_000_5000_000_with_camera_labels-50.png 440 744 66
big_dataset_depth/000000000525-segment-10485926982439064520_4980_000_5000_000_with_camera_labels-50.png 448 712 67
big_dataset_depth/000000000525-segment-10485926982439064520_4980_000_5000_000_with_camera_labels-50.png 456 744 60
big_dataset_depth/000000000525-segment-10485926982439064520_4980_000_5000_000_with_camera_labels-50.png 464 760 44
big_dataset_depth/000000000525-segment-10485926982439064520_4980_000_5000_000_with_camera_labels-50.png 472 776 44
big_dataset_depth/000000000525-segment-10485926982439064520_4980_000_5000_000_with_camera_labels-50.png 480 792 44
big_dataset_depth/000000000525-segment-10485926982439064520_4980_000_5000_000_with_camera_labels-50.png 488 776 44
big_dataset_depth/000000000525-segment-10485926982439064520_4980_000_5000_000_with_camera_labels-50.png 496 752 44
big_dataset_depth/000000000525-segment-10485926982439064520_4980_000_5000_000_with_camera_labels-50.png 504 680 100
big_dataset_depth/000000000525-segment-10485926982439064520_4980_000_5000_000_with_camera_labels-50.png 512 712 91
big_dataset_depth/000000000525-segment-10485926982439064520_4980_000_5000_000_with_camera_labels-50.png 520 712 91
big_dataset_depth/000000000525-segment-10485926982439064520_4980_000_5000_000_with_camera_labels-50.png 528 816 56
big_dataset_depth/000000000525-segment-10485926982439064520_4980_000_5000_000_with_camera_labels-50.png 536 936 20
big_dataset_depth/000000000525-segment-10485926982439064520_4980_000_5000_000_with_camera_labels-50.png 544 832 56
big_dataset_depth/000000000525-segment-10485926982439064520_4980_000_5000_000_with_camera_labels-50.png 552 976 20
big_dataset_depth/000000000525-segment-10485926982439064520_4980_000_5000_000_with_camera_labels-50.png 560 888 44
big_dataset_depth/000000000525-segment-10485926982439064520_4980_000_5000_000_with_camera_labels-50.png 568 952 20
big_dataset_depth/000000000525-segment-10485926982439064520_4980_000_5000_000_with_camera_labels-50.png 576 936 20
big_dataset_depth/000000000525-segment-10485926982439064520_4980_000_5000_000_with_camera_labels-50.png 584 952 21
big_dataset_depth/000000000525-segment-10485926982439064520_4980_000_5000_000_with_camera_labels-50.png 592 952 20
big_dataset_depth/000000000525-segment-10485926982439064520_4980_000_5000_000_with_camera_labels-50.png 600 952 20
big_dataset_depth/000000000525-segment-10485926982439064520_4980_000_5000_000_with_camera_labels-50.png 608 952 20
big_dataset_depth/000000000525-segment-10485926982439064520_4980_000_5000_000_with_camera_labels-50.png 616 928 20
big_dataset_depth/000000000525-segment-10485926982439064520_4980_000_5000_000_with_camera_labels-50.png 624 968 20
big_dataset_depth/000000000525-segment-10485926982439064520_4980_000_5000_000_with_camera_labels-50.png 632 944 20
big_dataset_depth/000000000525-segment-10485926982439064520_4980_000_5000_000_with_camera_labels-50.png 640 952 20
big_dataset_depth/000000000525-segment-10485926982439064520_4980_000_5000_000_with_camera_labels-50.png 648 952 21
big_dataset_depth/000000000525-segment-10485926982439064520_4980_000_5000_000_with_camera_labels-50.png 656 928 20
big_dataset_depth/000000000525-segment-10485926982439064520_4980_000_5000_000_with_camera_labels-50.png 664 936 20
big_dataset_depth/000000000525-segment-10485926982439064520_4980_000_5000_000_with_camera_labels-50.png 672 928 20
big_dataset_depth/000000000525-segment-10485926982439064520_4980_000_5000_000_with_camera_labels-50.png 680 944 20
big_dataset_depth/000000000525-segment-10485926982439064520_4980_000_5000_000_with_camera_labels-50.png 688 976 20
big_dataset_depth/000000000525-segment-10485926982439064520_4980_000_5000_000_with_camera_labels-50.png 696 896 20
big_dataset_depth/000000000525-segment-10485926982439064520_4980_000_5000_000_with_camera_labels-50.png 704 880 20
big_dataset_depth/000000000525-segment-10485926982439064520_4980_000_5000_000_with_camera_labels-50.png 712 896 20
big_dataset_depth/000000000525-segment-10485926982439064520_4980_000_5000_000_with_camera_labels-50.png 720 952 20
big_dataset_depth/000000000525-segment-10485926982439064520_4980_000_5000_000_with_camera_labels-50.png 728 944 20
big_dataset_depth/000000000525-segment-10485926982439064520_4980_000_5000_000_with_camera_labels-50.png 736 960 20
big_dataset_depth/000000000525-segment-10485926982439064520_4980_000_5000_000_with_camera_labels-50.png 744 912 20
big_dataset_depth/000000000525-segment-10485926982439064520_4980_000_5000_000_with_camera_labels-50.png 752 960 20
big_dataset_depth/000000000525-segment-10485926982439064520_4980_000_5000_000_with_camera_labels-50.png 760 944 20
big_dataset_depth/000000000525-segment-10485926982439064520_4980_000_5000_000_with_camera_labels-50.png 768 944 21
big_dataset_depth/000000000525-segment-10485926982439064520_4980_000_5000_000_with_camera_labels-50.png 776 928 20
big_dataset_depth/000000000525-segment-10485926982439064520_4980_000_5000_000_with_camera_labels-50.png 784 912 20
big_dataset_depth/000000000525-segment-10485926982439064520_4980_000_5000_000_with_camera_labels-50.png 792 896 20
big_dataset_depth/000000000525-segment-10485926982439064520_4980_000_5000_000_with_camera_labels-50.png 800 912 20
big_dataset_depth/000000000525-segment-10485926982439064520_4980_000_5000_000_with_camera_labels-50.png 808 912 20
big_dataset_depth/000000000525-segment-10485926982439064520_4980_000_5000_000_with_camera_labels-50.png 824 936 20
big_dataset_depth/000000000525-segment-10485926982439064520_4980_000_5000_000_with_camera_labels-50.png 832 960 21
big_dataset_depth/000000000525-segment-10485926982439064520_4980_000_5000_000_with_camera_labels-50.png 896 744 38
big_dataset_depth/000000000525-segment-10485926982439064520_4980_000_5000_000_with_camera_labels-50.png 904 776 39
big_dataset_depth/000000000525-segment-10485926982439064520_4980_000_5000_000_with_camera_labels-50.png 912 792 39
big_dataset_depth/000000000525-segment-10485926982439064520_4980_000_5000_000_with_camera_labels-50.png 920 792 39
big_dataset_depth/000000000525-segment-10485926982439064520_4980_000_5000_000_with_camera_labels-50.png 928 784 39
big_dataset_depth/000000000525-segment-10485926982439064520_4980_000_5000_000_with_camera_labels-50.png 936 784 39
big_dataset_depth/000000000525-segment-10485926982439064520_4980_000_5000_000_with_camera_labels-50.png 944 784 39
big_dataset_depth/000000000525-segment-10485926982439064520_4980_000_5000_000_with_camera_labels-50.png 952 728 39
big_dataset_depth/000000000525-segment-10485926982439064520_4980_000_5000_000_with_camera_labels-50.png 960 776 39
big_dataset_depth/000000000525-segment-10485926982439064520_4980_000_5000_000_with_camera_labels-50.png 968 792 39
big_dataset_depth/000000000525-segment-10485926982439064520_4980_000_5000_000_with_camera_labels-50.png 976 784 39
big_dataset_depth/000000000525-segment-10485926982439064520_4980_000_5000_000_with_camera_labels-50.png 984 784 39
big_dataset_depth/000000000525-segment-10485926982439064520_4980_000_5000_000_with_camera_labels-50.png 992 784 39
big_dataset_depth/000000000525-segment-10485926982439064520_4980_000_5000_000_with_camera_labels-50.png 1000 784 39
big_dataset_depth/000000000525-segment-10485926982439064520_4980_000_5000_000_with_camera_labels-50.png 1008 784 39
big_dataset_depth/000000000525-segment-10485926982439064520_4980_000_5000_000_with_camera_labels-50.png 1016 784 39
big_dataset_depth/000000000525-segment-10485926982439064520_4980_000_5000_000_with_camera_labels-50.png 1024 784 38
big_dataset_depth/000000000525-segment-10485926982439064520_4980_000_5000_000_with_camera_labels-50.png 1032 776 38
big_dataset_depth/000000000525-segment-10485926982439064520_4980_000_5000_000_with_camera_labels-50.png 1040 752 44
big_dataset_depth/000000000525-segment-10485926982439064520_4980_000_5000_000_with_camera_labels-50.png 1048 792 38
big_dataset_depth/000000000525-segment-10485926982439064520_4980_000_5000_000_with_camera_labels-50.png 1056 792 38
big_dataset_depth/000000000525-segment-10485926982439064520_4980_000_5000_000_with_camera_labels-50.png 1064 792 39
big_dataset_depth/000000000525-segment-10485926982439064520_4980_000_5000_000_with_camera_labels-50.png 1072 792 39
big_dataset_depth/000000000525-segment-10485926982439064520_4980_000_5000_000_with_camera_labels-50.png 1080 752 51
big_dataset_depth/000000000525-segment-10485926982439064520_4980_000_5000_000_with_camera_labels-50.png 1088 720 61
big_dataset_depth/000000000525-segment-10485926982439064520_4980_000_5000_000_with_camera_labels-50.png 1096 728 62
big_dataset_depth/000000000525-segment-10485926982439064520_4980_000_5000_000_with_camera_labels-50.png 1104 728 62
big_dataset_depth/000000000525-segment-10485926982439064520_4980_000_5000_000_with_camera_labels-50.png 1112 720 70
big_dataset_depth/000000000525-segment-10485926982439064520_4980_000_5000_000_with_camera_labels-50.png 1120 704 68
big_dataset_depth/000000000525-segment-10485926982439064520_4980_000_5000_000_with_camera_labels-50.png 1128 624 68
big_dataset_depth/000000000525-segment-10485926982439064520_4980_000_5000_000_with_camera_labels-50.png 1136 664 97
big_dataset_depth/000000000525-segment-10485926982439064520_4980_000_5000_000_with_camera_labels-50.png 1144 696 86
big_dataset_depth/000000000525-segment-10485926982439064520_4980_000_5000_000_with_camera_labels-50.png 1152 728 64
big_dataset_depth/000000000525-segment-10485926982439064520_4980_000_5000_000_with_camera_labels-50.png 1160 728 64
big_dataset_depth/000000000525-segment-10485926982439064520_4980_000_5000_000_with_camera_labels-50.png 1168 744 60
big_dataset_depth/000000000525-segment-10485926982439064520_4980_000_5000_000_with_camera_labels-50.png 1176 760 51
big_dataset_depth/000000000525-segment-10485926982439064520_4980_000_5000_000_with_camera_labels-50.png 1184 680 97
big_dataset_depth/000000000525-segment-10485926982439064520_4980_000_5000_000_with_camera_labels-50.png 1192 672 55
big_dataset_depth/000000000525-segment-10485926982439064520_4980_000_5000_000_with_camera_labels-50.png 1200 792 41
big_dataset_depth/000000000525-segment-10485926982439064520_4980_000_5000_000_with_camera_labels-50.png 1208 792 41
big_dataset_depth/000000000525-segment-10485926982439064520_4980_000_5000_000_with_camera_labels-50.png 1216 768 41
big_dataset_depth/000000000525-segment-10485926982439064520_4980_000_5000_000_with_camera_labels-50.png 1224 776 41
big_dataset_depth/000000000525-segment-10485926982439064520_4980_000_5000_000_with_camera_labels-50.png 1232 792 41
big_dataset_depth/000000000525-segment-10485926982439064520_4980_000_5000_000_with_camera_labels-50.png 1240 752 49
big_dataset_depth/000000000525-segment-10485926982439064520_4980_000_5000_000_with_camera_labels-50.png 1248 696 67
big_dataset_depth/000000000525-segment-10485926982439064520_4980_000_5000_000_with_camera_labels-50.png 1256 672 70
big_dataset_depth/000000000525-segment-10485926982439064520_4980_000_5000_000_with_camera_labels-50.png 1264 696 70
big_dataset_depth/000000000525-segment-10485926982439064520_4980_000_5000_000_with_camera_labels-50.png 1272 696 70
big_dataset_depth/000000000525-segment-10485926982439064520_4980_000_5000_000_with_camera_labels-50.png 1280 696 77
big_dataset_depth/000000000525-segment-10485926982439064520_4980_000_5000_000_with_camera_labels-50.png 1288 688 76
big_dataset_depth/000000000525-segment-10485926982439064520_4980_000_5000_000_with_camera_labels-50.png 1296 680 74
big_dataset_depth/000000000525-segment-10485926982439064520_4980_000_5000_000_with_camera_labels-50.png 1304 672 72
big_dataset_depth/000000000525-segment-10485926982439064520_4980_000_5000_000_with_camera_labels-50.png 1312 704 69
big_dataset_depth/000000000525-segment-10485926982439064520_4980_000_5000_000_with_camera_labels-50.png 1320 680 71
big_dataset_depth/000000000525-segment-10485926982439064520_4980_000_5000_000_with_camera_labels-50.png 1328 688 67
big_dataset_depth/000000000525-segment-10485926982439064520_4980_000_5000_000_with_camera_labels-50.png 1336 744 52
big_dataset_depth/000000000525-segment-10485926982439064520_4980_000_5000_000_with_camera_labels-50.png 1344 808 39
big_dataset_depth/000000000525-segment-10485926982439064520_4980_000_5000_000_with_camera_labels-50.png 1352 696 64
big_dataset_depth/000000000525-segment-10485926982439064520_4980_000_5000_000_with_camera_labels-50.png 1360 808 39
big_dataset_depth/000000000525-segment-10485926982439064520_4980_000_5000_000_with_camera_labels-50.png 1368 776 47
big_dataset_depth/000000000525-segment-10485926982439064520_4980_000_5000_000_with_camera_labels-50.png 1376 712 63
big_dataset_depth/000000000525-segment-10485926982439064520_4980_000_5000_000_with_camera_labels-50.png 1384 808 38
big_dataset_depth/000000000525-segment-10485926982439064520_4980_000_5000_000_with_camera_labels-50.png 1400 808 38
big_dataset_depth/000000000525-segment-10485926982439064520_4980_000_5000_000_with_camera_labels-50.png 1408 808 38
big_dataset_depth/000000000525-segment-10485926982439064520_4980_000_5000_000_with_camera_labels-50.png 1416 808 38
big_dataset_depth/000000000525-segment-10485926982439064520_4980_000_5000_000_with_camera_labels-50.png 1464 944 13
big_dataset_depth/000000000525-segment-10485926982439064520_4980_000_5000_000_with_camera_labels-50.png 1472 1200 14
big_dataset_depth/000000000525-segment-10485926982439064520_4980_000_5000_000_with_camera_labels-50.png 1480 1248 13
big_dataset_depth/000000000525-segment-10485926982439064520_4980_000_5000_000_with_camera_labels-50.png 1488 1248 13
big_dataset_depth/000000000525-segment-10485926982439064520_4980_000_5000_000_with_camera_labels-50.png 1496 1248 13
big_dataset_depth/000000000525-segment-10485926982439064520_4980_000_5000_000_with_camera_labels-50.png 1504 1248 13
big_dataset_depth/000000000525-segment-10485926982439064520_4980_000_5000_000_with_camera_labels-50.png 1512 1264 13
big_dataset_depth/000000000525-segment-10485926982439064520_4980_000_5000_000_with_camera_labels-50.png 1520 1256 13
big_dataset_depth/000000000525-segment-10485926982439064520_4980_000_5000_000_with_camera_labels-50.png 1528 1224 13
big_dataset_depth/000000000525-segment-10485926982439064520_4980_000_5000_000_with_camera_labels-50.png 1536 880 39
big_dataset_depth/000000000525-segment-10485926982439064520_4980_000_5000_000_with_camera_labels-50.png 1544 1136 13
big_dataset_depth/000000000525-segment-10485926982439064520_4980_000_5000_000_with_camera_labels-50.png 1552 1128 13
big_dataset_depth/000000000525-segment-10485926982439064520_4980_000_5000_000_with_camera_labels-50.png 1560 976 29
big_dataset_depth/000000000525-segment-10485926982439064520_4980_000_5000_000_with_camera_labels-50.png 1576 1208 13
big_dataset_depth/000000000525-segment-10485926982439064520_4980_000_5000_000_with_camera_labels-50.png 1584 1232 13
big_dataset_depth/000000000525-segment-10485926982439064520_4980_000_5000_000_with_camera_labels-50.png 1592 1248 13
big_dataset_depth/000000000525-segment-10485926982439064520_4980_000_5000_000_with_camera_labels-50.png 1600 1232 13
big_dataset_depth/000000000525-segment-10485926982439064520_4980_000_5000_000_with_camera_labels-50.png 1616 1024 15
big_dataset_depth/000000000525-segment-10485926982439064520_4980_000_5000_000_with_camera_labels-50.png 1640 1024 15
big_dataset_depth/000000000525-segment-10485926982439064520_4980_000_5000_000_with_camera_labels-50.png 1648 968 15
big_dataset_depth/000000000525-segment-10485926982439064520_4980_000_5000_000_with_camera_labels-50.png 1656 872 15
big_dataset_depth/000000000525-segment-10485926982439064520_4980_000_5000_000_with_camera_labels-50.png 1664 1024 15
big_dataset_depth/000000000525-segment-10485926982439064520_4980_000_5000_000_with_camera_labels-50.png 1672 1056 15
big_dataset_depth/000000000525-segment-10485926982439064520_4980_000_5000_000_with_camera_labels-50.png 1680 1152 15
big_dataset_depth/000000000525-segment-10485926982439064520_4980_000_5000_000_with_camera_labels-50.png 1688 1152 15
big_dataset_depth/000000000525-segment-10485926982439064520_4980_000_5000_000_with_camera_labels-50.png 1696 1160 15
big_dataset_depth/000000000525-segment-10485926982439064520_4980_000_5000_000_with_camera_labels-50.png 1704 1152 15
big_dataset_depth/000000000525-segment-10485926982439064520_4980_000_5000_000_with_camera_labels-50.png 1712 1152 15
big_dataset_depth/000000000525-segment-10485926982439064520_4980_000_5000_000_with_camera_labels-50.png 1720 920 29
big_dataset_depth/000000000525-segment-10485926982439064520_4980_000_5000_000_with_camera_labels-50.png 1728 1088 15
big_dataset_depth/000000000525-segment-10485926982439064520_4980_000_5000_000_with_camera_labels-50.png 1736 856 37
big_dataset_depth/000000000525-segment-10485926982439064520_4980_000_5000_000_with_camera_labels-50.png 1744 1120 15
big_dataset_depth/000000000525-segment-10485926982439064520_4980_000_5000_000_with_camera_labels-50.png 1752 1112 15
big_dataset_depth/000000000525-segment-10485926982439064520_4980_000_5000_000_with_camera_labels-50.png 1760 960 27
big_dataset_depth/000000000525-segment-10485926982439064520_4980_000_5000_000_with_camera_labels-50.png 1768 1112 15
big_dataset_depth/000000000525-segment-10485926982439064520_4980_000_5000_000_with_camera_labels-50.png 1776 1088 20
big_dataset_depth/000000000525-segment-10485926982439064520_4980_000_5000_000_with_camera_labels-50.png 1784 776 40
big_dataset_depth/000000000525-segment-10485926982439064520_4980_000_5000_000_with_camera_labels-50.png 1792 960 27
big_dataset_depth/000000000525-segment-10485926982439064520_4980_000_5000_000_with_camera_labels-50.png 1800 752 43
big_dataset_depth/000000000525-segment-10485926982439064520_4980_000_5000_000_with_camera_labels-50.png 1808 728 50
big_dataset_depth/000000000525-segment-10485926982439064520_4980_000_5000_000_with_camera_labels-50.png 1816 728 50
big_dataset_depth/000000000525-segment-10485926982439064520_4980_000_5000_000_with_camera_labels-50.png 1824 728 50
big_dataset_depth/000000000525-segment-10485926982439064520_4980_000_5000_000_with_camera_labels-50.png 1832 736 50
big_dataset_depth/000000000525-segment-10485926982439064520_4980_000_5000_000_with_camera_labels-50.png 1840 728 49
big_dataset_depth/000000000525-segment-10485926982439064520_4980_000_5000_000_with_camera_labels-50.png 1848 712 50
big_dataset_depth/000000000525-segment-10485926982439064520_4980_000_5000_000_with_camera_labels-50.png 1856 728 50
big_dataset_depth/000000000525-segment-10485926982439064520_4980_000_5000_000_with_camera_labels-50.png 1864 728 50
big_dataset_depth/000000000525-segment-10485926982439064520_4980_000_5000_000_with_camera_labels-50.png 1872 728 50
big_dataset_depth/000000000525-segment-10485926982439064520_4980_000_5000_000_with_camera_labels-50.png 1880 728 50
big_dataset_depth/000000000525-segment-10485926982439064520_4980_000_5000_000_with_camera_labels-50.png 1888 704 49
big_dataset_depth/000000000525-segment-10485926982439064520_4980_000_5000_000_with_camera_labels-50.png 1896 792 40
big_dataset_depth/000000000525-segment-10485926982439064520_4980_000_5000_000_with_camera_labels-50.png 1904 728 47
big_dataset_depth/000000000525-segment-10485926982439064520_4980_000_5000_000_with_camera_labels-50.png 1912 712 47
