big_dataset_depth/000000003744-segment-14073578965827700743_1564_000_1584_000_with_camera_labels-70.png 0 1088 17
big_dataset_depth/000000003744-segment-14073578965827700743_1564_000_1584_000_with_camera_labels-70.png 8 880 28
big_dataset_depth/000000003744-segment-14073578965827700743_1564_000_1584_000_with_camera_labels-70.png 16 952 24
big_dataset_depth/000000003744-segment-14073578965827700743_1564_000_1584_000_with_camera_labels-70.png 24 792 50
big_dataset_depth/000000003744-segment-14073578965827700743_1564_000_1584_000_with_camera_labels-70.png 32 952 43
big_dataset_depth/000000003744-segment-14073578965827700743_1564_000_1584_000_with_camera_labels-70.png 40 760 47
big_dataset_depth/000000003744-segment-14073578965827700743_1564_000_1584_000_with_camera_labels-70.png 48 880 28
big_dataset_depth/000000003744-segment-14073578965827700743_1564_000_1584_000_with_camera_labels-70.png 56 896 37
big_dataset_depth/000000003744-segment-14073578965827700743_1564_000_1584_000_with_camera_labels-70.png 64 1024 16
big_dataset_depth/000000003744-segment-14073578965827700743_1564_000_1584_000_with_camera_labels-70.png 72 1064 16
big_dataset_depth/000000003744-segment-14073578965827700743_1564_000_1584_000_with_camera_labels-70.png 80 1024 16
big_dataset_depth/000000003744-segment-14073578965827700743_1564_000_1584_000_with_camera_labels-70.png 88 1032 16
big_dataset_depth/000000003744-segment-14073578965827700743_1564_000_1584_000_with_camera_labels-70.png 96 1040 16
big_dataset_depth/000000003744-segment-14073578965827700743_1564_000_1584_000_with_camera_labels-70.png 104 1024 16
big_dataset_depth/000000003744-segment-14073578965827700743_1564_000_1584_000_with_camera_labels-70.png 112 1072 16
big_dataset_depth/000000003744-segment-14073578965827700743_1564_000_1584_000_with_camera_labels-70.png 120 1024 16
big_dataset_depth/000000003744-segment-14073578965827700743_1564_000_1584_000_with_camera_labels-70.png 128 1104 16
big_dataset_depth/000000003744-segment-14073578965827700743_1564_000_1584_000_with_camera_labels-70.png 136 1040 16
big_dataset_depth/000000003744-segment-14073578965827700743_1564_000_1584_000_with_camera_labels-70.png 144 1056 15
big_dataset_depth/000000003744-segment-14073578965827700743_1564_000_1584_000_with_camera_labels-70.png 152 1056 15
big_dataset_depth/000000003744-segment-14073578965827700743_1564_000_1584_000_with_camera_labels-70.png 160 1048 15
big_dataset_depth/000000003744-segment-14073578965827700743_1564_000_1584_000_with_camera_labels-70.png 168 1056 15
big_dataset_depth/000000003744-segment-14073578965827700743_1564_000_1584_000_with_camera_labels-70.png 184 1024 15
big_dataset_depth/000000003744-segment-14073578965827700743_1564_000_1584_000_with_camera_labels-70.png 192 1064 16
big_dataset_depth/000000003744-segment-14073578965827700743_1564_000_1584_000_with_camera_labels-70.png 200 1032 15
big_dataset_depth/000000003744-segment-14073578965827700743_1564_000_1584_000_with_camera_labels-70.png 208 1016 16
big_dataset_depth/000000003744-segment-14073578965827700743_1564_000_1584_000_with_camera_labels-70.png 216 1016 16
big_dataset_depth/000000003744-segment-14073578965827700743_1564_000_1584_000_with_camera_labels-70.png 224 1024 15
big_dataset_depth/000000003744-segment-14073578965827700743_1564_000_1584_000_with_camera_labels-70.png 232 1032 15
big_dataset_depth/000000003744-segment-14073578965827700743_1564_000_1584_000_with_camera_labels-70.png 240 1032 15
big_dataset_depth/000000003744-segment-14073578965827700743_1564_000_1584_000_with_camera_labels-70.png 248 1056 16
big_dataset_depth/000000003744-segment-14073578965827700743_1564_000_1584_000_with_camera_labels-70.png 256 1024 15
big_dataset_depth/000000003744-segment-14073578965827700743_1564_000_1584_000_with_camera_labels-70.png 264 1016 15
big_dataset_depth/000000003744-segment-14073578965827700743_1564_000_1584_000_with_camera_labels-70.png 272 1016 15
big_dataset_depth/000000003744-segment-14073578965827700743_1564_000_1584_000_with_camera_labels-70.png 280 1024 15
big_dataset_depth/000000003744-segment-14073578965827700743_1564_000_1584_000_with_camera_labels-70.png 288 1048 15
big_dataset_depth/000000003744-segment-14073578965827700743_1564_000_1584_000_with_camera_labels-70.png 296 1048 15
big_dataset_depth/000000003744-segment-14073578965827700743_1564_000_1584_000_with_camera_labels-70.png 304 1032 15
big_dataset_depth/000000003744-segment-14073578965827700743_1564_000_1584_000_with_camera_labels-70.png 312 1024 15
big_dataset_depth/000000003744-segment-14073578965827700743_1564_000_1584_000_with_camera_labels-70.png 320 1008 15
big_dataset_depth/000000003744-segment-14073578965827700743_1564_000_1584_000_with_camera_labels-70.png 328 1032 15
big_dataset_depth/000000003744-segment-14073578965827700743_1564_000_1584_000_with_camera_labels-70.png 336 1032 15
big_dataset_depth/000000003744-segment-14073578965827700743_1564_000_1584_000_with_camera_labels-70.png 344 1032 16
big_dataset_depth/000000003744-segment-14073578965827700743_1564_000_1584_000_with_camera_labels-70.png 352 1064 17
big_dataset_depth/000000003744-segment-14073578965827700743_1564_000_1584_000_with_camera_labels-70.png 360 1080 17
big_dataset_depth/000000003744-segment-14073578965827700743_1564_000_1584_000_with_camera_labels-70.png 368 1096 17
big_dataset_depth/000000003744-segment-14073578965827700743_1564_000_1584_000_with_camera_labels-70.png 376 1088 17
big_dataset_depth/000000003744-segment-14073578965827700743_1564_000_1584_000_with_camera_labels-70.png 384 1088 17
big_dataset_depth/000000003744-segment-14073578965827700743_1564_000_1584_000_with_camera_labels-70.png 392 1096 17
big_dataset_depth/000000003744-segment-14073578965827700743_1564_000_1584_000_with_camera_labels-70.png 400 1104 16
big_dataset_depth/000000003744-segment-14073578965827700743_1564_000_1584_000_with_camera_labels-70.png 408 1088 17
big_dataset_depth/000000003744-segment-14073578965827700743_1564_000_1584_000_with_camera_labels-70.png 416 1064 17
big_dataset_depth/000000003744-segment-14073578965827700743_1564_000_1584_000_with_camera_labels-70.png 424 1088 17
big_dataset_depth/000000003744-segment-14073578965827700743_1564_000_1584_000_with_camera_labels-70.png 432 984 18
big_dataset_depth/000000003744-segment-14073578965827700743_1564_000_1584_000_with_camera_labels-70.png 440 968 18
big_dataset_depth/000000003744-segment-14073578965827700743_1564_000_1584_000_with_camera_labels-70.png 448 968 18
big_dataset_depth/000000003744-segment-14073578965827700743_1564_000_1584_000_with_camera_labels-70.png 456 968 18
big_dataset_depth/000000003744-segment-14073578965827700743_1564_000_1584_000_with_camera_labels-70.png 464 968 18
big_dataset_depth/000000003744-segment-14073578965827700743_1564_000_1584_000_with_camera_labels-70.png 472 952 19
big_dataset_depth/000000003744-segment-14073578965827700743_1564_000_1584_000_with_camera_labels-70.png 480 944 19
big_dataset_depth/000000003744-segment-14073578965827700743_1564_000_1584_000_with_camera_labels-70.png 488 920 19
big_dataset_depth/000000003744-segment-14073578965827700743_1564_000_1584_000_with_camera_labels-70.png 496 936 20
big_dataset_depth/000000003744-segment-14073578965827700743_1564_000_1584_000_with_camera_labels-70.png 504 936 20
big_dataset_depth/000000003744-segment-14073578965827700743_1564_000_1584_000_with_camera_labels-70.png 512 920 20
big_dataset_depth/000000003744-segment-14073578965827700743_1564_000_1584_000_with_camera_labels-70.png 520 968 22
big_dataset_depth/000000003744-segment-14073578965827700743_1564_000_1584_000_with_camera_labels-70.png 528 968 22
big_dataset_depth/000000003744-segment-14073578965827700743_1564_000_1584_000_with_camera_labels-70.png 536 968 22
big_dataset_depth/000000003744-segment-14073578965827700743_1564_000_1584_000_with_camera_labels-70.png 544 952 22
big_dataset_depth/000000003744-segment-14073578965827700743_1564_000_1584_000_with_camera_labels-70.png 552 968 22
big_dataset_depth/000000003744-segment-14073578965827700743_1564_000_1584_000_with_camera_labels-70.png 560 952 22
big_dataset_depth/000000003744-segment-14073578965827700743_1564_000_1584_000_with_camera_labels-70.png 576 824 28
big_dataset_depth/000000003744-segment-14073578965827700743_1564_000_1584_000_with_camera_labels-70.png 584 856 29
big_dataset_depth/000000003744-segment-14073578965827700743_1564_000_1584_000_with_camera_labels-70.png 592 840 29
big_dataset_depth/000000003744-segment-14073578965827700743_1564_000_1584_000_with_camera_labels-70.png 600 864 29
big_dataset_depth/000000003744-segment-14073578965827700743_1564_000_1584_000_with_camera_labels-70.png 608 880 29
big_dataset_depth/000000003744-segment-14073578965827700743_1564_000_1584_000_with_camera_labels-70.png 616 864 29
big_dataset_depth/000000003744-segment-14073578965827700743_1564_000_1584_000_with_camera_labels-70.png 624 864 29
big_dataset_depth/000000003744-segment-14073578965827700743_1564_000_1584_000_with_camera_labels-70.png 632 808 30
big_dataset_depth/000000003744-segment-14073578965827700743_1564_000_1584_000_with_camera_labels-70.png 640 808 31
big_dataset_depth/000000003744-segment-14073578965827700743_1564_000_1584_000_with_camera_labels-70.png 648 840 31
big_dataset_depth/000000003744-segment-14073578965827700743_1564_000_1584_000_with_camera_labels-70.png 656 832 33
big_dataset_depth/000000003744-segment-14073578965827700743_1564_000_1584_000_with_camera_labels-70.png 664 832 33
big_dataset_depth/000000003744-segment-14073578965827700743_1564_000_1584_000_with_camera_labels-70.png 752 1176 14
big_dataset_depth/000000003744-segment-14073578965827700743_1564_000_1584_000_with_camera_labels-70.png 760 1176 14
big_dataset_depth/000000003744-segment-14073578965827700743_1564_000_1584_000_with_camera_labels-70.png 768 1184 14
big_dataset_depth/000000003744-segment-14073578965827700743_1564_000_1584_000_with_camera_labels-70.png 776 1168 14
big_dataset_depth/000000003744-segment-14073578965827700743_1564_000_1584_000_with_camera_labels-70.png 784 1152 14
big_dataset_depth/000000003744-segment-14073578965827700743_1564_000_1584_000_with_camera_labels-70.png 792 1152 14
big_dataset_depth/000000003744-segment-14073578965827700743_1564_000_1584_000_with_camera_labels-70.png 800 1200 14
big_dataset_depth/000000003744-segment-14073578965827700743_1564_000_1584_000_with_camera_labels-70.png 808 1152 14
big_dataset_depth/000000003744-segment-14073578965827700743_1564_000_1584_000_with_camera_labels-70.png 816 1152 13
big_dataset_depth/000000003744-segment-14073578965827700743_1564_000_1584_000_with_camera_labels-70.png 824 1152 14
big_dataset_depth/000000003744-segment-14073578965827700743_1564_000_1584_000_with_camera_labels-70.png 832 1072 13
big_dataset_depth/000000003744-segment-14073578965827700743_1564_000_1584_000_with_camera_labels-70.png 840 1088 13
big_dataset_depth/000000003744-segment-14073578965827700743_1564_000_1584_000_with_camera_labels-70.png 848 1112 13
big_dataset_depth/000000003744-segment-14073578965827700743_1564_000_1584_000_with_camera_labels-70.png 856 1104 13
big_dataset_depth/000000003744-segment-14073578965827700743_1564_000_1584_000_with_camera_labels-70.png 864 1112 13
big_dataset_depth/000000003744-segment-14073578965827700743_1564_000_1584_000_with_camera_labels-70.png 872 1112 13
big_dataset_depth/000000003744-segment-14073578965827700743_1564_000_1584_000_with_camera_labels-70.png 880 1112 13
big_dataset_depth/000000003744-segment-14073578965827700743_1564_000_1584_000_with_camera_labels-70.png 888 1112 13
big_dataset_depth/000000003744-segment-14073578965827700743_1564_000_1584_000_with_camera_labels-70.png 896 1112 13
big_dataset_depth/000000003744-segment-14073578965827700743_1564_000_1584_000_with_camera_labels-70.png 904 1120 14
big_dataset_depth/000000003744-segment-14073578965827700743_1564_000_1584_000_with_camera_labels-70.png 912 1112 13
big_dataset_depth/000000003744-segment-14073578965827700743_1564_000_1584_000_with_camera_labels-70.png 920 1112 13
big_dataset_depth/000000003744-segment-14073578965827700743_1564_000_1584_000_with_camera_labels-70.png 928 1128 13
big_dataset_depth/000000003744-segment-14073578965827700743_1564_000_1584_000_with_camera_labels-70.png 936 1240 13
big_dataset_depth/000000003744-segment-14073578965827700743_1564_000_1584_000_with_camera_labels-70.png 944 1128 13
big_dataset_depth/000000003744-segment-14073578965827700743_1564_000_1584_000_with_camera_labels-70.png 952 1128 13
big_dataset_depth/000000003744-segment-14073578965827700743_1564_000_1584_000_with_camera_labels-70.png 960 1128 13
big_dataset_depth/000000003744-segment-14073578965827700743_1564_000_1584_000_with_camera_labels-70.png 968 1160 13
big_dataset_depth/000000003744-segment-14073578965827700743_1564_000_1584_000_with_camera_labels-70.png 976 1128 13
big_dataset_depth/000000003744-segment-14073578965827700743_1564_000_1584_000_with_camera_labels-70.png 984 1128 13
big_dataset_depth/000000003744-segment-14073578965827700743_1564_000_1584_000_with_camera_labels-70.png 992 1128 13
big_dataset_depth/000000003744-segment-14073578965827700743_1564_000_1584_000_with_camera_labels-70.png 1000 1128 13
big_dataset_depth/000000003744-segment-14073578965827700743_1564_000_1584_000_with_camera_labels-70.png 1008 1200 14
big_dataset_depth/000000003744-segment-14073578965827700743_1564_000_1584_000_with_camera_labels-70.png 1016 1120 13
big_dataset_depth/000000003744-segment-14073578965827700743_1564_000_1584_000_with_camera_labels-70.png 1024 1128 13
big_dataset_depth/000000003744-segment-14073578965827700743_1564_000_1584_000_with_camera_labels-70.png 1032 1128 13
big_dataset_depth/000000003744-segment-14073578965827700743_1564_000_1584_000_with_camera_labels-70.png 1040 1200 14
big_dataset_depth/000000003744-segment-14073578965827700743_1564_000_1584_000_with_camera_labels-70.png 1048 1128 13
big_dataset_depth/000000003744-segment-14073578965827700743_1564_000_1584_000_with_camera_labels-70.png 1056 1128 13
big_dataset_depth/000000003744-segment-14073578965827700743_1564_000_1584_000_with_camera_labels-70.png 1064 1128 13
big_dataset_depth/000000003744-segment-14073578965827700743_1564_000_1584_000_with_camera_labels-70.png 1072 1112 13
big_dataset_depth/000000003744-segment-14073578965827700743_1564_000_1584_000_with_camera_labels-70.png 1080 1112 13
big_dataset_depth/000000003744-segment-14073578965827700743_1564_000_1584_000_with_camera_labels-70.png 1088 1112 13
big_dataset_depth/000000003744-segment-14073578965827700743_1564_000_1584_000_with_camera_labels-70.png 1096 1096 13
big_dataset_depth/000000003744-segment-14073578965827700743_1564_000_1584_000_with_camera_labels-70.png 1104 1112 13
big_dataset_depth/000000003744-segment-14073578965827700743_1564_000_1584_000_with_camera_labels-70.png 1112 1112 13
big_dataset_depth/000000003744-segment-14073578965827700743_1564_000_1584_000_with_camera_labels-70.png 1120 1112 13
big_dataset_depth/000000003744-segment-14073578965827700743_1564_000_1584_000_with_camera_labels-70.png 1128 1112 13
big_dataset_depth/000000003744-segment-14073578965827700743_1564_000_1584_000_with_camera_labels-70.png 1136 1112 13
big_dataset_depth/000000003744-segment-14073578965827700743_1564_000_1584_000_with_camera_labels-70.png 1144 1112 13
big_dataset_depth/000000003744-segment-14073578965827700743_1564_000_1584_000_with_camera_labels-70.png 1152 1112 13
big_dataset_depth/000000003744-segment-14073578965827700743_1564_000_1584_000_with_camera_labels-70.png 1160 1112 13
big_dataset_depth/000000003744-segment-14073578965827700743_1564_000_1584_000_with_camera_labels-70.png 1168 1088 13
big_dataset_depth/000000003744-segment-14073578965827700743_1564_000_1584_000_with_camera_labels-70.png 1176 1160 15
big_dataset_depth/000000003744-segment-14073578965827700743_1564_000_1584_000_with_camera_labels-70.png 1184 1176 14
big_dataset_depth/000000003744-segment-14073578965827700743_1564_000_1584_000_with_camera_labels-70.png 1192 1176 14
big_dataset_depth/000000003744-segment-14073578965827700743_1564_000_1584_000_with_camera_labels-70.png 1200 1184 14
big_dataset_depth/000000003744-segment-14073578965827700743_1564_000_1584_000_with_camera_labels-70.png 1208 1176 14
big_dataset_depth/000000003744-segment-14073578965827700743_1564_000_1584_000_with_camera_labels-70.png 1216 1176 14
big_dataset_depth/000000003744-segment-14073578965827700743_1564_000_1584_000_with_camera_labels-70.png 1224 1176 14
big_dataset_depth/000000003744-segment-14073578965827700743_1564_000_1584_000_with_camera_labels-70.png 1232 1192 14
big_dataset_depth/000000003744-segment-14073578965827700743_1564_000_1584_000_with_camera_labels-70.png 1240 1184 14
big_dataset_depth/000000003744-segment-14073578965827700743_1564_000_1584_000_with_camera_labels-70.png 1248 1184 14
big_dataset_depth/000000003744-segment-14073578965827700743_1564_000_1584_000_with_camera_labels-70.png 1256 1184 14
big_dataset_depth/000000003744-segment-14073578965827700743_1564_000_1584_000_with_camera_labels-70.png 1264 920 43
big_dataset_depth/000000003744-segment-14073578965827700743_1564_000_1584_000_with_camera_labels-70.png 1272 696 72
big_dataset_depth/000000003744-segment-14073578965827700743_1564_000_1584_000_with_camera_labels-70.png 1280 960 18
big_dataset_depth/000000003744-segment-14073578965827700743_1564_000_1584_000_with_camera_labels-70.png 1288 712 35
big_dataset_depth/000000003744-segment-14073578965827700743_1564_000_1584_000_with_camera_labels-70.png 1296 800 35
big_dataset_depth/000000003744-segment-14073578965827700743_1564_000_1584_000_with_camera_labels-70.png 1304 840 31
big_dataset_depth/000000003744-segment-14073578965827700743_1564_000_1584_000_with_camera_labels-70.png 1312 696 48
big_dataset_depth/000000003744-segment-14073578965827700743_1564_000_1584_000_with_camera_labels-70.png 1320 696 72
big_dataset_depth/000000003744-segment-14073578965827700743_1564_000_1584_000_with_camera_labels-70.png 1336 776 54
big_dataset_depth/000000003744-segment-14073578965827700743_1564_000_1584_000_with_camera_labels-70.png 1344 904 25
big_dataset_depth/000000003744-segment-14073578965827700743_1564_000_1584_000_with_camera_labels-70.png 1352 912 25
big_dataset_depth/000000003744-segment-14073578965827700743_1564_000_1584_000_with_camera_labels-70.png 1360 912 25
big_dataset_depth/000000003744-segment-14073578965827700743_1564_000_1584_000_with_camera_labels-70.png 1368 920 24
big_dataset_depth/000000003744-segment-14073578965827700743_1564_000_1584_000_with_camera_labels-70.png 1376 920 24
big_dataset_depth/000000003744-segment-14073578965827700743_1564_000_1584_000_with_camera_labels-70.png 1384 848 40
big_dataset_depth/000000003744-segment-14073578965827700743_1564_000_1584_000_with_camera_labels-70.png 1392 696 71
big_dataset_depth/000000003744-segment-14073578965827700743_1564_000_1584_000_with_camera_labels-70.png 1400 944 23
big_dataset_depth/000000003744-segment-14073578965827700743_1564_000_1584_000_with_camera_labels-70.png 1408 696 71
big_dataset_depth/000000003744-segment-14073578965827700743_1564_000_1584_000_with_camera_labels-70.png 1416 560 26
big_dataset_depth/000000003744-segment-14073578965827700743_1564_000_1584_000_with_camera_labels-70.png 1424 960 22
big_dataset_depth/000000003744-segment-14073578965827700743_1564_000_1584_000_with_camera_labels-70.png 1440 976 21
big_dataset_depth/000000003744-segment-14073578965827700743_1564_000_1584_000_with_camera_labels-70.png 1448 976 21
big_dataset_depth/000000003744-segment-14073578965827700743_1564_000_1584_000_with_camera_labels-70.png 1456 976 21
big_dataset_depth/000000003744-segment-14073578965827700743_1564_000_1584_000_with_camera_labels-70.png 1464 992 20
big_dataset_depth/000000003744-segment-14073578965827700743_1564_000_1584_000_with_camera_labels-70.png 1472 992 20
big_dataset_depth/000000003744-segment-14073578965827700743_1564_000_1584_000_with_camera_labels-70.png 1480 992 20
big_dataset_depth/000000003744-segment-14073578965827700743_1564_000_1584_000_with_camera_labels-70.png 1504 1016 19
big_dataset_depth/000000003744-segment-14073578965827700743_1564_000_1584_000_with_camera_labels-70.png 1512 1032 19
big_dataset_depth/000000003744-segment-14073578965827700743_1564_000_1584_000_with_camera_labels-70.png 1520 1032 19
big_dataset_depth/000000003744-segment-14073578965827700743_1564_000_1584_000_with_camera_labels-70.png 1528 1032 19
big_dataset_depth/000000003744-segment-14073578965827700743_1564_000_1584_000_with_camera_labels-70.png 1536 1032 19
big_dataset_depth/000000003744-segment-14073578965827700743_1564_000_1584_000_with_camera_labels-70.png 1544 1048 18
big_dataset_depth/000000003744-segment-14073578965827700743_1564_000_1584_000_with_camera_labels-70.png 1552 1048 18
big_dataset_depth/000000003744-segment-14073578965827700743_1564_000_1584_000_with_camera_labels-70.png 1560 1048 18
big_dataset_depth/000000003744-segment-14073578965827700743_1564_000_1584_000_with_camera_labels-70.png 1568 1056 18
big_dataset_depth/000000003744-segment-14073578965827700743_1564_000_1584_000_with_camera_labels-70.png 1576 1056 18
big_dataset_depth/000000003744-segment-14073578965827700743_1564_000_1584_000_with_camera_labels-70.png 1584 1072 17
big_dataset_depth/000000003744-segment-14073578965827700743_1564_000_1584_000_with_camera_labels-70.png 1592 1072 17
big_dataset_depth/000000003744-segment-14073578965827700743_1564_000_1584_000_with_camera_labels-70.png 1600 1072 17
big_dataset_depth/000000003744-segment-14073578965827700743_1564_000_1584_000_with_camera_labels-70.png 1608 1072 17
big_dataset_depth/000000003744-segment-14073578965827700743_1564_000_1584_000_with_camera_labels-70.png 1616 1096 17
big_dataset_depth/000000003744-segment-14073578965827700743_1564_000_1584_000_with_camera_labels-70.png 1624 1096 17
big_dataset_depth/000000003744-segment-14073578965827700743_1564_000_1584_000_with_camera_labels-70.png 1632 1096 17
big_dataset_depth/000000003744-segment-14073578965827700743_1564_000_1584_000_with_camera_labels-70.png 1640 1096 16
big_dataset_depth/000000003744-segment-14073578965827700743_1564_000_1584_000_with_camera_labels-70.png 1656 888 24
big_dataset_depth/000000003744-segment-14073578965827700743_1564_000_1584_000_with_camera_labels-70.png 1664 1120 16
big_dataset_depth/000000003744-segment-14073578965827700743_1564_000_1584_000_with_camera_labels-70.png 1680 1144 16
big_dataset_depth/000000003744-segment-14073578965827700743_1564_000_1584_000_with_camera_labels-70.png 1688 1144 16
big_dataset_depth/000000003744-segment-14073578965827700743_1564_000_1584_000_with_camera_labels-70.png 1696 1144 15
big_dataset_depth/000000003744-segment-14073578965827700743_1564_000_1584_000_with_camera_labels-70.png 1712 1160 15
big_dataset_depth/000000003744-segment-14073578965827700743_1564_000_1584_000_with_camera_labels-70.png 1720 1160 15
big_dataset_depth/000000003744-segment-14073578965827700743_1564_000_1584_000_with_camera_labels-70.png 1728 1168 15
big_dataset_depth/000000003744-segment-14073578965827700743_1564_000_1584_000_with_camera_labels-70.png 1736 1168 15
big_dataset_depth/000000003744-segment-14073578965827700743_1564_000_1584_000_with_camera_labels-70.png 1752 1184 15
big_dataset_depth/000000003744-segment-14073578965827700743_1564_000_1584_000_with_camera_labels-70.png 1760 1192 15
big_dataset_depth/000000003744-segment-14073578965827700743_1564_000_1584_000_with_camera_labels-70.png 1768 1192 14
big_dataset_depth/000000003744-segment-14073578965827700743_1564_000_1584_000_with_camera_labels-70.png 1776 1192 14
big_dataset_depth/000000003744-segment-14073578965827700743_1564_000_1584_000_with_camera_labels-70.png 1784 1216 14
big_dataset_depth/000000003744-segment-14073578965827700743_1564_000_1584_000_with_camera_labels-70.png 1792 1216 14
big_dataset_depth/000000003744-segment-14073578965827700743_1564_000_1584_000_with_camera_labels-70.png 1800 1216 14
big_dataset_depth/000000003744-segment-14073578965827700743_1564_000_1584_000_with_camera_labels-70.png 1808 1216 14
big_dataset_depth/000000003744-segment-14073578965827700743_1564_000_1584_000_with_camera_labels-70.png 1816 1224 14
big_dataset_depth/000000003744-segment-14073578965827700743_1564_000_1584_000_with_camera_labels-70.png 1824 1240 14
big_dataset_depth/000000003744-segment-14073578965827700743_1564_000_1584_000_with_camera_labels-70.png 1832 1088 17
big_dataset_depth/000000003744-segment-14073578965827700743_1564_000_1584_000_with_camera_labels-70.png 1840 1240 14
big_dataset_depth/000000003744-segment-14073578965827700743_1564_000_1584_000_with_camera_labels-70.png 1848 1240 13
big_dataset_depth/000000003744-segment-14073578965827700743_1564_000_1584_000_with_camera_labels-70.png 1856 1264 13
big_dataset_depth/000000003744-segment-14073578965827700743_1564_000_1584_000_with_camera_labels-70.png 1864 1112 17
big_dataset_depth/000000003744-segment-14073578965827700743_1564_000_1584_000_with_camera_labels-70.png 1872 968 23
big_dataset_depth/000000003744-segment-14073578965827700743_1564_000_1584_000_with_camera_labels-70.png 1880 976 26
big_dataset_depth/000000003744-segment-14073578965827700743_1564_000_1584_000_with_camera_labels-70.png 1888 896 38
big_dataset_depth/000000003744-segment-14073578965827700743_1564_000_1584_000_with_camera_labels-70.png 1896 904 25
big_dataset_depth/000000003744-segment-14073578965827700743_1564_000_1584_000_with_camera_labels-70.png 1904 904 44
big_dataset_depth/000000003744-segment-14073578965827700743_1564_000_1584_000_with_camera_labels-70.png 1912 848 35
