big_dataset_depth/000000000066-segment-10023947602400723454_1120_000_1140_000_with_camera_labels-60.png 0 896 25
big_dataset_depth/000000000066-segment-10023947602400723454_1120_000_1140_000_with_camera_labels-60.png 8 888 25
big_dataset_depth/000000000066-segment-10023947602400723454_1120_000_1140_000_with_camera_labels-60.png 16 904 25
big_dataset_depth/000000000066-segment-10023947602400723454_1120_000_1140_000_with_camera_labels-60.png 24 904 25
big_dataset_depth/000000000066-segment-10023947602400723454_1120_000_1140_000_with_camera_labels-60.png 32 880 25
big_dataset_depth/000000000066-segment-10023947602400723454_1120_000_1140_000_with_camera_labels-60.png 40 904 25
big_dataset_depth/000000000066-segment-10023947602400723454_1120_000_1140_000_with_camera_labels-60.png 48 904 25
big_dataset_depth/000000000066-segment-10023947602400723454_1120_000_1140_000_with_camera_labels-60.png 56 880 25
big_dataset_depth/000000000066-segment-10023947602400723454_1120_000_1140_000_with_camera_labels-60.png 64 888 25
big_dataset_depth/000000000066-segment-10023947602400723454_1120_000_1140_000_with_camera_labels-60.png 72 848 25
big_dataset_depth/000000000066-segment-10023947602400723454_1120_000_1140_000_with_camera_labels-60.png 80 904 25
big_dataset_depth/000000000066-segment-10023947602400723454_1120_000_1140_000_with_camera_labels-60.png 88 888 25
big_dataset_depth/000000000066-segment-10023947602400723454_1120_000_1140_000_with_camera_labels-60.png 96 888 25
big_dataset_depth/000000000066-segment-10023947602400723454_1120_000_1140_000_with_camera_labels-60.png 104 896 25
big_dataset_depth/000000000066-segment-10023947602400723454_1120_000_1140_000_with_camera_labels-60.png 112 896 25
big_dataset_depth/000000000066-segment-10023947602400723454_1120_000_1140_000_with_camera_labels-60.png 120 888 25
big_dataset_depth/000000000066-segment-10023947602400723454_1120_000_1140_000_with_camera_labels-60.png 128 872 25
big_dataset_depth/000000000066-segment-10023947602400723454_1120_000_1140_000_with_camera_labels-60.png 136 896 25
big_dataset_depth/000000000066-segment-10023947602400723454_1120_000_1140_000_with_camera_labels-60.png 144 872 25
big_dataset_depth/000000000066-segment-10023947602400723454_1120_000_1140_000_with_camera_labels-60.png 152 880 25
big_dataset_depth/000000000066-segment-10023947602400723454_1120_000_1140_000_with_camera_labels-60.png 168 872 25
big_dataset_depth/000000000066-segment-10023947602400723454_1120_000_1140_000_with_camera_labels-60.png 176 872 25
big_dataset_depth/000000000066-segment-10023947602400723454_1120_000_1140_000_with_camera_labels-60.png 184 864 24
big_dataset_depth/000000000066-segment-10023947602400723454_1120_000_1140_000_with_camera_labels-60.png 192 864 24
big_dataset_depth/000000000066-segment-10023947602400723454_1120_000_1140_000_with_camera_labels-60.png 200 880 24
big_dataset_depth/000000000066-segment-10023947602400723454_1120_000_1140_000_with_camera_labels-60.png 208 864 24
big_dataset_depth/000000000066-segment-10023947602400723454_1120_000_1140_000_with_camera_labels-60.png 216 864 24
big_dataset_depth/000000000066-segment-10023947602400723454_1120_000_1140_000_with_camera_labels-60.png 224 880 25
big_dataset_depth/000000000066-segment-10023947602400723454_1120_000_1140_000_with_camera_labels-60.png 232 864 24
big_dataset_depth/000000000066-segment-10023947602400723454_1120_000_1140_000_with_camera_labels-60.png 240 872 24
big_dataset_depth/000000000066-segment-10023947602400723454_1120_000_1140_000_with_camera_labels-60.png 248 864 24
big_dataset_depth/000000000066-segment-10023947602400723454_1120_000_1140_000_with_camera_labels-60.png 256 864 24
big_dataset_depth/000000000066-segment-10023947602400723454_1120_000_1140_000_with_camera_labels-60.png 264 880 25
big_dataset_depth/000000000066-segment-10023947602400723454_1120_000_1140_000_with_camera_labels-60.png 272 864 24
big_dataset_depth/000000000066-segment-10023947602400723454_1120_000_1140_000_with_camera_labels-60.png 280 864 24
big_dataset_depth/000000000066-segment-10023947602400723454_1120_000_1140_000_with_camera_labels-60.png 288 872 24
big_dataset_depth/000000000066-segment-10023947602400723454_1120_000_1140_000_with_camera_labels-60.png 296 864 24
big_dataset_depth/000000000066-segment-10023947602400723454_1120_000_1140_000_with_camera_labels-60.png 304 864 24
big_dataset_depth/000000000066-segment-10023947602400723454_1120_000_1140_000_with_camera_labels-60.png 312 880 25
big_dataset_depth/000000000066-segment-10023947602400723454_1120_000_1140_000_with_camera_labels-60.png 320 864 24
big_dataset_depth/000000000066-segment-10023947602400723454_1120_000_1140_000_with_camera_labels-60.png 328 880 25
big_dataset_depth/000000000066-segment-10023947602400723454_1120_000_1140_000_with_camera_labels-60.png 336 864 24
big_dataset_depth/000000000066-segment-10023947602400723454_1120_000_1140_000_with_camera_labels-60.png 344 864 24
big_dataset_depth/000000000066-segment-10023947602400723454_1120_000_1140_000_with_camera_labels-60.png 352 872 24
big_dataset_depth/000000000066-segment-10023947602400723454_1120_000_1140_000_with_camera_labels-60.png 360 864 24
big_dataset_depth/000000000066-segment-10023947602400723454_1120_000_1140_000_with_camera_labels-60.png 368 864 24
big_dataset_depth/000000000066-segment-10023947602400723454_1120_000_1140_000_with_camera_labels-60.png 376 856 24
big_dataset_depth/000000000066-segment-10023947602400723454_1120_000_1140_000_with_camera_labels-60.png 384 856 24
big_dataset_depth/000000000066-segment-10023947602400723454_1120_000_1140_000_with_camera_labels-60.png 392 872 25
big_dataset_depth/000000000066-segment-10023947602400723454_1120_000_1140_000_with_camera_labels-60.png 400 856 24
big_dataset_depth/000000000066-segment-10023947602400723454_1120_000_1140_000_with_camera_labels-60.png 408 856 24
big_dataset_depth/000000000066-segment-10023947602400723454_1120_000_1140_000_with_camera_labels-60.png 416 872 24
big_dataset_depth/000000000066-segment-10023947602400723454_1120_000_1140_000_with_camera_labels-60.png 424 856 24
big_dataset_depth/000000000066-segment-10023947602400723454_1120_000_1140_000_with_camera_labels-60.png 432 856 24
big_dataset_depth/000000000066-segment-10023947602400723454_1120_000_1140_000_with_camera_labels-60.png 440 872 25
big_dataset_depth/000000000066-segment-10023947602400723454_1120_000_1140_000_with_camera_labels-60.png 448 888 24
big_dataset_depth/000000000066-segment-10023947602400723454_1120_000_1140_000_with_camera_labels-60.png 456 872 24
big_dataset_depth/000000000066-segment-10023947602400723454_1120_000_1140_000_with_camera_labels-60.png 464 864 24
big_dataset_depth/000000000066-segment-10023947602400723454_1120_000_1140_000_with_camera_labels-60.png 472 904 24
big_dataset_depth/000000000066-segment-10023947602400723454_1120_000_1140_000_with_camera_labels-60.png 480 864 24
big_dataset_depth/000000000066-segment-10023947602400723454_1120_000_1140_000_with_camera_labels-60.png 488 872 24
big_dataset_depth/000000000066-segment-10023947602400723454_1120_000_1140_000_with_camera_labels-60.png 496 888 24
big_dataset_depth/000000000066-segment-10023947602400723454_1120_000_1140_000_with_camera_labels-60.png 504 872 24
big_dataset_depth/000000000066-segment-10023947602400723454_1120_000_1140_000_with_camera_labels-60.png 512 872 24
big_dataset_depth/000000000066-segment-10023947602400723454_1120_000_1140_000_with_camera_labels-60.png 520 888 24
big_dataset_depth/000000000066-segment-10023947602400723454_1120_000_1140_000_with_camera_labels-60.png 528 880 25
big_dataset_depth/000000000066-segment-10023947602400723454_1120_000_1140_000_with_camera_labels-60.png 536 888 24
big_dataset_depth/000000000066-segment-10023947602400723454_1120_000_1140_000_with_camera_labels-60.png 544 872 24
big_dataset_depth/000000000066-segment-10023947602400723454_1120_000_1140_000_with_camera_labels-60.png 552 872 24
big_dataset_depth/000000000066-segment-10023947602400723454_1120_000_1140_000_with_camera_labels-60.png 560 888 24
big_dataset_depth/000000000066-segment-10023947602400723454_1120_000_1140_000_with_camera_labels-60.png 568 880 25
big_dataset_depth/000000000066-segment-10023947602400723454_1120_000_1140_000_with_camera_labels-60.png 576 880 24
big_dataset_depth/000000000066-segment-10023947602400723454_1120_000_1140_000_with_camera_labels-60.png 584 864 24
big_dataset_depth/000000000066-segment-10023947602400723454_1120_000_1140_000_with_camera_labels-60.png 592 864 24
big_dataset_depth/000000000066-segment-10023947602400723454_1120_000_1140_000_with_camera_labels-60.png 600 864 24
big_dataset_depth/000000000066-segment-10023947602400723454_1120_000_1140_000_with_camera_labels-60.png 608 856 24
big_dataset_depth/000000000066-segment-10023947602400723454_1120_000_1140_000_with_camera_labels-60.png 616 864 24
big_dataset_depth/000000000066-segment-10023947602400723454_1120_000_1140_000_with_camera_labels-60.png 624 864 24
big_dataset_depth/000000000066-segment-10023947602400723454_1120_000_1140_000_with_camera_labels-60.png 632 872 24
big_dataset_depth/000000000066-segment-10023947602400723454_1120_000_1140_000_with_camera_labels-60.png 640 864 24
big_dataset_depth/000000000066-segment-10023947602400723454_1120_000_1140_000_with_camera_labels-60.png 648 864 24
big_dataset_depth/000000000066-segment-10023947602400723454_1120_000_1140_000_with_camera_labels-60.png 656 872 25
big_dataset_depth/000000000066-segment-10023947602400723454_1120_000_1140_000_with_camera_labels-60.png 664 880 24
big_dataset_depth/000000000066-segment-10023947602400723454_1120_000_1140_000_with_camera_labels-60.png 672 864 24
big_dataset_depth/000000000066-segment-10023947602400723454_1120_000_1140_000_with_camera_labels-60.png 680 896 24
big_dataset_depth/000000000066-segment-10023947602400723454_1120_000_1140_000_with_camera_labels-60.png 688 864 24
big_dataset_depth/000000000066-segment-10023947602400723454_1120_000_1140_000_with_camera_labels-60.png 696 840 24
big_dataset_depth/000000000066-segment-10023947602400723454_1120_000_1140_000_with_camera_labels-60.png 704 848 24
big_dataset_depth/000000000066-segment-10023947602400723454_1120_000_1140_000_with_camera_labels-60.png 712 856 24
big_dataset_depth/000000000066-segment-10023947602400723454_1120_000_1140_000_with_camera_labels-60.png 720 872 25
big_dataset_depth/000000000066-segment-10023947602400723454_1120_000_1140_000_with_camera_labels-60.png 728 856 24
big_dataset_depth/000000000066-segment-10023947602400723454_1120_000_1140_000_with_camera_labels-60.png 736 848 24
big_dataset_depth/000000000066-segment-10023947602400723454_1120_000_1140_000_with_camera_labels-60.png 744 872 25
big_dataset_depth/000000000066-segment-10023947602400723454_1120_000_1140_000_with_camera_labels-60.png 752 856 24
big_dataset_depth/000000000066-segment-10023947602400723454_1120_000_1140_000_with_camera_labels-60.png 760 848 24
big_dataset_depth/000000000066-segment-10023947602400723454_1120_000_1140_000_with_camera_labels-60.png 768 872 24
big_dataset_depth/000000000066-segment-10023947602400723454_1120_000_1140_000_with_camera_labels-60.png 776 848 24
big_dataset_depth/000000000066-segment-10023947602400723454_1120_000_1140_000_with_camera_labels-60.png 784 856 24
big_dataset_depth/000000000066-segment-10023947602400723454_1120_000_1140_000_with_camera_labels-60.png 792 856 24
big_dataset_depth/000000000066-segment-10023947602400723454_1120_000_1140_000_with_camera_labels-60.png 800 840 24
big_dataset_depth/000000000066-segment-10023947602400723454_1120_000_1140_000_with_camera_labels-60.png 808 872 24
big_dataset_depth/000000000066-segment-10023947602400723454_1120_000_1140_000_with_camera_labels-60.png 816 864 24
big_dataset_depth/000000000066-segment-10023947602400723454_1120_000_1140_000_with_camera_labels-60.png 824 872 25
big_dataset_depth/000000000066-segment-10023947602400723454_1120_000_1140_000_with_camera_labels-60.png 832 848 24
big_dataset_depth/000000000066-segment-10023947602400723454_1120_000_1140_000_with_camera_labels-60.png 840 864 25
big_dataset_depth/000000000066-segment-10023947602400723454_1120_000_1140_000_with_camera_labels-60.png 848 880 24
big_dataset_depth/000000000066-segment-10023947602400723454_1120_000_1140_000_with_camera_labels-60.png 856 848 24
big_dataset_depth/000000000066-segment-10023947602400723454_1120_000_1140_000_with_camera_labels-60.png 864 848 24
big_dataset_depth/000000000066-segment-10023947602400723454_1120_000_1140_000_with_camera_labels-60.png 872 848 24
big_dataset_depth/000000000066-segment-10023947602400723454_1120_000_1140_000_with_camera_labels-60.png 880 912 24
big_dataset_depth/000000000066-segment-10023947602400723454_1120_000_1140_000_with_camera_labels-60.png 888 864 24
big_dataset_depth/000000000066-segment-10023947602400723454_1120_000_1140_000_with_camera_labels-60.png 896 856 24
big_dataset_depth/000000000066-segment-10023947602400723454_1120_000_1140_000_with_camera_labels-60.png 904 920 23
big_dataset_depth/000000000066-segment-10023947602400723454_1120_000_1140_000_with_camera_labels-60.png 912 864 24
big_dataset_depth/000000000066-segment-10023947602400723454_1120_000_1140_000_with_camera_labels-60.png 920 904 23
big_dataset_depth/000000000066-segment-10023947602400723454_1120_000_1140_000_with_camera_labels-60.png 928 864 24
big_dataset_depth/000000000066-segment-10023947602400723454_1120_000_1140_000_with_camera_labels-60.png 936 864 24
big_dataset_depth/000000000066-segment-10023947602400723454_1120_000_1140_000_with_camera_labels-60.png 944 856 24
big_dataset_depth/000000000066-segment-10023947602400723454_1120_000_1140_000_with_camera_labels-60.png 952 864 24
big_dataset_depth/000000000066-segment-10023947602400723454_1120_000_1140_000_with_camera_labels-60.png 960 864 24
big_dataset_depth/000000000066-segment-10023947602400723454_1120_000_1140_000_with_camera_labels-60.png 968 856 24
big_dataset_depth/000000000066-segment-10023947602400723454_1120_000_1140_000_with_camera_labels-60.png 976 896 25
big_dataset_depth/000000000066-segment-10023947602400723454_1120_000_1140_000_with_camera_labels-60.png 984 880 24
big_dataset_depth/000000000066-segment-10023947602400723454_1120_000_1140_000_with_camera_labels-60.png 992 864 24
big_dataset_depth/000000000066-segment-10023947602400723454_1120_000_1140_000_with_camera_labels-60.png 1000 856 24
big_dataset_depth/000000000066-segment-10023947602400723454_1120_000_1140_000_with_camera_labels-60.png 1008 872 24
big_dataset_depth/000000000066-segment-10023947602400723454_1120_000_1140_000_with_camera_labels-60.png 1016 968 20
big_dataset_depth/000000000066-segment-10023947602400723454_1120_000_1140_000_with_camera_labels-60.png 1024 904 24
big_dataset_depth/000000000066-segment-10023947602400723454_1120_000_1140_000_with_camera_labels-60.png 1032 904 24
big_dataset_depth/000000000066-segment-10023947602400723454_1120_000_1140_000_with_camera_labels-60.png 1040 904 24
big_dataset_depth/000000000066-segment-10023947602400723454_1120_000_1140_000_with_camera_labels-60.png 1048 912 23
big_dataset_depth/000000000066-segment-10023947602400723454_1120_000_1140_000_with_camera_labels-60.png 1056 904 24
big_dataset_depth/000000000066-segment-10023947602400723454_1120_000_1140_000_with_camera_labels-60.png 1064 904 24
big_dataset_depth/000000000066-segment-10023947602400723454_1120_000_1140_000_with_camera_labels-60.png 1072 904 24
big_dataset_depth/000000000066-segment-10023947602400723454_1120_000_1140_000_with_camera_labels-60.png 1080 904 24
big_dataset_depth/000000000066-segment-10023947602400723454_1120_000_1140_000_with_camera_labels-60.png 1088 904 24
big_dataset_depth/000000000066-segment-10023947602400723454_1120_000_1140_000_with_camera_labels-60.png 1096 920 23
big_dataset_depth/000000000066-segment-10023947602400723454_1120_000_1140_000_with_camera_labels-60.png 1104 880 24
big_dataset_depth/000000000066-segment-10023947602400723454_1120_000_1140_000_with_camera_labels-60.png 1112 896 24
big_dataset_depth/000000000066-segment-10023947602400723454_1120_000_1140_000_with_camera_labels-60.png 1120 880 24
big_dataset_depth/000000000066-segment-10023947602400723454_1120_000_1140_000_with_camera_labels-60.png 1128 888 24
big_dataset_depth/000000000066-segment-10023947602400723454_1120_000_1140_000_with_camera_labels-60.png 1136 904 24
big_dataset_depth/000000000066-segment-10023947602400723454_1120_000_1140_000_with_camera_labels-60.png 1144 904 24
big_dataset_depth/000000000066-segment-10023947602400723454_1120_000_1140_000_with_camera_labels-60.png 1152 896 24
big_dataset_depth/000000000066-segment-10023947602400723454_1120_000_1140_000_with_camera_labels-60.png 1160 880 24
big_dataset_depth/000000000066-segment-10023947602400723454_1120_000_1140_000_with_camera_labels-60.png 1168 864 24
big_dataset_depth/000000000066-segment-10023947602400723454_1120_000_1140_000_with_camera_labels-60.png 1176 872 25
big_dataset_depth/000000000066-segment-10023947602400723454_1120_000_1140_000_with_camera_labels-60.png 1184 864 24
big_dataset_depth/000000000066-segment-10023947602400723454_1120_000_1140_000_with_camera_labels-60.png 1192 872 25
big_dataset_depth/000000000066-segment-10023947602400723454_1120_000_1140_000_with_camera_labels-60.png 1200 864 24
big_dataset_depth/000000000066-segment-10023947602400723454_1120_000_1140_000_with_camera_labels-60.png 1208 864 24
big_dataset_depth/000000000066-segment-10023947602400723454_1120_000_1140_000_with_camera_labels-60.png 1216 864 24
big_dataset_depth/000000000066-segment-10023947602400723454_1120_000_1140_000_with_camera_labels-60.png 1224 864 24
big_dataset_depth/000000000066-segment-10023947602400723454_1120_000_1140_000_with_camera_labels-60.png 1232 864 24
big_dataset_depth/000000000066-segment-10023947602400723454_1120_000_1140_000_with_camera_labels-60.png 1240 864 24
big_dataset_depth/000000000066-segment-10023947602400723454_1120_000_1140_000_with_camera_labels-60.png 1248 864 24
big_dataset_depth/000000000066-segment-10023947602400723454_1120_000_1140_000_with_camera_labels-60.png 1256 864 24
big_dataset_depth/000000000066-segment-10023947602400723454_1120_000_1140_000_with_camera_labels-60.png 1264 864 24
big_dataset_depth/000000000066-segment-10023947602400723454_1120_000_1140_000_with_camera_labels-60.png 1272 864 24
big_dataset_depth/000000000066-segment-10023947602400723454_1120_000_1140_000_with_camera_labels-60.png 1280 848 24
big_dataset_depth/000000000066-segment-10023947602400723454_1120_000_1140_000_with_camera_labels-60.png 1288 864 24
big_dataset_depth/000000000066-segment-10023947602400723454_1120_000_1140_000_with_camera_labels-60.png 1296 864 24
big_dataset_depth/000000000066-segment-10023947602400723454_1120_000_1140_000_with_camera_labels-60.png 1304 864 24
big_dataset_depth/000000000066-segment-10023947602400723454_1120_000_1140_000_with_camera_labels-60.png 1312 864 24
big_dataset_depth/000000000066-segment-10023947602400723454_1120_000_1140_000_with_camera_labels-60.png 1320 848 24
big_dataset_depth/000000000066-segment-10023947602400723454_1120_000_1140_000_with_camera_labels-60.png 1328 864 24
big_dataset_depth/000000000066-segment-10023947602400723454_1120_000_1140_000_with_camera_labels-60.png 1336 864 24
big_dataset_depth/000000000066-segment-10023947602400723454_1120_000_1140_000_with_camera_labels-60.png 1344 856 24
big_dataset_depth/000000000066-segment-10023947602400723454_1120_000_1140_000_with_camera_labels-60.png 1352 864 24
big_dataset_depth/000000000066-segment-10023947602400723454_1120_000_1140_000_with_camera_labels-60.png 1360 872 25
big_dataset_depth/000000000066-segment-10023947602400723454_1120_000_1140_000_with_camera_labels-60.png 1368 864 24
big_dataset_depth/000000000066-segment-10023947602400723454_1120_000_1140_000_with_camera_labels-60.png 1376 872 26
big_dataset_depth/000000000066-segment-10023947602400723454_1120_000_1140_000_with_camera_labels-60.png 1384 888 24
big_dataset_depth/000000000066-segment-10023947602400723454_1120_000_1140_000_with_camera_labels-60.png 1392 864 24
big_dataset_depth/000000000066-segment-10023947602400723454_1120_000_1140_000_with_camera_labels-60.png 1400 872 25
big_dataset_depth/000000000066-segment-10023947602400723454_1120_000_1140_000_with_camera_labels-60.png 1408 864 24
big_dataset_depth/000000000066-segment-10023947602400723454_1120_000_1140_000_with_camera_labels-60.png 1416 872 25
big_dataset_depth/000000000066-segment-10023947602400723454_1120_000_1140_000_with_camera_labels-60.png 1424 888 24
big_dataset_depth/000000000066-segment-10023947602400723454_1120_000_1140_000_with_camera_labels-60.png 1432 864 25
big_dataset_depth/000000000066-segment-10023947602400723454_1120_000_1140_000_with_camera_labels-60.png 1440 872 25
big_dataset_depth/000000000066-segment-10023947602400723454_1120_000_1140_000_with_camera_labels-60.png 1448 864 25
big_dataset_depth/000000000066-segment-10023947602400723454_1120_000_1140_000_with_camera_labels-60.png 1456 864 25
big_dataset_depth/000000000066-segment-10023947602400723454_1120_000_1140_000_with_camera_labels-60.png 1464 872 26
big_dataset_depth/000000000066-segment-10023947602400723454_1120_000_1140_000_with_camera_labels-60.png 1472 888 25
big_dataset_depth/000000000066-segment-10023947602400723454_1120_000_1140_000_with_camera_labels-60.png 1480 872 25
big_dataset_depth/000000000066-segment-10023947602400723454_1120_000_1140_000_with_camera_labels-60.png 1488 872 25
big_dataset_depth/000000000066-segment-10023947602400723454_1120_000_1140_000_with_camera_labels-60.png 1496 872 25
big_dataset_depth/000000000066-segment-10023947602400723454_1120_000_1140_000_with_camera_labels-60.png 1504 880 25
big_dataset_depth/000000000066-segment-10023947602400723454_1120_000_1140_000_with_camera_labels-60.png 1512 872 25
big_dataset_depth/000000000066-segment-10023947602400723454_1120_000_1140_000_with_camera_labels-60.png 1520 872 25
big_dataset_depth/000000000066-segment-10023947602400723454_1120_000_1140_000_with_camera_labels-60.png 1528 888 25
big_dataset_depth/000000000066-segment-10023947602400723454_1120_000_1140_000_with_camera_labels-60.png 1536 872 25
big_dataset_depth/000000000066-segment-10023947602400723454_1120_000_1140_000_with_camera_labels-60.png 1544 872 25
big_dataset_depth/000000000066-segment-10023947602400723454_1120_000_1140_000_with_camera_labels-60.png 1552 872 25
big_dataset_depth/000000000066-segment-10023947602400723454_1120_000_1140_000_with_camera_labels-60.png 1560 872 25
big_dataset_depth/000000000066-segment-10023947602400723454_1120_000_1140_000_with_camera_labels-60.png 1568 880 25
big_dataset_depth/000000000066-segment-10023947602400723454_1120_000_1140_000_with_camera_labels-60.png 1576 872 25
big_dataset_depth/000000000066-segment-10023947602400723454_1120_000_1140_000_with_camera_labels-60.png 1584 872 25
big_dataset_depth/000000000066-segment-10023947602400723454_1120_000_1140_000_with_camera_labels-60.png 1592 864 25
big_dataset_depth/000000000066-segment-10023947602400723454_1120_000_1140_000_with_camera_labels-60.png 1600 872 25
big_dataset_depth/000000000066-segment-10023947602400723454_1120_000_1140_000_with_camera_labels-60.png 1608 880 26
big_dataset_depth/000000000066-segment-10023947602400723454_1120_000_1140_000_with_camera_labels-60.png 1616 872 25
big_dataset_depth/000000000066-segment-10023947602400723454_1120_000_1140_000_with_camera_labels-60.png 1624 872 25
big_dataset_depth/000000000066-segment-10023947602400723454_1120_000_1140_000_with_camera_labels-60.png 1632 880 25
big_dataset_depth/000000000066-segment-10023947602400723454_1120_000_1140_000_with_camera_labels-60.png 1640 872 25
big_dataset_depth/000000000066-segment-10023947602400723454_1120_000_1140_000_with_camera_labels-60.png 1648 880 26
big_dataset_depth/000000000066-segment-10023947602400723454_1120_000_1140_000_with_camera_labels-60.png 1656 872 25
big_dataset_depth/000000000066-segment-10023947602400723454_1120_000_1140_000_with_camera_labels-60.png 1664 872 25
big_dataset_depth/000000000066-segment-10023947602400723454_1120_000_1140_000_with_camera_labels-60.png 1672 888 26
big_dataset_depth/000000000066-segment-10023947602400723454_1120_000_1140_000_with_camera_labels-60.png 1680 872 25
big_dataset_depth/000000000066-segment-10023947602400723454_1120_000_1140_000_with_camera_labels-60.png 1688 872 25
big_dataset_depth/000000000066-segment-10023947602400723454_1120_000_1140_000_with_camera_labels-60.png 1696 888 26
big_dataset_depth/000000000066-segment-10023947602400723454_1120_000_1140_000_with_camera_labels-60.png 1704 880 27
big_dataset_depth/000000000066-segment-10023947602400723454_1120_000_1140_000_with_camera_labels-60.png 1712 888 26
big_dataset_depth/000000000066-segment-10023947602400723454_1120_000_1140_000_with_camera_labels-60.png 1720 872 26
big_dataset_depth/000000000066-segment-10023947602400723454_1120_000_1140_000_with_camera_labels-60.png 1728 888 26
big_dataset_depth/000000000066-segment-10023947602400723454_1120_000_1140_000_with_camera_labels-60.png 1736 904 26
big_dataset_depth/000000000066-segment-10023947602400723454_1120_000_1140_000_with_camera_labels-60.png 1744 896 26
big_dataset_depth/000000000066-segment-10023947602400723454_1120_000_1140_000_with_camera_labels-60.png 1752 912 26
big_dataset_depth/000000000066-segment-10023947602400723454_1120_000_1140_000_with_camera_labels-60.png 1760 896 26
big_dataset_depth/000000000066-segment-10023947602400723454_1120_000_1140_000_with_camera_labels-60.png 1768 880 26
big_dataset_depth/000000000066-segment-10023947602400723454_1120_000_1140_000_with_camera_labels-60.png 1776 904 26
big_dataset_depth/000000000066-segment-10023947602400723454_1120_000_1140_000_with_camera_labels-60.png 1784 912 26
big_dataset_depth/000000000066-segment-10023947602400723454_1120_000_1140_000_with_camera_labels-60.png 1792 904 26
big_dataset_depth/000000000066-segment-10023947602400723454_1120_000_1140_000_with_camera_labels-60.png 1800 912 26
big_dataset_depth/000000000066-segment-10023947602400723454_1120_000_1140_000_with_camera_labels-60.png 1808 904 26
big_dataset_depth/000000000066-segment-10023947602400723454_1120_000_1140_000_with_camera_labels-60.png 1816 896 26
big_dataset_depth/000000000066-segment-10023947602400723454_1120_000_1140_000_with_camera_labels-60.png 1824 912 26
big_dataset_depth/000000000066-segment-10023947602400723454_1120_000_1140_000_with_camera_labels-60.png 1832 920 26
big_dataset_depth/000000000066-segment-10023947602400723454_1120_000_1140_000_with_camera_labels-60.png 1840 912 26
big_dataset_depth/000000000066-segment-10023947602400723454_1120_000_1140_000_with_camera_labels-60.png 1848 912 26
big_dataset_depth/000000000066-segment-10023947602400723454_1120_000_1140_000_with_camera_labels-60.png 1856 912 26
big_dataset_depth/000000000066-segment-10023947602400723454_1120_000_1140_000_with_camera_labels-60.png 1864 912 26
big_dataset_depth/000000000066-segment-10023947602400723454_1120_000_1140_000_with_camera_labels-60.png 1872 920 26
big_dataset_depth/000000000066-segment-10023947602400723454_1120_000_1140_000_with_camera_labels-60.png 1880 912 27
big_dataset_depth/000000000066-segment-10023947602400723454_1120_000_1140_000_with_camera_labels-60.png 1888 864 26
big_dataset_depth/000000000066-segment-10023947602400723454_1120_000_1140_000_with_camera_labels-60.png 1896 872 27
big_dataset_depth/000000000066-segment-10023947602400723454_1120_000_1140_000_with_camera_labels-60.png 1904 896 27
big_dataset_depth/000000000066-segment-10023947602400723454_1120_000_1140_000_with_camera_labels-60.png 1912 904 27
