big_dataset_depth/000000001223-segment-11183906854663518829_2294_000_2314_000_with_camera_labels-40.png 0 680 104
big_dataset_depth/000000001223-segment-11183906854663518829_2294_000_2314_000_with_camera_labels-40.png 8 680 105
big_dataset_depth/000000001223-segment-11183906854663518829_2294_000_2314_000_with_camera_labels-40.png 16 680 105
big_dataset_depth/000000001223-segment-11183906854663518829_2294_000_2314_000_with_camera_labels-40.png 24 688 100
big_dataset_depth/000000001223-segment-11183906854663518829_2294_000_2314_000_with_camera_labels-40.png 32 688 97
big_dataset_depth/000000001223-segment-11183906854663518829_2294_000_2314_000_with_camera_labels-40.png 40 688 104
big_dataset_depth/000000001223-segment-11183906854663518829_2294_000_2314_000_with_camera_labels-40.png 48 680 97
big_dataset_depth/000000001223-segment-11183906854663518829_2294_000_2314_000_with_camera_labels-40.png 56 680 101
big_dataset_depth/000000001223-segment-11183906854663518829_2294_000_2314_000_with_camera_labels-40.png 64 680 97
big_dataset_depth/000000001223-segment-11183906854663518829_2294_000_2314_000_with_camera_labels-40.png 72 688 104
big_dataset_depth/000000001223-segment-11183906854663518829_2294_000_2314_000_with_camera_labels-40.png 80 680 104
big_dataset_depth/000000001223-segment-11183906854663518829_2294_000_2314_000_with_camera_labels-40.png 88 688 104
big_dataset_depth/000000001223-segment-11183906854663518829_2294_000_2314_000_with_camera_labels-40.png 96 680 105
big_dataset_depth/000000001223-segment-11183906854663518829_2294_000_2314_000_with_camera_labels-40.png 104 680 106
big_dataset_depth/000000001223-segment-11183906854663518829_2294_000_2314_000_with_camera_labels-40.png 112 688 106
big_dataset_depth/000000001223-segment-11183906854663518829_2294_000_2314_000_with_camera_labels-40.png 120 688 106
big_dataset_depth/000000001223-segment-11183906854663518829_2294_000_2314_000_with_camera_labels-40.png 128 664 108
big_dataset_depth/000000001223-segment-11183906854663518829_2294_000_2314_000_with_camera_labels-40.png 208 696 104
big_dataset_depth/000000001223-segment-11183906854663518829_2294_000_2314_000_with_camera_labels-40.png 216 696 104
big_dataset_depth/000000001223-segment-11183906854663518829_2294_000_2314_000_with_camera_labels-40.png 280 704 91
big_dataset_depth/000000001223-segment-11183906854663518829_2294_000_2314_000_with_camera_labels-40.png 288 696 89
big_dataset_depth/000000001223-segment-11183906854663518829_2294_000_2314_000_with_camera_labels-40.png 296 696 89
big_dataset_depth/000000001223-segment-11183906854663518829_2294_000_2314_000_with_camera_labels-40.png 304 696 89
big_dataset_depth/000000001223-segment-11183906854663518829_2294_000_2314_000_with_camera_labels-40.png 312 696 89
big_dataset_depth/000000001223-segment-11183906854663518829_2294_000_2314_000_with_camera_labels-40.png 320 688 89
big_dataset_depth/000000001223-segment-11183906854663518829_2294_000_2314_000_with_camera_labels-40.png 328 696 89
big_dataset_depth/000000001223-segment-11183906854663518829_2294_000_2314_000_with_camera_labels-40.png 336 696 89
big_dataset_depth/000000001223-segment-11183906854663518829_2294_000_2314_000_with_camera_labels-40.png 344 688 89
big_dataset_depth/000000001223-segment-11183906854663518829_2294_000_2314_000_with_camera_labels-40.png 352 688 90
big_dataset_depth/000000001223-segment-11183906854663518829_2294_000_2314_000_with_camera_labels-40.png 360 680 91
big_dataset_depth/000000001223-segment-11183906854663518829_2294_000_2314_000_with_camera_labels-40.png 368 688 92
big_dataset_depth/000000001223-segment-11183906854663518829_2294_000_2314_000_with_camera_labels-40.png 384 696 93
big_dataset_depth/000000001223-segment-11183906854663518829_2294_000_2314_000_with_camera_labels-40.png 392 672 99
big_dataset_depth/000000001223-segment-11183906854663518829_2294_000_2314_000_with_camera_labels-40.png 400 680 100
big_dataset_depth/000000001223-segment-11183906854663518829_2294_000_2314_000_with_camera_labels-40.png 408 688 100
big_dataset_depth/000000001223-segment-11183906854663518829_2294_000_2314_000_with_camera_labels-40.png 424 672 89
big_dataset_depth/000000001223-segment-11183906854663518829_2294_000_2314_000_with_camera_labels-40.png 448 696 88
big_dataset_depth/000000001223-segment-11183906854663518829_2294_000_2314_000_with_camera_labels-40.png 456 696 88
big_dataset_depth/000000001223-segment-11183906854663518829_2294_000_2314_000_with_camera_labels-40.png 464 696 88
big_dataset_depth/000000001223-segment-11183906854663518829_2294_000_2314_000_with_camera_labels-40.png 472 696 88
big_dataset_depth/000000001223-segment-11183906854663518829_2294_000_2314_000_with_camera_labels-40.png 480 672 88
big_dataset_depth/000000001223-segment-11183906854663518829_2294_000_2314_000_with_camera_labels-40.png 488 696 89
big_dataset_depth/000000001223-segment-11183906854663518829_2294_000_2314_000_with_camera_labels-40.png 520 672 85
big_dataset_depth/000000001223-segment-11183906854663518829_2294_000_2314_000_with_camera_labels-40.png 528 688 86
big_dataset_depth/000000001223-segment-11183906854663518829_2294_000_2314_000_with_camera_labels-40.png 536 680 85
big_dataset_depth/000000001223-segment-11183906854663518829_2294_000_2314_000_with_camera_labels-40.png 544 696 85
big_dataset_depth/000000001223-segment-11183906854663518829_2294_000_2314_000_with_camera_labels-40.png 552 696 85
big_dataset_depth/000000001223-segment-11183906854663518829_2294_000_2314_000_with_camera_labels-40.png 560 696 85
big_dataset_depth/000000001223-segment-11183906854663518829_2294_000_2314_000_with_camera_labels-40.png 568 680 85
big_dataset_depth/000000001223-segment-11183906854663518829_2294_000_2314_000_with_camera_labels-40.png 576 672 85
big_dataset_depth/000000001223-segment-11183906854663518829_2294_000_2314_000_with_camera_labels-40.png 584 672 85
big_dataset_depth/000000001223-segment-11183906854663518829_2294_000_2314_000_with_camera_labels-40.png 592 680 86
big_dataset_depth/000000001223-segment-11183906854663518829_2294_000_2314_000_with_camera_labels-40.png 600 680 88
big_dataset_depth/000000001223-segment-11183906854663518829_2294_000_2314_000_with_camera_labels-40.png 608 680 90
big_dataset_depth/000000001223-segment-11183906854663518829_2294_000_2314_000_with_camera_labels-40.png 616 688 91
big_dataset_depth/000000001223-segment-11183906854663518829_2294_000_2314_000_with_camera_labels-40.png 864 704 88
big_dataset_depth/000000001223-segment-11183906854663518829_2294_000_2314_000_with_camera_labels-40.png 872 696 87
big_dataset_depth/000000001223-segment-11183906854663518829_2294_000_2314_000_with_camera_labels-40.png 880 696 87
big_dataset_depth/000000001223-segment-11183906854663518829_2294_000_2314_000_with_camera_labels-40.png 888 704 86
big_dataset_depth/000000001223-segment-11183906854663518829_2294_000_2314_000_with_camera_labels-40.png 896 648 87
big_dataset_depth/000000001223-segment-11183906854663518829_2294_000_2314_000_with_camera_labels-40.png 1368 696 107
big_dataset_depth/000000001223-segment-11183906854663518829_2294_000_2314_000_with_camera_labels-40.png 1384 704 100
big_dataset_depth/000000001223-segment-11183906854663518829_2294_000_2314_000_with_camera_labels-40.png 1400 688 108
big_dataset_depth/000000001223-segment-11183906854663518829_2294_000_2314_000_with_camera_labels-40.png 1408 696 105
big_dataset_depth/000000001223-segment-11183906854663518829_2294_000_2314_000_with_camera_labels-40.png 1416 704 94
big_dataset_depth/000000001223-segment-11183906854663518829_2294_000_2314_000_with_camera_labels-40.png 1424 688 99
big_dataset_depth/000000001223-segment-11183906854663518829_2294_000_2314_000_with_camera_labels-40.png 1432 704 93
big_dataset_depth/000000001223-segment-11183906854663518829_2294_000_2314_000_with_camera_labels-40.png 1440 696 98
big_dataset_depth/000000001223-segment-11183906854663518829_2294_000_2314_000_with_camera_labels-40.png 1448 704 95
big_dataset_depth/000000001223-segment-11183906854663518829_2294_000_2314_000_with_camera_labels-40.png 1456 696 100
big_dataset_depth/000000001223-segment-11183906854663518829_2294_000_2314_000_with_camera_labels-40.png 1464 704 99
big_dataset_depth/000000001223-segment-11183906854663518829_2294_000_2314_000_with_camera_labels-40.png 1472 712 88
big_dataset_depth/000000001223-segment-11183906854663518829_2294_000_2314_000_with_camera_labels-40.png 1480 704 92
big_dataset_depth/000000001223-segment-11183906854663518829_2294_000_2314_000_with_camera_labels-40.png 1488 712 91
big_dataset_depth/000000001223-segment-11183906854663518829_2294_000_2314_000_with_camera_labels-40.png 1496 704 94
big_dataset_depth/000000001223-segment-11183906854663518829_2294_000_2314_000_with_camera_labels-40.png 1504 712 90
big_dataset_depth/000000001223-segment-11183906854663518829_2294_000_2314_000_with_camera_labels-40.png 1512 704 91
big_dataset_depth/000000001223-segment-11183906854663518829_2294_000_2314_000_with_camera_labels-40.png 1520 712 89
big_dataset_depth/000000001223-segment-11183906854663518829_2294_000_2314_000_with_camera_labels-40.png 1528 704 92
big_dataset_depth/000000001223-segment-11183906854663518829_2294_000_2314_000_with_camera_labels-40.png 1536 712 89
big_dataset_depth/000000001223-segment-11183906854663518829_2294_000_2314_000_with_camera_labels-40.png 1544 704 92
big_dataset_depth/000000001223-segment-11183906854663518829_2294_000_2314_000_with_camera_labels-40.png 1552 704 90
big_dataset_depth/000000001223-segment-11183906854663518829_2294_000_2314_000_with_camera_labels-40.png 1560 712 90
big_dataset_depth/000000001223-segment-11183906854663518829_2294_000_2314_000_with_camera_labels-40.png 1568 712 89
big_dataset_depth/000000001223-segment-11183906854663518829_2294_000_2314_000_with_camera_labels-40.png 1576 704 95
big_dataset_depth/000000001223-segment-11183906854663518829_2294_000_2314_000_with_camera_labels-40.png 1584 712 92
big_dataset_depth/000000001223-segment-11183906854663518829_2294_000_2314_000_with_camera_labels-40.png 1592 712 88
big_dataset_depth/000000001223-segment-11183906854663518829_2294_000_2314_000_with_camera_labels-40.png 1608 712 89
big_dataset_depth/000000001223-segment-11183906854663518829_2294_000_2314_000_with_camera_labels-40.png 1616 712 89
big_dataset_depth/000000001223-segment-11183906854663518829_2294_000_2314_000_with_camera_labels-40.png 1624 712 91
big_dataset_depth/000000001223-segment-11183906854663518829_2294_000_2314_000_with_camera_labels-40.png 1632 680 91
big_dataset_depth/000000001223-segment-11183906854663518829_2294_000_2314_000_with_camera_labels-40.png 1640 712 89
big_dataset_depth/000000001223-segment-11183906854663518829_2294_000_2314_000_with_camera_labels-40.png 1648 712 89
big_dataset_depth/000000001223-segment-11183906854663518829_2294_000_2314_000_with_camera_labels-40.png 1656 720 86
big_dataset_depth/000000001223-segment-11183906854663518829_2294_000_2314_000_with_camera_labels-40.png 1664 712 86
big_dataset_depth/000000001223-segment-11183906854663518829_2294_000_2314_000_with_camera_labels-40.png 1672 712 90
big_dataset_depth/000000001223-segment-11183906854663518829_2294_000_2314_000_with_camera_labels-40.png 1680 712 93
big_dataset_depth/000000001223-segment-11183906854663518829_2294_000_2314_000_with_camera_labels-40.png 1688 712 90
big_dataset_depth/000000001223-segment-11183906854663518829_2294_000_2314_000_with_camera_labels-40.png 1696 712 92
big_dataset_depth/000000001223-segment-11183906854663518829_2294_000_2314_000_with_camera_labels-40.png 1704 624 90
big_dataset_depth/000000001223-segment-11183906854663518829_2294_000_2314_000_with_camera_labels-40.png 1712 616 90
big_dataset_depth/000000001223-segment-11183906854663518829_2294_000_2314_000_with_camera_labels-40.png 1768 728 87
big_dataset_depth/000000001223-segment-11183906854663518829_2294_000_2314_000_with_camera_labels-40.png 1776 704 93
big_dataset_depth/000000001223-segment-11183906854663518829_2294_000_2314_000_with_camera_labels-40.png 1784 720 90
big_dataset_depth/000000001223-segment-11183906854663518829_2294_000_2314_000_with_camera_labels-40.png 1792 712 90
big_dataset_depth/000000001223-segment-11183906854663518829_2294_000_2314_000_with_camera_labels-40.png 1800 728 87
big_dataset_depth/000000001223-segment-11183906854663518829_2294_000_2314_000_with_camera_labels-40.png 1808 728 87
big_dataset_depth/000000001223-segment-11183906854663518829_2294_000_2314_000_with_camera_labels-40.png 1816 728 87
big_dataset_depth/000000001223-segment-11183906854663518829_2294_000_2314_000_with_camera_labels-40.png 1824 728 87
big_dataset_depth/000000001223-segment-11183906854663518829_2294_000_2314_000_with_camera_labels-40.png 1832 720 87
big_dataset_depth/000000001223-segment-11183906854663518829_2294_000_2314_000_with_camera_labels-40.png 1840 696 87
big_dataset_depth/000000001223-segment-11183906854663518829_2294_000_2314_000_with_camera_labels-40.png 1848 728 82
big_dataset_depth/000000001223-segment-11183906854663518829_2294_000_2314_000_with_camera_labels-40.png 1856 728 87
big_dataset_depth/000000001223-segment-11183906854663518829_2294_000_2314_000_with_camera_labels-40.png 1864 728 87
big_dataset_depth/000000001223-segment-11183906854663518829_2294_000_2314_000_with_camera_labels-40.png 1872 728 87
big_dataset_depth/000000001223-segment-11183906854663518829_2294_000_2314_000_with_camera_labels-40.png 1880 712 93
big_dataset_depth/000000001223-segment-11183906854663518829_2294_000_2314_000_with_camera_labels-40.png 1888 728 87
big_dataset_depth/000000001223-segment-11183906854663518829_2294_000_2314_000_with_camera_labels-40.png 1896 712 93
big_dataset_depth/000000001223-segment-11183906854663518829_2294_000_2314_000_with_camera_labels-40.png 1904 744 80
big_dataset_depth/000000001223-segment-11183906854663518829_2294_000_2314_000_with_camera_labels-40.png 1912 736 85
