big_dataset_depth/000000001876-segment-11971497357570544465_1200_000_1220_000_with_camera_labels-170.png 0 1264 11
big_dataset_depth/000000001876-segment-11971497357570544465_1200_000_1220_000_with_camera_labels-170.png 8 936 32
big_dataset_depth/000000001876-segment-11971497357570544465_1200_000_1220_000_with_camera_labels-170.png 16 688 53
big_dataset_depth/000000001876-segment-11971497357570544465_1200_000_1220_000_with_camera_labels-170.png 24 1192 11
big_dataset_depth/000000001876-segment-11971497357570544465_1200_000_1220_000_with_camera_labels-170.png 80 672 54
big_dataset_depth/000000001876-segment-11971497357570544465_1200_000_1220_000_with_camera_labels-170.png 96 672 54
big_dataset_depth/000000001876-segment-11971497357570544465_1200_000_1220_000_with_camera_labels-170.png 104 640 67
big_dataset_depth/000000001876-segment-11971497357570544465_1200_000_1220_000_with_camera_labels-170.png 112 672 54
big_dataset_depth/000000001876-segment-11971497357570544465_1200_000_1220_000_with_camera_labels-170.png 120 656 53
big_dataset_depth/000000001876-segment-11971497357570544465_1200_000_1220_000_with_camera_labels-170.png 128 672 54
big_dataset_depth/000000001876-segment-11971497357570544465_1200_000_1220_000_with_camera_labels-170.png 136 664 54
big_dataset_depth/000000001876-segment-11971497357570544465_1200_000_1220_000_with_camera_labels-170.png 144 680 55
big_dataset_depth/000000001876-segment-11971497357570544465_1200_000_1220_000_with_camera_labels-170.png 152 680 55
big_dataset_depth/000000001876-segment-11971497357570544465_1200_000_1220_000_with_camera_labels-170.png 160 648 52
big_dataset_depth/000000001876-segment-11971497357570544465_1200_000_1220_000_with_camera_labels-170.png 168 648 52
big_dataset_depth/000000001876-segment-11971497357570544465_1200_000_1220_000_with_camera_labels-170.png 176 648 52
big_dataset_depth/000000001876-segment-11971497357570544465_1200_000_1220_000_with_camera_labels-170.png 184 648 52
big_dataset_depth/000000001876-segment-11971497357570544465_1200_000_1220_000_with_camera_labels-170.png 192 656 52
big_dataset_depth/000000001876-segment-11971497357570544465_1200_000_1220_000_with_camera_labels-170.png 200 656 52
big_dataset_depth/000000001876-segment-11971497357570544465_1200_000_1220_000_with_camera_labels-170.png 208 656 52
big_dataset_depth/000000001876-segment-11971497357570544465_1200_000_1220_000_with_camera_labels-170.png 216 656 53
big_dataset_depth/000000001876-segment-11971497357570544465_1200_000_1220_000_with_camera_labels-170.png 224 648 52
big_dataset_depth/000000001876-segment-11971497357570544465_1200_000_1220_000_with_camera_labels-170.png 232 632 64
big_dataset_depth/000000001876-segment-11971497357570544465_1200_000_1220_000_with_camera_labels-170.png 256 624 71
big_dataset_depth/000000001876-segment-11971497357570544465_1200_000_1220_000_with_camera_labels-170.png 264 648 61
big_dataset_depth/000000001876-segment-11971497357570544465_1200_000_1220_000_with_camera_labels-170.png 272 672 56
big_dataset_depth/000000001876-segment-11971497357570544465_1200_000_1220_000_with_camera_labels-170.png 280 640 53
big_dataset_depth/000000001876-segment-11971497357570544465_1200_000_1220_000_with_camera_labels-170.png 288 648 53
big_dataset_depth/000000001876-segment-11971497357570544465_1200_000_1220_000_with_camera_labels-170.png 296 648 53
big_dataset_depth/000000001876-segment-11971497357570544465_1200_000_1220_000_with_camera_labels-170.png 312 656 52
big_dataset_depth/000000001876-segment-11971497357570544465_1200_000_1220_000_with_camera_labels-170.png 320 656 52
big_dataset_depth/000000001876-segment-11971497357570544465_1200_000_1220_000_with_camera_labels-170.png 328 728 32
big_dataset_depth/000000001876-segment-11971497357570544465_1200_000_1220_000_with_camera_labels-170.png 336 792 22
big_dataset_depth/000000001876-segment-11971497357570544465_1200_000_1220_000_with_camera_labels-170.png 344 808 22
big_dataset_depth/000000001876-segment-11971497357570544465_1200_000_1220_000_with_camera_labels-170.png 352 744 39
big_dataset_depth/000000001876-segment-11971497357570544465_1200_000_1220_000_with_camera_labels-170.png 360 864 24
big_dataset_depth/000000001876-segment-11971497357570544465_1200_000_1220_000_with_camera_labels-170.png 368 872 23
big_dataset_depth/000000001876-segment-11971497357570544465_1200_000_1220_000_with_camera_labels-170.png 376 864 24
big_dataset_depth/000000001876-segment-11971497357570544465_1200_000_1220_000_with_camera_labels-170.png 384 864 24
big_dataset_depth/000000001876-segment-11971497357570544465_1200_000_1220_000_with_camera_labels-170.png 392 872 23
big_dataset_depth/000000001876-segment-11971497357570544465_1200_000_1220_000_with_camera_labels-170.png 400 864 24
big_dataset_depth/000000001876-segment-11971497357570544465_1200_000_1220_000_with_camera_labels-170.png 408 864 24
big_dataset_depth/000000001876-segment-11971497357570544465_1200_000_1220_000_with_camera_labels-170.png 416 832 23
big_dataset_depth/000000001876-segment-11971497357570544465_1200_000_1220_000_with_camera_labels-170.png 424 816 22
big_dataset_depth/000000001876-segment-11971497357570544465_1200_000_1220_000_with_camera_labels-170.png 432 816 22
big_dataset_depth/000000001876-segment-11971497357570544465_1200_000_1220_000_with_camera_labels-170.png 440 808 22
big_dataset_depth/000000001876-segment-11971497357570544465_1200_000_1220_000_with_camera_labels-170.png 448 816 22
big_dataset_depth/000000001876-segment-11971497357570544465_1200_000_1220_000_with_camera_labels-170.png 456 816 22
big_dataset_depth/000000001876-segment-11971497357570544465_1200_000_1220_000_with_camera_labels-170.png 464 816 22
big_dataset_depth/000000001876-segment-11971497357570544465_1200_000_1220_000_with_camera_labels-170.png 472 824 24
big_dataset_depth/000000001876-segment-11971497357570544465_1200_000_1220_000_with_camera_labels-170.png 480 816 22
big_dataset_depth/000000001876-segment-11971497357570544465_1200_000_1220_000_with_camera_labels-170.png 488 800 22
big_dataset_depth/000000001876-segment-11971497357570544465_1200_000_1220_000_with_camera_labels-170.png 496 800 22
big_dataset_depth/000000001876-segment-11971497357570544465_1200_000_1220_000_with_camera_labels-170.png 504 808 22
big_dataset_depth/000000001876-segment-11971497357570544465_1200_000_1220_000_with_camera_labels-170.png 512 800 22
big_dataset_depth/000000001876-segment-11971497357570544465_1200_000_1220_000_with_camera_labels-170.png 520 800 22
big_dataset_depth/000000001876-segment-11971497357570544465_1200_000_1220_000_with_camera_labels-170.png 528 816 22
big_dataset_depth/000000001876-segment-11971497357570544465_1200_000_1220_000_with_camera_labels-170.png 536 816 22
big_dataset_depth/000000001876-segment-11971497357570544465_1200_000_1220_000_with_camera_labels-170.png 544 800 22
big_dataset_depth/000000001876-segment-11971497357570544465_1200_000_1220_000_with_camera_labels-170.png 552 808 22
big_dataset_depth/000000001876-segment-11971497357570544465_1200_000_1220_000_with_camera_labels-170.png 560 800 22
big_dataset_depth/000000001876-segment-11971497357570544465_1200_000_1220_000_with_camera_labels-170.png 568 808 22
big_dataset_depth/000000001876-segment-11971497357570544465_1200_000_1220_000_with_camera_labels-170.png 576 800 22
big_dataset_depth/000000001876-segment-11971497357570544465_1200_000_1220_000_with_camera_labels-170.png 584 848 23
big_dataset_depth/000000001876-segment-11971497357570544465_1200_000_1220_000_with_camera_labels-170.png 592 864 23
big_dataset_depth/000000001876-segment-11971497357570544465_1200_000_1220_000_with_camera_labels-170.png 600 872 23
big_dataset_depth/000000001876-segment-11971497357570544465_1200_000_1220_000_with_camera_labels-170.png 608 864 23
big_dataset_depth/000000001876-segment-11971497357570544465_1200_000_1220_000_with_camera_labels-170.png 616 864 23
big_dataset_depth/000000001876-segment-11971497357570544465_1200_000_1220_000_with_camera_labels-170.png 624 856 23
big_dataset_depth/000000001876-segment-11971497357570544465_1200_000_1220_000_with_camera_labels-170.png 632 848 24
big_dataset_depth/000000001876-segment-11971497357570544465_1200_000_1220_000_with_camera_labels-170.png 640 848 24
big_dataset_depth/000000001876-segment-11971497357570544465_1200_000_1220_000_with_camera_labels-170.png 648 744 25
big_dataset_depth/000000001876-segment-11971497357570544465_1200_000_1220_000_with_camera_labels-170.png 656 808 27
big_dataset_depth/000000001876-segment-11971497357570544465_1200_000_1220_000_with_camera_labels-170.png 664 800 27
big_dataset_depth/000000001876-segment-11971497357570544465_1200_000_1220_000_with_camera_labels-170.png 672 792 28
big_dataset_depth/000000001876-segment-11971497357570544465_1200_000_1220_000_with_camera_labels-170.png 688 784 28
big_dataset_depth/000000001876-segment-11971497357570544465_1200_000_1220_000_with_camera_labels-170.png 832 888 21
big_dataset_depth/000000001876-segment-11971497357570544465_1200_000_1220_000_with_camera_labels-170.png 840 912 20
big_dataset_depth/000000001876-segment-11971497357570544465_1200_000_1220_000_with_camera_labels-170.png 848 904 21
big_dataset_depth/000000001876-segment-11971497357570544465_1200_000_1220_000_with_camera_labels-170.png 856 904 21
big_dataset_depth/000000001876-segment-11971497357570544465_1200_000_1220_000_with_camera_labels-170.png 864 904 21
big_dataset_depth/000000001876-segment-11971497357570544465_1200_000_1220_000_with_camera_labels-170.png 872 880 21
big_dataset_depth/000000001876-segment-11971497357570544465_1200_000_1220_000_with_camera_labels-170.png 880 832 20
big_dataset_depth/000000001876-segment-11971497357570544465_1200_000_1220_000_with_camera_labels-170.png 888 920 20
big_dataset_depth/000000001876-segment-11971497357570544465_1200_000_1220_000_with_camera_labels-170.png 896 864 21
big_dataset_depth/000000001876-segment-11971497357570544465_1200_000_1220_000_with_camera_labels-170.png 904 976 18
big_dataset_depth/000000001876-segment-11971497357570544465_1200_000_1220_000_with_camera_labels-170.png 912 848 20
big_dataset_depth/000000001876-segment-11971497357570544465_1200_000_1220_000_with_camera_labels-170.png 920 848 20
big_dataset_depth/000000001876-segment-11971497357570544465_1200_000_1220_000_with_camera_labels-170.png 928 840 20
big_dataset_depth/000000001876-segment-11971497357570544465_1200_000_1220_000_with_camera_labels-170.png 936 848 20
big_dataset_depth/000000001876-segment-11971497357570544465_1200_000_1220_000_with_camera_labels-170.png 944 848 20
big_dataset_depth/000000001876-segment-11971497357570544465_1200_000_1220_000_with_camera_labels-170.png 952 848 20
big_dataset_depth/000000001876-segment-11971497357570544465_1200_000_1220_000_with_camera_labels-170.png 960 848 20
big_dataset_depth/000000001876-segment-11971497357570544465_1200_000_1220_000_with_camera_labels-170.png 968 848 20
big_dataset_depth/000000001876-segment-11971497357570544465_1200_000_1220_000_with_camera_labels-170.png 976 912 21
big_dataset_depth/000000001876-segment-11971497357570544465_1200_000_1220_000_with_camera_labels-170.png 984 864 21
big_dataset_depth/000000001876-segment-11971497357570544465_1200_000_1220_000_with_camera_labels-170.png 992 848 20
big_dataset_depth/000000001876-segment-11971497357570544465_1200_000_1220_000_with_camera_labels-170.png 1000 848 20
big_dataset_depth/000000001876-segment-11971497357570544465_1200_000_1220_000_with_camera_labels-170.png 1008 848 20
big_dataset_depth/000000001876-segment-11971497357570544465_1200_000_1220_000_with_camera_labels-170.png 1016 888 20
big_dataset_depth/000000001876-segment-11971497357570544465_1200_000_1220_000_with_camera_labels-170.png 1024 856 22
big_dataset_depth/000000001876-segment-11971497357570544465_1200_000_1220_000_with_camera_labels-170.png 1032 848 20
big_dataset_depth/000000001876-segment-11971497357570544465_1200_000_1220_000_with_camera_labels-170.png 1040 880 20
big_dataset_depth/000000001876-segment-11971497357570544465_1200_000_1220_000_with_camera_labels-170.png 1048 840 20
big_dataset_depth/000000001876-segment-11971497357570544465_1200_000_1220_000_with_camera_labels-170.png 1056 832 20
big_dataset_depth/000000001876-segment-11971497357570544465_1200_000_1220_000_with_camera_labels-170.png 1064 832 20
big_dataset_depth/000000001876-segment-11971497357570544465_1200_000_1220_000_with_camera_labels-170.png 1072 832 20
big_dataset_depth/000000001876-segment-11971497357570544465_1200_000_1220_000_with_camera_labels-170.png 1080 912 21
big_dataset_depth/000000001876-segment-11971497357570544465_1200_000_1220_000_with_camera_labels-170.png 1088 920 21
big_dataset_depth/000000001876-segment-11971497357570544465_1200_000_1220_000_with_camera_labels-170.png 1096 912 21
big_dataset_depth/000000001876-segment-11971497357570544465_1200_000_1220_000_with_camera_labels-170.png 1104 912 21
big_dataset_depth/000000001876-segment-11971497357570544465_1200_000_1220_000_with_camera_labels-170.png 1112 912 21
big_dataset_depth/000000001876-segment-11971497357570544465_1200_000_1220_000_with_camera_labels-170.png 1120 888 21
big_dataset_depth/000000001876-segment-11971497357570544465_1200_000_1220_000_with_camera_labels-170.png 1144 616 101
big_dataset_depth/000000001876-segment-11971497357570544465_1200_000_1220_000_with_camera_labels-170.png 1152 624 101
big_dataset_depth/000000001876-segment-11971497357570544465_1200_000_1220_000_with_camera_labels-170.png 1160 600 101
big_dataset_depth/000000001876-segment-11971497357570544465_1200_000_1220_000_with_camera_labels-170.png 1168 632 92
big_dataset_depth/000000001876-segment-11971497357570544465_1200_000_1220_000_with_camera_labels-170.png 1176 616 92
big_dataset_depth/000000001876-segment-11971497357570544465_1200_000_1220_000_with_camera_labels-170.png 1184 656 59
big_dataset_depth/000000001876-segment-11971497357570544465_1200_000_1220_000_with_camera_labels-170.png 1192 656 58
big_dataset_depth/000000001876-segment-11971497357570544465_1200_000_1220_000_with_camera_labels-170.png 1200 616 83
big_dataset_depth/000000001876-segment-11971497357570544465_1200_000_1220_000_with_camera_labels-170.png 1208 608 83
big_dataset_depth/000000001876-segment-11971497357570544465_1200_000_1220_000_with_camera_labels-170.png 1216 608 84
big_dataset_depth/000000001876-segment-11971497357570544465_1200_000_1220_000_with_camera_labels-170.png 1232 688 75
big_dataset_depth/000000001876-segment-11971497357570544465_1200_000_1220_000_with_camera_labels-170.png 1240 672 52
big_dataset_depth/000000001876-segment-11971497357570544465_1200_000_1220_000_with_camera_labels-170.png 1248 680 64
big_dataset_depth/000000001876-segment-11971497357570544465_1200_000_1220_000_with_camera_labels-170.png 1256 672 52
big_dataset_depth/000000001876-segment-11971497357570544465_1200_000_1220_000_with_camera_labels-170.png 1264 648 61
big_dataset_depth/000000001876-segment-11971497357570544465_1200_000_1220_000_with_camera_labels-170.png 1272 672 52
big_dataset_depth/000000001876-segment-11971497357570544465_1200_000_1220_000_with_camera_labels-170.png 1280 656 58
big_dataset_depth/000000001876-segment-11971497357570544465_1200_000_1220_000_with_camera_labels-170.png 1288 672 51
big_dataset_depth/000000001876-segment-11971497357570544465_1200_000_1220_000_with_camera_labels-170.png 1296 656 59
big_dataset_depth/000000001876-segment-11971497357570544465_1200_000_1220_000_with_camera_labels-170.png 1304 640 63
big_dataset_depth/000000001876-segment-11971497357570544465_1200_000_1220_000_with_camera_labels-170.png 1312 640 63
big_dataset_depth/000000001876-segment-11971497357570544465_1200_000_1220_000_with_camera_labels-170.png 1320 640 63
big_dataset_depth/000000001876-segment-11971497357570544465_1200_000_1220_000_with_camera_labels-170.png 1328 640 63
big_dataset_depth/000000001876-segment-11971497357570544465_1200_000_1220_000_with_camera_labels-170.png 1336 640 63
big_dataset_depth/000000001876-segment-11971497357570544465_1200_000_1220_000_with_camera_labels-170.png 1344 632 64
big_dataset_depth/000000001876-segment-11971497357570544465_1200_000_1220_000_with_camera_labels-170.png 1352 640 63
big_dataset_depth/000000001876-segment-11971497357570544465_1200_000_1220_000_with_camera_labels-170.png 1360 680 50
big_dataset_depth/000000001876-segment-11971497357570544465_1200_000_1220_000_with_camera_labels-170.png 1368 672 54
big_dataset_depth/000000001876-segment-11971497357570544465_1200_000_1220_000_with_camera_labels-170.png 1376 640 63
big_dataset_depth/000000001876-segment-11971497357570544465_1200_000_1220_000_with_camera_labels-170.png 1384 680 50
big_dataset_depth/000000001876-segment-11971497357570544465_1200_000_1220_000_with_camera_labels-170.png 1400 600 96
big_dataset_depth/000000001876-segment-11971497357570544465_1200_000_1220_000_with_camera_labels-170.png 1408 584 108
big_dataset_depth/000000001876-segment-11971497357570544465_1200_000_1220_000_with_camera_labels-170.png 1424 688 50
big_dataset_depth/000000001876-segment-11971497357570544465_1200_000_1220_000_with_camera_labels-170.png 1432 688 51
big_dataset_depth/000000001876-segment-11971497357570544465_1200_000_1220_000_with_camera_labels-170.png 1440 584 100
big_dataset_depth/000000001876-segment-11971497357570544465_1200_000_1220_000_with_camera_labels-170.png 1448 608 91
big_dataset_depth/000000001876-segment-11971497357570544465_1200_000_1220_000_with_camera_labels-170.png 1456 592 102
big_dataset_depth/000000001876-segment-11971497357570544465_1200_000_1220_000_with_camera_labels-170.png 1464 624 78
big_dataset_depth/000000001876-segment-11971497357570544465_1200_000_1220_000_with_camera_labels-170.png 1472 624 77
big_dataset_depth/000000001876-segment-11971497357570544465_1200_000_1220_000_with_camera_labels-170.png 1480 624 77
big_dataset_depth/000000001876-segment-11971497357570544465_1200_000_1220_000_with_camera_labels-170.png 1488 608 84
big_dataset_depth/000000001876-segment-11971497357570544465_1200_000_1220_000_with_camera_labels-170.png 1496 624 75
big_dataset_depth/000000001876-segment-11971497357570544465_1200_000_1220_000_with_camera_labels-170.png 1504 664 47
big_dataset_depth/000000001876-segment-11971497357570544465_1200_000_1220_000_with_camera_labels-170.png 1512 664 47
big_dataset_depth/000000001876-segment-11971497357570544465_1200_000_1220_000_with_camera_labels-170.png 1520 688 48
big_dataset_depth/000000001876-segment-11971497357570544465_1200_000_1220_000_with_camera_labels-170.png 1528 672 48
big_dataset_depth/000000001876-segment-11971497357570544465_1200_000_1220_000_with_camera_labels-170.png 1536 688 47
big_dataset_depth/000000001876-segment-11971497357570544465_1200_000_1220_000_with_camera_labels-170.png 1544 688 47
big_dataset_depth/000000001876-segment-11971497357570544465_1200_000_1220_000_with_camera_labels-170.png 1552 656 48
big_dataset_depth/000000001876-segment-11971497357570544465_1200_000_1220_000_with_camera_labels-170.png 1560 656 48
big_dataset_depth/000000001876-segment-11971497357570544465_1200_000_1220_000_with_camera_labels-170.png 1568 688 52
big_dataset_depth/000000001876-segment-11971497357570544465_1200_000_1220_000_with_camera_labels-170.png 1576 664 61
big_dataset_depth/000000001876-segment-11971497357570544465_1200_000_1220_000_with_camera_labels-170.png 1584 608 86
big_dataset_depth/000000001876-segment-11971497357570544465_1200_000_1220_000_with_camera_labels-170.png 1592 584 102
big_dataset_depth/000000001876-segment-11971497357570544465_1200_000_1220_000_with_camera_labels-170.png 1600 592 102
big_dataset_depth/000000001876-segment-11971497357570544465_1200_000_1220_000_with_camera_labels-170.png 1608 616 70
big_dataset_depth/000000001876-segment-11971497357570544465_1200_000_1220_000_with_camera_labels-170.png 1616 624 70
big_dataset_depth/000000001876-segment-11971497357570544465_1200_000_1220_000_with_camera_labels-170.png 1624 632 70
big_dataset_depth/000000001876-segment-11971497357570544465_1200_000_1220_000_with_camera_labels-170.png 1632 632 70
big_dataset_depth/000000001876-segment-11971497357570544465_1200_000_1220_000_with_camera_labels-170.png 1640 616 70
big_dataset_depth/000000001876-segment-11971497357570544465_1200_000_1220_000_with_camera_labels-170.png 1648 632 70
big_dataset_depth/000000001876-segment-11971497357570544465_1200_000_1220_000_with_camera_labels-170.png 1656 616 69
big_dataset_depth/000000001876-segment-11971497357570544465_1200_000_1220_000_with_camera_labels-170.png 1664 640 69
big_dataset_depth/000000001876-segment-11971497357570544465_1200_000_1220_000_with_camera_labels-170.png 1672 616 69
big_dataset_depth/000000001876-segment-11971497357570544465_1200_000_1220_000_with_camera_labels-170.png 1688 664 58
big_dataset_depth/000000001876-segment-11971497357570544465_1200_000_1220_000_with_camera_labels-170.png 1696 680 53
big_dataset_depth/000000001876-segment-11971497357570544465_1200_000_1220_000_with_camera_labels-170.png 1704 680 53
big_dataset_depth/000000001876-segment-11971497357570544465_1200_000_1220_000_with_camera_labels-170.png 1712 680 53
big_dataset_depth/000000001876-segment-11971497357570544465_1200_000_1220_000_with_camera_labels-170.png 1720 664 58
big_dataset_depth/000000001876-segment-11971497357570544465_1200_000_1220_000_with_camera_labels-170.png 1728 680 53
big_dataset_depth/000000001876-segment-11971497357570544465_1200_000_1220_000_with_camera_labels-170.png 1736 672 58
big_dataset_depth/000000001876-segment-11971497357570544465_1200_000_1220_000_with_camera_labels-170.png 1744 680 53
big_dataset_depth/000000001876-segment-11971497357570544465_1200_000_1220_000_with_camera_labels-170.png 1752 672 58
big_dataset_depth/000000001876-segment-11971497357570544465_1200_000_1220_000_with_camera_labels-170.png 1760 688 54
big_dataset_depth/000000001876-segment-11971497357570544465_1200_000_1220_000_with_camera_labels-170.png 1768 672 59
big_dataset_depth/000000001876-segment-11971497357570544465_1200_000_1220_000_with_camera_labels-170.png 1776 664 61
big_dataset_depth/000000001876-segment-11971497357570544465_1200_000_1220_000_with_camera_labels-170.png 1784 680 55
big_dataset_depth/000000001876-segment-11971497357570544465_1200_000_1220_000_with_camera_labels-170.png 1792 680 55
big_dataset_depth/000000001876-segment-11971497357570544465_1200_000_1220_000_with_camera_labels-170.png 1800 680 56
big_dataset_depth/000000001876-segment-11971497357570544465_1200_000_1220_000_with_camera_labels-170.png 1808 680 56
big_dataset_depth/000000001876-segment-11971497357570544465_1200_000_1220_000_with_camera_labels-170.png 1816 680 56
big_dataset_depth/000000001876-segment-11971497357570544465_1200_000_1220_000_with_camera_labels-170.png 1824 680 56
big_dataset_depth/000000001876-segment-11971497357570544465_1200_000_1220_000_with_camera_labels-170.png 1832 680 56
big_dataset_depth/000000001876-segment-11971497357570544465_1200_000_1220_000_with_camera_labels-170.png 1840 680 56
big_dataset_depth/000000001876-segment-11971497357570544465_1200_000_1220_000_with_camera_labels-170.png 1848 680 57
big_dataset_depth/000000001876-segment-11971497357570544465_1200_000_1220_000_with_camera_labels-170.png 1856 680 57
big_dataset_depth/000000001876-segment-11971497357570544465_1200_000_1220_000_with_camera_labels-170.png 1864 680 57
big_dataset_depth/000000001876-segment-11971497357570544465_1200_000_1220_000_with_camera_labels-170.png 1872 664 60
big_dataset_depth/000000001876-segment-11971497357570544465_1200_000_1220_000_with_camera_labels-170.png 1880 680 57
big_dataset_depth/000000001876-segment-11971497357570544465_1200_000_1220_000_with_camera_labels-170.png 1888 680 57
big_dataset_depth/000000001876-segment-11971497357570544465_1200_000_1220_000_with_camera_labels-170.png 1896 680 57
big_dataset_depth/000000001876-segment-11971497357570544465_1200_000_1220_000_with_camera_labels-170.png 1904 672 58
big_dataset_depth/000000001876-segment-11971497357570544465_1200_000_1220_000_with_camera_labels-170.png 1912 672 58
