big_dataset_depth/000000000676-segment-10596949720463106554_1933_530_1953_530_with_camera_labels-160.png 0 784 107
big_dataset_depth/000000000676-segment-10596949720463106554_1933_530_1953_530_with_camera_labels-160.png 8 784 107
big_dataset_depth/000000000676-segment-10596949720463106554_1933_530_1953_530_with_camera_labels-160.png 16 784 107
big_dataset_depth/000000000676-segment-10596949720463106554_1933_530_1953_530_with_camera_labels-160.png 24 784 106
big_dataset_depth/000000000676-segment-10596949720463106554_1933_530_1953_530_with_camera_labels-160.png 32 792 106
big_dataset_depth/000000000676-segment-10596949720463106554_1933_530_1953_530_with_camera_labels-160.png 40 784 106
big_dataset_depth/000000000676-segment-10596949720463106554_1933_530_1953_530_with_camera_labels-160.png 48 728 93
big_dataset_depth/000000000676-segment-10596949720463106554_1933_530_1953_530_with_camera_labels-160.png 56 760 93
big_dataset_depth/000000000676-segment-10596949720463106554_1933_530_1953_530_with_camera_labels-160.png 64 784 76
big_dataset_depth/000000000676-segment-10596949720463106554_1933_530_1953_530_with_camera_labels-160.png 72 800 76
big_dataset_depth/000000000676-segment-10596949720463106554_1933_530_1953_530_with_camera_labels-160.png 80 776 104
big_dataset_depth/000000000676-segment-10596949720463106554_1933_530_1953_530_with_camera_labels-160.png 88 728 87
big_dataset_depth/000000000676-segment-10596949720463106554_1933_530_1953_530_with_camera_labels-160.png 96 736 95
big_dataset_depth/000000000676-segment-10596949720463106554_1933_530_1953_530_with_camera_labels-160.png 112 736 95
big_dataset_depth/000000000676-segment-10596949720463106554_1933_530_1953_530_with_camera_labels-160.png 120 720 85
big_dataset_depth/000000000676-segment-10596949720463106554_1933_530_1953_530_with_camera_labels-160.png 128 696 76
big_dataset_depth/000000000676-segment-10596949720463106554_1933_530_1953_530_with_camera_labels-160.png 136 712 94
big_dataset_depth/000000000676-segment-10596949720463106554_1933_530_1953_530_with_camera_labels-160.png 144 712 94
big_dataset_depth/000000000676-segment-10596949720463106554_1933_530_1953_530_with_camera_labels-160.png 152 704 94
big_dataset_depth/000000000676-segment-10596949720463106554_1933_530_1953_530_with_camera_labels-160.png 160 688 85
big_dataset_depth/000000000676-segment-10596949720463106554_1933_530_1953_530_with_camera_labels-160.png 168 760 82
big_dataset_depth/000000000676-segment-10596949720463106554_1933_530_1953_530_with_camera_labels-160.png 176 744 81
big_dataset_depth/000000000676-segment-10596949720463106554_1933_530_1953_530_with_camera_labels-160.png 184 672 75
big_dataset_depth/000000000676-segment-10596949720463106554_1933_530_1953_530_with_camera_labels-160.png 192 704 82
big_dataset_depth/000000000676-segment-10596949720463106554_1933_530_1953_530_with_camera_labels-160.png 200 688 79
big_dataset_depth/000000000676-segment-10596949720463106554_1933_530_1953_530_with_camera_labels-160.png 208 672 79
big_dataset_depth/000000000676-segment-10596949720463106554_1933_530_1953_530_with_camera_labels-160.png 216 704 82
big_dataset_depth/000000000676-segment-10596949720463106554_1933_530_1953_530_with_camera_labels-160.png 224 704 82
big_dataset_depth/000000000676-segment-10596949720463106554_1933_530_1953_530_with_camera_labels-160.png 232 688 82
big_dataset_depth/000000000676-segment-10596949720463106554_1933_530_1953_530_with_camera_labels-160.png 240 696 81
big_dataset_depth/000000000676-segment-10596949720463106554_1933_530_1953_530_with_camera_labels-160.png 248 760 105
big_dataset_depth/000000000676-segment-10596949720463106554_1933_530_1953_530_with_camera_labels-160.png 256 760 104
big_dataset_depth/000000000676-segment-10596949720463106554_1933_530_1953_530_with_camera_labels-160.png 264 760 104
big_dataset_depth/000000000676-segment-10596949720463106554_1933_530_1953_530_with_camera_labels-160.png 272 744 94
big_dataset_depth/000000000676-segment-10596949720463106554_1933_530_1953_530_with_camera_labels-160.png 280 776 83
big_dataset_depth/000000000676-segment-10596949720463106554_1933_530_1953_530_with_camera_labels-160.png 288 776 83
big_dataset_depth/000000000676-segment-10596949720463106554_1933_530_1953_530_with_camera_labels-160.png 296 776 84
big_dataset_depth/000000000676-segment-10596949720463106554_1933_530_1953_530_with_camera_labels-160.png 304 784 87
big_dataset_depth/000000000676-segment-10596949720463106554_1933_530_1953_530_with_camera_labels-160.png 312 776 92
big_dataset_depth/000000000676-segment-10596949720463106554_1933_530_1953_530_with_camera_labels-160.png 320 776 94
big_dataset_depth/000000000676-segment-10596949720463106554_1933_530_1953_530_with_camera_labels-160.png 328 776 94
big_dataset_depth/000000000676-segment-10596949720463106554_1933_530_1953_530_with_camera_labels-160.png 336 672 83
big_dataset_depth/000000000676-segment-10596949720463106554_1933_530_1953_530_with_camera_labels-160.png 344 672 83
big_dataset_depth/000000000676-segment-10596949720463106554_1933_530_1953_530_with_camera_labels-160.png 352 664 83
big_dataset_depth/000000000676-segment-10596949720463106554_1933_530_1953_530_with_camera_labels-160.png 360 752 103
big_dataset_depth/000000000676-segment-10596949720463106554_1933_530_1953_530_with_camera_labels-160.png 368 760 100
big_dataset_depth/000000000676-segment-10596949720463106554_1933_530_1953_530_with_camera_labels-160.png 376 768 92
big_dataset_depth/000000000676-segment-10596949720463106554_1933_530_1953_530_with_camera_labels-160.png 384 752 97
big_dataset_depth/000000000676-segment-10596949720463106554_1933_530_1953_530_with_camera_labels-160.png 392 736 96
big_dataset_depth/000000000676-segment-10596949720463106554_1933_530_1953_530_with_camera_labels-160.png 400 752 102
big_dataset_depth/000000000676-segment-10596949720463106554_1933_530_1953_530_with_camera_labels-160.png 408 752 101
big_dataset_depth/000000000676-segment-10596949720463106554_1933_530_1953_530_with_camera_labels-160.png 416 752 101
big_dataset_depth/000000000676-segment-10596949720463106554_1933_530_1953_530_with_camera_labels-160.png 424 752 100
big_dataset_depth/000000000676-segment-10596949720463106554_1933_530_1953_530_with_camera_labels-160.png 432 704 103
big_dataset_depth/000000000676-segment-10596949720463106554_1933_530_1953_530_with_camera_labels-160.png 440 752 102
big_dataset_depth/000000000676-segment-10596949720463106554_1933_530_1953_530_with_camera_labels-160.png 448 760 98
big_dataset_depth/000000000676-segment-10596949720463106554_1933_530_1953_530_with_camera_labels-160.png 456 752 105
big_dataset_depth/000000000676-segment-10596949720463106554_1933_530_1953_530_with_camera_labels-160.png 464 752 105
big_dataset_depth/000000000676-segment-10596949720463106554_1933_530_1953_530_with_camera_labels-160.png 472 768 89
big_dataset_depth/000000000676-segment-10596949720463106554_1933_530_1953_530_with_camera_labels-160.png 480 768 89
big_dataset_depth/000000000676-segment-10596949720463106554_1933_530_1953_530_with_camera_labels-160.png 488 672 100
big_dataset_depth/000000000676-segment-10596949720463106554_1933_530_1953_530_with_camera_labels-160.png 496 760 93
big_dataset_depth/000000000676-segment-10596949720463106554_1933_530_1953_530_with_camera_labels-160.png 504 760 94
big_dataset_depth/000000000676-segment-10596949720463106554_1933_530_1953_530_with_camera_labels-160.png 512 760 95
big_dataset_depth/000000000676-segment-10596949720463106554_1933_530_1953_530_with_camera_labels-160.png 520 760 97
big_dataset_depth/000000000676-segment-10596949720463106554_1933_530_1953_530_with_camera_labels-160.png 528 760 98
big_dataset_depth/000000000676-segment-10596949720463106554_1933_530_1953_530_with_camera_labels-160.png 536 760 99
big_dataset_depth/000000000676-segment-10596949720463106554_1933_530_1953_530_with_camera_labels-160.png 544 664 96
big_dataset_depth/000000000676-segment-10596949720463106554_1933_530_1953_530_with_camera_labels-160.png 552 632 97
big_dataset_depth/000000000676-segment-10596949720463106554_1933_530_1953_530_with_camera_labels-160.png 560 656 98
big_dataset_depth/000000000676-segment-10596949720463106554_1933_530_1953_530_with_camera_labels-160.png 568 760 94
big_dataset_depth/000000000676-segment-10596949720463106554_1933_530_1953_530_with_camera_labels-160.png 576 760 96
big_dataset_depth/000000000676-segment-10596949720463106554_1933_530_1953_530_with_camera_labels-160.png 1232 728 106
big_dataset_depth/000000000676-segment-10596949720463106554_1933_530_1953_530_with_camera_labels-160.png 1240 736 105
big_dataset_depth/000000000676-segment-10596949720463106554_1933_530_1953_530_with_camera_labels-160.png 1248 736 93
big_dataset_depth/000000000676-segment-10596949720463106554_1933_530_1953_530_with_camera_labels-160.png 1256 728 93
big_dataset_depth/000000000676-segment-10596949720463106554_1933_530_1953_530_with_camera_labels-160.png 1264 744 78
big_dataset_depth/000000000676-segment-10596949720463106554_1933_530_1953_530_with_camera_labels-160.png 1272 728 93
big_dataset_depth/000000000676-segment-10596949720463106554_1933_530_1953_530_with_camera_labels-160.png 1280 712 108
big_dataset_depth/000000000676-segment-10596949720463106554_1933_530_1953_530_with_camera_labels-160.png 1288 712 96
big_dataset_depth/000000000676-segment-10596949720463106554_1933_530_1953_530_with_camera_labels-160.png 1296 704 107
big_dataset_depth/000000000676-segment-10596949720463106554_1933_530_1953_530_with_camera_labels-160.png 1304 736 79
big_dataset_depth/000000000676-segment-10596949720463106554_1933_530_1953_530_with_camera_labels-160.png 1312 712 86
big_dataset_depth/000000000676-segment-10596949720463106554_1933_530_1953_530_with_camera_labels-160.png 1320 712 82
big_dataset_depth/000000000676-segment-10596949720463106554_1933_530_1953_530_with_camera_labels-160.png 1328 720 83
big_dataset_depth/000000000676-segment-10596949720463106554_1933_530_1953_530_with_camera_labels-160.png 1336 704 83
big_dataset_depth/000000000676-segment-10596949720463106554_1933_530_1953_530_with_camera_labels-160.png 1344 704 81
big_dataset_depth/000000000676-segment-10596949720463106554_1933_530_1953_530_with_camera_labels-160.png 1352 696 83
big_dataset_depth/000000000676-segment-10596949720463106554_1933_530_1953_530_with_camera_labels-160.png 1360 688 83
big_dataset_depth/000000000676-segment-10596949720463106554_1933_530_1953_530_with_camera_labels-160.png 1368 712 80
big_dataset_depth/000000000676-segment-10596949720463106554_1933_530_1953_530_with_camera_labels-160.png 1376 712 77
big_dataset_depth/000000000676-segment-10596949720463106554_1933_530_1953_530_with_camera_labels-160.png 1384 712 77
big_dataset_depth/000000000676-segment-10596949720463106554_1933_530_1953_530_with_camera_labels-160.png 1392 712 78
big_dataset_depth/000000000676-segment-10596949720463106554_1933_530_1953_530_with_camera_labels-160.png 1400 784 54
big_dataset_depth/000000000676-segment-10596949720463106554_1933_530_1953_530_with_camera_labels-160.png 1408 792 54
big_dataset_depth/000000000676-segment-10596949720463106554_1933_530_1953_530_with_camera_labels-160.png 1416 792 54
big_dataset_depth/000000000676-segment-10596949720463106554_1933_530_1953_530_with_camera_labels-160.png 1424 744 65
big_dataset_depth/000000000676-segment-10596949720463106554_1933_530_1953_530_with_camera_labels-160.png 1432 704 75
big_dataset_depth/000000000676-segment-10596949720463106554_1933_530_1953_530_with_camera_labels-160.png 1440 696 80
big_dataset_depth/000000000676-segment-10596949720463106554_1933_530_1953_530_with_camera_labels-160.png 1448 696 75
big_dataset_depth/000000000676-segment-10596949720463106554_1933_530_1953_530_with_camera_labels-160.png 1456 696 75
big_dataset_depth/000000000676-segment-10596949720463106554_1933_530_1953_530_with_camera_labels-160.png 1464 696 75
big_dataset_depth/000000000676-segment-10596949720463106554_1933_530_1953_530_with_camera_labels-160.png 1480 888 35
big_dataset_depth/000000000676-segment-10596949720463106554_1933_530_1953_530_with_camera_labels-160.png 1552 912 31
big_dataset_depth/000000000676-segment-10596949720463106554_1933_530_1953_530_with_camera_labels-160.png 1560 912 31
big_dataset_depth/000000000676-segment-10596949720463106554_1933_530_1953_530_with_camera_labels-160.png 1568 912 30
big_dataset_depth/000000000676-segment-10596949720463106554_1933_530_1953_530_with_camera_labels-160.png 1600 928 29
big_dataset_depth/000000000676-segment-10596949720463106554_1933_530_1953_530_with_camera_labels-160.png 1624 944 28
big_dataset_depth/000000000676-segment-10596949720463106554_1933_530_1953_530_with_camera_labels-160.png 1632 944 28
big_dataset_depth/000000000676-segment-10596949720463106554_1933_530_1953_530_with_camera_labels-160.png 1640 944 27
big_dataset_depth/000000000676-segment-10596949720463106554_1933_530_1953_530_with_camera_labels-160.png 1648 944 27
big_dataset_depth/000000000676-segment-10596949720463106554_1933_530_1953_530_with_camera_labels-160.png 1656 696 66
big_dataset_depth/000000000676-segment-10596949720463106554_1933_530_1953_530_with_camera_labels-160.png 1664 712 63
big_dataset_depth/000000000676-segment-10596949720463106554_1933_530_1953_530_with_camera_labels-160.png 1672 960 26
big_dataset_depth/000000000676-segment-10596949720463106554_1933_530_1953_530_with_camera_labels-160.png 1680 960 26
big_dataset_depth/000000000676-segment-10596949720463106554_1933_530_1953_530_with_camera_labels-160.png 1688 960 26
big_dataset_depth/000000000676-segment-10596949720463106554_1933_530_1953_530_with_camera_labels-160.png 1696 728 55
big_dataset_depth/000000000676-segment-10596949720463106554_1933_530_1953_530_with_camera_labels-160.png 1704 728 55
big_dataset_depth/000000000676-segment-10596949720463106554_1933_530_1953_530_with_camera_labels-160.png 1712 976 25
big_dataset_depth/000000000676-segment-10596949720463106554_1933_530_1953_530_with_camera_labels-160.png 1720 976 25
big_dataset_depth/000000000676-segment-10596949720463106554_1933_530_1953_530_with_camera_labels-160.png 1728 976 25
big_dataset_depth/000000000676-segment-10596949720463106554_1933_530_1953_530_with_camera_labels-160.png 1736 720 55
big_dataset_depth/000000000676-segment-10596949720463106554_1933_530_1953_530_with_camera_labels-160.png 1744 712 57
big_dataset_depth/000000000676-segment-10596949720463106554_1933_530_1953_530_with_camera_labels-160.png 1752 992 24
big_dataset_depth/000000000676-segment-10596949720463106554_1933_530_1953_530_with_camera_labels-160.png 1760 992 24
big_dataset_depth/000000000676-segment-10596949720463106554_1933_530_1953_530_with_camera_labels-160.png 1768 992 24
big_dataset_depth/000000000676-segment-10596949720463106554_1933_530_1953_530_with_camera_labels-160.png 1776 808 46
big_dataset_depth/000000000676-segment-10596949720463106554_1933_530_1953_530_with_camera_labels-160.png 1784 704 61
big_dataset_depth/000000000676-segment-10596949720463106554_1933_530_1953_530_with_camera_labels-160.png 1792 712 60
big_dataset_depth/000000000676-segment-10596949720463106554_1933_530_1953_530_with_camera_labels-160.png 1800 1008 23
big_dataset_depth/000000000676-segment-10596949720463106554_1933_530_1953_530_with_camera_labels-160.png 1808 1008 23
big_dataset_depth/000000000676-segment-10596949720463106554_1933_530_1953_530_with_camera_labels-160.png 1816 1008 23
big_dataset_depth/000000000676-segment-10596949720463106554_1933_530_1953_530_with_camera_labels-160.png 1824 1016 22
big_dataset_depth/000000000676-segment-10596949720463106554_1933_530_1953_530_with_camera_labels-160.png 1832 704 55
big_dataset_depth/000000000676-segment-10596949720463106554_1933_530_1953_530_with_camera_labels-160.png 1840 720 50
big_dataset_depth/000000000676-segment-10596949720463106554_1933_530_1953_530_with_camera_labels-160.png 1848 1032 22
big_dataset_depth/000000000676-segment-10596949720463106554_1933_530_1953_530_with_camera_labels-160.png 1856 1032 22
big_dataset_depth/000000000676-segment-10596949720463106554_1933_530_1953_530_with_camera_labels-160.png 1864 928 33
big_dataset_depth/000000000676-segment-10596949720463106554_1933_530_1953_530_with_camera_labels-160.png 1872 1032 21
big_dataset_depth/000000000676-segment-10596949720463106554_1933_530_1953_530_with_camera_labels-160.png 1880 1032 21
big_dataset_depth/000000000676-segment-10596949720463106554_1933_530_1953_530_with_camera_labels-160.png 1888 704 55
big_dataset_depth/000000000676-segment-10596949720463106554_1933_530_1953_530_with_camera_labels-160.png 1896 1048 21
big_dataset_depth/000000000676-segment-10596949720463106554_1933_530_1953_530_with_camera_labels-160.png 1904 824 39
big_dataset_depth/000000000676-segment-10596949720463106554_1933_530_1953_530_with_camera_labels-160.png 1912 936 30
