big_dataset_depth/000000002051-segment-12200383401366682847_2552_140_2572_140_with_camera_labels-140.png 0 832 17
big_dataset_depth/000000002051-segment-12200383401366682847_2552_140_2572_140_with_camera_labels-140.png 8 832 17
big_dataset_depth/000000002051-segment-12200383401366682847_2552_140_2572_140_with_camera_labels-140.png 16 832 17
big_dataset_depth/000000002051-segment-12200383401366682847_2552_140_2572_140_with_camera_labels-140.png 24 832 17
big_dataset_depth/000000002051-segment-12200383401366682847_2552_140_2572_140_with_camera_labels-140.png 32 832 17
big_dataset_depth/000000002051-segment-12200383401366682847_2552_140_2572_140_with_camera_labels-140.png 40 1000 16
big_dataset_depth/000000002051-segment-12200383401366682847_2552_140_2572_140_with_camera_labels-140.png 48 1152 16
big_dataset_depth/000000002051-segment-12200383401366682847_2552_140_2572_140_with_camera_labels-140.png 56 1168 16
big_dataset_depth/000000002051-segment-12200383401366682847_2552_140_2572_140_with_camera_labels-140.png 64 1168 16
big_dataset_depth/000000002051-segment-12200383401366682847_2552_140_2572_140_with_camera_labels-140.png 72 1160 16
big_dataset_depth/000000002051-segment-12200383401366682847_2552_140_2572_140_with_camera_labels-140.png 88 832 17
big_dataset_depth/000000002051-segment-12200383401366682847_2552_140_2572_140_with_camera_labels-140.png 96 832 17
big_dataset_depth/000000002051-segment-12200383401366682847_2552_140_2572_140_with_camera_labels-140.png 104 832 17
big_dataset_depth/000000002051-segment-12200383401366682847_2552_140_2572_140_with_camera_labels-140.png 112 832 17
big_dataset_depth/000000002051-segment-12200383401366682847_2552_140_2572_140_with_camera_labels-140.png 120 832 17
big_dataset_depth/000000002051-segment-12200383401366682847_2552_140_2572_140_with_camera_labels-140.png 128 816 17
big_dataset_depth/000000002051-segment-12200383401366682847_2552_140_2572_140_with_camera_labels-140.png 440 752 79
big_dataset_depth/000000002051-segment-12200383401366682847_2552_140_2572_140_with_camera_labels-140.png 448 760 78
big_dataset_depth/000000002051-segment-12200383401366682847_2552_140_2572_140_with_camera_labels-140.png 456 760 77
big_dataset_depth/000000002051-segment-12200383401366682847_2552_140_2572_140_with_camera_labels-140.png 464 760 76
big_dataset_depth/000000002051-segment-12200383401366682847_2552_140_2572_140_with_camera_labels-140.png 472 768 75
big_dataset_depth/000000002051-segment-12200383401366682847_2552_140_2572_140_with_camera_labels-140.png 480 760 75
big_dataset_depth/000000002051-segment-12200383401366682847_2552_140_2572_140_with_camera_labels-140.png 488 752 74
big_dataset_depth/000000002051-segment-12200383401366682847_2552_140_2572_140_with_camera_labels-140.png 496 760 74
big_dataset_depth/000000002051-segment-12200383401366682847_2552_140_2572_140_with_camera_labels-140.png 504 752 74
big_dataset_depth/000000002051-segment-12200383401366682847_2552_140_2572_140_with_camera_labels-140.png 512 760 74
big_dataset_depth/000000002051-segment-12200383401366682847_2552_140_2572_140_with_camera_labels-140.png 520 752 74
big_dataset_depth/000000002051-segment-12200383401366682847_2552_140_2572_140_with_camera_labels-140.png 528 760 75
big_dataset_depth/000000002051-segment-12200383401366682847_2552_140_2572_140_with_camera_labels-140.png 536 760 75
big_dataset_depth/000000002051-segment-12200383401366682847_2552_140_2572_140_with_camera_labels-140.png 544 760 75
big_dataset_depth/000000002051-segment-12200383401366682847_2552_140_2572_140_with_camera_labels-140.png 552 736 102
big_dataset_depth/000000002051-segment-12200383401366682847_2552_140_2572_140_with_camera_labels-140.png 560 728 107
big_dataset_depth/000000002051-segment-12200383401366682847_2552_140_2572_140_with_camera_labels-140.png 568 728 104
big_dataset_depth/000000002051-segment-12200383401366682847_2552_140_2572_140_with_camera_labels-140.png 576 720 105
big_dataset_depth/000000002051-segment-12200383401366682847_2552_140_2572_140_with_camera_labels-140.png 584 728 102
big_dataset_depth/000000002051-segment-12200383401366682847_2552_140_2572_140_with_camera_labels-140.png 592 728 99
big_dataset_depth/000000002051-segment-12200383401366682847_2552_140_2572_140_with_camera_labels-140.png 600 728 99
big_dataset_depth/000000002051-segment-12200383401366682847_2552_140_2572_140_with_camera_labels-140.png 608 728 99
big_dataset_depth/000000002051-segment-12200383401366682847_2552_140_2572_140_with_camera_labels-140.png 616 720 99
big_dataset_depth/000000002051-segment-12200383401366682847_2552_140_2572_140_with_camera_labels-140.png 624 728 99
big_dataset_depth/000000002051-segment-12200383401366682847_2552_140_2572_140_with_camera_labels-140.png 632 728 99
big_dataset_depth/000000002051-segment-12200383401366682847_2552_140_2572_140_with_camera_labels-140.png 640 744 80
big_dataset_depth/000000002051-segment-12200383401366682847_2552_140_2572_140_with_camera_labels-140.png 648 744 80
big_dataset_depth/000000002051-segment-12200383401366682847_2552_140_2572_140_with_camera_labels-140.png 656 728 92
big_dataset_depth/000000002051-segment-12200383401366682847_2552_140_2572_140_with_camera_labels-140.png 664 712 102
big_dataset_depth/000000002051-segment-12200383401366682847_2552_140_2572_140_with_camera_labels-140.png 672 728 100
big_dataset_depth/000000002051-segment-12200383401366682847_2552_140_2572_140_with_camera_labels-140.png 680 728 87
big_dataset_depth/000000002051-segment-12200383401366682847_2552_140_2572_140_with_camera_labels-140.png 688 720 100
big_dataset_depth/000000002051-segment-12200383401366682847_2552_140_2572_140_with_camera_labels-140.png 696 744 82
big_dataset_depth/000000002051-segment-12200383401366682847_2552_140_2572_140_with_camera_labels-140.png 704 736 88
big_dataset_depth/000000002051-segment-12200383401366682847_2552_140_2572_140_with_camera_labels-140.png 712 744 81
big_dataset_depth/000000002051-segment-12200383401366682847_2552_140_2572_140_with_camera_labels-140.png 720 728 93
big_dataset_depth/000000002051-segment-12200383401366682847_2552_140_2572_140_with_camera_labels-140.png 728 744 81
big_dataset_depth/000000002051-segment-12200383401366682847_2552_140_2572_140_with_camera_labels-140.png 736 720 91
big_dataset_depth/000000002051-segment-12200383401366682847_2552_140_2572_140_with_camera_labels-140.png 744 744 75
big_dataset_depth/000000002051-segment-12200383401366682847_2552_140_2572_140_with_camera_labels-140.png 752 744 75
big_dataset_depth/000000002051-segment-12200383401366682847_2552_140_2572_140_with_camera_labels-140.png 760 744 74
big_dataset_depth/000000002051-segment-12200383401366682847_2552_140_2572_140_with_camera_labels-140.png 768 752 73
big_dataset_depth/000000002051-segment-12200383401366682847_2552_140_2572_140_with_camera_labels-140.png 776 744 72
big_dataset_depth/000000002051-segment-12200383401366682847_2552_140_2572_140_with_camera_labels-140.png 784 744 71
big_dataset_depth/000000002051-segment-12200383401366682847_2552_140_2572_140_with_camera_labels-140.png 792 752 70
big_dataset_depth/000000002051-segment-12200383401366682847_2552_140_2572_140_with_camera_labels-140.png 800 752 69
big_dataset_depth/000000002051-segment-12200383401366682847_2552_140_2572_140_with_camera_labels-140.png 808 760 69
big_dataset_depth/000000002051-segment-12200383401366682847_2552_140_2572_140_with_camera_labels-140.png 816 752 69
big_dataset_depth/000000002051-segment-12200383401366682847_2552_140_2572_140_with_camera_labels-140.png 824 736 77
big_dataset_depth/000000002051-segment-12200383401366682847_2552_140_2572_140_with_camera_labels-140.png 832 720 80
big_dataset_depth/000000002051-segment-12200383401366682847_2552_140_2572_140_with_camera_labels-140.png 840 728 79
big_dataset_depth/000000002051-segment-12200383401366682847_2552_140_2572_140_with_camera_labels-140.png 848 728 80
big_dataset_depth/000000002051-segment-12200383401366682847_2552_140_2572_140_with_camera_labels-140.png 856 736 68
big_dataset_depth/000000002051-segment-12200383401366682847_2552_140_2572_140_with_camera_labels-140.png 864 728 76
big_dataset_depth/000000002051-segment-12200383401366682847_2552_140_2572_140_with_camera_labels-140.png 872 720 76
big_dataset_depth/000000002051-segment-12200383401366682847_2552_140_2572_140_with_camera_labels-140.png 880 728 76
big_dataset_depth/000000002051-segment-12200383401366682847_2552_140_2572_140_with_camera_labels-140.png 888 712 79
big_dataset_depth/000000002051-segment-12200383401366682847_2552_140_2572_140_with_camera_labels-140.png 896 712 85
big_dataset_depth/000000002051-segment-12200383401366682847_2552_140_2572_140_with_camera_labels-140.png 904 712 89
big_dataset_depth/000000002051-segment-12200383401366682847_2552_140_2572_140_with_camera_labels-140.png 912 728 79
big_dataset_depth/000000002051-segment-12200383401366682847_2552_140_2572_140_with_camera_labels-140.png 920 720 87
big_dataset_depth/000000002051-segment-12200383401366682847_2552_140_2572_140_with_camera_labels-140.png 928 720 87
big_dataset_depth/000000002051-segment-12200383401366682847_2552_140_2572_140_with_camera_labels-140.png 936 720 86
big_dataset_depth/000000002051-segment-12200383401366682847_2552_140_2572_140_with_camera_labels-140.png 944 696 88
big_dataset_depth/000000002051-segment-12200383401366682847_2552_140_2572_140_with_camera_labels-140.png 952 704 88
big_dataset_depth/000000002051-segment-12200383401366682847_2552_140_2572_140_with_camera_labels-140.png 960 656 106
big_dataset_depth/000000002051-segment-12200383401366682847_2552_140_2572_140_with_camera_labels-140.png 968 600 71
big_dataset_depth/000000002051-segment-12200383401366682847_2552_140_2572_140_with_camera_labels-140.png 976 680 101
big_dataset_depth/000000002051-segment-12200383401366682847_2552_140_2572_140_with_camera_labels-140.png 984 712 87
big_dataset_depth/000000002051-segment-12200383401366682847_2552_140_2572_140_with_camera_labels-140.png 992 704 100
big_dataset_depth/000000002051-segment-12200383401366682847_2552_140_2572_140_with_camera_labels-140.png 1000 712 87
big_dataset_depth/000000002051-segment-12200383401366682847_2552_140_2572_140_with_camera_labels-140.png 1008 704 101
big_dataset_depth/000000002051-segment-12200383401366682847_2552_140_2572_140_with_camera_labels-140.png 1016 712 88
big_dataset_depth/000000002051-segment-12200383401366682847_2552_140_2572_140_with_camera_labels-140.png 1024 704 49
big_dataset_depth/000000002051-segment-12200383401366682847_2552_140_2572_140_with_camera_labels-140.png 1032 792 49
big_dataset_depth/000000002051-segment-12200383401366682847_2552_140_2572_140_with_camera_labels-140.png 1040 792 49
big_dataset_depth/000000002051-segment-12200383401366682847_2552_140_2572_140_with_camera_labels-140.png 1048 792 48
big_dataset_depth/000000002051-segment-12200383401366682847_2552_140_2572_140_with_camera_labels-140.png 1056 792 48
big_dataset_depth/000000002051-segment-12200383401366682847_2552_140_2572_140_with_camera_labels-140.png 1064 792 49
big_dataset_depth/000000002051-segment-12200383401366682847_2552_140_2572_140_with_camera_labels-140.png 1072 704 98
big_dataset_depth/000000002051-segment-12200383401366682847_2552_140_2572_140_with_camera_labels-140.png 1080 712 89
big_dataset_depth/000000002051-segment-12200383401366682847_2552_140_2572_140_with_camera_labels-140.png 1088 712 90
big_dataset_depth/000000002051-segment-12200383401366682847_2552_140_2572_140_with_camera_labels-140.png 1096 704 90
big_dataset_depth/000000002051-segment-12200383401366682847_2552_140_2572_140_with_camera_labels-140.png 1104 744 71
big_dataset_depth/000000002051-segment-12200383401366682847_2552_140_2572_140_with_camera_labels-140.png 1112 704 90
big_dataset_depth/000000002051-segment-12200383401366682847_2552_140_2572_140_with_camera_labels-140.png 1120 768 52
big_dataset_depth/000000002051-segment-12200383401366682847_2552_140_2572_140_with_camera_labels-140.png 1128 768 52
big_dataset_depth/000000002051-segment-12200383401366682847_2552_140_2572_140_with_camera_labels-140.png 1136 776 51
big_dataset_depth/000000002051-segment-12200383401366682847_2552_140_2572_140_with_camera_labels-140.png 1144 784 51
big_dataset_depth/000000002051-segment-12200383401366682847_2552_140_2572_140_with_camera_labels-140.png 1152 776 51
big_dataset_depth/000000002051-segment-12200383401366682847_2552_140_2572_140_with_camera_labels-140.png 1160 776 50
big_dataset_depth/000000002051-segment-12200383401366682847_2552_140_2572_140_with_camera_labels-140.png 1168 784 50
big_dataset_depth/000000002051-segment-12200383401366682847_2552_140_2572_140_with_camera_labels-140.png 1176 784 49
big_dataset_depth/000000002051-segment-12200383401366682847_2552_140_2572_140_with_camera_labels-140.png 1184 792 49
big_dataset_depth/000000002051-segment-12200383401366682847_2552_140_2572_140_with_camera_labels-140.png 1192 784 49
big_dataset_depth/000000002051-segment-12200383401366682847_2552_140_2572_140_with_camera_labels-140.png 1200 776 49
big_dataset_depth/000000002051-segment-12200383401366682847_2552_140_2572_140_with_camera_labels-140.png 1208 784 48
big_dataset_depth/000000002051-segment-12200383401366682847_2552_140_2572_140_with_camera_labels-140.png 1216 776 48
big_dataset_depth/000000002051-segment-12200383401366682847_2552_140_2572_140_with_camera_labels-140.png 1224 776 48
big_dataset_depth/000000002051-segment-12200383401366682847_2552_140_2572_140_with_camera_labels-140.png 1232 776 48
big_dataset_depth/000000002051-segment-12200383401366682847_2552_140_2572_140_with_camera_labels-140.png 1240 776 48
big_dataset_depth/000000002051-segment-12200383401366682847_2552_140_2572_140_with_camera_labels-140.png 1248 776 47
big_dataset_depth/000000002051-segment-12200383401366682847_2552_140_2572_140_with_camera_labels-140.png 1256 776 47
big_dataset_depth/000000002051-segment-12200383401366682847_2552_140_2572_140_with_camera_labels-140.png 1264 784 47
big_dataset_depth/000000002051-segment-12200383401366682847_2552_140_2572_140_with_camera_labels-140.png 1272 776 46
big_dataset_depth/000000002051-segment-12200383401366682847_2552_140_2572_140_with_camera_labels-140.png 1280 776 46
big_dataset_depth/000000002051-segment-12200383401366682847_2552_140_2572_140_with_camera_labels-140.png 1288 808 42
big_dataset_depth/000000002051-segment-12200383401366682847_2552_140_2572_140_with_camera_labels-140.png 1296 800 41
big_dataset_depth/000000002051-segment-12200383401366682847_2552_140_2572_140_with_camera_labels-140.png 1304 848 39
big_dataset_depth/000000002051-segment-12200383401366682847_2552_140_2572_140_with_camera_labels-140.png 1312 824 42
big_dataset_depth/000000002051-segment-12200383401366682847_2552_140_2572_140_with_camera_labels-140.png 1320 792 45
big_dataset_depth/000000002051-segment-12200383401366682847_2552_140_2572_140_with_camera_labels-140.png 1328 792 44
big_dataset_depth/000000002051-segment-12200383401366682847_2552_140_2572_140_with_camera_labels-140.png 1336 792 44
big_dataset_depth/000000002051-segment-12200383401366682847_2552_140_2572_140_with_camera_labels-140.png 1344 792 44
big_dataset_depth/000000002051-segment-12200383401366682847_2552_140_2572_140_with_camera_labels-140.png 1352 800 44
big_dataset_depth/000000002051-segment-12200383401366682847_2552_140_2572_140_with_camera_labels-140.png 1360 800 43
big_dataset_depth/000000002051-segment-12200383401366682847_2552_140_2572_140_with_camera_labels-140.png 1368 800 43
big_dataset_depth/000000002051-segment-12200383401366682847_2552_140_2572_140_with_camera_labels-140.png 1376 800 43
big_dataset_depth/000000002051-segment-12200383401366682847_2552_140_2572_140_with_camera_labels-140.png 1384 800 43
big_dataset_depth/000000002051-segment-12200383401366682847_2552_140_2572_140_with_camera_labels-140.png 1392 808 42
big_dataset_depth/000000002051-segment-12200383401366682847_2552_140_2572_140_with_camera_labels-140.png 1400 800 42
big_dataset_depth/000000002051-segment-12200383401366682847_2552_140_2572_140_with_camera_labels-140.png 1408 800 42
big_dataset_depth/000000002051-segment-12200383401366682847_2552_140_2572_140_with_camera_labels-140.png 1416 816 42
big_dataset_depth/000000002051-segment-12200383401366682847_2552_140_2572_140_with_camera_labels-140.png 1424 800 42
big_dataset_depth/000000002051-segment-12200383401366682847_2552_140_2572_140_with_camera_labels-140.png 1432 808 42
big_dataset_depth/000000002051-segment-12200383401366682847_2552_140_2572_140_with_camera_labels-140.png 1440 800 42
big_dataset_depth/000000002051-segment-12200383401366682847_2552_140_2572_140_with_camera_labels-140.png 1448 808 41
big_dataset_depth/000000002051-segment-12200383401366682847_2552_140_2572_140_with_camera_labels-140.png 1456 800 41
big_dataset_depth/000000002051-segment-12200383401366682847_2552_140_2572_140_with_camera_labels-140.png 1464 808 41
big_dataset_depth/000000002051-segment-12200383401366682847_2552_140_2572_140_with_camera_labels-140.png 1472 808 41
big_dataset_depth/000000002051-segment-12200383401366682847_2552_140_2572_140_with_camera_labels-140.png 1480 800 41
big_dataset_depth/000000002051-segment-12200383401366682847_2552_140_2572_140_with_camera_labels-140.png 1488 792 42
big_dataset_depth/000000002051-segment-12200383401366682847_2552_140_2572_140_with_camera_labels-140.png 1496 792 42
big_dataset_depth/000000002051-segment-12200383401366682847_2552_140_2572_140_with_camera_labels-140.png 1504 792 41
big_dataset_depth/000000002051-segment-12200383401366682847_2552_140_2572_140_with_camera_labels-140.png 1512 800 41
big_dataset_depth/000000002051-segment-12200383401366682847_2552_140_2572_140_with_camera_labels-140.png 1520 792 42
big_dataset_depth/000000002051-segment-12200383401366682847_2552_140_2572_140_with_camera_labels-140.png 1528 792 42
big_dataset_depth/000000002051-segment-12200383401366682847_2552_140_2572_140_with_camera_labels-140.png 1536 800 42
big_dataset_depth/000000002051-segment-12200383401366682847_2552_140_2572_140_with_camera_labels-140.png 1544 792 42
big_dataset_depth/000000002051-segment-12200383401366682847_2552_140_2572_140_with_camera_labels-140.png 1552 784 43
big_dataset_depth/000000002051-segment-12200383401366682847_2552_140_2572_140_with_camera_labels-140.png 1560 784 43
big_dataset_depth/000000002051-segment-12200383401366682847_2552_140_2572_140_with_camera_labels-140.png 1568 792 42
big_dataset_depth/000000002051-segment-12200383401366682847_2552_140_2572_140_with_camera_labels-140.png 1576 800 42
big_dataset_depth/000000002051-segment-12200383401366682847_2552_140_2572_140_with_camera_labels-140.png 1592 792 43
big_dataset_depth/000000002051-segment-12200383401366682847_2552_140_2572_140_with_camera_labels-140.png 1600 776 42
big_dataset_depth/000000002051-segment-12200383401366682847_2552_140_2572_140_with_camera_labels-140.png 1608 784 42
big_dataset_depth/000000002051-segment-12200383401366682847_2552_140_2572_140_with_camera_labels-140.png 1616 808 42
big_dataset_depth/000000002051-segment-12200383401366682847_2552_140_2572_140_with_camera_labels-140.png 1624 792 42
big_dataset_depth/000000002051-segment-12200383401366682847_2552_140_2572_140_with_camera_labels-140.png 1632 776 42
big_dataset_depth/000000002051-segment-12200383401366682847_2552_140_2572_140_with_camera_labels-140.png 1640 760 47
big_dataset_depth/000000002051-segment-12200383401366682847_2552_140_2572_140_with_camera_labels-140.png 1648 784 43
big_dataset_depth/000000002051-segment-12200383401366682847_2552_140_2572_140_with_camera_labels-140.png 1656 792 42
big_dataset_depth/000000002051-segment-12200383401366682847_2552_140_2572_140_with_camera_labels-140.png 1664 768 45
big_dataset_depth/000000002051-segment-12200383401366682847_2552_140_2572_140_with_camera_labels-140.png 1672 776 45
big_dataset_depth/000000002051-segment-12200383401366682847_2552_140_2572_140_with_camera_labels-140.png 1680 784 45
big_dataset_depth/000000002051-segment-12200383401366682847_2552_140_2572_140_with_camera_labels-140.png 1688 776 45
big_dataset_depth/000000002051-segment-12200383401366682847_2552_140_2572_140_with_camera_labels-140.png 1696 784 45
big_dataset_depth/000000002051-segment-12200383401366682847_2552_140_2572_140_with_camera_labels-140.png 1704 776 45
big_dataset_depth/000000002051-segment-12200383401366682847_2552_140_2572_140_with_camera_labels-140.png 1712 768 45
big_dataset_depth/000000002051-segment-12200383401366682847_2552_140_2572_140_with_camera_labels-140.png 1720 784 45
big_dataset_depth/000000002051-segment-12200383401366682847_2552_140_2572_140_with_camera_labels-140.png 1728 776 45
big_dataset_depth/000000002051-segment-12200383401366682847_2552_140_2572_140_with_camera_labels-140.png 1736 784 45
big_dataset_depth/000000002051-segment-12200383401366682847_2552_140_2572_140_with_camera_labels-140.png 1744 776 44
big_dataset_depth/000000002051-segment-12200383401366682847_2552_140_2572_140_with_camera_labels-140.png 1752 736 47
big_dataset_depth/000000002051-segment-12200383401366682847_2552_140_2572_140_with_camera_labels-140.png 1760 784 45
big_dataset_depth/000000002051-segment-12200383401366682847_2552_140_2572_140_with_camera_labels-140.png 1768 784 45
big_dataset_depth/000000002051-segment-12200383401366682847_2552_140_2572_140_with_camera_labels-140.png 1776 784 45
big_dataset_depth/000000002051-segment-12200383401366682847_2552_140_2572_140_with_camera_labels-140.png 1784 776 45
big_dataset_depth/000000002051-segment-12200383401366682847_2552_140_2572_140_with_camera_labels-140.png 1792 784 45
big_dataset_depth/000000002051-segment-12200383401366682847_2552_140_2572_140_with_camera_labels-140.png 1800 776 45
big_dataset_depth/000000002051-segment-12200383401366682847_2552_140_2572_140_with_camera_labels-140.png 1808 768 47
big_dataset_depth/000000002051-segment-12200383401366682847_2552_140_2572_140_with_camera_labels-140.png 1816 768 49
big_dataset_depth/000000002051-segment-12200383401366682847_2552_140_2572_140_with_camera_labels-140.png 1824 768 49
big_dataset_depth/000000002051-segment-12200383401366682847_2552_140_2572_140_with_camera_labels-140.png 1840 768 49
big_dataset_depth/000000002051-segment-12200383401366682847_2552_140_2572_140_with_camera_labels-140.png 1848 776 48
big_dataset_depth/000000002051-segment-12200383401366682847_2552_140_2572_140_with_camera_labels-140.png 1856 776 48
big_dataset_depth/000000002051-segment-12200383401366682847_2552_140_2572_140_with_camera_labels-140.png 1864 776 48
big_dataset_depth/000000002051-segment-12200383401366682847_2552_140_2572_140_with_camera_labels-140.png 1872 776 48
big_dataset_depth/000000002051-segment-12200383401366682847_2552_140_2572_140_with_camera_labels-140.png 1880 776 48
big_dataset_depth/000000002051-segment-12200383401366682847_2552_140_2572_140_with_camera_labels-140.png 1888 776 48
big_dataset_depth/000000002051-segment-12200383401366682847_2552_140_2572_140_with_camera_labels-140.png 1896 776 48
big_dataset_depth/000000002051-segment-12200383401366682847_2552_140_2572_140_with_camera_labels-140.png 1904 776 48
big_dataset_depth/000000002051-segment-12200383401366682847_2552_140_2572_140_with_camera_labels-140.png 1912 728 50
