big_dataset_depth/000000003666-segment-13984577671034960830_4545_000_4565_000_with_camera_labels-90.png 0 984 20
big_dataset_depth/000000003666-segment-13984577671034960830_4545_000_4565_000_with_camera_labels-90.png 8 944 18
big_dataset_depth/000000003666-segment-13984577671034960830_4545_000_4565_000_with_camera_labels-90.png 16 1136 18
big_dataset_depth/000000003666-segment-13984577671034960830_4545_000_4565_000_with_camera_labels-90.png 24 1232 14
big_dataset_depth/000000003666-segment-13984577671034960830_4545_000_4565_000_with_camera_labels-90.png 32 984 18
big_dataset_depth/000000003666-segment-13984577671034960830_4545_000_4565_000_with_camera_labels-90.png 40 1120 15
big_dataset_depth/000000003666-segment-13984577671034960830_4545_000_4565_000_with_camera_labels-90.png 48 1224 14
big_dataset_depth/000000003666-segment-13984577671034960830_4545_000_4565_000_with_camera_labels-90.png 56 1216 14
big_dataset_depth/000000003666-segment-13984577671034960830_4545_000_4565_000_with_camera_labels-90.png 64 1216 14
big_dataset_depth/000000003666-segment-13984577671034960830_4545_000_4565_000_with_camera_labels-90.png 72 1216 14
big_dataset_depth/000000003666-segment-13984577671034960830_4545_000_4565_000_with_camera_labels-90.png 80 1216 14
big_dataset_depth/000000003666-segment-13984577671034960830_4545_000_4565_000_with_camera_labels-90.png 88 1216 14
big_dataset_depth/000000003666-segment-13984577671034960830_4545_000_4565_000_with_camera_labels-90.png 96 1216 14
big_dataset_depth/000000003666-segment-13984577671034960830_4545_000_4565_000_with_camera_labels-90.png 104 1216 14
big_dataset_depth/000000003666-segment-13984577671034960830_4545_000_4565_000_with_camera_labels-90.png 112 1200 14
big_dataset_depth/000000003666-segment-13984577671034960830_4545_000_4565_000_with_camera_labels-90.png 120 1208 14
big_dataset_depth/000000003666-segment-13984577671034960830_4545_000_4565_000_with_camera_labels-90.png 128 1208 14
big_dataset_depth/000000003666-segment-13984577671034960830_4545_000_4565_000_with_camera_labels-90.png 136 1208 14
big_dataset_depth/000000003666-segment-13984577671034960830_4545_000_4565_000_with_camera_labels-90.png 144 1184 14
big_dataset_depth/000000003666-segment-13984577671034960830_4545_000_4565_000_with_camera_labels-90.png 152 1184 14
big_dataset_depth/000000003666-segment-13984577671034960830_4545_000_4565_000_with_camera_labels-90.png 160 1184 15
big_dataset_depth/000000003666-segment-13984577671034960830_4545_000_4565_000_with_camera_labels-90.png 168 1176 15
big_dataset_depth/000000003666-segment-13984577671034960830_4545_000_4565_000_with_camera_labels-90.png 176 1168 15
big_dataset_depth/000000003666-segment-13984577671034960830_4545_000_4565_000_with_camera_labels-90.png 184 1184 15
big_dataset_depth/000000003666-segment-13984577671034960830_4545_000_4565_000_with_camera_labels-90.png 192 1168 15
big_dataset_depth/000000003666-segment-13984577671034960830_4545_000_4565_000_with_camera_labels-90.png 200 1160 15
big_dataset_depth/000000003666-segment-13984577671034960830_4545_000_4565_000_with_camera_labels-90.png 208 1160 15
big_dataset_depth/000000003666-segment-13984577671034960830_4545_000_4565_000_with_camera_labels-90.png 216 1160 15
big_dataset_depth/000000003666-segment-13984577671034960830_4545_000_4565_000_with_camera_labels-90.png 224 1160 15
big_dataset_depth/000000003666-segment-13984577671034960830_4545_000_4565_000_with_camera_labels-90.png 232 1160 15
big_dataset_depth/000000003666-segment-13984577671034960830_4545_000_4565_000_with_camera_labels-90.png 240 1160 15
big_dataset_depth/000000003666-segment-13984577671034960830_4545_000_4565_000_with_camera_labels-90.png 248 1144 15
big_dataset_depth/000000003666-segment-13984577671034960830_4545_000_4565_000_with_camera_labels-90.png 256 1144 15
big_dataset_depth/000000003666-segment-13984577671034960830_4545_000_4565_000_with_camera_labels-90.png 272 1136 15
big_dataset_depth/000000003666-segment-13984577671034960830_4545_000_4565_000_with_camera_labels-90.png 280 1128 16
big_dataset_depth/000000003666-segment-13984577671034960830_4545_000_4565_000_with_camera_labels-90.png 288 1120 16
big_dataset_depth/000000003666-segment-13984577671034960830_4545_000_4565_000_with_camera_labels-90.png 296 1128 16
big_dataset_depth/000000003666-segment-13984577671034960830_4545_000_4565_000_with_camera_labels-90.png 304 1128 16
big_dataset_depth/000000003666-segment-13984577671034960830_4545_000_4565_000_with_camera_labels-90.png 312 1128 16
big_dataset_depth/000000003666-segment-13984577671034960830_4545_000_4565_000_with_camera_labels-90.png 320 1120 16
big_dataset_depth/000000003666-segment-13984577671034960830_4545_000_4565_000_with_camera_labels-90.png 328 1112 16
big_dataset_depth/000000003666-segment-13984577671034960830_4545_000_4565_000_with_camera_labels-90.png 336 1120 16
big_dataset_depth/000000003666-segment-13984577671034960830_4545_000_4565_000_with_camera_labels-90.png 344 1104 16
big_dataset_depth/000000003666-segment-13984577671034960830_4545_000_4565_000_with_camera_labels-90.png 352 1104 16
big_dataset_depth/000000003666-segment-13984577671034960830_4545_000_4565_000_with_camera_labels-90.png 360 1104 16
big_dataset_depth/000000003666-segment-13984577671034960830_4545_000_4565_000_with_camera_labels-90.png 368 1104 16
big_dataset_depth/000000003666-segment-13984577671034960830_4545_000_4565_000_with_camera_labels-90.png 376 1104 16
big_dataset_depth/000000003666-segment-13984577671034960830_4545_000_4565_000_with_camera_labels-90.png 392 1080 17
big_dataset_depth/000000003666-segment-13984577671034960830_4545_000_4565_000_with_camera_labels-90.png 400 1080 17
big_dataset_depth/000000003666-segment-13984577671034960830_4545_000_4565_000_with_camera_labels-90.png 408 1080 17
big_dataset_depth/000000003666-segment-13984577671034960830_4545_000_4565_000_with_camera_labels-90.png 416 1080 17
big_dataset_depth/000000003666-segment-13984577671034960830_4545_000_4565_000_with_camera_labels-90.png 424 1080 17
big_dataset_depth/000000003666-segment-13984577671034960830_4545_000_4565_000_with_camera_labels-90.png 432 1080 17
big_dataset_depth/000000003666-segment-13984577671034960830_4545_000_4565_000_with_camera_labels-90.png 440 1080 17
big_dataset_depth/000000003666-segment-13984577671034960830_4545_000_4565_000_with_camera_labels-90.png 448 1072 17
big_dataset_depth/000000003666-segment-13984577671034960830_4545_000_4565_000_with_camera_labels-90.png 456 1064 17
big_dataset_depth/000000003666-segment-13984577671034960830_4545_000_4565_000_with_camera_labels-90.png 464 1064 17
big_dataset_depth/000000003666-segment-13984577671034960830_4545_000_4565_000_with_camera_labels-90.png 472 1064 17
big_dataset_depth/000000003666-segment-13984577671034960830_4545_000_4565_000_with_camera_labels-90.png 480 936 20
big_dataset_depth/000000003666-segment-13984577671034960830_4545_000_4565_000_with_camera_labels-90.png 488 1064 17
big_dataset_depth/000000003666-segment-13984577671034960830_4545_000_4565_000_with_camera_labels-90.png 496 1040 18
big_dataset_depth/000000003666-segment-13984577671034960830_4545_000_4565_000_with_camera_labels-90.png 504 1064 18
big_dataset_depth/000000003666-segment-13984577671034960830_4545_000_4565_000_with_camera_labels-90.png 512 1048 18
big_dataset_depth/000000003666-segment-13984577671034960830_4545_000_4565_000_with_camera_labels-90.png 520 1040 18
big_dataset_depth/000000003666-segment-13984577671034960830_4545_000_4565_000_with_camera_labels-90.png 528 1032 18
big_dataset_depth/000000003666-segment-13984577671034960830_4545_000_4565_000_with_camera_labels-90.png 544 1040 18
big_dataset_depth/000000003666-segment-13984577671034960830_4545_000_4565_000_with_camera_labels-90.png 552 1040 18
big_dataset_depth/000000003666-segment-13984577671034960830_4545_000_4565_000_with_camera_labels-90.png 560 1032 18
big_dataset_depth/000000003666-segment-13984577671034960830_4545_000_4565_000_with_camera_labels-90.png 568 1016 18
big_dataset_depth/000000003666-segment-13984577671034960830_4545_000_4565_000_with_camera_labels-90.png 576 1016 19
big_dataset_depth/000000003666-segment-13984577671034960830_4545_000_4565_000_with_camera_labels-90.png 584 1016 19
big_dataset_depth/000000003666-segment-13984577671034960830_4545_000_4565_000_with_camera_labels-90.png 592 1016 19
big_dataset_depth/000000003666-segment-13984577671034960830_4545_000_4565_000_with_camera_labels-90.png 600 1016 19
big_dataset_depth/000000003666-segment-13984577671034960830_4545_000_4565_000_with_camera_labels-90.png 608 1016 19
big_dataset_depth/000000003666-segment-13984577671034960830_4545_000_4565_000_with_camera_labels-90.png 616 1016 19
big_dataset_depth/000000003666-segment-13984577671034960830_4545_000_4565_000_with_camera_labels-90.png 624 1000 19
big_dataset_depth/000000003666-segment-13984577671034960830_4545_000_4565_000_with_camera_labels-90.png 632 1000 19
big_dataset_depth/000000003666-segment-13984577671034960830_4545_000_4565_000_with_camera_labels-90.png 640 1000 19
big_dataset_depth/000000003666-segment-13984577671034960830_4545_000_4565_000_with_camera_labels-90.png 648 1000 19
big_dataset_depth/000000003666-segment-13984577671034960830_4545_000_4565_000_with_camera_labels-90.png 656 1000 20
big_dataset_depth/000000003666-segment-13984577671034960830_4545_000_4565_000_with_camera_labels-90.png 664 1000 20
big_dataset_depth/000000003666-segment-13984577671034960830_4545_000_4565_000_with_camera_labels-90.png 672 1000 20
big_dataset_depth/000000003666-segment-13984577671034960830_4545_000_4565_000_with_camera_labels-90.png 680 1000 20
big_dataset_depth/000000003666-segment-13984577671034960830_4545_000_4565_000_with_camera_labels-90.png 688 1000 20
big_dataset_depth/000000003666-segment-13984577671034960830_4545_000_4565_000_with_camera_labels-90.png 696 984 20
big_dataset_depth/000000003666-segment-13984577671034960830_4545_000_4565_000_with_camera_labels-90.png 704 984 20
big_dataset_depth/000000003666-segment-13984577671034960830_4545_000_4565_000_with_camera_labels-90.png 712 984 20
big_dataset_depth/000000003666-segment-13984577671034960830_4545_000_4565_000_with_camera_labels-90.png 720 896 23
big_dataset_depth/000000003666-segment-13984577671034960830_4545_000_4565_000_with_camera_labels-90.png 728 984 20
big_dataset_depth/000000003666-segment-13984577671034960830_4545_000_4565_000_with_camera_labels-90.png 736 984 20
big_dataset_depth/000000003666-segment-13984577671034960830_4545_000_4565_000_with_camera_labels-90.png 744 944 23
big_dataset_depth/000000003666-segment-13984577671034960830_4545_000_4565_000_with_camera_labels-90.png 752 960 21
big_dataset_depth/000000003666-segment-13984577671034960830_4545_000_4565_000_with_camera_labels-90.png 760 984 21
big_dataset_depth/000000003666-segment-13984577671034960830_4545_000_4565_000_with_camera_labels-90.png 768 888 25
big_dataset_depth/000000003666-segment-13984577671034960830_4545_000_4565_000_with_camera_labels-90.png 776 944 21
big_dataset_depth/000000003666-segment-13984577671034960830_4545_000_4565_000_with_camera_labels-90.png 784 944 21
big_dataset_depth/000000003666-segment-13984577671034960830_4545_000_4565_000_with_camera_labels-90.png 792 952 21
big_dataset_depth/000000003666-segment-13984577671034960830_4545_000_4565_000_with_camera_labels-90.png 800 944 22
big_dataset_depth/000000003666-segment-13984577671034960830_4545_000_4565_000_with_camera_labels-90.png 808 944 22
big_dataset_depth/000000003666-segment-13984577671034960830_4545_000_4565_000_with_camera_labels-90.png 816 944 22
big_dataset_depth/000000003666-segment-13984577671034960830_4545_000_4565_000_with_camera_labels-90.png 824 944 22
big_dataset_depth/000000003666-segment-13984577671034960830_4545_000_4565_000_with_camera_labels-90.png 832 944 22
big_dataset_depth/000000003666-segment-13984577671034960830_4545_000_4565_000_with_camera_labels-90.png 840 872 24
big_dataset_depth/000000003666-segment-13984577671034960830_4545_000_4565_000_with_camera_labels-90.png 848 776 25
big_dataset_depth/000000003666-segment-13984577671034960830_4545_000_4565_000_with_camera_labels-90.png 856 928 22
big_dataset_depth/000000003666-segment-13984577671034960830_4545_000_4565_000_with_camera_labels-90.png 864 928 23
big_dataset_depth/000000003666-segment-13984577671034960830_4545_000_4565_000_with_camera_labels-90.png 872 928 23
big_dataset_depth/000000003666-segment-13984577671034960830_4545_000_4565_000_with_camera_labels-90.png 880 928 23
big_dataset_depth/000000003666-segment-13984577671034960830_4545_000_4565_000_with_camera_labels-90.png 888 920 24
big_dataset_depth/000000003666-segment-13984577671034960830_4545_000_4565_000_with_camera_labels-90.png 896 928 23
big_dataset_depth/000000003666-segment-13984577671034960830_4545_000_4565_000_with_camera_labels-90.png 904 888 25
big_dataset_depth/000000003666-segment-13984577671034960830_4545_000_4565_000_with_camera_labels-90.png 912 912 23
big_dataset_depth/000000003666-segment-13984577671034960830_4545_000_4565_000_with_camera_labels-90.png 920 912 23
big_dataset_depth/000000003666-segment-13984577671034960830_4545_000_4565_000_with_camera_labels-90.png 928 912 24
big_dataset_depth/000000003666-segment-13984577671034960830_4545_000_4565_000_with_camera_labels-90.png 936 912 24
big_dataset_depth/000000003666-segment-13984577671034960830_4545_000_4565_000_with_camera_labels-90.png 944 912 24
big_dataset_depth/000000003666-segment-13984577671034960830_4545_000_4565_000_with_camera_labels-90.png 952 848 25
big_dataset_depth/000000003666-segment-13984577671034960830_4545_000_4565_000_with_camera_labels-90.png 960 912 24
big_dataset_depth/000000003666-segment-13984577671034960830_4545_000_4565_000_with_camera_labels-90.png 968 912 24
big_dataset_depth/000000003666-segment-13984577671034960830_4545_000_4565_000_with_camera_labels-90.png 976 904 24
big_dataset_depth/000000003666-segment-13984577671034960830_4545_000_4565_000_with_camera_labels-90.png 984 904 24
big_dataset_depth/000000003666-segment-13984577671034960830_4545_000_4565_000_with_camera_labels-90.png 992 904 25
big_dataset_depth/000000003666-segment-13984577671034960830_4545_000_4565_000_with_camera_labels-90.png 1000 856 27
big_dataset_depth/000000003666-segment-13984577671034960830_4545_000_4565_000_with_camera_labels-90.png 1008 904 25
big_dataset_depth/000000003666-segment-13984577671034960830_4545_000_4565_000_with_camera_labels-90.png 1016 808 29
big_dataset_depth/000000003666-segment-13984577671034960830_4545_000_4565_000_with_camera_labels-90.png 1024 888 25
big_dataset_depth/000000003666-segment-13984577671034960830_4545_000_4565_000_with_camera_labels-90.png 1032 888 25
big_dataset_depth/000000003666-segment-13984577671034960830_4545_000_4565_000_with_camera_labels-90.png 1040 888 25
big_dataset_depth/000000003666-segment-13984577671034960830_4545_000_4565_000_with_camera_labels-90.png 1048 888 26
big_dataset_depth/000000003666-segment-13984577671034960830_4545_000_4565_000_with_camera_labels-90.png 1056 888 26
big_dataset_depth/000000003666-segment-13984577671034960830_4545_000_4565_000_with_camera_labels-90.png 1064 888 26
big_dataset_depth/000000003666-segment-13984577671034960830_4545_000_4565_000_with_camera_labels-90.png 1072 880 26
big_dataset_depth/000000003666-segment-13984577671034960830_4545_000_4565_000_with_camera_labels-90.png 1080 816 54
big_dataset_depth/000000003666-segment-13984577671034960830_4545_000_4565_000_with_camera_labels-90.png 1088 760 69
big_dataset_depth/000000003666-segment-13984577671034960830_4545_000_4565_000_with_camera_labels-90.png 1096 872 26
big_dataset_depth/000000003666-segment-13984577671034960830_4545_000_4565_000_with_camera_labels-90.png 1104 832 41
big_dataset_depth/000000003666-segment-13984577671034960830_4545_000_4565_000_with_camera_labels-90.png 1112 736 83
big_dataset_depth/000000003666-segment-13984577671034960830_4545_000_4565_000_with_camera_labels-90.png 1120 736 83
big_dataset_depth/000000003666-segment-13984577671034960830_4545_000_4565_000_with_camera_labels-90.png 1128 864 27
big_dataset_depth/000000003666-segment-13984577671034960830_4545_000_4565_000_with_camera_labels-90.png 1136 800 55
big_dataset_depth/000000003666-segment-13984577671034960830_4545_000_4565_000_with_camera_labels-90.png 1144 864 27
big_dataset_depth/000000003666-segment-13984577671034960830_4545_000_4565_000_with_camera_labels-90.png 1152 864 27
big_dataset_depth/000000003666-segment-13984577671034960830_4545_000_4565_000_with_camera_labels-90.png 1160 864 27
big_dataset_depth/000000003666-segment-13984577671034960830_4545_000_4565_000_with_camera_labels-90.png 1168 856 27
big_dataset_depth/000000003666-segment-13984577671034960830_4545_000_4565_000_with_camera_labels-90.png 1176 864 27
big_dataset_depth/000000003666-segment-13984577671034960830_4545_000_4565_000_with_camera_labels-90.png 1184 848 28
big_dataset_depth/000000003666-segment-13984577671034960830_4545_000_4565_000_with_camera_labels-90.png 1192 848 28
big_dataset_depth/000000003666-segment-13984577671034960830_4545_000_4565_000_with_camera_labels-90.png 1200 848 28
big_dataset_depth/000000003666-segment-13984577671034960830_4545_000_4565_000_with_camera_labels-90.png 1208 848 28
big_dataset_depth/000000003666-segment-13984577671034960830_4545_000_4565_000_with_camera_labels-90.png 1216 848 28
big_dataset_depth/000000003666-segment-13984577671034960830_4545_000_4565_000_with_camera_labels-90.png 1224 848 28
big_dataset_depth/000000003666-segment-13984577671034960830_4545_000_4565_000_with_camera_labels-90.png 1232 840 28
big_dataset_depth/000000003666-segment-13984577671034960830_4545_000_4565_000_with_camera_labels-90.png 1240 832 29
big_dataset_depth/000000003666-segment-13984577671034960830_4545_000_4565_000_with_camera_labels-90.png 1248 832 29
big_dataset_depth/000000003666-segment-13984577671034960830_4545_000_4565_000_with_camera_labels-90.png 1256 840 29
big_dataset_depth/000000003666-segment-13984577671034960830_4545_000_4565_000_with_camera_labels-90.png 1264 840 29
big_dataset_depth/000000003666-segment-13984577671034960830_4545_000_4565_000_with_camera_labels-90.png 1272 824 29
big_dataset_depth/000000003666-segment-13984577671034960830_4545_000_4565_000_with_camera_labels-90.png 1280 800 38
big_dataset_depth/000000003666-segment-13984577671034960830_4545_000_4565_000_with_camera_labels-90.png 1296 824 30
big_dataset_depth/000000003666-segment-13984577671034960830_4545_000_4565_000_with_camera_labels-90.png 1312 824 30
big_dataset_depth/000000003666-segment-13984577671034960830_4545_000_4565_000_with_camera_labels-90.png 1320 816 30
big_dataset_depth/000000003666-segment-13984577671034960830_4545_000_4565_000_with_camera_labels-90.png 1344 800 23
big_dataset_depth/000000003666-segment-13984577671034960830_4545_000_4565_000_with_camera_labels-90.png 1352 832 22
big_dataset_depth/000000003666-segment-13984577671034960830_4545_000_4565_000_with_camera_labels-90.png 1360 840 23
big_dataset_depth/000000003666-segment-13984577671034960830_4545_000_4565_000_with_camera_labels-90.png 1368 840 22
big_dataset_depth/000000003666-segment-13984577671034960830_4545_000_4565_000_with_camera_labels-90.png 1376 840 22
big_dataset_depth/000000003666-segment-13984577671034960830_4545_000_4565_000_with_camera_labels-90.png 1384 840 22
big_dataset_depth/000000003666-segment-13984577671034960830_4545_000_4565_000_with_camera_labels-90.png 1392 896 23
big_dataset_depth/000000003666-segment-13984577671034960830_4545_000_4565_000_with_camera_labels-90.png 1400 896 23
big_dataset_depth/000000003666-segment-13984577671034960830_4545_000_4565_000_with_camera_labels-90.png 1408 896 23
big_dataset_depth/000000003666-segment-13984577671034960830_4545_000_4565_000_with_camera_labels-90.png 1416 896 23
big_dataset_depth/000000003666-segment-13984577671034960830_4545_000_4565_000_with_camera_labels-90.png 1424 904 23
big_dataset_depth/000000003666-segment-13984577671034960830_4545_000_4565_000_with_camera_labels-90.png 1432 896 23
big_dataset_depth/000000003666-segment-13984577671034960830_4545_000_4565_000_with_camera_labels-90.png 1440 848 22
big_dataset_depth/000000003666-segment-13984577671034960830_4545_000_4565_000_with_camera_labels-90.png 1448 856 22
big_dataset_depth/000000003666-segment-13984577671034960830_4545_000_4565_000_with_camera_labels-90.png 1456 864 22
big_dataset_depth/000000003666-segment-13984577671034960830_4545_000_4565_000_with_camera_labels-90.png 1464 856 22
big_dataset_depth/000000003666-segment-13984577671034960830_4545_000_4565_000_with_camera_labels-90.png 1472 864 22
big_dataset_depth/000000003666-segment-13984577671034960830_4545_000_4565_000_with_camera_labels-90.png 1480 864 22
big_dataset_depth/000000003666-segment-13984577671034960830_4545_000_4565_000_with_camera_labels-90.png 1488 848 22
big_dataset_depth/000000003666-segment-13984577671034960830_4545_000_4565_000_with_camera_labels-90.png 1496 856 22
big_dataset_depth/000000003666-segment-13984577671034960830_4545_000_4565_000_with_camera_labels-90.png 1504 896 23
big_dataset_depth/000000003666-segment-13984577671034960830_4545_000_4565_000_with_camera_labels-90.png 1512 856 22
big_dataset_depth/000000003666-segment-13984577671034960830_4545_000_4565_000_with_camera_labels-90.png 1520 848 22
big_dataset_depth/000000003666-segment-13984577671034960830_4545_000_4565_000_with_camera_labels-90.png 1528 840 22
big_dataset_depth/000000003666-segment-13984577671034960830_4545_000_4565_000_with_camera_labels-90.png 1536 840 22
big_dataset_depth/000000003666-segment-13984577671034960830_4545_000_4565_000_with_camera_labels-90.png 1544 832 22
big_dataset_depth/000000003666-segment-13984577671034960830_4545_000_4565_000_with_camera_labels-90.png 1552 848 22
big_dataset_depth/000000003666-segment-13984577671034960830_4545_000_4565_000_with_camera_labels-90.png 1560 800 22
big_dataset_depth/000000003666-segment-13984577671034960830_4545_000_4565_000_with_camera_labels-90.png 1568 840 21
big_dataset_depth/000000003666-segment-13984577671034960830_4545_000_4565_000_with_camera_labels-90.png 1576 840 21
big_dataset_depth/000000003666-segment-13984577671034960830_4545_000_4565_000_with_camera_labels-90.png 1584 848 22
big_dataset_depth/000000003666-segment-13984577671034960830_4545_000_4565_000_with_camera_labels-90.png 1592 840 21
big_dataset_depth/000000003666-segment-13984577671034960830_4545_000_4565_000_with_camera_labels-90.png 1600 848 22
big_dataset_depth/000000003666-segment-13984577671034960830_4545_000_4565_000_with_camera_labels-90.png 1608 848 22
big_dataset_depth/000000003666-segment-13984577671034960830_4545_000_4565_000_with_camera_labels-90.png 1616 856 22
big_dataset_depth/000000003666-segment-13984577671034960830_4545_000_4565_000_with_camera_labels-90.png 1624 904 23
big_dataset_depth/000000003666-segment-13984577671034960830_4545_000_4565_000_with_camera_labels-90.png 1632 856 23
big_dataset_depth/000000003666-segment-13984577671034960830_4545_000_4565_000_with_camera_labels-90.png 1640 896 23
big_dataset_depth/000000003666-segment-13984577671034960830_4545_000_4565_000_with_camera_labels-90.png 1648 904 23
big_dataset_depth/000000003666-segment-13984577671034960830_4545_000_4565_000_with_camera_labels-90.png 1656 904 23
big_dataset_depth/000000003666-segment-13984577671034960830_4545_000_4565_000_with_camera_labels-90.png 1664 896 23
big_dataset_depth/000000003666-segment-13984577671034960830_4545_000_4565_000_with_camera_labels-90.png 1672 904 23
big_dataset_depth/000000003666-segment-13984577671034960830_4545_000_4565_000_with_camera_labels-90.png 1680 888 23
big_dataset_depth/000000003666-segment-13984577671034960830_4545_000_4565_000_with_camera_labels-90.png 1688 872 23
big_dataset_depth/000000003666-segment-13984577671034960830_4545_000_4565_000_with_camera_labels-90.png 1696 888 23
big_dataset_depth/000000003666-segment-13984577671034960830_4545_000_4565_000_with_camera_labels-90.png 1704 880 24
big_dataset_depth/000000003666-segment-13984577671034960830_4545_000_4565_000_with_camera_labels-90.png 1712 824 24
big_dataset_depth/000000003666-segment-13984577671034960830_4545_000_4565_000_with_camera_labels-90.png 1720 864 25
big_dataset_depth/000000003666-segment-13984577671034960830_4545_000_4565_000_with_camera_labels-90.png 1728 800 24
big_dataset_depth/000000003666-segment-13984577671034960830_4545_000_4565_000_with_camera_labels-90.png 1736 832 25
big_dataset_depth/000000003666-segment-13984577671034960830_4545_000_4565_000_with_camera_labels-90.png 1744 824 25
big_dataset_depth/000000003666-segment-13984577671034960830_4545_000_4565_000_with_camera_labels-90.png 1752 808 25
big_dataset_depth/000000003666-segment-13984577671034960830_4545_000_4565_000_with_camera_labels-90.png 1760 792 26
big_dataset_depth/000000003666-segment-13984577671034960830_4545_000_4565_000_with_camera_labels-90.png 1768 816 27
big_dataset_depth/000000003666-segment-13984577671034960830_4545_000_4565_000_with_camera_labels-90.png 1776 848 27
big_dataset_depth/000000003666-segment-13984577671034960830_4545_000_4565_000_with_camera_labels-90.png 1784 824 27
big_dataset_depth/000000003666-segment-13984577671034960830_4545_000_4565_000_with_camera_labels-90.png 1792 832 27
big_dataset_depth/000000003666-segment-13984577671034960830_4545_000_4565_000_with_camera_labels-90.png 1800 840 27
big_dataset_depth/000000003666-segment-13984577671034960830_4545_000_4565_000_with_camera_labels-90.png 1808 816 28
big_dataset_depth/000000003666-segment-13984577671034960830_4545_000_4565_000_with_camera_labels-90.png 1816 832 27
big_dataset_depth/000000003666-segment-13984577671034960830_4545_000_4565_000_with_camera_labels-90.png 1824 824 28
big_dataset_depth/000000003666-segment-13984577671034960830_4545_000_4565_000_with_camera_labels-90.png 1832 728 42
big_dataset_depth/000000003666-segment-13984577671034960830_4545_000_4565_000_with_camera_labels-90.png 1840 712 42
big_dataset_depth/000000003666-segment-13984577671034960830_4545_000_4565_000_with_camera_labels-90.png 1848 632 94
big_dataset_depth/000000003666-segment-13984577671034960830_4545_000_4565_000_with_camera_labels-90.png 1856 712 42
big_dataset_depth/000000003666-segment-13984577671034960830_4545_000_4565_000_with_camera_labels-90.png 1864 712 42
big_dataset_depth/000000003666-segment-13984577671034960830_4545_000_4565_000_with_camera_labels-90.png 1872 672 61
big_dataset_depth/000000003666-segment-13984577671034960830_4545_000_4565_000_with_camera_labels-90.png 1880 704 43
big_dataset_depth/000000003666-segment-13984577671034960830_4545_000_4565_000_with_camera_labels-90.png 1888 712 43
big_dataset_depth/000000003666-segment-13984577671034960830_4545_000_4565_000_with_camera_labels-90.png 1896 664 75
big_dataset_depth/000000003666-segment-13984577671034960830_4545_000_4565_000_with_camera_labels-90.png 1904 712 43
big_dataset_depth/000000003666-segment-13984577671034960830_4545_000_4565_000_with_camera_labels-90.png 1912 648 85
