big_dataset_depth/000000003033-segment-13238419657658219864_4630_850_4650_850_with_camera_labels-160.png 0 816 61
big_dataset_depth/000000003033-segment-13238419657658219864_4630_850_4650_850_with_camera_labels-160.png 8 816 61
big_dataset_depth/000000003033-segment-13238419657658219864_4630_850_4650_850_with_camera_labels-160.png 16 816 61
big_dataset_depth/000000003033-segment-13238419657658219864_4630_850_4650_850_with_camera_labels-160.png 24 816 62
big_dataset_depth/000000003033-segment-13238419657658219864_4630_850_4650_850_with_camera_labels-160.png 32 816 62
big_dataset_depth/000000003033-segment-13238419657658219864_4630_850_4650_850_with_camera_labels-160.png 40 816 62
big_dataset_depth/000000003033-segment-13238419657658219864_4630_850_4650_850_with_camera_labels-160.png 48 816 62
big_dataset_depth/000000003033-segment-13238419657658219864_4630_850_4650_850_with_camera_labels-160.png 56 816 62
big_dataset_depth/000000003033-segment-13238419657658219864_4630_850_4650_850_with_camera_labels-160.png 64 816 62
big_dataset_depth/000000003033-segment-13238419657658219864_4630_850_4650_850_with_camera_labels-160.png 72 808 62
big_dataset_depth/000000003033-segment-13238419657658219864_4630_850_4650_850_with_camera_labels-160.png 80 800 63
big_dataset_depth/000000003033-segment-13238419657658219864_4630_850_4650_850_with_camera_labels-160.png 88 800 64
big_dataset_depth/000000003033-segment-13238419657658219864_4630_850_4650_850_with_camera_labels-160.png 96 800 64
big_dataset_depth/000000003033-segment-13238419657658219864_4630_850_4650_850_with_camera_labels-160.png 104 800 65
big_dataset_depth/000000003033-segment-13238419657658219864_4630_850_4650_850_with_camera_labels-160.png 112 800 65
big_dataset_depth/000000003033-segment-13238419657658219864_4630_850_4650_850_with_camera_labels-160.png 120 800 66
big_dataset_depth/000000003033-segment-13238419657658219864_4630_850_4650_850_with_camera_labels-160.png 128 800 66
big_dataset_depth/000000003033-segment-13238419657658219864_4630_850_4650_850_with_camera_labels-160.png 136 800 66
big_dataset_depth/000000003033-segment-13238419657658219864_4630_850_4650_850_with_camera_labels-160.png 144 792 69
big_dataset_depth/000000003033-segment-13238419657658219864_4630_850_4650_850_with_camera_labels-160.png 152 800 54
big_dataset_depth/000000003033-segment-13238419657658219864_4630_850_4650_850_with_camera_labels-160.png 160 776 62
big_dataset_depth/000000003033-segment-13238419657658219864_4630_850_4650_850_with_camera_labels-160.png 168 800 60
big_dataset_depth/000000003033-segment-13238419657658219864_4630_850_4650_850_with_camera_labels-160.png 176 856 42
big_dataset_depth/000000003033-segment-13238419657658219864_4630_850_4650_850_with_camera_labels-160.png 184 824 57
big_dataset_depth/000000003033-segment-13238419657658219864_4630_850_4650_850_with_camera_labels-160.png 208 752 73
big_dataset_depth/000000003033-segment-13238419657658219864_4630_850_4650_850_with_camera_labels-160.png 216 744 73
big_dataset_depth/000000003033-segment-13238419657658219864_4630_850_4650_850_with_camera_labels-160.png 224 768 71
big_dataset_depth/000000003033-segment-13238419657658219864_4630_850_4650_850_with_camera_labels-160.png 232 776 71
big_dataset_depth/000000003033-segment-13238419657658219864_4630_850_4650_850_with_camera_labels-160.png 240 776 71
big_dataset_depth/000000003033-segment-13238419657658219864_4630_850_4650_850_with_camera_labels-160.png 248 680 106
big_dataset_depth/000000003033-segment-13238419657658219864_4630_850_4650_850_with_camera_labels-160.png 256 776 71
big_dataset_depth/000000003033-segment-13238419657658219864_4630_850_4650_850_with_camera_labels-160.png 264 776 71
big_dataset_depth/000000003033-segment-13238419657658219864_4630_850_4650_850_with_camera_labels-160.png 272 776 71
big_dataset_depth/000000003033-segment-13238419657658219864_4630_850_4650_850_with_camera_labels-160.png 280 768 71
big_dataset_depth/000000003033-segment-13238419657658219864_4630_850_4650_850_with_camera_labels-160.png 288 776 71
big_dataset_depth/000000003033-segment-13238419657658219864_4630_850_4650_850_with_camera_labels-160.png 296 784 71
big_dataset_depth/000000003033-segment-13238419657658219864_4630_850_4650_850_with_camera_labels-160.png 304 784 71
big_dataset_depth/000000003033-segment-13238419657658219864_4630_850_4650_850_with_camera_labels-160.png 312 792 70
big_dataset_depth/000000003033-segment-13238419657658219864_4630_850_4650_850_with_camera_labels-160.png 320 784 72
big_dataset_depth/000000003033-segment-13238419657658219864_4630_850_4650_850_with_camera_labels-160.png 328 776 71
big_dataset_depth/000000003033-segment-13238419657658219864_4630_850_4650_850_with_camera_labels-160.png 336 776 71
big_dataset_depth/000000003033-segment-13238419657658219864_4630_850_4650_850_with_camera_labels-160.png 344 776 71
big_dataset_depth/000000003033-segment-13238419657658219864_4630_850_4650_850_with_camera_labels-160.png 352 752 72
big_dataset_depth/000000003033-segment-13238419657658219864_4630_850_4650_850_with_camera_labels-160.png 360 752 105
big_dataset_depth/000000003033-segment-13238419657658219864_4630_850_4650_850_with_camera_labels-160.png 368 720 105
big_dataset_depth/000000003033-segment-13238419657658219864_4630_850_4650_850_with_camera_labels-160.png 376 768 78
big_dataset_depth/000000003033-segment-13238419657658219864_4630_850_4650_850_with_camera_labels-160.png 384 728 92
big_dataset_depth/000000003033-segment-13238419657658219864_4630_850_4650_850_with_camera_labels-160.png 392 752 105
big_dataset_depth/000000003033-segment-13238419657658219864_4630_850_4650_850_with_camera_labels-160.png 400 760 78
big_dataset_depth/000000003033-segment-13238419657658219864_4630_850_4650_850_with_camera_labels-160.png 408 776 78
big_dataset_depth/000000003033-segment-13238419657658219864_4630_850_4650_850_with_camera_labels-160.png 416 776 78
big_dataset_depth/000000003033-segment-13238419657658219864_4630_850_4650_850_with_camera_labels-160.png 424 760 78
big_dataset_depth/000000003033-segment-13238419657658219864_4630_850_4650_850_with_camera_labels-160.png 432 760 100
big_dataset_depth/000000003033-segment-13238419657658219864_4630_850_4650_850_with_camera_labels-160.png 776 720 98
big_dataset_depth/000000003033-segment-13238419657658219864_4630_850_4650_850_with_camera_labels-160.png 784 720 98
big_dataset_depth/000000003033-segment-13238419657658219864_4630_850_4650_850_with_camera_labels-160.png 792 736 100
big_dataset_depth/000000003033-segment-13238419657658219864_4630_850_4650_850_with_camera_labels-160.png 800 736 100
big_dataset_depth/000000003033-segment-13238419657658219864_4630_850_4650_850_with_camera_labels-160.png 808 736 99
big_dataset_depth/000000003033-segment-13238419657658219864_4630_850_4650_850_with_camera_labels-160.png 816 728 98
big_dataset_depth/000000003033-segment-13238419657658219864_4630_850_4650_850_with_camera_labels-160.png 832 736 100
big_dataset_depth/000000003033-segment-13238419657658219864_4630_850_4650_850_with_camera_labels-160.png 960 776 55
big_dataset_depth/000000003033-segment-13238419657658219864_4630_850_4650_850_with_camera_labels-160.png 968 792 54
big_dataset_depth/000000003033-segment-13238419657658219864_4630_850_4650_850_with_camera_labels-160.png 976 808 51
big_dataset_depth/000000003033-segment-13238419657658219864_4630_850_4650_850_with_camera_labels-160.png 984 808 51
big_dataset_depth/000000003033-segment-13238419657658219864_4630_850_4650_850_with_camera_labels-160.png 992 800 50
big_dataset_depth/000000003033-segment-13238419657658219864_4630_850_4650_850_with_camera_labels-160.png 1000 808 51
big_dataset_depth/000000003033-segment-13238419657658219864_4630_850_4650_850_with_camera_labels-160.png 1008 800 50
big_dataset_depth/000000003033-segment-13238419657658219864_4630_850_4650_850_with_camera_labels-160.png 1016 792 50
big_dataset_depth/000000003033-segment-13238419657658219864_4630_850_4650_850_with_camera_labels-160.png 1024 792 50
big_dataset_depth/000000003033-segment-13238419657658219864_4630_850_4650_850_with_camera_labels-160.png 1032 792 50
big_dataset_depth/000000003033-segment-13238419657658219864_4630_850_4650_850_with_camera_labels-160.png 1040 792 50
big_dataset_depth/000000003033-segment-13238419657658219864_4630_850_4650_850_with_camera_labels-160.png 1048 792 50
big_dataset_depth/000000003033-segment-13238419657658219864_4630_850_4650_850_with_camera_labels-160.png 1056 792 50
big_dataset_depth/000000003033-segment-13238419657658219864_4630_850_4650_850_with_camera_labels-160.png 1064 792 50
big_dataset_depth/000000003033-segment-13238419657658219864_4630_850_4650_850_with_camera_labels-160.png 1072 800 51
big_dataset_depth/000000003033-segment-13238419657658219864_4630_850_4650_850_with_camera_labels-160.png 1080 808 51
big_dataset_depth/000000003033-segment-13238419657658219864_4630_850_4650_850_with_camera_labels-160.png 1088 768 76
big_dataset_depth/000000003033-segment-13238419657658219864_4630_850_4650_850_with_camera_labels-160.png 1096 776 61
big_dataset_depth/000000003033-segment-13238419657658219864_4630_850_4650_850_with_camera_labels-160.png 1104 744 83
big_dataset_depth/000000003033-segment-13238419657658219864_4630_850_4650_850_with_camera_labels-160.png 1112 800 48
big_dataset_depth/000000003033-segment-13238419657658219864_4630_850_4650_850_with_camera_labels-160.png 1120 808 48
big_dataset_depth/000000003033-segment-13238419657658219864_4630_850_4650_850_with_camera_labels-160.png 1128 808 47
big_dataset_depth/000000003033-segment-13238419657658219864_4630_850_4650_850_with_camera_labels-160.png 1136 792 47
big_dataset_depth/000000003033-segment-13238419657658219864_4630_850_4650_850_with_camera_labels-160.png 1144 744 65
big_dataset_depth/000000003033-segment-13238419657658219864_4630_850_4650_850_with_camera_labels-160.png 1152 720 98
big_dataset_depth/000000003033-segment-13238419657658219864_4630_850_4650_850_with_camera_labels-160.png 1160 720 97
big_dataset_depth/000000003033-segment-13238419657658219864_4630_850_4650_850_with_camera_labels-160.png 1168 720 97
big_dataset_depth/000000003033-segment-13238419657658219864_4630_850_4650_850_with_camera_labels-160.png 1176 712 97
big_dataset_depth/000000003033-segment-13238419657658219864_4630_850_4650_850_with_camera_labels-160.png 1184 720 97
big_dataset_depth/000000003033-segment-13238419657658219864_4630_850_4650_850_with_camera_labels-160.png 1192 712 97
big_dataset_depth/000000003033-segment-13238419657658219864_4630_850_4650_850_with_camera_labels-160.png 1200 720 97
big_dataset_depth/000000003033-segment-13238419657658219864_4630_850_4650_850_with_camera_labels-160.png 1208 720 80
big_dataset_depth/000000003033-segment-13238419657658219864_4630_850_4650_850_with_camera_labels-160.png 1216 760 63
big_dataset_depth/000000003033-segment-13238419657658219864_4630_850_4650_850_with_camera_labels-160.png 1224 720 97
big_dataset_depth/000000003033-segment-13238419657658219864_4630_850_4650_850_with_camera_labels-160.png 1232 720 98
big_dataset_depth/000000003033-segment-13238419657658219864_4630_850_4650_850_with_camera_labels-160.png 1240 720 98
big_dataset_depth/000000003033-segment-13238419657658219864_4630_850_4650_850_with_camera_labels-160.png 1248 752 76
big_dataset_depth/000000003033-segment-13238419657658219864_4630_850_4650_850_with_camera_labels-160.png 1256 720 98
big_dataset_depth/000000003033-segment-13238419657658219864_4630_850_4650_850_with_camera_labels-160.png 1264 720 98
big_dataset_depth/000000003033-segment-13238419657658219864_4630_850_4650_850_with_camera_labels-160.png 1272 720 98
big_dataset_depth/000000003033-segment-13238419657658219864_4630_850_4650_850_with_camera_labels-160.png 1280 720 98
big_dataset_depth/000000003033-segment-13238419657658219864_4630_850_4650_850_with_camera_labels-160.png 1288 720 98
big_dataset_depth/000000003033-segment-13238419657658219864_4630_850_4650_850_with_camera_labels-160.png 1296 720 98
big_dataset_depth/000000003033-segment-13238419657658219864_4630_850_4650_850_with_camera_labels-160.png 1304 792 49
big_dataset_depth/000000003033-segment-13238419657658219864_4630_850_4650_850_with_camera_labels-160.png 1312 792 49
big_dataset_depth/000000003033-segment-13238419657658219864_4630_850_4650_850_with_camera_labels-160.png 1320 792 49
big_dataset_depth/000000003033-segment-13238419657658219864_4630_850_4650_850_with_camera_labels-160.png 1328 720 97
big_dataset_depth/000000003033-segment-13238419657658219864_4630_850_4650_850_with_camera_labels-160.png 1336 720 95
big_dataset_depth/000000003033-segment-13238419657658219864_4630_850_4650_850_with_camera_labels-160.png 1344 712 97
big_dataset_depth/000000003033-segment-13238419657658219864_4630_850_4650_850_with_camera_labels-160.png 1352 712 99
big_dataset_depth/000000003033-segment-13238419657658219864_4630_850_4650_850_with_camera_labels-160.png 1360 712 100
big_dataset_depth/000000003033-segment-13238419657658219864_4630_850_4650_850_with_camera_labels-160.png 1376 760 62
big_dataset_depth/000000003033-segment-13238419657658219864_4630_850_4650_850_with_camera_labels-160.png 1384 760 62
big_dataset_depth/000000003033-segment-13238419657658219864_4630_850_4650_850_with_camera_labels-160.png 1392 704 99
big_dataset_depth/000000003033-segment-13238419657658219864_4630_850_4650_850_with_camera_labels-160.png 1400 712 97
big_dataset_depth/000000003033-segment-13238419657658219864_4630_850_4650_850_with_camera_labels-160.png 1408 712 97
big_dataset_depth/000000003033-segment-13238419657658219864_4630_850_4650_850_with_camera_labels-160.png 1416 712 97
big_dataset_depth/000000003033-segment-13238419657658219864_4630_850_4650_850_with_camera_labels-160.png 1424 704 97
big_dataset_depth/000000003033-segment-13238419657658219864_4630_850_4650_850_with_camera_labels-160.png 1432 712 96
big_dataset_depth/000000003033-segment-13238419657658219864_4630_850_4650_850_with_camera_labels-160.png 1440 720 95
big_dataset_depth/000000003033-segment-13238419657658219864_4630_850_4650_850_with_camera_labels-160.png 1448 776 51
big_dataset_depth/000000003033-segment-13238419657658219864_4630_850_4650_850_with_camera_labels-160.png 1456 768 53
big_dataset_depth/000000003033-segment-13238419657658219864_4630_850_4650_850_with_camera_labels-160.png 1464 768 55
big_dataset_depth/000000003033-segment-13238419657658219864_4630_850_4650_850_with_camera_labels-160.png 1472 760 58
big_dataset_depth/000000003033-segment-13238419657658219864_4630_850_4650_850_with_camera_labels-160.png 1480 744 56
big_dataset_depth/000000003033-segment-13238419657658219864_4630_850_4650_850_with_camera_labels-160.png 1488 696 93
big_dataset_depth/000000003033-segment-13238419657658219864_4630_850_4650_850_with_camera_labels-160.png 1504 808 37
big_dataset_depth/000000003033-segment-13238419657658219864_4630_850_4650_850_with_camera_labels-160.png 1520 816 35
big_dataset_depth/000000003033-segment-13238419657658219864_4630_850_4650_850_with_camera_labels-160.png 1528 824 32
big_dataset_depth/000000003033-segment-13238419657658219864_4630_850_4650_850_with_camera_labels-160.png 1536 824 32
big_dataset_depth/000000003033-segment-13238419657658219864_4630_850_4650_850_with_camera_labels-160.png 1544 832 30
big_dataset_depth/000000003033-segment-13238419657658219864_4630_850_4650_850_with_camera_labels-160.png 1552 888 30
big_dataset_depth/000000003033-segment-13238419657658219864_4630_850_4650_850_with_camera_labels-160.png 1560 888 30
big_dataset_depth/000000003033-segment-13238419657658219864_4630_850_4650_850_with_camera_labels-160.png 1568 888 29
big_dataset_depth/000000003033-segment-13238419657658219864_4630_850_4650_850_with_camera_labels-160.png 1576 864 32
big_dataset_depth/000000003033-segment-13238419657658219864_4630_850_4650_850_with_camera_labels-160.png 1584 792 30
big_dataset_depth/000000003033-segment-13238419657658219864_4630_850_4650_850_with_camera_labels-160.png 1592 888 30
big_dataset_depth/000000003033-segment-13238419657658219864_4630_850_4650_850_with_camera_labels-160.png 1600 856 30
big_dataset_depth/000000003033-segment-13238419657658219864_4630_850_4650_850_with_camera_labels-160.png 1608 848 33
big_dataset_depth/000000003033-segment-13238419657658219864_4630_850_4650_850_with_camera_labels-160.png 1616 864 33
big_dataset_depth/000000003033-segment-13238419657658219864_4630_850_4650_850_with_camera_labels-160.png 1624 832 32
big_dataset_depth/000000003033-segment-13238419657658219864_4630_850_4650_850_with_camera_labels-160.png 1632 840 31
big_dataset_depth/000000003033-segment-13238419657658219864_4630_850_4650_850_with_camera_labels-160.png 1640 848 31
big_dataset_depth/000000003033-segment-13238419657658219864_4630_850_4650_850_with_camera_labels-160.png 1648 864 31
big_dataset_depth/000000003033-segment-13238419657658219864_4630_850_4650_850_with_camera_labels-160.png 1656 856 31
big_dataset_depth/000000003033-segment-13238419657658219864_4630_850_4650_850_with_camera_labels-160.png 1664 848 32
big_dataset_depth/000000003033-segment-13238419657658219864_4630_850_4650_850_with_camera_labels-160.png 1672 864 31
big_dataset_depth/000000003033-segment-13238419657658219864_4630_850_4650_850_with_camera_labels-160.png 1680 864 31
big_dataset_depth/000000003033-segment-13238419657658219864_4630_850_4650_850_with_camera_labels-160.png 1688 872 31
big_dataset_depth/000000003033-segment-13238419657658219864_4630_850_4650_850_with_camera_labels-160.png 1696 872 31
big_dataset_depth/000000003033-segment-13238419657658219864_4630_850_4650_850_with_camera_labels-160.png 1704 880 30
big_dataset_depth/000000003033-segment-13238419657658219864_4630_850_4650_850_with_camera_labels-160.png 1712 872 31
big_dataset_depth/000000003033-segment-13238419657658219864_4630_850_4650_850_with_camera_labels-160.png 1720 864 31
big_dataset_depth/000000003033-segment-13238419657658219864_4630_850_4650_850_with_camera_labels-160.png 1728 864 31
big_dataset_depth/000000003033-segment-13238419657658219864_4630_850_4650_850_with_camera_labels-160.png 1736 840 32
big_dataset_depth/000000003033-segment-13238419657658219864_4630_850_4650_850_with_camera_labels-160.png 1744 840 32
big_dataset_depth/000000003033-segment-13238419657658219864_4630_850_4650_850_with_camera_labels-160.png 1752 816 32
big_dataset_depth/000000003033-segment-13238419657658219864_4630_850_4650_850_with_camera_labels-160.png 1760 856 32
big_dataset_depth/000000003033-segment-13238419657658219864_4630_850_4650_850_with_camera_labels-160.png 1768 824 32
big_dataset_depth/000000003033-segment-13238419657658219864_4630_850_4650_850_with_camera_labels-160.png 1776 824 32
big_dataset_depth/000000003033-segment-13238419657658219864_4630_850_4650_850_with_camera_labels-160.png 1784 840 33
big_dataset_depth/000000003033-segment-13238419657658219864_4630_850_4650_850_with_camera_labels-160.png 1792 824 32
big_dataset_depth/000000003033-segment-13238419657658219864_4630_850_4650_850_with_camera_labels-160.png 1800 824 32
big_dataset_depth/000000003033-segment-13238419657658219864_4630_850_4650_850_with_camera_labels-160.png 1808 840 33
big_dataset_depth/000000003033-segment-13238419657658219864_4630_850_4650_850_with_camera_labels-160.png 1816 824 33
big_dataset_depth/000000003033-segment-13238419657658219864_4630_850_4650_850_with_camera_labels-160.png 1824 832 33
big_dataset_depth/000000003033-segment-13238419657658219864_4630_850_4650_850_with_camera_labels-160.png 1832 824 33
big_dataset_depth/000000003033-segment-13238419657658219864_4630_850_4650_850_with_camera_labels-160.png 1840 816 33
big_dataset_depth/000000003033-segment-13238419657658219864_4630_850_4650_850_with_camera_labels-160.png 1848 816 33
big_dataset_depth/000000003033-segment-13238419657658219864_4630_850_4650_850_with_camera_labels-160.png 1856 816 33
big_dataset_depth/000000003033-segment-13238419657658219864_4630_850_4650_850_with_camera_labels-160.png 1864 824 33
big_dataset_depth/000000003033-segment-13238419657658219864_4630_850_4650_850_with_camera_labels-160.png 1872 816 33
big_dataset_depth/000000003033-segment-13238419657658219864_4630_850_4650_850_with_camera_labels-160.png 1880 816 33
big_dataset_depth/000000003033-segment-13238419657658219864_4630_850_4650_850_with_camera_labels-160.png 1888 800 33
big_dataset_depth/000000003033-segment-13238419657658219864_4630_850_4650_850_with_camera_labels-160.png 1896 816 33
big_dataset_depth/000000003033-segment-13238419657658219864_4630_850_4650_850_with_camera_labels-160.png 1904 824 34
big_dataset_depth/000000003033-segment-13238419657658219864_4630_850_4650_850_with_camera_labels-160.png 1912 752 36
