big_dataset_depth/000000003172-segment-13390791323468600062_6718_570_6738_570_with_camera_labels-150.png 0 816 52
big_dataset_depth/000000003172-segment-13390791323468600062_6718_570_6738_570_with_camera_labels-150.png 8 800 46
big_dataset_depth/000000003172-segment-13390791323468600062_6718_570_6738_570_with_camera_labels-150.png 16 816 43
big_dataset_depth/000000003172-segment-13390791323468600062_6718_570_6738_570_with_camera_labels-150.png 24 792 38
big_dataset_depth/000000003172-segment-13390791323468600062_6718_570_6738_570_with_camera_labels-150.png 32 896 30
big_dataset_depth/000000003172-segment-13390791323468600062_6718_570_6738_570_with_camera_labels-150.png 40 816 36
big_dataset_depth/000000003172-segment-13390791323468600062_6718_570_6738_570_with_camera_labels-150.png 48 1000 23
big_dataset_depth/000000003172-segment-13390791323468600062_6718_570_6738_570_with_camera_labels-150.png 56 912 29
big_dataset_depth/000000003172-segment-13390791323468600062_6718_570_6738_570_with_camera_labels-150.png 72 816 36
big_dataset_depth/000000003172-segment-13390791323468600062_6718_570_6738_570_with_camera_labels-150.png 80 1056 20
big_dataset_depth/000000003172-segment-13390791323468600062_6718_570_6738_570_with_camera_labels-150.png 88 1056 19
big_dataset_depth/000000003172-segment-13390791323468600062_6718_570_6738_570_with_camera_labels-150.png 96 832 38
big_dataset_depth/000000003172-segment-13390791323468600062_6718_570_6738_570_with_camera_labels-150.png 104 976 26
big_dataset_depth/000000003172-segment-13390791323468600062_6718_570_6738_570_with_camera_labels-150.png 112 936 30
big_dataset_depth/000000003172-segment-13390791323468600062_6718_570_6738_570_with_camera_labels-150.png 120 936 29
big_dataset_depth/000000003172-segment-13390791323468600062_6718_570_6738_570_with_camera_labels-150.png 128 808 37
big_dataset_depth/000000003172-segment-13390791323468600062_6718_570_6738_570_with_camera_labels-150.png 136 1072 19
big_dataset_depth/000000003172-segment-13390791323468600062_6718_570_6738_570_with_camera_labels-150.png 144 824 28
big_dataset_depth/000000003172-segment-13390791323468600062_6718_570_6738_570_with_camera_labels-150.png 152 1072 18
big_dataset_depth/000000003172-segment-13390791323468600062_6718_570_6738_570_with_camera_labels-150.png 160 1072 18
big_dataset_depth/000000003172-segment-13390791323468600062_6718_570_6738_570_with_camera_labels-150.png 168 1088 18
big_dataset_depth/000000003172-segment-13390791323468600062_6718_570_6738_570_with_camera_labels-150.png 176 1088 18
big_dataset_depth/000000003172-segment-13390791323468600062_6718_570_6738_570_with_camera_labels-150.png 184 1088 18
big_dataset_depth/000000003172-segment-13390791323468600062_6718_570_6738_570_with_camera_labels-150.png 192 1088 18
big_dataset_depth/000000003172-segment-13390791323468600062_6718_570_6738_570_with_camera_labels-150.png 200 1088 18
big_dataset_depth/000000003172-segment-13390791323468600062_6718_570_6738_570_with_camera_labels-150.png 208 1088 18
big_dataset_depth/000000003172-segment-13390791323468600062_6718_570_6738_570_with_camera_labels-150.png 216 1096 18
big_dataset_depth/000000003172-segment-13390791323468600062_6718_570_6738_570_with_camera_labels-150.png 224 1008 22
big_dataset_depth/000000003172-segment-13390791323468600062_6718_570_6738_570_with_camera_labels-150.png 232 1104 17
big_dataset_depth/000000003172-segment-13390791323468600062_6718_570_6738_570_with_camera_labels-150.png 240 712 73
big_dataset_depth/000000003172-segment-13390791323468600062_6718_570_6738_570_with_camera_labels-150.png 248 904 45
big_dataset_depth/000000003172-segment-13390791323468600062_6718_570_6738_570_with_camera_labels-150.png 256 1104 17
big_dataset_depth/000000003172-segment-13390791323468600062_6718_570_6738_570_with_camera_labels-150.png 264 1104 17
big_dataset_depth/000000003172-segment-13390791323468600062_6718_570_6738_570_with_camera_labels-150.png 272 1104 17
big_dataset_depth/000000003172-segment-13390791323468600062_6718_570_6738_570_with_camera_labels-150.png 280 1104 17
big_dataset_depth/000000003172-segment-13390791323468600062_6718_570_6738_570_with_camera_labels-150.png 288 1008 20
big_dataset_depth/000000003172-segment-13390791323468600062_6718_570_6738_570_with_camera_labels-150.png 296 1104 17
big_dataset_depth/000000003172-segment-13390791323468600062_6718_570_6738_570_with_camera_labels-150.png 304 1104 17
big_dataset_depth/000000003172-segment-13390791323468600062_6718_570_6738_570_with_camera_labels-150.png 312 752 54
big_dataset_depth/000000003172-segment-13390791323468600062_6718_570_6738_570_with_camera_labels-150.png 320 1104 17
big_dataset_depth/000000003172-segment-13390791323468600062_6718_570_6738_570_with_camera_labels-150.png 328 1096 17
big_dataset_depth/000000003172-segment-13390791323468600062_6718_570_6738_570_with_camera_labels-150.png 336 1096 17
big_dataset_depth/000000003172-segment-13390791323468600062_6718_570_6738_570_with_camera_labels-150.png 344 1096 17
big_dataset_depth/000000003172-segment-13390791323468600062_6718_570_6738_570_with_camera_labels-150.png 352 1096 17
big_dataset_depth/000000003172-segment-13390791323468600062_6718_570_6738_570_with_camera_labels-150.png 360 1120 17
big_dataset_depth/000000003172-segment-13390791323468600062_6718_570_6738_570_with_camera_labels-150.png 368 1112 17
big_dataset_depth/000000003172-segment-13390791323468600062_6718_570_6738_570_with_camera_labels-150.png 376 1112 17
big_dataset_depth/000000003172-segment-13390791323468600062_6718_570_6738_570_with_camera_labels-150.png 384 1112 17
big_dataset_depth/000000003172-segment-13390791323468600062_6718_570_6738_570_with_camera_labels-150.png 392 936 32
big_dataset_depth/000000003172-segment-13390791323468600062_6718_570_6738_570_with_camera_labels-150.png 400 1112 17
big_dataset_depth/000000003172-segment-13390791323468600062_6718_570_6738_570_with_camera_labels-150.png 408 1112 17
big_dataset_depth/000000003172-segment-13390791323468600062_6718_570_6738_570_with_camera_labels-150.png 416 1112 17
big_dataset_depth/000000003172-segment-13390791323468600062_6718_570_6738_570_with_camera_labels-150.png 424 936 28
big_dataset_depth/000000003172-segment-13390791323468600062_6718_570_6738_570_with_camera_labels-150.png 432 1112 17
big_dataset_depth/000000003172-segment-13390791323468600062_6718_570_6738_570_with_camera_labels-150.png 440 784 36
big_dataset_depth/000000003172-segment-13390791323468600062_6718_570_6738_570_with_camera_labels-150.png 448 1112 17
big_dataset_depth/000000003172-segment-13390791323468600062_6718_570_6738_570_with_camera_labels-150.png 456 1112 17
big_dataset_depth/000000003172-segment-13390791323468600062_6718_570_6738_570_with_camera_labels-150.png 464 1112 17
big_dataset_depth/000000003172-segment-13390791323468600062_6718_570_6738_570_with_camera_labels-150.png 472 1112 17
big_dataset_depth/000000003172-segment-13390791323468600062_6718_570_6738_570_with_camera_labels-150.png 480 1112 17
big_dataset_depth/000000003172-segment-13390791323468600062_6718_570_6738_570_with_camera_labels-150.png 488 792 33
big_dataset_depth/000000003172-segment-13390791323468600062_6718_570_6738_570_with_camera_labels-150.png 496 792 33
big_dataset_depth/000000003172-segment-13390791323468600062_6718_570_6738_570_with_camera_labels-150.png 512 768 32
big_dataset_depth/000000003172-segment-13390791323468600062_6718_570_6738_570_with_camera_labels-150.png 520 800 32
big_dataset_depth/000000003172-segment-13390791323468600062_6718_570_6738_570_with_camera_labels-150.png 528 768 34
big_dataset_depth/000000003172-segment-13390791323468600062_6718_570_6738_570_with_camera_labels-150.png 536 800 32
big_dataset_depth/000000003172-segment-13390791323468600062_6718_570_6738_570_with_camera_labels-150.png 544 816 31
big_dataset_depth/000000003172-segment-13390791323468600062_6718_570_6738_570_with_camera_labels-150.png 552 840 30
big_dataset_depth/000000003172-segment-13390791323468600062_6718_570_6738_570_with_camera_labels-150.png 560 808 29
big_dataset_depth/000000003172-segment-13390791323468600062_6718_570_6738_570_with_camera_labels-150.png 568 816 29
big_dataset_depth/000000003172-segment-13390791323468600062_6718_570_6738_570_with_camera_labels-150.png 576 848 29
big_dataset_depth/000000003172-segment-13390791323468600062_6718_570_6738_570_with_camera_labels-150.png 584 816 29
big_dataset_depth/000000003172-segment-13390791323468600062_6718_570_6738_570_with_camera_labels-150.png 592 848 29
big_dataset_depth/000000003172-segment-13390791323468600062_6718_570_6738_570_with_camera_labels-150.png 600 832 30
big_dataset_depth/000000003172-segment-13390791323468600062_6718_570_6738_570_with_camera_labels-150.png 608 824 31
big_dataset_depth/000000003172-segment-13390791323468600062_6718_570_6738_570_with_camera_labels-150.png 616 848 29
big_dataset_depth/000000003172-segment-13390791323468600062_6718_570_6738_570_with_camera_labels-150.png 624 832 30
big_dataset_depth/000000003172-segment-13390791323468600062_6718_570_6738_570_with_camera_labels-150.png 632 848 29
big_dataset_depth/000000003172-segment-13390791323468600062_6718_570_6738_570_with_camera_labels-150.png 640 848 29
big_dataset_depth/000000003172-segment-13390791323468600062_6718_570_6738_570_with_camera_labels-150.png 648 816 31
big_dataset_depth/000000003172-segment-13390791323468600062_6718_570_6738_570_with_camera_labels-150.png 656 824 29
big_dataset_depth/000000003172-segment-13390791323468600062_6718_570_6738_570_with_camera_labels-150.png 664 808 31
big_dataset_depth/000000003172-segment-13390791323468600062_6718_570_6738_570_with_camera_labels-150.png 672 816 31
big_dataset_depth/000000003172-segment-13390791323468600062_6718_570_6738_570_with_camera_labels-150.png 688 824 30
big_dataset_depth/000000003172-segment-13390791323468600062_6718_570_6738_570_with_camera_labels-150.png 696 824 30
big_dataset_depth/000000003172-segment-13390791323468600062_6718_570_6738_570_with_camera_labels-150.png 704 824 30
big_dataset_depth/000000003172-segment-13390791323468600062_6718_570_6738_570_with_camera_labels-150.png 712 832 29
big_dataset_depth/000000003172-segment-13390791323468600062_6718_570_6738_570_with_camera_labels-150.png 720 840 29
big_dataset_depth/000000003172-segment-13390791323468600062_6718_570_6738_570_with_camera_labels-150.png 728 840 29
big_dataset_depth/000000003172-segment-13390791323468600062_6718_570_6738_570_with_camera_labels-150.png 736 824 28
big_dataset_depth/000000003172-segment-13390791323468600062_6718_570_6738_570_with_camera_labels-150.png 744 856 28
big_dataset_depth/000000003172-segment-13390791323468600062_6718_570_6738_570_with_camera_labels-150.png 752 856 27
big_dataset_depth/000000003172-segment-13390791323468600062_6718_570_6738_570_with_camera_labels-150.png 760 848 27
big_dataset_depth/000000003172-segment-13390791323468600062_6718_570_6738_570_with_camera_labels-150.png 768 840 27
big_dataset_depth/000000003172-segment-13390791323468600062_6718_570_6738_570_with_camera_labels-150.png 776 832 26
big_dataset_depth/000000003172-segment-13390791323468600062_6718_570_6738_570_with_camera_labels-150.png 784 848 26
big_dataset_depth/000000003172-segment-13390791323468600062_6718_570_6738_570_with_camera_labels-150.png 792 840 24
big_dataset_depth/000000003172-segment-13390791323468600062_6718_570_6738_570_with_camera_labels-150.png 800 856 24
big_dataset_depth/000000003172-segment-13390791323468600062_6718_570_6738_570_with_camera_labels-150.png 808 864 24
big_dataset_depth/000000003172-segment-13390791323468600062_6718_570_6738_570_with_camera_labels-150.png 816 848 24
big_dataset_depth/000000003172-segment-13390791323468600062_6718_570_6738_570_with_camera_labels-150.png 824 840 24
big_dataset_depth/000000003172-segment-13390791323468600062_6718_570_6738_570_with_camera_labels-150.png 832 864 24
big_dataset_depth/000000003172-segment-13390791323468600062_6718_570_6738_570_with_camera_labels-150.png 840 880 24
big_dataset_depth/000000003172-segment-13390791323468600062_6718_570_6738_570_with_camera_labels-150.png 848 880 24
big_dataset_depth/000000003172-segment-13390791323468600062_6718_570_6738_570_with_camera_labels-150.png 856 880 24
big_dataset_depth/000000003172-segment-13390791323468600062_6718_570_6738_570_with_camera_labels-150.png 864 864 24
big_dataset_depth/000000003172-segment-13390791323468600062_6718_570_6738_570_with_camera_labels-150.png 872 872 24
big_dataset_depth/000000003172-segment-13390791323468600062_6718_570_6738_570_with_camera_labels-150.png 880 864 23
big_dataset_depth/000000003172-segment-13390791323468600062_6718_570_6738_570_with_camera_labels-150.png 888 896 23
big_dataset_depth/000000003172-segment-13390791323468600062_6718_570_6738_570_with_camera_labels-150.png 896 888 23
big_dataset_depth/000000003172-segment-13390791323468600062_6718_570_6738_570_with_camera_labels-150.png 904 904 23
big_dataset_depth/000000003172-segment-13390791323468600062_6718_570_6738_570_with_camera_labels-150.png 912 896 23
big_dataset_depth/000000003172-segment-13390791323468600062_6718_570_6738_570_with_camera_labels-150.png 920 904 23
big_dataset_depth/000000003172-segment-13390791323468600062_6718_570_6738_570_with_camera_labels-150.png 928 896 23
big_dataset_depth/000000003172-segment-13390791323468600062_6718_570_6738_570_with_camera_labels-150.png 936 880 23
big_dataset_depth/000000003172-segment-13390791323468600062_6718_570_6738_570_with_camera_labels-150.png 952 880 23
big_dataset_depth/000000003172-segment-13390791323468600062_6718_570_6738_570_with_camera_labels-150.png 960 872 23
big_dataset_depth/000000003172-segment-13390791323468600062_6718_570_6738_570_with_camera_labels-150.png 968 888 23
big_dataset_depth/000000003172-segment-13390791323468600062_6718_570_6738_570_with_camera_labels-150.png 976 880 24
big_dataset_depth/000000003172-segment-13390791323468600062_6718_570_6738_570_with_camera_labels-150.png 984 880 25
big_dataset_depth/000000003172-segment-13390791323468600062_6718_570_6738_570_with_camera_labels-150.png 992 872 25
big_dataset_depth/000000003172-segment-13390791323468600062_6718_570_6738_570_with_camera_labels-150.png 1000 872 25
big_dataset_depth/000000003172-segment-13390791323468600062_6718_570_6738_570_with_camera_labels-150.png 1008 872 25
big_dataset_depth/000000003172-segment-13390791323468600062_6718_570_6738_570_with_camera_labels-150.png 1016 872 25
big_dataset_depth/000000003172-segment-13390791323468600062_6718_570_6738_570_with_camera_labels-150.png 1024 872 25
big_dataset_depth/000000003172-segment-13390791323468600062_6718_570_6738_570_with_camera_labels-150.png 1032 872 25
big_dataset_depth/000000003172-segment-13390791323468600062_6718_570_6738_570_with_camera_labels-150.png 1040 872 25
big_dataset_depth/000000003172-segment-13390791323468600062_6718_570_6738_570_with_camera_labels-150.png 1048 872 25
big_dataset_depth/000000003172-segment-13390791323468600062_6718_570_6738_570_with_camera_labels-150.png 1056 872 25
big_dataset_depth/000000003172-segment-13390791323468600062_6718_570_6738_570_with_camera_labels-150.png 1064 872 25
big_dataset_depth/000000003172-segment-13390791323468600062_6718_570_6738_570_with_camera_labels-150.png 1072 872 25
big_dataset_depth/000000003172-segment-13390791323468600062_6718_570_6738_570_with_camera_labels-150.png 1080 872 25
big_dataset_depth/000000003172-segment-13390791323468600062_6718_570_6738_570_with_camera_labels-150.png 1088 872 25
big_dataset_depth/000000003172-segment-13390791323468600062_6718_570_6738_570_with_camera_labels-150.png 1096 872 25
big_dataset_depth/000000003172-segment-13390791323468600062_6718_570_6738_570_with_camera_labels-150.png 1104 872 25
big_dataset_depth/000000003172-segment-13390791323468600062_6718_570_6738_570_with_camera_labels-150.png 1112 872 25
big_dataset_depth/000000003172-segment-13390791323468600062_6718_570_6738_570_with_camera_labels-150.png 1120 864 25
big_dataset_depth/000000003172-segment-13390791323468600062_6718_570_6738_570_with_camera_labels-150.png 1128 864 25
big_dataset_depth/000000003172-segment-13390791323468600062_6718_570_6738_570_with_camera_labels-150.png 1136 864 25
big_dataset_depth/000000003172-segment-13390791323468600062_6718_570_6738_570_with_camera_labels-150.png 1144 856 24
big_dataset_depth/000000003172-segment-13390791323468600062_6718_570_6738_570_with_camera_labels-150.png 1152 856 22
big_dataset_depth/000000003172-segment-13390791323468600062_6718_570_6738_570_with_camera_labels-150.png 1160 872 22
big_dataset_depth/000000003172-segment-13390791323468600062_6718_570_6738_570_with_camera_labels-150.png 1168 872 22
big_dataset_depth/000000003172-segment-13390791323468600062_6718_570_6738_570_with_camera_labels-150.png 1176 904 22
big_dataset_depth/000000003172-segment-13390791323468600062_6718_570_6738_570_with_camera_labels-150.png 1184 912 22
big_dataset_depth/000000003172-segment-13390791323468600062_6718_570_6738_570_with_camera_labels-150.png 1192 912 22
big_dataset_depth/000000003172-segment-13390791323468600062_6718_570_6738_570_with_camera_labels-150.png 1200 912 22
big_dataset_depth/000000003172-segment-13390791323468600062_6718_570_6738_570_with_camera_labels-150.png 1208 912 22
big_dataset_depth/000000003172-segment-13390791323468600062_6718_570_6738_570_with_camera_labels-150.png 1216 920 22
big_dataset_depth/000000003172-segment-13390791323468600062_6718_570_6738_570_with_camera_labels-150.png 1224 912 22
big_dataset_depth/000000003172-segment-13390791323468600062_6718_570_6738_570_with_camera_labels-150.png 1232 928 21
big_dataset_depth/000000003172-segment-13390791323468600062_6718_570_6738_570_with_camera_labels-150.png 1240 912 22
big_dataset_depth/000000003172-segment-13390791323468600062_6718_570_6738_570_with_camera_labels-150.png 1248 1032 18
big_dataset_depth/000000003172-segment-13390791323468600062_6718_570_6738_570_with_camera_labels-150.png 1256 1032 18
big_dataset_depth/000000003172-segment-13390791323468600062_6718_570_6738_570_with_camera_labels-150.png 1264 1032 18
big_dataset_depth/000000003172-segment-13390791323468600062_6718_570_6738_570_with_camera_labels-150.png 1272 1032 18
big_dataset_depth/000000003172-segment-13390791323468600062_6718_570_6738_570_with_camera_labels-150.png 1280 1032 18
big_dataset_depth/000000003172-segment-13390791323468600062_6718_570_6738_570_with_camera_labels-150.png 1288 1032 18
big_dataset_depth/000000003172-segment-13390791323468600062_6718_570_6738_570_with_camera_labels-150.png 1296 1032 18
big_dataset_depth/000000003172-segment-13390791323468600062_6718_570_6738_570_with_camera_labels-150.png 1304 920 21
big_dataset_depth/000000003172-segment-13390791323468600062_6718_570_6738_570_with_camera_labels-150.png 1312 912 22
big_dataset_depth/000000003172-segment-13390791323468600062_6718_570_6738_570_with_camera_labels-150.png 1320 912 22
big_dataset_depth/000000003172-segment-13390791323468600062_6718_570_6738_570_with_camera_labels-150.png 1328 912 21
big_dataset_depth/000000003172-segment-13390791323468600062_6718_570_6738_570_with_camera_labels-150.png 1336 912 22
big_dataset_depth/000000003172-segment-13390791323468600062_6718_570_6738_570_with_camera_labels-150.png 1344 920 21
big_dataset_depth/000000003172-segment-13390791323468600062_6718_570_6738_570_with_camera_labels-150.png 1360 1016 18
big_dataset_depth/000000003172-segment-13390791323468600062_6718_570_6738_570_with_camera_labels-150.png 1368 1016 18
big_dataset_depth/000000003172-segment-13390791323468600062_6718_570_6738_570_with_camera_labels-150.png 1376 1016 18
big_dataset_depth/000000003172-segment-13390791323468600062_6718_570_6738_570_with_camera_labels-150.png 1384 1016 18
big_dataset_depth/000000003172-segment-13390791323468600062_6718_570_6738_570_with_camera_labels-150.png 1392 1016 18
big_dataset_depth/000000003172-segment-13390791323468600062_6718_570_6738_570_with_camera_labels-150.png 1400 912 21
big_dataset_depth/000000003172-segment-13390791323468600062_6718_570_6738_570_with_camera_labels-150.png 1408 952 20
big_dataset_depth/000000003172-segment-13390791323468600062_6718_570_6738_570_with_camera_labels-150.png 1416 864 25
big_dataset_depth/000000003172-segment-13390791323468600062_6718_570_6738_570_with_camera_labels-150.png 1424 872 24
big_dataset_depth/000000003172-segment-13390791323468600062_6718_570_6738_570_with_camera_labels-150.png 1432 856 24
big_dataset_depth/000000003172-segment-13390791323468600062_6718_570_6738_570_with_camera_labels-150.png 1440 872 24
big_dataset_depth/000000003172-segment-13390791323468600062_6718_570_6738_570_with_camera_labels-150.png 1448 864 24
big_dataset_depth/000000003172-segment-13390791323468600062_6718_570_6738_570_with_camera_labels-150.png 1456 872 24
big_dataset_depth/000000003172-segment-13390791323468600062_6718_570_6738_570_with_camera_labels-150.png 1464 872 24
big_dataset_depth/000000003172-segment-13390791323468600062_6718_570_6738_570_with_camera_labels-150.png 1472 872 24
big_dataset_depth/000000003172-segment-13390791323468600062_6718_570_6738_570_with_camera_labels-150.png 1480 872 24
big_dataset_depth/000000003172-segment-13390791323468600062_6718_570_6738_570_with_camera_labels-150.png 1488 872 24
big_dataset_depth/000000003172-segment-13390791323468600062_6718_570_6738_570_with_camera_labels-150.png 1496 888 24
big_dataset_depth/000000003172-segment-13390791323468600062_6718_570_6738_570_with_camera_labels-150.png 1504 880 24
big_dataset_depth/000000003172-segment-13390791323468600062_6718_570_6738_570_with_camera_labels-150.png 1512 880 24
big_dataset_depth/000000003172-segment-13390791323468600062_6718_570_6738_570_with_camera_labels-150.png 1520 888 24
big_dataset_depth/000000003172-segment-13390791323468600062_6718_570_6738_570_with_camera_labels-150.png 1528 888 24
big_dataset_depth/000000003172-segment-13390791323468600062_6718_570_6738_570_with_camera_labels-150.png 1536 872 24
big_dataset_depth/000000003172-segment-13390791323468600062_6718_570_6738_570_with_camera_labels-150.png 1544 888 24
big_dataset_depth/000000003172-segment-13390791323468600062_6718_570_6738_570_with_camera_labels-150.png 1552 880 24
big_dataset_depth/000000003172-segment-13390791323468600062_6718_570_6738_570_with_camera_labels-150.png 1560 888 24
big_dataset_depth/000000003172-segment-13390791323468600062_6718_570_6738_570_with_camera_labels-150.png 1568 848 24
big_dataset_depth/000000003172-segment-13390791323468600062_6718_570_6738_570_with_camera_labels-150.png 1576 864 26
big_dataset_depth/000000003172-segment-13390791323468600062_6718_570_6738_570_with_camera_labels-150.png 1584 896 24
big_dataset_depth/000000003172-segment-13390791323468600062_6718_570_6738_570_with_camera_labels-150.png 1592 864 26
big_dataset_depth/000000003172-segment-13390791323468600062_6718_570_6738_570_with_camera_labels-150.png 1600 864 26
big_dataset_depth/000000003172-segment-13390791323468600062_6718_570_6738_570_with_camera_labels-150.png 1608 872 26
big_dataset_depth/000000003172-segment-13390791323468600062_6718_570_6738_570_with_camera_labels-150.png 1616 864 26
big_dataset_depth/000000003172-segment-13390791323468600062_6718_570_6738_570_with_camera_labels-150.png 1624 856 26
big_dataset_depth/000000003172-segment-13390791323468600062_6718_570_6738_570_with_camera_labels-150.png 1632 864 26
big_dataset_depth/000000003172-segment-13390791323468600062_6718_570_6738_570_with_camera_labels-150.png 1640 840 26
big_dataset_depth/000000003172-segment-13390791323468600062_6718_570_6738_570_with_camera_labels-150.png 1648 848 26
big_dataset_depth/000000003172-segment-13390791323468600062_6718_570_6738_570_with_camera_labels-150.png 1656 848 26
big_dataset_depth/000000003172-segment-13390791323468600062_6718_570_6738_570_with_camera_labels-150.png 1664 848 27
big_dataset_depth/000000003172-segment-13390791323468600062_6718_570_6738_570_with_camera_labels-150.png 1672 848 27
big_dataset_depth/000000003172-segment-13390791323468600062_6718_570_6738_570_with_camera_labels-150.png 1680 848 27
big_dataset_depth/000000003172-segment-13390791323468600062_6718_570_6738_570_with_camera_labels-150.png 1688 848 27
big_dataset_depth/000000003172-segment-13390791323468600062_6718_570_6738_570_with_camera_labels-150.png 1696 848 27
big_dataset_depth/000000003172-segment-13390791323468600062_6718_570_6738_570_with_camera_labels-150.png 1704 832 27
big_dataset_depth/000000003172-segment-13390791323468600062_6718_570_6738_570_with_camera_labels-150.png 1712 832 27
big_dataset_depth/000000003172-segment-13390791323468600062_6718_570_6738_570_with_camera_labels-150.png 1720 840 27
big_dataset_depth/000000003172-segment-13390791323468600062_6718_570_6738_570_with_camera_labels-150.png 1728 832 27
big_dataset_depth/000000003172-segment-13390791323468600062_6718_570_6738_570_with_camera_labels-150.png 1736 840 27
big_dataset_depth/000000003172-segment-13390791323468600062_6718_570_6738_570_with_camera_labels-150.png 1744 832 27
big_dataset_depth/000000003172-segment-13390791323468600062_6718_570_6738_570_with_camera_labels-150.png 1752 832 28
big_dataset_depth/000000003172-segment-13390791323468600062_6718_570_6738_570_with_camera_labels-150.png 1760 840 27
big_dataset_depth/000000003172-segment-13390791323468600062_6718_570_6738_570_with_camera_labels-150.png 1768 832 28
big_dataset_depth/000000003172-segment-13390791323468600062_6718_570_6738_570_with_camera_labels-150.png 1776 840 27
big_dataset_depth/000000003172-segment-13390791323468600062_6718_570_6738_570_with_camera_labels-150.png 1784 824 28
big_dataset_depth/000000003172-segment-13390791323468600062_6718_570_6738_570_with_camera_labels-150.png 1792 840 28
big_dataset_depth/000000003172-segment-13390791323468600062_6718_570_6738_570_with_camera_labels-150.png 1800 824 28
big_dataset_depth/000000003172-segment-13390791323468600062_6718_570_6738_570_with_camera_labels-150.png 1808 840 28
big_dataset_depth/000000003172-segment-13390791323468600062_6718_570_6738_570_with_camera_labels-150.png 1816 824 28
big_dataset_depth/000000003172-segment-13390791323468600062_6718_570_6738_570_with_camera_labels-150.png 1824 840 28
big_dataset_depth/000000003172-segment-13390791323468600062_6718_570_6738_570_with_camera_labels-150.png 1832 840 27
big_dataset_depth/000000003172-segment-13390791323468600062_6718_570_6738_570_with_camera_labels-150.png 1840 840 27
big_dataset_depth/000000003172-segment-13390791323468600062_6718_570_6738_570_with_camera_labels-150.png 1848 840 27
big_dataset_depth/000000003172-segment-13390791323468600062_6718_570_6738_570_with_camera_labels-150.png 1856 832 28
big_dataset_depth/000000003172-segment-13390791323468600062_6718_570_6738_570_with_camera_labels-150.png 1864 824 29
big_dataset_depth/000000003172-segment-13390791323468600062_6718_570_6738_570_with_camera_labels-150.png 1872 816 29
big_dataset_depth/000000003172-segment-13390791323468600062_6718_570_6738_570_with_camera_labels-150.png 1880 824 29
big_dataset_depth/000000003172-segment-13390791323468600062_6718_570_6738_570_with_camera_labels-150.png 1888 816 29
big_dataset_depth/000000003172-segment-13390791323468600062_6718_570_6738_570_with_camera_labels-150.png 1896 808 29
big_dataset_depth/000000003172-segment-13390791323468600062_6718_570_6738_570_with_camera_labels-150.png 1904 816 29
big_dataset_depth/000000003172-segment-13390791323468600062_6718_570_6738_570_with_camera_labels-150.png 1912 752 30
