big_dataset_depth/000000000334-segment-10231929575853664160_1160_000_1180_000_with_camera_labels-140.png 0 976 21
big_dataset_depth/000000000334-segment-10231929575853664160_1160_000_1180_000_with_camera_labels-140.png 8 888 27
big_dataset_depth/000000000334-segment-10231929575853664160_1160_000_1180_000_with_camera_labels-140.png 16 736 40
big_dataset_depth/000000000334-segment-10231929575853664160_1160_000_1180_000_with_camera_labels-140.png 24 856 31
big_dataset_depth/000000000334-segment-10231929575853664160_1160_000_1180_000_with_camera_labels-140.png 32 952 20
big_dataset_depth/000000000334-segment-10231929575853664160_1160_000_1180_000_with_camera_labels-140.png 40 952 20
big_dataset_depth/000000000334-segment-10231929575853664160_1160_000_1180_000_with_camera_labels-140.png 48 968 21
big_dataset_depth/000000000334-segment-10231929575853664160_1160_000_1180_000_with_camera_labels-140.png 56 1008 21
big_dataset_depth/000000000334-segment-10231929575853664160_1160_000_1180_000_with_camera_labels-140.png 64 968 21
big_dataset_depth/000000000334-segment-10231929575853664160_1160_000_1180_000_with_camera_labels-140.png 72 952 20
big_dataset_depth/000000000334-segment-10231929575853664160_1160_000_1180_000_with_camera_labels-140.png 80 944 20
big_dataset_depth/000000000334-segment-10231929575853664160_1160_000_1180_000_with_camera_labels-140.png 88 944 20
big_dataset_depth/000000000334-segment-10231929575853664160_1160_000_1180_000_with_camera_labels-140.png 96 944 20
big_dataset_depth/000000000334-segment-10231929575853664160_1160_000_1180_000_with_camera_labels-140.png 104 952 20
big_dataset_depth/000000000334-segment-10231929575853664160_1160_000_1180_000_with_camera_labels-140.png 112 944 21
big_dataset_depth/000000000334-segment-10231929575853664160_1160_000_1180_000_with_camera_labels-140.png 120 1000 21
big_dataset_depth/000000000334-segment-10231929575853664160_1160_000_1180_000_with_camera_labels-140.png 128 992 21
big_dataset_depth/000000000334-segment-10231929575853664160_1160_000_1180_000_with_camera_labels-140.png 136 1000 21
big_dataset_depth/000000000334-segment-10231929575853664160_1160_000_1180_000_with_camera_labels-140.png 144 992 21
big_dataset_depth/000000000334-segment-10231929575853664160_1160_000_1180_000_with_camera_labels-140.png 152 984 21
big_dataset_depth/000000000334-segment-10231929575853664160_1160_000_1180_000_with_camera_labels-140.png 160 984 21
big_dataset_depth/000000000334-segment-10231929575853664160_1160_000_1180_000_with_camera_labels-140.png 168 984 21
big_dataset_depth/000000000334-segment-10231929575853664160_1160_000_1180_000_with_camera_labels-140.png 176 952 22
big_dataset_depth/000000000334-segment-10231929575853664160_1160_000_1180_000_with_camera_labels-140.png 184 928 22
big_dataset_depth/000000000334-segment-10231929575853664160_1160_000_1180_000_with_camera_labels-140.png 192 928 22
big_dataset_depth/000000000334-segment-10231929575853664160_1160_000_1180_000_with_camera_labels-140.png 200 944 23
big_dataset_depth/000000000334-segment-10231929575853664160_1160_000_1180_000_with_camera_labels-140.png 208 952 23
big_dataset_depth/000000000334-segment-10231929575853664160_1160_000_1180_000_with_camera_labels-140.png 216 912 23
big_dataset_depth/000000000334-segment-10231929575853664160_1160_000_1180_000_with_camera_labels-140.png 224 912 23
big_dataset_depth/000000000334-segment-10231929575853664160_1160_000_1180_000_with_camera_labels-140.png 232 888 23
big_dataset_depth/000000000334-segment-10231929575853664160_1160_000_1180_000_with_camera_labels-140.png 240 928 24
big_dataset_depth/000000000334-segment-10231929575853664160_1160_000_1180_000_with_camera_labels-140.png 248 904 24
big_dataset_depth/000000000334-segment-10231929575853664160_1160_000_1180_000_with_camera_labels-140.png 256 896 24
big_dataset_depth/000000000334-segment-10231929575853664160_1160_000_1180_000_with_camera_labels-140.png 264 928 25
big_dataset_depth/000000000334-segment-10231929575853664160_1160_000_1180_000_with_camera_labels-140.png 272 928 25
big_dataset_depth/000000000334-segment-10231929575853664160_1160_000_1180_000_with_camera_labels-140.png 280 912 25
big_dataset_depth/000000000334-segment-10231929575853664160_1160_000_1180_000_with_camera_labels-140.png 288 928 25
big_dataset_depth/000000000334-segment-10231929575853664160_1160_000_1180_000_with_camera_labels-140.png 296 920 25
big_dataset_depth/000000000334-segment-10231929575853664160_1160_000_1180_000_with_camera_labels-140.png 304 896 25
big_dataset_depth/000000000334-segment-10231929575853664160_1160_000_1180_000_with_camera_labels-140.png 312 832 25
big_dataset_depth/000000000334-segment-10231929575853664160_1160_000_1180_000_with_camera_labels-140.png 328 776 41
big_dataset_depth/000000000334-segment-10231929575853664160_1160_000_1180_000_with_camera_labels-140.png 336 760 41
big_dataset_depth/000000000334-segment-10231929575853664160_1160_000_1180_000_with_camera_labels-140.png 352 728 57
big_dataset_depth/000000000334-segment-10231929575853664160_1160_000_1180_000_with_camera_labels-140.png 360 720 59
big_dataset_depth/000000000334-segment-10231929575853664160_1160_000_1180_000_with_camera_labels-140.png 368 720 59
big_dataset_depth/000000000334-segment-10231929575853664160_1160_000_1180_000_with_camera_labels-140.png 376 768 44
big_dataset_depth/000000000334-segment-10231929575853664160_1160_000_1180_000_with_camera_labels-140.png 384 744 53
big_dataset_depth/000000000334-segment-10231929575853664160_1160_000_1180_000_with_camera_labels-140.png 392 768 43
big_dataset_depth/000000000334-segment-10231929575853664160_1160_000_1180_000_with_camera_labels-140.png 400 792 41
big_dataset_depth/000000000334-segment-10231929575853664160_1160_000_1180_000_with_camera_labels-140.png 408 768 43
big_dataset_depth/000000000334-segment-10231929575853664160_1160_000_1180_000_with_camera_labels-140.png 416 768 43
big_dataset_depth/000000000334-segment-10231929575853664160_1160_000_1180_000_with_camera_labels-140.png 432 752 48
big_dataset_depth/000000000334-segment-10231929575853664160_1160_000_1180_000_with_camera_labels-140.png 440 768 45
big_dataset_depth/000000000334-segment-10231929575853664160_1160_000_1180_000_with_camera_labels-140.png 448 752 50
big_dataset_depth/000000000334-segment-10231929575853664160_1160_000_1180_000_with_camera_labels-140.png 456 736 50
big_dataset_depth/000000000334-segment-10231929575853664160_1160_000_1180_000_with_camera_labels-140.png 472 736 52
big_dataset_depth/000000000334-segment-10231929575853664160_1160_000_1180_000_with_camera_labels-140.png 480 736 52
big_dataset_depth/000000000334-segment-10231929575853664160_1160_000_1180_000_with_camera_labels-140.png 488 648 76
big_dataset_depth/000000000334-segment-10231929575853664160_1160_000_1180_000_with_camera_labels-140.png 496 640 77
big_dataset_depth/000000000334-segment-10231929575853664160_1160_000_1180_000_with_camera_labels-140.png 504 680 67
big_dataset_depth/000000000334-segment-10231929575853664160_1160_000_1180_000_with_camera_labels-140.png 512 736 53
big_dataset_depth/000000000334-segment-10231929575853664160_1160_000_1180_000_with_camera_labels-140.png 520 736 54
big_dataset_depth/000000000334-segment-10231929575853664160_1160_000_1180_000_with_camera_labels-140.png 528 728 54
big_dataset_depth/000000000334-segment-10231929575853664160_1160_000_1180_000_with_camera_labels-140.png 544 712 60
big_dataset_depth/000000000334-segment-10231929575853664160_1160_000_1180_000_with_camera_labels-140.png 552 728 56
big_dataset_depth/000000000334-segment-10231929575853664160_1160_000_1180_000_with_camera_labels-140.png 560 720 60
big_dataset_depth/000000000334-segment-10231929575853664160_1160_000_1180_000_with_camera_labels-140.png 568 728 59
big_dataset_depth/000000000334-segment-10231929575853664160_1160_000_1180_000_with_camera_labels-140.png 576 720 59
big_dataset_depth/000000000334-segment-10231929575853664160_1160_000_1180_000_with_camera_labels-140.png 584 688 67
big_dataset_depth/000000000334-segment-10231929575853664160_1160_000_1180_000_with_camera_labels-140.png 592 712 66
big_dataset_depth/000000000334-segment-10231929575853664160_1160_000_1180_000_with_camera_labels-140.png 600 720 62
big_dataset_depth/000000000334-segment-10231929575853664160_1160_000_1180_000_with_camera_labels-140.png 608 704 64
big_dataset_depth/000000000334-segment-10231929575853664160_1160_000_1180_000_with_camera_labels-140.png 616 712 61
big_dataset_depth/000000000334-segment-10231929575853664160_1160_000_1180_000_with_camera_labels-140.png 624 696 67
big_dataset_depth/000000000334-segment-10231929575853664160_1160_000_1180_000_with_camera_labels-140.png 632 712 59
big_dataset_depth/000000000334-segment-10231929575853664160_1160_000_1180_000_with_camera_labels-140.png 640 712 59
big_dataset_depth/000000000334-segment-10231929575853664160_1160_000_1180_000_with_camera_labels-140.png 648 712 59
big_dataset_depth/000000000334-segment-10231929575853664160_1160_000_1180_000_with_camera_labels-140.png 656 736 58
big_dataset_depth/000000000334-segment-10231929575853664160_1160_000_1180_000_with_camera_labels-140.png 664 712 58
big_dataset_depth/000000000334-segment-10231929575853664160_1160_000_1180_000_with_camera_labels-140.png 672 736 58
big_dataset_depth/000000000334-segment-10231929575853664160_1160_000_1180_000_with_camera_labels-140.png 680 712 59
big_dataset_depth/000000000334-segment-10231929575853664160_1160_000_1180_000_with_camera_labels-140.png 688 712 59
big_dataset_depth/000000000334-segment-10231929575853664160_1160_000_1180_000_with_camera_labels-140.png 696 736 58
big_dataset_depth/000000000334-segment-10231929575853664160_1160_000_1180_000_with_camera_labels-140.png 704 712 59
big_dataset_depth/000000000334-segment-10231929575853664160_1160_000_1180_000_with_camera_labels-140.png 712 720 60
big_dataset_depth/000000000334-segment-10231929575853664160_1160_000_1180_000_with_camera_labels-140.png 720 688 63
big_dataset_depth/000000000334-segment-10231929575853664160_1160_000_1180_000_with_camera_labels-140.png 728 712 64
big_dataset_depth/000000000334-segment-10231929575853664160_1160_000_1180_000_with_camera_labels-140.png 736 712 67
big_dataset_depth/000000000334-segment-10231929575853664160_1160_000_1180_000_with_camera_labels-140.png 744 712 67
big_dataset_depth/000000000334-segment-10231929575853664160_1160_000_1180_000_with_camera_labels-140.png 752 696 71
big_dataset_depth/000000000334-segment-10231929575853664160_1160_000_1180_000_with_camera_labels-140.png 824 696 77
big_dataset_depth/000000000334-segment-10231929575853664160_1160_000_1180_000_with_camera_labels-140.png 832 696 77
big_dataset_depth/000000000334-segment-10231929575853664160_1160_000_1180_000_with_camera_labels-140.png 840 680 76
big_dataset_depth/000000000334-segment-10231929575853664160_1160_000_1180_000_with_camera_labels-140.png 848 680 76
big_dataset_depth/000000000334-segment-10231929575853664160_1160_000_1180_000_with_camera_labels-140.png 856 688 77
big_dataset_depth/000000000334-segment-10231929575853664160_1160_000_1180_000_with_camera_labels-140.png 864 688 77
big_dataset_depth/000000000334-segment-10231929575853664160_1160_000_1180_000_with_camera_labels-140.png 872 680 76
big_dataset_depth/000000000334-segment-10231929575853664160_1160_000_1180_000_with_camera_labels-140.png 880 688 77
big_dataset_depth/000000000334-segment-10231929575853664160_1160_000_1180_000_with_camera_labels-140.png 888 688 79
big_dataset_depth/000000000334-segment-10231929575853664160_1160_000_1180_000_with_camera_labels-140.png 904 688 64
big_dataset_depth/000000000334-segment-10231929575853664160_1160_000_1180_000_with_camera_labels-140.png 912 720 54
big_dataset_depth/000000000334-segment-10231929575853664160_1160_000_1180_000_with_camera_labels-140.png 920 760 43
big_dataset_depth/000000000334-segment-10231929575853664160_1160_000_1180_000_with_camera_labels-140.png 928 760 43
big_dataset_depth/000000000334-segment-10231929575853664160_1160_000_1180_000_with_camera_labels-140.png 936 744 42
big_dataset_depth/000000000334-segment-10231929575853664160_1160_000_1180_000_with_camera_labels-140.png 944 736 42
big_dataset_depth/000000000334-segment-10231929575853664160_1160_000_1180_000_with_camera_labels-140.png 952 736 42
big_dataset_depth/000000000334-segment-10231929575853664160_1160_000_1180_000_with_camera_labels-140.png 960 736 42
big_dataset_depth/000000000334-segment-10231929575853664160_1160_000_1180_000_with_camera_labels-140.png 968 736 42
big_dataset_depth/000000000334-segment-10231929575853664160_1160_000_1180_000_with_camera_labels-140.png 976 736 42
big_dataset_depth/000000000334-segment-10231929575853664160_1160_000_1180_000_with_camera_labels-140.png 984 736 42
big_dataset_depth/000000000334-segment-10231929575853664160_1160_000_1180_000_with_camera_labels-140.png 992 760 42
big_dataset_depth/000000000334-segment-10231929575853664160_1160_000_1180_000_with_camera_labels-140.png 1000 736 42
big_dataset_depth/000000000334-segment-10231929575853664160_1160_000_1180_000_with_camera_labels-140.png 1008 752 43
big_dataset_depth/000000000334-segment-10231929575853664160_1160_000_1180_000_with_camera_labels-140.png 1016 736 42
big_dataset_depth/000000000334-segment-10231929575853664160_1160_000_1180_000_with_camera_labels-140.png 1024 760 43
big_dataset_depth/000000000334-segment-10231929575853664160_1160_000_1180_000_with_camera_labels-140.png 1032 760 43
big_dataset_depth/000000000334-segment-10231929575853664160_1160_000_1180_000_with_camera_labels-140.png 1064 688 75
big_dataset_depth/000000000334-segment-10231929575853664160_1160_000_1180_000_with_camera_labels-140.png 1072 680 74
big_dataset_depth/000000000334-segment-10231929575853664160_1160_000_1180_000_with_camera_labels-140.png 1080 680 74
big_dataset_depth/000000000334-segment-10231929575853664160_1160_000_1180_000_with_camera_labels-140.png 1088 688 74
big_dataset_depth/000000000334-segment-10231929575853664160_1160_000_1180_000_with_camera_labels-140.png 1096 688 74
big_dataset_depth/000000000334-segment-10231929575853664160_1160_000_1180_000_with_camera_labels-140.png 1104 688 74
big_dataset_depth/000000000334-segment-10231929575853664160_1160_000_1180_000_with_camera_labels-140.png 1112 688 74
big_dataset_depth/000000000334-segment-10231929575853664160_1160_000_1180_000_with_camera_labels-140.png 1120 696 75
big_dataset_depth/000000000334-segment-10231929575853664160_1160_000_1180_000_with_camera_labels-140.png 1128 688 75
big_dataset_depth/000000000334-segment-10231929575853664160_1160_000_1180_000_with_camera_labels-140.png 1168 696 72
big_dataset_depth/000000000334-segment-10231929575853664160_1160_000_1180_000_with_camera_labels-140.png 1176 696 70
big_dataset_depth/000000000334-segment-10231929575853664160_1160_000_1180_000_with_camera_labels-140.png 1184 712 69
big_dataset_depth/000000000334-segment-10231929575853664160_1160_000_1180_000_with_camera_labels-140.png 1192 696 67
big_dataset_depth/000000000334-segment-10231929575853664160_1160_000_1180_000_with_camera_labels-140.png 1200 720 63
big_dataset_depth/000000000334-segment-10231929575853664160_1160_000_1180_000_with_camera_labels-140.png 1208 720 63
big_dataset_depth/000000000334-segment-10231929575853664160_1160_000_1180_000_with_camera_labels-140.png 1216 712 59
big_dataset_depth/000000000334-segment-10231929575853664160_1160_000_1180_000_with_camera_labels-140.png 1224 720 58
big_dataset_depth/000000000334-segment-10231929575853664160_1160_000_1180_000_with_camera_labels-140.png 1232 744 55
big_dataset_depth/000000000334-segment-10231929575853664160_1160_000_1180_000_with_camera_labels-140.png 1240 744 54
big_dataset_depth/000000000334-segment-10231929575853664160_1160_000_1180_000_with_camera_labels-140.png 1248 744 54
big_dataset_depth/000000000334-segment-10231929575853664160_1160_000_1180_000_with_camera_labels-140.png 1256 728 53
big_dataset_depth/000000000334-segment-10231929575853664160_1160_000_1180_000_with_camera_labels-140.png 1264 752 51
big_dataset_depth/000000000334-segment-10231929575853664160_1160_000_1180_000_with_camera_labels-140.png 1272 744 50
big_dataset_depth/000000000334-segment-10231929575853664160_1160_000_1180_000_with_camera_labels-140.png 1280 752 50
big_dataset_depth/000000000334-segment-10231929575853664160_1160_000_1180_000_with_camera_labels-140.png 1288 744 48
big_dataset_depth/000000000334-segment-10231929575853664160_1160_000_1180_000_with_camera_labels-140.png 1296 776 44
big_dataset_depth/000000000334-segment-10231929575853664160_1160_000_1180_000_with_camera_labels-140.png 1304 776 44
big_dataset_depth/000000000334-segment-10231929575853664160_1160_000_1180_000_with_camera_labels-140.png 1312 760 44
big_dataset_depth/000000000334-segment-10231929575853664160_1160_000_1180_000_with_camera_labels-140.png 1320 776 44
big_dataset_depth/000000000334-segment-10231929575853664160_1160_000_1180_000_with_camera_labels-140.png 1328 784 42
big_dataset_depth/000000000334-segment-10231929575853664160_1160_000_1180_000_with_camera_labels-140.png 1360 960 17
big_dataset_depth/000000000334-segment-10231929575853664160_1160_000_1180_000_with_camera_labels-140.png 1368 992 17
big_dataset_depth/000000000334-segment-10231929575853664160_1160_000_1180_000_with_camera_labels-140.png 1376 1072 16
big_dataset_depth/000000000334-segment-10231929575853664160_1160_000_1180_000_with_camera_labels-140.png 1384 1088 16
big_dataset_depth/000000000334-segment-10231929575853664160_1160_000_1180_000_with_camera_labels-140.png 1392 1088 16
big_dataset_depth/000000000334-segment-10231929575853664160_1160_000_1180_000_with_camera_labels-140.png 1400 1080 16
big_dataset_depth/000000000334-segment-10231929575853664160_1160_000_1180_000_with_camera_labels-140.png 1408 1088 16
big_dataset_depth/000000000334-segment-10231929575853664160_1160_000_1180_000_with_camera_labels-140.png 1416 1088 16
big_dataset_depth/000000000334-segment-10231929575853664160_1160_000_1180_000_with_camera_labels-140.png 1424 1080 16
big_dataset_depth/000000000334-segment-10231929575853664160_1160_000_1180_000_with_camera_labels-140.png 1432 1088 16
big_dataset_depth/000000000334-segment-10231929575853664160_1160_000_1180_000_with_camera_labels-140.png 1440 1088 16
big_dataset_depth/000000000334-segment-10231929575853664160_1160_000_1180_000_with_camera_labels-140.png 1448 1048 14
big_dataset_depth/000000000334-segment-10231929575853664160_1160_000_1180_000_with_camera_labels-140.png 1456 1072 14
big_dataset_depth/000000000334-segment-10231929575853664160_1160_000_1180_000_with_camera_labels-140.png 1464 1072 14
big_dataset_depth/000000000334-segment-10231929575853664160_1160_000_1180_000_with_camera_labels-140.png 1472 1072 14
big_dataset_depth/000000000334-segment-10231929575853664160_1160_000_1180_000_with_camera_labels-140.png 1480 1096 14
big_dataset_depth/000000000334-segment-10231929575853664160_1160_000_1180_000_with_camera_labels-140.png 1488 1096 14
big_dataset_depth/000000000334-segment-10231929575853664160_1160_000_1180_000_with_camera_labels-140.png 1496 1096 13
big_dataset_depth/000000000334-segment-10231929575853664160_1160_000_1180_000_with_camera_labels-140.png 1504 1112 13
big_dataset_depth/000000000334-segment-10231929575853664160_1160_000_1180_000_with_camera_labels-140.png 1512 1104 13
big_dataset_depth/000000000334-segment-10231929575853664160_1160_000_1180_000_with_camera_labels-140.png 1520 1112 13
big_dataset_depth/000000000334-segment-10231929575853664160_1160_000_1180_000_with_camera_labels-140.png 1528 1112 13
big_dataset_depth/000000000334-segment-10231929575853664160_1160_000_1180_000_with_camera_labels-140.png 1536 1128 12
big_dataset_depth/000000000334-segment-10231929575853664160_1160_000_1180_000_with_camera_labels-140.png 1544 1136 12
big_dataset_depth/000000000334-segment-10231929575853664160_1160_000_1180_000_with_camera_labels-140.png 1552 1120 12
big_dataset_depth/000000000334-segment-10231929575853664160_1160_000_1180_000_with_camera_labels-140.png 1560 1160 12
big_dataset_depth/000000000334-segment-10231929575853664160_1160_000_1180_000_with_camera_labels-140.png 1568 1232 12
big_dataset_depth/000000000334-segment-10231929575853664160_1160_000_1180_000_with_camera_labels-140.png 1576 1160 12
big_dataset_depth/000000000334-segment-10231929575853664160_1160_000_1180_000_with_camera_labels-140.png 1584 1256 12
big_dataset_depth/000000000334-segment-10231929575853664160_1160_000_1180_000_with_camera_labels-140.png 1592 1256 12
big_dataset_depth/000000000334-segment-10231929575853664160_1160_000_1180_000_with_camera_labels-140.png 1600 1256 12
big_dataset_depth/000000000334-segment-10231929575853664160_1160_000_1180_000_with_camera_labels-140.png 1608 1256 11
big_dataset_depth/000000000334-segment-10231929575853664160_1160_000_1180_000_with_camera_labels-140.png 1616 1232 11
big_dataset_depth/000000000334-segment-10231929575853664160_1160_000_1180_000_with_camera_labels-140.png 1624 1256 11
big_dataset_depth/000000000334-segment-10231929575853664160_1160_000_1180_000_with_camera_labels-140.png 1632 1264 11
big_dataset_depth/000000000334-segment-10231929575853664160_1160_000_1180_000_with_camera_labels-140.png 1640 1264 11
big_dataset_depth/000000000334-segment-10231929575853664160_1160_000_1180_000_with_camera_labels-140.png 1648 1264 11
big_dataset_depth/000000000334-segment-10231929575853664160_1160_000_1180_000_with_camera_labels-140.png 1656 1264 11
big_dataset_depth/000000000334-segment-10231929575853664160_1160_000_1180_000_with_camera_labels-140.png 1664 1264 11
big_dataset_depth/000000000334-segment-10231929575853664160_1160_000_1180_000_with_camera_labels-140.png 1680 1240 11
big_dataset_depth/000000000334-segment-10231929575853664160_1160_000_1180_000_with_camera_labels-140.png 1688 1240 11
big_dataset_depth/000000000334-segment-10231929575853664160_1160_000_1180_000_with_camera_labels-140.png 1704 1264 10
big_dataset_depth/000000000334-segment-10231929575853664160_1160_000_1180_000_with_camera_labels-140.png 1712 1264 10
big_dataset_depth/000000000334-segment-10231929575853664160_1160_000_1180_000_with_camera_labels-140.png 1720 1264 10
big_dataset_depth/000000000334-segment-10231929575853664160_1160_000_1180_000_with_camera_labels-140.png 1728 1272 10
big_dataset_depth/000000000334-segment-10231929575853664160_1160_000_1180_000_with_camera_labels-140.png 1736 1272 10
big_dataset_depth/000000000334-segment-10231929575853664160_1160_000_1180_000_with_camera_labels-140.png 1744 1056 22
big_dataset_depth/000000000334-segment-10231929575853664160_1160_000_1180_000_with_camera_labels-140.png 1752 952 27
big_dataset_depth/000000000334-segment-10231929575853664160_1160_000_1180_000_with_camera_labels-140.png 1760 1272 10
big_dataset_depth/000000000334-segment-10231929575853664160_1160_000_1180_000_with_camera_labels-140.png 1768 952 27
big_dataset_depth/000000000334-segment-10231929575853664160_1160_000_1180_000_with_camera_labels-140.png 1776 1032 20
big_dataset_depth/000000000334-segment-10231929575853664160_1160_000_1180_000_with_camera_labels-140.png 1784 848 32
big_dataset_depth/000000000334-segment-10231929575853664160_1160_000_1180_000_with_camera_labels-140.png 1792 1272 10
big_dataset_depth/000000000334-segment-10231929575853664160_1160_000_1180_000_with_camera_labels-140.png 1800 1056 21
big_dataset_depth/000000000334-segment-10231929575853664160_1160_000_1180_000_with_camera_labels-140.png 1808 1048 21
big_dataset_depth/000000000334-segment-10231929575853664160_1160_000_1180_000_with_camera_labels-140.png 1816 1064 21
big_dataset_depth/000000000334-segment-10231929575853664160_1160_000_1180_000_with_camera_labels-140.png 1824 1280 10
big_dataset_depth/000000000334-segment-10231929575853664160_1160_000_1180_000_with_camera_labels-140.png 1832 1280 10
big_dataset_depth/000000000334-segment-10231929575853664160_1160_000_1180_000_with_camera_labels-140.png 1840 1064 20
big_dataset_depth/000000000334-segment-10231929575853664160_1160_000_1180_000_with_camera_labels-140.png 1848 920 23
big_dataset_depth/000000000334-segment-10231929575853664160_1160_000_1180_000_with_camera_labels-140.png 1856 952 25
big_dataset_depth/000000000334-segment-10231929575853664160_1160_000_1180_000_with_camera_labels-140.png 1864 1264 10
big_dataset_depth/000000000334-segment-10231929575853664160_1160_000_1180_000_with_camera_labels-140.png 1872 1256 10
big_dataset_depth/000000000334-segment-10231929575853664160_1160_000_1180_000_with_camera_labels-140.png 1880 840 30
big_dataset_depth/000000000334-segment-10231929575853664160_1160_000_1180_000_with_camera_labels-140.png 1888 1256 10
big_dataset_depth/000000000334-segment-10231929575853664160_1160_000_1180_000_with_camera_labels-140.png 1896 1256 10
big_dataset_depth/000000000334-segment-10231929575853664160_1160_000_1180_000_with_camera_labels-140.png 1904 840 29
big_dataset_depth/000000000334-segment-10231929575853664160_1160_000_1180_000_with_camera_labels-140.png 1912 1048 19
