big_dataset_depth/000000000977-segment-10940952441434390507_1888_710_1908_710_with_camera_labels-170.png 0 752 83
big_dataset_depth/000000000977-segment-10940952441434390507_1888_710_1908_710_with_camera_labels-170.png 8 736 83
big_dataset_depth/000000000977-segment-10940952441434390507_1888_710_1908_710_with_camera_labels-170.png 16 720 90
big_dataset_depth/000000000977-segment-10940952441434390507_1888_710_1908_710_with_camera_labels-170.png 24 744 85
big_dataset_depth/000000000977-segment-10940952441434390507_1888_710_1908_710_with_camera_labels-170.png 32 736 87
big_dataset_depth/000000000977-segment-10940952441434390507_1888_710_1908_710_with_camera_labels-170.png 40 936 18
big_dataset_depth/000000000977-segment-10940952441434390507_1888_710_1908_710_with_camera_labels-170.png 48 808 63
big_dataset_depth/000000000977-segment-10940952441434390507_1888_710_1908_710_with_camera_labels-170.png 56 936 18
big_dataset_depth/000000000977-segment-10940952441434390507_1888_710_1908_710_with_camera_labels-170.png 64 936 18
big_dataset_depth/000000000977-segment-10940952441434390507_1888_710_1908_710_with_camera_labels-170.png 72 840 53
big_dataset_depth/000000000977-segment-10940952441434390507_1888_710_1908_710_with_camera_labels-170.png 80 824 56
big_dataset_depth/000000000977-segment-10940952441434390507_1888_710_1908_710_with_camera_labels-170.png 88 864 43
big_dataset_depth/000000000977-segment-10940952441434390507_1888_710_1908_710_with_camera_labels-170.png 96 848 53
big_dataset_depth/000000000977-segment-10940952441434390507_1888_710_1908_710_with_camera_labels-170.png 104 944 18
big_dataset_depth/000000000977-segment-10940952441434390507_1888_710_1908_710_with_camera_labels-170.png 112 792 76
big_dataset_depth/000000000977-segment-10940952441434390507_1888_710_1908_710_with_camera_labels-170.png 120 944 18
big_dataset_depth/000000000977-segment-10940952441434390507_1888_710_1908_710_with_camera_labels-170.png 128 968 18
big_dataset_depth/000000000977-segment-10940952441434390507_1888_710_1908_710_with_camera_labels-170.png 136 832 72
big_dataset_depth/000000000977-segment-10940952441434390507_1888_710_1908_710_with_camera_labels-170.png 144 1048 18
big_dataset_depth/000000000977-segment-10940952441434390507_1888_710_1908_710_with_camera_labels-170.png 152 936 46
big_dataset_depth/000000000977-segment-10940952441434390507_1888_710_1908_710_with_camera_labels-170.png 160 952 45
big_dataset_depth/000000000977-segment-10940952441434390507_1888_710_1908_710_with_camera_labels-170.png 168 1056 18
big_dataset_depth/000000000977-segment-10940952441434390507_1888_710_1908_710_with_camera_labels-170.png 176 1048 18
big_dataset_depth/000000000977-segment-10940952441434390507_1888_710_1908_710_with_camera_labels-170.png 184 1048 18
big_dataset_depth/000000000977-segment-10940952441434390507_1888_710_1908_710_with_camera_labels-170.png 192 1056 18
big_dataset_depth/000000000977-segment-10940952441434390507_1888_710_1908_710_with_camera_labels-170.png 200 1048 18
big_dataset_depth/000000000977-segment-10940952441434390507_1888_710_1908_710_with_camera_labels-170.png 208 1048 18
big_dataset_depth/000000000977-segment-10940952441434390507_1888_710_1908_710_with_camera_labels-170.png 216 1048 18
big_dataset_depth/000000000977-segment-10940952441434390507_1888_710_1908_710_with_camera_labels-170.png 224 1048 18
big_dataset_depth/000000000977-segment-10940952441434390507_1888_710_1908_710_with_camera_labels-170.png 232 976 18
big_dataset_depth/000000000977-segment-10940952441434390507_1888_710_1908_710_with_camera_labels-170.png 240 976 18
big_dataset_depth/000000000977-segment-10940952441434390507_1888_710_1908_710_with_camera_labels-170.png 248 976 18
big_dataset_depth/000000000977-segment-10940952441434390507_1888_710_1908_710_with_camera_labels-170.png 256 1048 17
big_dataset_depth/000000000977-segment-10940952441434390507_1888_710_1908_710_with_camera_labels-170.png 264 960 18
big_dataset_depth/000000000977-segment-10940952441434390507_1888_710_1908_710_with_camera_labels-170.png 272 1112 16
big_dataset_depth/000000000977-segment-10940952441434390507_1888_710_1908_710_with_camera_labels-170.png 280 1152 15
big_dataset_depth/000000000977-segment-10940952441434390507_1888_710_1908_710_with_camera_labels-170.png 288 1112 16
big_dataset_depth/000000000977-segment-10940952441434390507_1888_710_1908_710_with_camera_labels-170.png 296 1264 14
big_dataset_depth/000000000977-segment-10940952441434390507_1888_710_1908_710_with_camera_labels-170.png 304 1152 15
big_dataset_depth/000000000977-segment-10940952441434390507_1888_710_1908_710_with_camera_labels-170.png 320 1240 14
big_dataset_depth/000000000977-segment-10940952441434390507_1888_710_1908_710_with_camera_labels-170.png 328 1232 14
big_dataset_depth/000000000977-segment-10940952441434390507_1888_710_1908_710_with_camera_labels-170.png 336 1232 14
big_dataset_depth/000000000977-segment-10940952441434390507_1888_710_1908_710_with_camera_labels-170.png 344 1232 14
big_dataset_depth/000000000977-segment-10940952441434390507_1888_710_1908_710_with_camera_labels-170.png 368 1208 15
big_dataset_depth/000000000977-segment-10940952441434390507_1888_710_1908_710_with_camera_labels-170.png 376 1200 15
big_dataset_depth/000000000977-segment-10940952441434390507_1888_710_1908_710_with_camera_labels-170.png 384 1184 15
big_dataset_depth/000000000977-segment-10940952441434390507_1888_710_1908_710_with_camera_labels-170.png 392 1184 15
big_dataset_depth/000000000977-segment-10940952441434390507_1888_710_1908_710_with_camera_labels-170.png 400 1184 15
big_dataset_depth/000000000977-segment-10940952441434390507_1888_710_1908_710_with_camera_labels-170.png 408 1184 15
big_dataset_depth/000000000977-segment-10940952441434390507_1888_710_1908_710_with_camera_labels-170.png 416 1184 15
big_dataset_depth/000000000977-segment-10940952441434390507_1888_710_1908_710_with_camera_labels-170.png 424 1184 15
big_dataset_depth/000000000977-segment-10940952441434390507_1888_710_1908_710_with_camera_labels-170.png 432 840 32
big_dataset_depth/000000000977-segment-10940952441434390507_1888_710_1908_710_with_camera_labels-170.png 440 1136 16
big_dataset_depth/000000000977-segment-10940952441434390507_1888_710_1908_710_with_camera_labels-170.png 448 1136 16
big_dataset_depth/000000000977-segment-10940952441434390507_1888_710_1908_710_with_camera_labels-170.png 456 1136 16
big_dataset_depth/000000000977-segment-10940952441434390507_1888_710_1908_710_with_camera_labels-170.png 464 1136 16
big_dataset_depth/000000000977-segment-10940952441434390507_1888_710_1908_710_with_camera_labels-170.png 472 1136 16
big_dataset_depth/000000000977-segment-10940952441434390507_1888_710_1908_710_with_camera_labels-170.png 480 864 30
big_dataset_depth/000000000977-segment-10940952441434390507_1888_710_1908_710_with_camera_labels-170.png 488 1112 17
big_dataset_depth/000000000977-segment-10940952441434390507_1888_710_1908_710_with_camera_labels-170.png 504 864 30
big_dataset_depth/000000000977-segment-10940952441434390507_1888_710_1908_710_with_camera_labels-170.png 512 1088 18
big_dataset_depth/000000000977-segment-10940952441434390507_1888_710_1908_710_with_camera_labels-170.png 520 864 30
big_dataset_depth/000000000977-segment-10940952441434390507_1888_710_1908_710_with_camera_labels-170.png 528 856 30
big_dataset_depth/000000000977-segment-10940952441434390507_1888_710_1908_710_with_camera_labels-170.png 536 1072 18
big_dataset_depth/000000000977-segment-10940952441434390507_1888_710_1908_710_with_camera_labels-170.png 544 864 30
big_dataset_depth/000000000977-segment-10940952441434390507_1888_710_1908_710_with_camera_labels-170.png 552 1072 18
big_dataset_depth/000000000977-segment-10940952441434390507_1888_710_1908_710_with_camera_labels-170.png 560 1056 19
big_dataset_depth/000000000977-segment-10940952441434390507_1888_710_1908_710_with_camera_labels-170.png 576 832 34
big_dataset_depth/000000000977-segment-10940952441434390507_1888_710_1908_710_with_camera_labels-170.png 584 840 33
big_dataset_depth/000000000977-segment-10940952441434390507_1888_710_1908_710_with_camera_labels-170.png 600 832 34
big_dataset_depth/000000000977-segment-10940952441434390507_1888_710_1908_710_with_camera_labels-170.png 608 832 34
big_dataset_depth/000000000977-segment-10940952441434390507_1888_710_1908_710_with_camera_labels-170.png 616 832 34
big_dataset_depth/000000000977-segment-10940952441434390507_1888_710_1908_710_with_camera_labels-170.png 624 904 32
big_dataset_depth/000000000977-segment-10940952441434390507_1888_710_1908_710_with_camera_labels-170.png 632 920 27
big_dataset_depth/000000000977-segment-10940952441434390507_1888_710_1908_710_with_camera_labels-170.png 640 1008 21
big_dataset_depth/000000000977-segment-10940952441434390507_1888_710_1908_710_with_camera_labels-170.png 648 992 22
big_dataset_depth/000000000977-segment-10940952441434390507_1888_710_1908_710_with_camera_labels-170.png 656 992 22
big_dataset_depth/000000000977-segment-10940952441434390507_1888_710_1908_710_with_camera_labels-170.png 664 792 44
big_dataset_depth/000000000977-segment-10940952441434390507_1888_710_1908_710_with_camera_labels-170.png 672 976 23
big_dataset_depth/000000000977-segment-10940952441434390507_1888_710_1908_710_with_camera_labels-170.png 680 856 47
big_dataset_depth/000000000977-segment-10940952441434390507_1888_710_1908_710_with_camera_labels-170.png 688 736 71
big_dataset_depth/000000000977-segment-10940952441434390507_1888_710_1908_710_with_camera_labels-170.png 696 960 24
big_dataset_depth/000000000977-segment-10940952441434390507_1888_710_1908_710_with_camera_labels-170.png 704 960 24
big_dataset_depth/000000000977-segment-10940952441434390507_1888_710_1908_710_with_camera_labels-170.png 712 944 25
big_dataset_depth/000000000977-segment-10940952441434390507_1888_710_1908_710_with_camera_labels-170.png 720 736 72
big_dataset_depth/000000000977-segment-10940952441434390507_1888_710_1908_710_with_camera_labels-170.png 736 712 54
big_dataset_depth/000000000977-segment-10940952441434390507_1888_710_1908_710_with_camera_labels-170.png 744 928 27
big_dataset_depth/000000000977-segment-10940952441434390507_1888_710_1908_710_with_camera_labels-170.png 760 736 70
big_dataset_depth/000000000977-segment-10940952441434390507_1888_710_1908_710_with_camera_labels-170.png 768 712 87
big_dataset_depth/000000000977-segment-10940952441434390507_1888_710_1908_710_with_camera_labels-170.png 776 728 84
big_dataset_depth/000000000977-segment-10940952441434390507_1888_710_1908_710_with_camera_labels-170.png 784 728 84
big_dataset_depth/000000000977-segment-10940952441434390507_1888_710_1908_710_with_camera_labels-170.png 792 584 69
big_dataset_depth/000000000977-segment-10940952441434390507_1888_710_1908_710_with_camera_labels-170.png 800 584 69
big_dataset_depth/000000000977-segment-10940952441434390507_1888_710_1908_710_with_camera_labels-170.png 808 584 69
big_dataset_depth/000000000977-segment-10940952441434390507_1888_710_1908_710_with_camera_labels-170.png 816 656 79
big_dataset_depth/000000000977-segment-10940952441434390507_1888_710_1908_710_with_camera_labels-170.png 824 584 68
big_dataset_depth/000000000977-segment-10940952441434390507_1888_710_1908_710_with_camera_labels-170.png 840 600 69
big_dataset_depth/000000000977-segment-10940952441434390507_1888_710_1908_710_with_camera_labels-170.png 848 592 69
big_dataset_depth/000000000977-segment-10940952441434390507_1888_710_1908_710_with_camera_labels-170.png 856 584 69
big_dataset_depth/000000000977-segment-10940952441434390507_1888_710_1908_710_with_camera_labels-170.png 864 752 65
big_dataset_depth/000000000977-segment-10940952441434390507_1888_710_1908_710_with_camera_labels-170.png 880 728 86
big_dataset_depth/000000000977-segment-10940952441434390507_1888_710_1908_710_with_camera_labels-170.png 888 712 101
big_dataset_depth/000000000977-segment-10940952441434390507_1888_710_1908_710_with_camera_labels-170.png 896 712 101
big_dataset_depth/000000000977-segment-10940952441434390507_1888_710_1908_710_with_camera_labels-170.png 904 712 102
big_dataset_depth/000000000977-segment-10940952441434390507_1888_710_1908_710_with_camera_labels-170.png 912 712 102
big_dataset_depth/000000000977-segment-10940952441434390507_1888_710_1908_710_with_camera_labels-170.png 960 768 58
big_dataset_depth/000000000977-segment-10940952441434390507_1888_710_1908_710_with_camera_labels-170.png 968 768 57
big_dataset_depth/000000000977-segment-10940952441434390507_1888_710_1908_710_with_camera_labels-170.png 976 760 57
big_dataset_depth/000000000977-segment-10940952441434390507_1888_710_1908_710_with_camera_labels-170.png 984 776 57
big_dataset_depth/000000000977-segment-10940952441434390507_1888_710_1908_710_with_camera_labels-170.png 992 776 57
big_dataset_depth/000000000977-segment-10940952441434390507_1888_710_1908_710_with_camera_labels-170.png 1008 768 57
big_dataset_depth/000000000977-segment-10940952441434390507_1888_710_1908_710_with_camera_labels-170.png 1016 760 57
big_dataset_depth/000000000977-segment-10940952441434390507_1888_710_1908_710_with_camera_labels-170.png 1024 768 57
big_dataset_depth/000000000977-segment-10940952441434390507_1888_710_1908_710_with_camera_labels-170.png 1032 776 57
big_dataset_depth/000000000977-segment-10940952441434390507_1888_710_1908_710_with_camera_labels-170.png 1048 776 57
big_dataset_depth/000000000977-segment-10940952441434390507_1888_710_1908_710_with_camera_labels-170.png 1056 768 57
big_dataset_depth/000000000977-segment-10940952441434390507_1888_710_1908_710_with_camera_labels-170.png 1120 824 44
big_dataset_depth/000000000977-segment-10940952441434390507_1888_710_1908_710_with_camera_labels-170.png 1384 712 100
big_dataset_depth/000000000977-segment-10940952441434390507_1888_710_1908_710_with_camera_labels-170.png 1392 712 100
big_dataset_depth/000000000977-segment-10940952441434390507_1888_710_1908_710_with_camera_labels-170.png 1400 688 105
big_dataset_depth/000000000977-segment-10940952441434390507_1888_710_1908_710_with_camera_labels-170.png 1408 720 86
big_dataset_depth/000000000977-segment-10940952441434390507_1888_710_1908_710_with_camera_labels-170.png 1416 768 67
big_dataset_depth/000000000977-segment-10940952441434390507_1888_710_1908_710_with_camera_labels-170.png 1424 720 86
big_dataset_depth/000000000977-segment-10940952441434390507_1888_710_1908_710_with_camera_labels-170.png 1432 696 91
big_dataset_depth/000000000977-segment-10940952441434390507_1888_710_1908_710_with_camera_labels-170.png 1440 720 86
big_dataset_depth/000000000977-segment-10940952441434390507_1888_710_1908_710_with_camera_labels-170.png 1448 736 76
big_dataset_depth/000000000977-segment-10940952441434390507_1888_710_1908_710_with_camera_labels-170.png 1456 728 78
big_dataset_depth/000000000977-segment-10940952441434390507_1888_710_1908_710_with_camera_labels-170.png 1464 736 72
big_dataset_depth/000000000977-segment-10940952441434390507_1888_710_1908_710_with_camera_labels-170.png 1472 720 82
big_dataset_depth/000000000977-segment-10940952441434390507_1888_710_1908_710_with_camera_labels-170.png 1480 728 84
big_dataset_depth/000000000977-segment-10940952441434390507_1888_710_1908_710_with_camera_labels-170.png 1488 720 83
big_dataset_depth/000000000977-segment-10940952441434390507_1888_710_1908_710_with_camera_labels-170.png 1496 720 82
big_dataset_depth/000000000977-segment-10940952441434390507_1888_710_1908_710_with_camera_labels-170.png 1504 728 80
big_dataset_depth/000000000977-segment-10940952441434390507_1888_710_1908_710_with_camera_labels-170.png 1512 728 78
big_dataset_depth/000000000977-segment-10940952441434390507_1888_710_1908_710_with_camera_labels-170.png 1520 720 78
big_dataset_depth/000000000977-segment-10940952441434390507_1888_710_1908_710_with_camera_labels-170.png 1528 728 76
big_dataset_depth/000000000977-segment-10940952441434390507_1888_710_1908_710_with_camera_labels-170.png 1536 720 76
big_dataset_depth/000000000977-segment-10940952441434390507_1888_710_1908_710_with_camera_labels-170.png 1544 720 74
big_dataset_depth/000000000977-segment-10940952441434390507_1888_710_1908_710_with_camera_labels-170.png 1552 728 73
big_dataset_depth/000000000977-segment-10940952441434390507_1888_710_1908_710_with_camera_labels-170.png 1560 736 71
big_dataset_depth/000000000977-segment-10940952441434390507_1888_710_1908_710_with_camera_labels-170.png 1576 768 57
big_dataset_depth/000000000977-segment-10940952441434390507_1888_710_1908_710_with_camera_labels-170.png 1584 760 56
big_dataset_depth/000000000977-segment-10940952441434390507_1888_710_1908_710_with_camera_labels-170.png 1592 768 56
big_dataset_depth/000000000977-segment-10940952441434390507_1888_710_1908_710_with_camera_labels-170.png 1600 744 61
big_dataset_depth/000000000977-segment-10940952441434390507_1888_710_1908_710_with_camera_labels-170.png 1608 768 56
big_dataset_depth/000000000977-segment-10940952441434390507_1888_710_1908_710_with_camera_labels-170.png 1616 744 59
big_dataset_depth/000000000977-segment-10940952441434390507_1888_710_1908_710_with_camera_labels-170.png 1624 760 56
big_dataset_depth/000000000977-segment-10940952441434390507_1888_710_1908_710_with_camera_labels-170.png 1632 744 59
big_dataset_depth/000000000977-segment-10940952441434390507_1888_710_1908_710_with_camera_labels-170.png 1640 752 59
big_dataset_depth/000000000977-segment-10940952441434390507_1888_710_1908_710_with_camera_labels-170.png 1648 744 61
big_dataset_depth/000000000977-segment-10940952441434390507_1888_710_1908_710_with_camera_labels-170.png 1656 744 61
big_dataset_depth/000000000977-segment-10940952441434390507_1888_710_1908_710_with_camera_labels-170.png 1664 744 60
big_dataset_depth/000000000977-segment-10940952441434390507_1888_710_1908_710_with_camera_labels-170.png 1672 760 59
big_dataset_depth/000000000977-segment-10940952441434390507_1888_710_1908_710_with_camera_labels-170.png 1680 760 58
big_dataset_depth/000000000977-segment-10940952441434390507_1888_710_1908_710_with_camera_labels-170.png 1688 752 58
big_dataset_depth/000000000977-segment-10940952441434390507_1888_710_1908_710_with_camera_labels-170.png 1696 760 57
big_dataset_depth/000000000977-segment-10940952441434390507_1888_710_1908_710_with_camera_labels-170.png 1704 752 56
big_dataset_depth/000000000977-segment-10940952441434390507_1888_710_1908_710_with_camera_labels-170.png 1712 760 56
big_dataset_depth/000000000977-segment-10940952441434390507_1888_710_1908_710_with_camera_labels-170.png 1720 760 55
big_dataset_depth/000000000977-segment-10940952441434390507_1888_710_1908_710_with_camera_labels-170.png 1728 752 55
big_dataset_depth/000000000977-segment-10940952441434390507_1888_710_1908_710_with_camera_labels-170.png 1736 760 54
big_dataset_depth/000000000977-segment-10940952441434390507_1888_710_1908_710_with_camera_labels-170.png 1744 760 54
big_dataset_depth/000000000977-segment-10940952441434390507_1888_710_1908_710_with_camera_labels-170.png 1752 768 53
big_dataset_depth/000000000977-segment-10940952441434390507_1888_710_1908_710_with_camera_labels-170.png 1760 760 53
big_dataset_depth/000000000977-segment-10940952441434390507_1888_710_1908_710_with_camera_labels-170.png 1768 768 52
big_dataset_depth/000000000977-segment-10940952441434390507_1888_710_1908_710_with_camera_labels-170.png 1792 768 50
big_dataset_depth/000000000977-segment-10940952441434390507_1888_710_1908_710_with_camera_labels-170.png 1800 880 37
big_dataset_depth/000000000977-segment-10940952441434390507_1888_710_1908_710_with_camera_labels-170.png 1808 992 24
big_dataset_depth/000000000977-segment-10940952441434390507_1888_710_1908_710_with_camera_labels-170.png 1816 888 36
big_dataset_depth/000000000977-segment-10940952441434390507_1888_710_1908_710_with_camera_labels-170.png 1824 992 24
big_dataset_depth/000000000977-segment-10940952441434390507_1888_710_1908_710_with_camera_labels-170.png 1832 768 48
big_dataset_depth/000000000977-segment-10940952441434390507_1888_710_1908_710_with_camera_labels-170.png 1840 768 48
big_dataset_depth/000000000977-segment-10940952441434390507_1888_710_1908_710_with_camera_labels-170.png 1848 1008 23
big_dataset_depth/000000000977-segment-10940952441434390507_1888_710_1908_710_with_camera_labels-170.png 1872 1008 23
big_dataset_depth/000000000977-segment-10940952441434390507_1888_710_1908_710_with_camera_labels-170.png 1880 792 45
big_dataset_depth/000000000977-segment-10940952441434390507_1888_710_1908_710_with_camera_labels-170.png 1888 848 40
big_dataset_depth/000000000977-segment-10940952441434390507_1888_710_1908_710_with_camera_labels-170.png 1896 1024 22
big_dataset_depth/000000000977-segment-10940952441434390507_1888_710_1908_710_with_camera_labels-170.png 1904 952 30
big_dataset_depth/000000000977-segment-10940952441434390507_1888_710_1908_710_with_camera_labels-170.png 1912 912 34
