big_dataset_depth/000000002204-segment-12304907743194762419_1522_000_1542_000_with_camera_labels-70.png 0 928 49
big_dataset_depth/000000002204-segment-12304907743194762419_1522_000_1542_000_with_camera_labels-70.png 8 928 36
big_dataset_depth/000000002204-segment-12304907743194762419_1522_000_1542_000_with_camera_labels-70.png 16 1000 27
big_dataset_depth/000000002204-segment-12304907743194762419_1522_000_1542_000_with_camera_labels-70.png 24 952 34
big_dataset_depth/000000002204-segment-12304907743194762419_1522_000_1542_000_with_camera_labels-70.png 32 1032 27
big_dataset_depth/000000002204-segment-12304907743194762419_1522_000_1542_000_with_camera_labels-70.png 40 1136 15
big_dataset_depth/000000002204-segment-12304907743194762419_1522_000_1542_000_with_camera_labels-70.png 48 744 58
big_dataset_depth/000000002204-segment-12304907743194762419_1522_000_1542_000_with_camera_labels-70.png 56 1040 26
big_dataset_depth/000000002204-segment-12304907743194762419_1522_000_1542_000_with_camera_labels-70.png 64 968 36
big_dataset_depth/000000002204-segment-12304907743194762419_1522_000_1542_000_with_camera_labels-70.png 72 1128 15
big_dataset_depth/000000002204-segment-12304907743194762419_1522_000_1542_000_with_camera_labels-70.png 80 992 46
big_dataset_depth/000000002204-segment-12304907743194762419_1522_000_1542_000_with_camera_labels-70.png 88 1128 16
big_dataset_depth/000000002204-segment-12304907743194762419_1522_000_1542_000_with_camera_labels-70.png 96 872 59
big_dataset_depth/000000002204-segment-12304907743194762419_1522_000_1542_000_with_camera_labels-70.png 104 1120 15
big_dataset_depth/000000002204-segment-12304907743194762419_1522_000_1542_000_with_camera_labels-70.png 112 1104 15
big_dataset_depth/000000002204-segment-12304907743194762419_1522_000_1542_000_with_camera_labels-70.png 120 1128 16
big_dataset_depth/000000002204-segment-12304907743194762419_1522_000_1542_000_with_camera_labels-70.png 128 1104 15
big_dataset_depth/000000002204-segment-12304907743194762419_1522_000_1542_000_with_camera_labels-70.png 136 1104 15
big_dataset_depth/000000002204-segment-12304907743194762419_1522_000_1542_000_with_camera_labels-70.png 144 1168 15
big_dataset_depth/000000002204-segment-12304907743194762419_1522_000_1542_000_with_camera_labels-70.png 152 1144 15
big_dataset_depth/000000002204-segment-12304907743194762419_1522_000_1542_000_with_camera_labels-70.png 160 1160 16
big_dataset_depth/000000002204-segment-12304907743194762419_1522_000_1542_000_with_camera_labels-70.png 168 1168 15
big_dataset_depth/000000002204-segment-12304907743194762419_1522_000_1542_000_with_camera_labels-70.png 176 1144 16
big_dataset_depth/000000002204-segment-12304907743194762419_1522_000_1542_000_with_camera_labels-70.png 184 1168 16
big_dataset_depth/000000002204-segment-12304907743194762419_1522_000_1542_000_with_camera_labels-70.png 192 1144 16
big_dataset_depth/000000002204-segment-12304907743194762419_1522_000_1542_000_with_camera_labels-70.png 200 1144 16
big_dataset_depth/000000002204-segment-12304907743194762419_1522_000_1542_000_with_camera_labels-70.png 208 1104 16
big_dataset_depth/000000002204-segment-12304907743194762419_1522_000_1542_000_with_camera_labels-70.png 216 1080 16
big_dataset_depth/000000002204-segment-12304907743194762419_1522_000_1542_000_with_camera_labels-70.png 224 1080 17
big_dataset_depth/000000002204-segment-12304907743194762419_1522_000_1542_000_with_camera_labels-70.png 232 1064 17
big_dataset_depth/000000002204-segment-12304907743194762419_1522_000_1542_000_with_camera_labels-70.png 240 1096 17
big_dataset_depth/000000002204-segment-12304907743194762419_1522_000_1542_000_with_camera_labels-70.png 248 1048 17
big_dataset_depth/000000002204-segment-12304907743194762419_1522_000_1542_000_with_camera_labels-70.png 256 1048 17
big_dataset_depth/000000002204-segment-12304907743194762419_1522_000_1542_000_with_camera_labels-70.png 272 1056 18
big_dataset_depth/000000002204-segment-12304907743194762419_1522_000_1542_000_with_camera_labels-70.png 280 1040 18
big_dataset_depth/000000002204-segment-12304907743194762419_1522_000_1542_000_with_camera_labels-70.png 288 1056 18
big_dataset_depth/000000002204-segment-12304907743194762419_1522_000_1542_000_with_camera_labels-70.png 296 1016 18
big_dataset_depth/000000002204-segment-12304907743194762419_1522_000_1542_000_with_camera_labels-70.png 304 1016 18
big_dataset_depth/000000002204-segment-12304907743194762419_1522_000_1542_000_with_camera_labels-70.png 312 1016 18
big_dataset_depth/000000002204-segment-12304907743194762419_1522_000_1542_000_with_camera_labels-70.png 320 1048 19
big_dataset_depth/000000002204-segment-12304907743194762419_1522_000_1542_000_with_camera_labels-70.png 328 1056 19
big_dataset_depth/000000002204-segment-12304907743194762419_1522_000_1542_000_with_camera_labels-70.png 336 1040 19
big_dataset_depth/000000002204-segment-12304907743194762419_1522_000_1542_000_with_camera_labels-70.png 344 1040 19
big_dataset_depth/000000002204-segment-12304907743194762419_1522_000_1542_000_with_camera_labels-70.png 352 1040 20
big_dataset_depth/000000002204-segment-12304907743194762419_1522_000_1542_000_with_camera_labels-70.png 384 824 29
big_dataset_depth/000000002204-segment-12304907743194762419_1522_000_1542_000_with_camera_labels-70.png 392 816 29
big_dataset_depth/000000002204-segment-12304907743194762419_1522_000_1542_000_with_camera_labels-70.png 400 840 29
big_dataset_depth/000000002204-segment-12304907743194762419_1522_000_1542_000_with_camera_labels-70.png 408 872 30
big_dataset_depth/000000002204-segment-12304907743194762419_1522_000_1542_000_with_camera_labels-70.png 416 872 29
big_dataset_depth/000000002204-segment-12304907743194762419_1522_000_1542_000_with_camera_labels-70.png 424 856 29
big_dataset_depth/000000002204-segment-12304907743194762419_1522_000_1542_000_with_camera_labels-70.png 432 888 29
big_dataset_depth/000000002204-segment-12304907743194762419_1522_000_1542_000_with_camera_labels-70.png 440 872 29
big_dataset_depth/000000002204-segment-12304907743194762419_1522_000_1542_000_with_camera_labels-70.png 448 856 29
big_dataset_depth/000000002204-segment-12304907743194762419_1522_000_1542_000_with_camera_labels-70.png 456 880 29
big_dataset_depth/000000002204-segment-12304907743194762419_1522_000_1542_000_with_camera_labels-70.png 464 872 29
big_dataset_depth/000000002204-segment-12304907743194762419_1522_000_1542_000_with_camera_labels-70.png 472 864 30
big_dataset_depth/000000002204-segment-12304907743194762419_1522_000_1542_000_with_camera_labels-70.png 480 856 28
big_dataset_depth/000000002204-segment-12304907743194762419_1522_000_1542_000_with_camera_labels-70.png 488 880 29
big_dataset_depth/000000002204-segment-12304907743194762419_1522_000_1542_000_with_camera_labels-70.png 496 872 29
big_dataset_depth/000000002204-segment-12304907743194762419_1522_000_1542_000_with_camera_labels-70.png 504 856 29
big_dataset_depth/000000002204-segment-12304907743194762419_1522_000_1542_000_with_camera_labels-70.png 512 856 28
big_dataset_depth/000000002204-segment-12304907743194762419_1522_000_1542_000_with_camera_labels-70.png 520 856 29
big_dataset_depth/000000002204-segment-12304907743194762419_1522_000_1542_000_with_camera_labels-70.png 528 856 28
big_dataset_depth/000000002204-segment-12304907743194762419_1522_000_1542_000_with_camera_labels-70.png 536 856 28
big_dataset_depth/000000002204-segment-12304907743194762419_1522_000_1542_000_with_camera_labels-70.png 544 856 28
big_dataset_depth/000000002204-segment-12304907743194762419_1522_000_1542_000_with_camera_labels-70.png 552 864 30
big_dataset_depth/000000002204-segment-12304907743194762419_1522_000_1542_000_with_camera_labels-70.png 560 856 28
big_dataset_depth/000000002204-segment-12304907743194762419_1522_000_1542_000_with_camera_labels-70.png 568 872 30
big_dataset_depth/000000002204-segment-12304907743194762419_1522_000_1542_000_with_camera_labels-70.png 576 856 29
big_dataset_depth/000000002204-segment-12304907743194762419_1522_000_1542_000_with_camera_labels-70.png 584 864 29
big_dataset_depth/000000002204-segment-12304907743194762419_1522_000_1542_000_with_camera_labels-70.png 592 872 29
big_dataset_depth/000000002204-segment-12304907743194762419_1522_000_1542_000_with_camera_labels-70.png 600 872 29
big_dataset_depth/000000002204-segment-12304907743194762419_1522_000_1542_000_with_camera_labels-70.png 608 880 30
big_dataset_depth/000000002204-segment-12304907743194762419_1522_000_1542_000_with_camera_labels-70.png 616 832 31
big_dataset_depth/000000002204-segment-12304907743194762419_1522_000_1542_000_with_camera_labels-70.png 624 928 28
big_dataset_depth/000000002204-segment-12304907743194762419_1522_000_1542_000_with_camera_labels-70.png 632 1160 15
big_dataset_depth/000000002204-segment-12304907743194762419_1522_000_1542_000_with_camera_labels-70.png 640 1192 14
big_dataset_depth/000000002204-segment-12304907743194762419_1522_000_1542_000_with_camera_labels-70.png 648 1056 23
big_dataset_depth/000000002204-segment-12304907743194762419_1522_000_1542_000_with_camera_labels-70.png 656 984 27
big_dataset_depth/000000002204-segment-12304907743194762419_1522_000_1542_000_with_camera_labels-70.png 664 1192 14
big_dataset_depth/000000002204-segment-12304907743194762419_1522_000_1542_000_with_camera_labels-70.png 672 1184 14
big_dataset_depth/000000002204-segment-12304907743194762419_1522_000_1542_000_with_camera_labels-70.png 680 1184 14
big_dataset_depth/000000002204-segment-12304907743194762419_1522_000_1542_000_with_camera_labels-70.png 688 1152 14
big_dataset_depth/000000002204-segment-12304907743194762419_1522_000_1542_000_with_camera_labels-70.png 696 1136 13
big_dataset_depth/000000002204-segment-12304907743194762419_1522_000_1542_000_with_camera_labels-70.png 704 1136 13
big_dataset_depth/000000002204-segment-12304907743194762419_1522_000_1542_000_with_camera_labels-70.png 712 1152 14
big_dataset_depth/000000002204-segment-12304907743194762419_1522_000_1542_000_with_camera_labels-70.png 720 1136 13
big_dataset_depth/000000002204-segment-12304907743194762419_1522_000_1542_000_with_camera_labels-70.png 728 1136 13
big_dataset_depth/000000002204-segment-12304907743194762419_1522_000_1542_000_with_camera_labels-70.png 736 1136 13
big_dataset_depth/000000002204-segment-12304907743194762419_1522_000_1542_000_with_camera_labels-70.png 744 1136 13
big_dataset_depth/000000002204-segment-12304907743194762419_1522_000_1542_000_with_camera_labels-70.png 752 1136 13
big_dataset_depth/000000002204-segment-12304907743194762419_1522_000_1542_000_with_camera_labels-70.png 760 1136 13
big_dataset_depth/000000002204-segment-12304907743194762419_1522_000_1542_000_with_camera_labels-70.png 768 1136 13
big_dataset_depth/000000002204-segment-12304907743194762419_1522_000_1542_000_with_camera_labels-70.png 776 1144 14
big_dataset_depth/000000002204-segment-12304907743194762419_1522_000_1542_000_with_camera_labels-70.png 784 1136 13
big_dataset_depth/000000002204-segment-12304907743194762419_1522_000_1542_000_with_camera_labels-70.png 792 1136 13
big_dataset_depth/000000002204-segment-12304907743194762419_1522_000_1542_000_with_camera_labels-70.png 800 1200 14
big_dataset_depth/000000002204-segment-12304907743194762419_1522_000_1542_000_with_camera_labels-70.png 808 1136 13
big_dataset_depth/000000002204-segment-12304907743194762419_1522_000_1542_000_with_camera_labels-70.png 816 1120 13
big_dataset_depth/000000002204-segment-12304907743194762419_1522_000_1542_000_with_camera_labels-70.png 824 1136 13
big_dataset_depth/000000002204-segment-12304907743194762419_1522_000_1542_000_with_camera_labels-70.png 832 1200 14
big_dataset_depth/000000002204-segment-12304907743194762419_1522_000_1542_000_with_camera_labels-70.png 840 1136 13
big_dataset_depth/000000002204-segment-12304907743194762419_1522_000_1542_000_with_camera_labels-70.png 848 1128 13
big_dataset_depth/000000002204-segment-12304907743194762419_1522_000_1542_000_with_camera_labels-70.png 856 1136 13
big_dataset_depth/000000002204-segment-12304907743194762419_1522_000_1542_000_with_camera_labels-70.png 864 1136 13
big_dataset_depth/000000002204-segment-12304907743194762419_1522_000_1542_000_with_camera_labels-70.png 872 1136 13
big_dataset_depth/000000002204-segment-12304907743194762419_1522_000_1542_000_with_camera_labels-70.png 880 1128 13
big_dataset_depth/000000002204-segment-12304907743194762419_1522_000_1542_000_with_camera_labels-70.png 888 1136 13
big_dataset_depth/000000002204-segment-12304907743194762419_1522_000_1542_000_with_camera_labels-70.png 896 1136 13
big_dataset_depth/000000002204-segment-12304907743194762419_1522_000_1542_000_with_camera_labels-70.png 904 1136 13
big_dataset_depth/000000002204-segment-12304907743194762419_1522_000_1542_000_with_camera_labels-70.png 912 1136 13
big_dataset_depth/000000002204-segment-12304907743194762419_1522_000_1542_000_with_camera_labels-70.png 920 1128 13
big_dataset_depth/000000002204-segment-12304907743194762419_1522_000_1542_000_with_camera_labels-70.png 928 1136 13
big_dataset_depth/000000002204-segment-12304907743194762419_1522_000_1542_000_with_camera_labels-70.png 936 1136 13
big_dataset_depth/000000002204-segment-12304907743194762419_1522_000_1542_000_with_camera_labels-70.png 944 1136 13
big_dataset_depth/000000002204-segment-12304907743194762419_1522_000_1542_000_with_camera_labels-70.png 952 1192 13
big_dataset_depth/000000002204-segment-12304907743194762419_1522_000_1542_000_with_camera_labels-70.png 960 1136 13
big_dataset_depth/000000002204-segment-12304907743194762419_1522_000_1542_000_with_camera_labels-70.png 968 1136 13
big_dataset_depth/000000002204-segment-12304907743194762419_1522_000_1542_000_with_camera_labels-70.png 976 1136 13
big_dataset_depth/000000002204-segment-12304907743194762419_1522_000_1542_000_with_camera_labels-70.png 984 1136 13
big_dataset_depth/000000002204-segment-12304907743194762419_1522_000_1542_000_with_camera_labels-70.png 992 1160 14
big_dataset_depth/000000002204-segment-12304907743194762419_1522_000_1542_000_with_camera_labels-70.png 1000 1160 14
big_dataset_depth/000000002204-segment-12304907743194762419_1522_000_1542_000_with_camera_labels-70.png 1008 1136 13
big_dataset_depth/000000002204-segment-12304907743194762419_1522_000_1542_000_with_camera_labels-70.png 1016 1200 14
big_dataset_depth/000000002204-segment-12304907743194762419_1522_000_1542_000_with_camera_labels-70.png 1024 1160 14
big_dataset_depth/000000002204-segment-12304907743194762419_1522_000_1542_000_with_camera_labels-70.png 1032 1160 14
big_dataset_depth/000000002204-segment-12304907743194762419_1522_000_1542_000_with_camera_labels-70.png 1040 1136 13
big_dataset_depth/000000002204-segment-12304907743194762419_1522_000_1542_000_with_camera_labels-70.png 1048 1136 13
big_dataset_depth/000000002204-segment-12304907743194762419_1522_000_1542_000_with_camera_labels-70.png 1056 1136 13
big_dataset_depth/000000002204-segment-12304907743194762419_1522_000_1542_000_with_camera_labels-70.png 1064 1136 13
big_dataset_depth/000000002204-segment-12304907743194762419_1522_000_1542_000_with_camera_labels-70.png 1072 1184 14
big_dataset_depth/000000002204-segment-12304907743194762419_1522_000_1542_000_with_camera_labels-70.png 1080 1184 14
big_dataset_depth/000000002204-segment-12304907743194762419_1522_000_1542_000_with_camera_labels-70.png 1088 1192 14
big_dataset_depth/000000002204-segment-12304907743194762419_1522_000_1542_000_with_camera_labels-70.png 1096 1184 15
big_dataset_depth/000000002204-segment-12304907743194762419_1522_000_1542_000_with_camera_labels-70.png 1104 1184 14
big_dataset_depth/000000002204-segment-12304907743194762419_1522_000_1542_000_with_camera_labels-70.png 1112 1192 14
big_dataset_depth/000000002204-segment-12304907743194762419_1522_000_1542_000_with_camera_labels-70.png 1120 1184 15
big_dataset_depth/000000002204-segment-12304907743194762419_1522_000_1542_000_with_camera_labels-70.png 1128 1120 14
big_dataset_depth/000000002204-segment-12304907743194762419_1522_000_1542_000_with_camera_labels-70.png 1136 688 79
big_dataset_depth/000000002204-segment-12304907743194762419_1522_000_1542_000_with_camera_labels-70.png 1144 688 79
big_dataset_depth/000000002204-segment-12304907743194762419_1522_000_1542_000_with_camera_labels-70.png 1152 688 79
big_dataset_depth/000000002204-segment-12304907743194762419_1522_000_1542_000_with_camera_labels-70.png 1160 688 79
big_dataset_depth/000000002204-segment-12304907743194762419_1522_000_1542_000_with_camera_labels-70.png 1168 688 79
big_dataset_depth/000000002204-segment-12304907743194762419_1522_000_1542_000_with_camera_labels-70.png 1176 680 79
big_dataset_depth/000000002204-segment-12304907743194762419_1522_000_1542_000_with_camera_labels-70.png 1184 896 27
big_dataset_depth/000000002204-segment-12304907743194762419_1522_000_1542_000_with_camera_labels-70.png 1192 664 75
big_dataset_depth/000000002204-segment-12304907743194762419_1522_000_1542_000_with_camera_labels-70.png 1200 912 26
big_dataset_depth/000000002204-segment-12304907743194762419_1522_000_1542_000_with_camera_labels-70.png 1208 848 43
big_dataset_depth/000000002204-segment-12304907743194762419_1522_000_1542_000_with_camera_labels-70.png 1216 848 43
big_dataset_depth/000000002204-segment-12304907743194762419_1522_000_1542_000_with_camera_labels-70.png 1224 688 79
big_dataset_depth/000000002204-segment-12304907743194762419_1522_000_1542_000_with_camera_labels-70.png 1232 688 80
big_dataset_depth/000000002204-segment-12304907743194762419_1522_000_1542_000_with_camera_labels-70.png 1248 696 80
big_dataset_depth/000000002204-segment-12304907743194762419_1522_000_1542_000_with_camera_labels-70.png 1256 976 22
big_dataset_depth/000000002204-segment-12304907743194762419_1522_000_1542_000_with_camera_labels-70.png 1264 976 22
big_dataset_depth/000000002204-segment-12304907743194762419_1522_000_1542_000_with_camera_labels-70.png 1272 872 30
big_dataset_depth/000000002204-segment-12304907743194762419_1522_000_1542_000_with_camera_labels-70.png 1280 728 39
big_dataset_depth/000000002204-segment-12304907743194762419_1522_000_1542_000_with_camera_labels-70.png 1296 744 39
big_dataset_depth/000000002204-segment-12304907743194762419_1522_000_1542_000_with_camera_labels-70.png 1304 1008 20
big_dataset_depth/000000002204-segment-12304907743194762419_1522_000_1542_000_with_camera_labels-70.png 1312 1032 19
big_dataset_depth/000000002204-segment-12304907743194762419_1522_000_1542_000_with_camera_labels-70.png 1320 784 39
big_dataset_depth/000000002204-segment-12304907743194762419_1522_000_1542_000_with_camera_labels-70.png 1328 920 29
big_dataset_depth/000000002204-segment-12304907743194762419_1522_000_1542_000_with_camera_labels-70.png 1336 1032 19
big_dataset_depth/000000002204-segment-12304907743194762419_1522_000_1542_000_with_camera_labels-70.png 1344 784 39
big_dataset_depth/000000002204-segment-12304907743194762419_1522_000_1542_000_with_camera_labels-70.png 1352 776 39
big_dataset_depth/000000002204-segment-12304907743194762419_1522_000_1542_000_with_camera_labels-70.png 1360 1064 18
big_dataset_depth/000000002204-segment-12304907743194762419_1522_000_1542_000_with_camera_labels-70.png 1368 1088 17
big_dataset_depth/000000002204-segment-12304907743194762419_1522_000_1542_000_with_camera_labels-70.png 1376 736 39
big_dataset_depth/000000002204-segment-12304907743194762419_1522_000_1542_000_with_camera_labels-70.png 1384 1064 17
big_dataset_depth/000000002204-segment-12304907743194762419_1522_000_1542_000_with_camera_labels-70.png 1392 1088 17
big_dataset_depth/000000002204-segment-12304907743194762419_1522_000_1542_000_with_camera_labels-70.png 1408 1112 16
big_dataset_depth/000000002204-segment-12304907743194762419_1522_000_1542_000_with_camera_labels-70.png 1416 960 25
big_dataset_depth/000000002204-segment-12304907743194762419_1522_000_1542_000_with_camera_labels-70.png 1424 1128 16
big_dataset_depth/000000002204-segment-12304907743194762419_1522_000_1542_000_with_camera_labels-70.png 1432 1128 16
big_dataset_depth/000000002204-segment-12304907743194762419_1522_000_1542_000_with_camera_labels-70.png 1440 1128 16
big_dataset_depth/000000002204-segment-12304907743194762419_1522_000_1542_000_with_camera_labels-70.png 1448 1128 15
big_dataset_depth/000000002204-segment-12304907743194762419_1522_000_1542_000_with_camera_labels-70.png 1456 808 36
big_dataset_depth/000000002204-segment-12304907743194762419_1522_000_1542_000_with_camera_labels-70.png 1464 808 36
big_dataset_depth/000000002204-segment-12304907743194762419_1522_000_1542_000_with_camera_labels-70.png 1472 1176 15
big_dataset_depth/000000002204-segment-12304907743194762419_1522_000_1542_000_with_camera_labels-70.png 1480 1200 15
big_dataset_depth/000000002204-segment-12304907743194762419_1522_000_1542_000_with_camera_labels-70.png 1488 1176 15
big_dataset_depth/000000002204-segment-12304907743194762419_1522_000_1542_000_with_camera_labels-70.png 1504 1216 14
big_dataset_depth/000000002204-segment-12304907743194762419_1522_000_1542_000_with_camera_labels-70.png 1512 672 97
big_dataset_depth/000000002204-segment-12304907743194762419_1522_000_1542_000_with_camera_labels-70.png 1528 1248 14
big_dataset_depth/000000002204-segment-12304907743194762419_1522_000_1542_000_with_camera_labels-70.png 1536 1024 26
big_dataset_depth/000000002204-segment-12304907743194762419_1522_000_1542_000_with_camera_labels-70.png 1544 1248 13
big_dataset_depth/000000002204-segment-12304907743194762419_1522_000_1542_000_with_camera_labels-70.png 1552 1040 25
big_dataset_depth/000000002204-segment-12304907743194762419_1522_000_1542_000_with_camera_labels-70.png 1560 1264 13
big_dataset_depth/000000002204-segment-12304907743194762419_1522_000_1542_000_with_camera_labels-70.png 1568 1024 25
big_dataset_depth/000000002204-segment-12304907743194762419_1522_000_1542_000_with_camera_labels-70.png 1576 1040 24
big_dataset_depth/000000002204-segment-12304907743194762419_1522_000_1542_000_with_camera_labels-70.png 1584 1040 24
big_dataset_depth/000000002204-segment-12304907743194762419_1522_000_1542_000_with_camera_labels-70.png 1592 1048 24
big_dataset_depth/000000002204-segment-12304907743194762419_1522_000_1542_000_with_camera_labels-70.png 1600 1272 13
big_dataset_depth/000000002204-segment-12304907743194762419_1522_000_1542_000_with_camera_labels-70.png 1608 1048 24
big_dataset_depth/000000002204-segment-12304907743194762419_1522_000_1542_000_with_camera_labels-70.png 1616 824 34
big_dataset_depth/000000002204-segment-12304907743194762419_1522_000_1542_000_with_camera_labels-70.png 1624 824 34
big_dataset_depth/000000002204-segment-12304907743194762419_1522_000_1542_000_with_camera_labels-70.png 1632 816 34
big_dataset_depth/000000002204-segment-12304907743194762419_1522_000_1542_000_with_camera_labels-70.png 1640 816 34
big_dataset_depth/000000002204-segment-12304907743194762419_1522_000_1542_000_with_camera_labels-70.png 1648 800 37
big_dataset_depth/000000002204-segment-12304907743194762419_1522_000_1542_000_with_camera_labels-70.png 1664 680 95
big_dataset_depth/000000002204-segment-12304907743194762419_1522_000_1542_000_with_camera_labels-70.png 1688 912 22
big_dataset_depth/000000002204-segment-12304907743194762419_1522_000_1542_000_with_camera_labels-70.png 1696 944 22
big_dataset_depth/000000002204-segment-12304907743194762419_1522_000_1542_000_with_camera_labels-70.png 1704 928 22
big_dataset_depth/000000002204-segment-12304907743194762419_1522_000_1542_000_with_camera_labels-70.png 1712 656 33
big_dataset_depth/000000002204-segment-12304907743194762419_1522_000_1542_000_with_camera_labels-70.png 1720 936 19
big_dataset_depth/000000002204-segment-12304907743194762419_1522_000_1542_000_with_camera_labels-70.png 1728 944 19
big_dataset_depth/000000002204-segment-12304907743194762419_1522_000_1542_000_with_camera_labels-70.png 1736 944 19
big_dataset_depth/000000002204-segment-12304907743194762419_1522_000_1542_000_with_camera_labels-70.png 1744 960 19
big_dataset_depth/000000002204-segment-12304907743194762419_1522_000_1542_000_with_camera_labels-70.png 1752 912 19
big_dataset_depth/000000002204-segment-12304907743194762419_1522_000_1542_000_with_camera_labels-70.png 1760 960 19
big_dataset_depth/000000002204-segment-12304907743194762419_1522_000_1542_000_with_camera_labels-70.png 1768 992 19
big_dataset_depth/000000002204-segment-12304907743194762419_1522_000_1542_000_with_camera_labels-70.png 1776 992 19
big_dataset_depth/000000002204-segment-12304907743194762419_1522_000_1542_000_with_camera_labels-70.png 1784 992 19
big_dataset_depth/000000002204-segment-12304907743194762419_1522_000_1542_000_with_camera_labels-70.png 1792 992 19
big_dataset_depth/000000002204-segment-12304907743194762419_1522_000_1542_000_with_camera_labels-70.png 1800 1000 19
big_dataset_depth/000000002204-segment-12304907743194762419_1522_000_1542_000_with_camera_labels-70.png 1808 992 19
big_dataset_depth/000000002204-segment-12304907743194762419_1522_000_1542_000_with_camera_labels-70.png 1816 976 19
big_dataset_depth/000000002204-segment-12304907743194762419_1522_000_1542_000_with_camera_labels-70.png 1824 976 19
big_dataset_depth/000000002204-segment-12304907743194762419_1522_000_1542_000_with_camera_labels-70.png 1832 976 19
big_dataset_depth/000000002204-segment-12304907743194762419_1522_000_1542_000_with_camera_labels-70.png 1840 1000 19
big_dataset_depth/000000002204-segment-12304907743194762419_1522_000_1542_000_with_camera_labels-70.png 1848 1000 19
big_dataset_depth/000000002204-segment-12304907743194762419_1522_000_1542_000_with_camera_labels-70.png 1856 1008 19
big_dataset_depth/000000002204-segment-12304907743194762419_1522_000_1542_000_with_camera_labels-70.png 1864 1000 19
big_dataset_depth/000000002204-segment-12304907743194762419_1522_000_1542_000_with_camera_labels-70.png 1872 1000 19
big_dataset_depth/000000002204-segment-12304907743194762419_1522_000_1542_000_with_camera_labels-70.png 1880 1000 19
big_dataset_depth/000000002204-segment-12304907743194762419_1522_000_1542_000_with_camera_labels-70.png 1888 960 22
big_dataset_depth/000000002204-segment-12304907743194762419_1522_000_1542_000_with_camera_labels-70.png 1896 968 19
big_dataset_depth/000000002204-segment-12304907743194762419_1522_000_1542_000_with_camera_labels-70.png 1904 888 24
big_dataset_depth/000000002204-segment-12304907743194762419_1522_000_1542_000_with_camera_labels-70.png 1912 864 26
