big_dataset_depth/000000000458-segment-10444454289801298640_4360_000_4380_000_with_camera_labels-180.png 0 832 50
big_dataset_depth/000000000458-segment-10444454289801298640_4360_000_4380_000_with_camera_labels-180.png 8 824 53
big_dataset_depth/000000000458-segment-10444454289801298640_4360_000_4380_000_with_camera_labels-180.png 16 736 63
big_dataset_depth/000000000458-segment-10444454289801298640_4360_000_4380_000_with_camera_labels-180.png 24 752 53
big_dataset_depth/000000000458-segment-10444454289801298640_4360_000_4380_000_with_camera_labels-180.png 32 768 51
big_dataset_depth/000000000458-segment-10444454289801298640_4360_000_4380_000_with_camera_labels-180.png 40 768 52
big_dataset_depth/000000000458-segment-10444454289801298640_4360_000_4380_000_with_camera_labels-180.png 48 944 25
big_dataset_depth/000000000458-segment-10444454289801298640_4360_000_4380_000_with_camera_labels-180.png 56 752 52
big_dataset_depth/000000000458-segment-10444454289801298640_4360_000_4380_000_with_camera_labels-180.png 64 944 25
big_dataset_depth/000000000458-segment-10444454289801298640_4360_000_4380_000_with_camera_labels-180.png 80 672 77
big_dataset_depth/000000000458-segment-10444454289801298640_4360_000_4380_000_with_camera_labels-180.png 88 768 53
big_dataset_depth/000000000458-segment-10444454289801298640_4360_000_4380_000_with_camera_labels-180.png 104 760 49
big_dataset_depth/000000000458-segment-10444454289801298640_4360_000_4380_000_with_camera_labels-180.png 112 760 53
big_dataset_depth/000000000458-segment-10444454289801298640_4360_000_4380_000_with_camera_labels-180.png 120 760 53
big_dataset_depth/000000000458-segment-10444454289801298640_4360_000_4380_000_with_camera_labels-180.png 136 696 68
big_dataset_depth/000000000458-segment-10444454289801298640_4360_000_4380_000_with_camera_labels-180.png 144 664 76
big_dataset_depth/000000000458-segment-10444454289801298640_4360_000_4380_000_with_camera_labels-180.png 152 816 37
big_dataset_depth/000000000458-segment-10444454289801298640_4360_000_4380_000_with_camera_labels-180.png 160 728 58
big_dataset_depth/000000000458-segment-10444454289801298640_4360_000_4380_000_with_camera_labels-180.png 168 904 27
big_dataset_depth/000000000458-segment-10444454289801298640_4360_000_4380_000_with_camera_labels-180.png 176 808 32
big_dataset_depth/000000000458-segment-10444454289801298640_4360_000_4380_000_with_camera_labels-180.png 184 816 33
big_dataset_depth/000000000458-segment-10444454289801298640_4360_000_4380_000_with_camera_labels-180.png 192 808 32
big_dataset_depth/000000000458-segment-10444454289801298640_4360_000_4380_000_with_camera_labels-180.png 200 808 33
big_dataset_depth/000000000458-segment-10444454289801298640_4360_000_4380_000_with_camera_labels-180.png 208 832 33
big_dataset_depth/000000000458-segment-10444454289801298640_4360_000_4380_000_with_camera_labels-180.png 216 832 33
big_dataset_depth/000000000458-segment-10444454289801298640_4360_000_4380_000_with_camera_labels-180.png 224 808 33
big_dataset_depth/000000000458-segment-10444454289801298640_4360_000_4380_000_with_camera_labels-180.png 232 784 33
big_dataset_depth/000000000458-segment-10444454289801298640_4360_000_4380_000_with_camera_labels-180.png 240 776 33
big_dataset_depth/000000000458-segment-10444454289801298640_4360_000_4380_000_with_camera_labels-180.png 248 848 32
big_dataset_depth/000000000458-segment-10444454289801298640_4360_000_4380_000_with_camera_labels-180.png 256 776 34
big_dataset_depth/000000000458-segment-10444454289801298640_4360_000_4380_000_with_camera_labels-180.png 264 776 34
big_dataset_depth/000000000458-segment-10444454289801298640_4360_000_4380_000_with_camera_labels-180.png 272 776 35
big_dataset_depth/000000000458-segment-10444454289801298640_4360_000_4380_000_with_camera_labels-180.png 280 720 35
big_dataset_depth/000000000458-segment-10444454289801298640_4360_000_4380_000_with_camera_labels-180.png 288 776 36
big_dataset_depth/000000000458-segment-10444454289801298640_4360_000_4380_000_with_camera_labels-180.png 304 768 44
big_dataset_depth/000000000458-segment-10444454289801298640_4360_000_4380_000_with_camera_labels-180.png 312 768 44
big_dataset_depth/000000000458-segment-10444454289801298640_4360_000_4380_000_with_camera_labels-180.png 320 760 44
big_dataset_depth/000000000458-segment-10444454289801298640_4360_000_4380_000_with_camera_labels-180.png 328 744 46
big_dataset_depth/000000000458-segment-10444454289801298640_4360_000_4380_000_with_camera_labels-180.png 336 768 44
big_dataset_depth/000000000458-segment-10444454289801298640_4360_000_4380_000_with_camera_labels-180.png 344 744 44
big_dataset_depth/000000000458-segment-10444454289801298640_4360_000_4380_000_with_camera_labels-180.png 352 768 44
big_dataset_depth/000000000458-segment-10444454289801298640_4360_000_4380_000_with_camera_labels-180.png 360 768 44
big_dataset_depth/000000000458-segment-10444454289801298640_4360_000_4380_000_with_camera_labels-180.png 368 776 42
big_dataset_depth/000000000458-segment-10444454289801298640_4360_000_4380_000_with_camera_labels-180.png 376 792 40
big_dataset_depth/000000000458-segment-10444454289801298640_4360_000_4380_000_with_camera_labels-180.png 384 792 40
big_dataset_depth/000000000458-segment-10444454289801298640_4360_000_4380_000_with_camera_labels-180.png 392 784 40
big_dataset_depth/000000000458-segment-10444454289801298640_4360_000_4380_000_with_camera_labels-180.png 400 776 42
big_dataset_depth/000000000458-segment-10444454289801298640_4360_000_4380_000_with_camera_labels-180.png 408 768 44
big_dataset_depth/000000000458-segment-10444454289801298640_4360_000_4380_000_with_camera_labels-180.png 416 776 44
big_dataset_depth/000000000458-segment-10444454289801298640_4360_000_4380_000_with_camera_labels-180.png 424 776 44
big_dataset_depth/000000000458-segment-10444454289801298640_4360_000_4380_000_with_camera_labels-180.png 432 632 77
big_dataset_depth/000000000458-segment-10444454289801298640_4360_000_4380_000_with_camera_labels-180.png 440 640 79
big_dataset_depth/000000000458-segment-10444454289801298640_4360_000_4380_000_with_camera_labels-180.png 448 728 55
big_dataset_depth/000000000458-segment-10444454289801298640_4360_000_4380_000_with_camera_labels-180.png 456 736 55
big_dataset_depth/000000000458-segment-10444454289801298640_4360_000_4380_000_with_camera_labels-180.png 464 736 55
big_dataset_depth/000000000458-segment-10444454289801298640_4360_000_4380_000_with_camera_labels-180.png 472 736 55
big_dataset_depth/000000000458-segment-10444454289801298640_4360_000_4380_000_with_camera_labels-180.png 480 656 70
big_dataset_depth/000000000458-segment-10444454289801298640_4360_000_4380_000_with_camera_labels-180.png 488 736 54
big_dataset_depth/000000000458-segment-10444454289801298640_4360_000_4380_000_with_camera_labels-180.png 496 720 55
big_dataset_depth/000000000458-segment-10444454289801298640_4360_000_4380_000_with_camera_labels-180.png 504 728 55
big_dataset_depth/000000000458-segment-10444454289801298640_4360_000_4380_000_with_camera_labels-180.png 512 736 57
big_dataset_depth/000000000458-segment-10444454289801298640_4360_000_4380_000_with_camera_labels-180.png 520 728 56
big_dataset_depth/000000000458-segment-10444454289801298640_4360_000_4380_000_with_camera_labels-180.png 528 728 56
big_dataset_depth/000000000458-segment-10444454289801298640_4360_000_4380_000_with_camera_labels-180.png 536 728 56
big_dataset_depth/000000000458-segment-10444454289801298640_4360_000_4380_000_with_camera_labels-180.png 544 696 105
big_dataset_depth/000000000458-segment-10444454289801298640_4360_000_4380_000_with_camera_labels-180.png 552 728 70
big_dataset_depth/000000000458-segment-10444454289801298640_4360_000_4380_000_with_camera_labels-180.png 560 728 73
big_dataset_depth/000000000458-segment-10444454289801298640_4360_000_4380_000_with_camera_labels-180.png 568 704 89
big_dataset_depth/000000000458-segment-10444454289801298640_4360_000_4380_000_with_camera_labels-180.png 576 704 80
big_dataset_depth/000000000458-segment-10444454289801298640_4360_000_4380_000_with_camera_labels-180.png 584 712 75
big_dataset_depth/000000000458-segment-10444454289801298640_4360_000_4380_000_with_camera_labels-180.png 600 680 91
big_dataset_depth/000000000458-segment-10444454289801298640_4360_000_4380_000_with_camera_labels-180.png 608 712 83
big_dataset_depth/000000000458-segment-10444454289801298640_4360_000_4380_000_with_camera_labels-180.png 616 688 86
big_dataset_depth/000000000458-segment-10444454289801298640_4360_000_4380_000_with_camera_labels-180.png 624 704 85
big_dataset_depth/000000000458-segment-10444454289801298640_4360_000_4380_000_with_camera_labels-180.png 632 704 92
big_dataset_depth/000000000458-segment-10444454289801298640_4360_000_4380_000_with_camera_labels-180.png 640 696 91
big_dataset_depth/000000000458-segment-10444454289801298640_4360_000_4380_000_with_camera_labels-180.png 648 680 101
big_dataset_depth/000000000458-segment-10444454289801298640_4360_000_4380_000_with_camera_labels-180.png 656 696 99
big_dataset_depth/000000000458-segment-10444454289801298640_4360_000_4380_000_with_camera_labels-180.png 664 688 99
big_dataset_depth/000000000458-segment-10444454289801298640_4360_000_4380_000_with_camera_labels-180.png 672 680 100
big_dataset_depth/000000000458-segment-10444454289801298640_4360_000_4380_000_with_camera_labels-180.png 680 696 90
big_dataset_depth/000000000458-segment-10444454289801298640_4360_000_4380_000_with_camera_labels-180.png 688 688 89
big_dataset_depth/000000000458-segment-10444454289801298640_4360_000_4380_000_with_camera_labels-180.png 696 688 89
big_dataset_depth/000000000458-segment-10444454289801298640_4360_000_4380_000_with_camera_labels-180.png 704 688 90
big_dataset_depth/000000000458-segment-10444454289801298640_4360_000_4380_000_with_camera_labels-180.png 712 656 93
big_dataset_depth/000000000458-segment-10444454289801298640_4360_000_4380_000_with_camera_labels-180.png 720 696 89
big_dataset_depth/000000000458-segment-10444454289801298640_4360_000_4380_000_with_camera_labels-180.png 728 696 90
big_dataset_depth/000000000458-segment-10444454289801298640_4360_000_4380_000_with_camera_labels-180.png 736 696 90
big_dataset_depth/000000000458-segment-10444454289801298640_4360_000_4380_000_with_camera_labels-180.png 744 688 94
big_dataset_depth/000000000458-segment-10444454289801298640_4360_000_4380_000_with_camera_labels-180.png 760 696 98
big_dataset_depth/000000000458-segment-10444454289801298640_4360_000_4380_000_with_camera_labels-180.png 768 680 96
big_dataset_depth/000000000458-segment-10444454289801298640_4360_000_4380_000_with_camera_labels-180.png 776 688 94
big_dataset_depth/000000000458-segment-10444454289801298640_4360_000_4380_000_with_camera_labels-180.png 784 688 94
big_dataset_depth/000000000458-segment-10444454289801298640_4360_000_4380_000_with_camera_labels-180.png 792 688 94
big_dataset_depth/000000000458-segment-10444454289801298640_4360_000_4380_000_with_camera_labels-180.png 800 688 94
big_dataset_depth/000000000458-segment-10444454289801298640_4360_000_4380_000_with_camera_labels-180.png 808 680 93
big_dataset_depth/000000000458-segment-10444454289801298640_4360_000_4380_000_with_camera_labels-180.png 816 680 93
big_dataset_depth/000000000458-segment-10444454289801298640_4360_000_4380_000_with_camera_labels-180.png 824 664 100
big_dataset_depth/000000000458-segment-10444454289801298640_4360_000_4380_000_with_camera_labels-180.png 832 680 105
big_dataset_depth/000000000458-segment-10444454289801298640_4360_000_4380_000_with_camera_labels-180.png 840 680 105
big_dataset_depth/000000000458-segment-10444454289801298640_4360_000_4380_000_with_camera_labels-180.png 848 672 105
big_dataset_depth/000000000458-segment-10444454289801298640_4360_000_4380_000_with_camera_labels-180.png 1176 688 87
big_dataset_depth/000000000458-segment-10444454289801298640_4360_000_4380_000_with_camera_labels-180.png 1184 688 88
big_dataset_depth/000000000458-segment-10444454289801298640_4360_000_4380_000_with_camera_labels-180.png 1192 696 92
big_dataset_depth/000000000458-segment-10444454289801298640_4360_000_4380_000_with_camera_labels-180.png 1200 696 84
big_dataset_depth/000000000458-segment-10444454289801298640_4360_000_4380_000_with_camera_labels-180.png 1208 704 83
big_dataset_depth/000000000458-segment-10444454289801298640_4360_000_4380_000_with_camera_labels-180.png 1216 712 73
big_dataset_depth/000000000458-segment-10444454289801298640_4360_000_4380_000_with_camera_labels-180.png 1224 720 71
big_dataset_depth/000000000458-segment-10444454289801298640_4360_000_4380_000_with_camera_labels-180.png 1232 720 71
big_dataset_depth/000000000458-segment-10444454289801298640_4360_000_4380_000_with_camera_labels-180.png 1240 704 76
big_dataset_depth/000000000458-segment-10444454289801298640_4360_000_4380_000_with_camera_labels-180.png 1248 704 81
big_dataset_depth/000000000458-segment-10444454289801298640_4360_000_4380_000_with_camera_labels-180.png 1256 696 81
big_dataset_depth/000000000458-segment-10444454289801298640_4360_000_4380_000_with_camera_labels-180.png 1264 672 87
big_dataset_depth/000000000458-segment-10444454289801298640_4360_000_4380_000_with_camera_labels-180.png 1280 624 105
big_dataset_depth/000000000458-segment-10444454289801298640_4360_000_4380_000_with_camera_labels-180.png 1288 688 106
big_dataset_depth/000000000458-segment-10444454289801298640_4360_000_4380_000_with_camera_labels-180.png 1296 688 104
big_dataset_depth/000000000458-segment-10444454289801298640_4360_000_4380_000_with_camera_labels-180.png 1304 688 103
big_dataset_depth/000000000458-segment-10444454289801298640_4360_000_4380_000_with_camera_labels-180.png 1320 720 64
big_dataset_depth/000000000458-segment-10444454289801298640_4360_000_4380_000_with_camera_labels-180.png 1328 760 47
big_dataset_depth/000000000458-segment-10444454289801298640_4360_000_4380_000_with_camera_labels-180.png 1336 760 47
big_dataset_depth/000000000458-segment-10444454289801298640_4360_000_4380_000_with_camera_labels-180.png 1344 744 46
big_dataset_depth/000000000458-segment-10444454289801298640_4360_000_4380_000_with_camera_labels-180.png 1352 736 46
big_dataset_depth/000000000458-segment-10444454289801298640_4360_000_4380_000_with_camera_labels-180.png 1360 736 46
big_dataset_depth/000000000458-segment-10444454289801298640_4360_000_4380_000_with_camera_labels-180.png 1368 744 46
big_dataset_depth/000000000458-segment-10444454289801298640_4360_000_4380_000_with_camera_labels-180.png 1376 760 47
big_dataset_depth/000000000458-segment-10444454289801298640_4360_000_4380_000_with_camera_labels-180.png 1384 744 46
big_dataset_depth/000000000458-segment-10444454289801298640_4360_000_4380_000_with_camera_labels-180.png 1392 744 46
big_dataset_depth/000000000458-segment-10444454289801298640_4360_000_4380_000_with_camera_labels-180.png 1400 744 46
big_dataset_depth/000000000458-segment-10444454289801298640_4360_000_4380_000_with_camera_labels-180.png 1408 752 46
big_dataset_depth/000000000458-segment-10444454289801298640_4360_000_4380_000_with_camera_labels-180.png 1416 760 46
big_dataset_depth/000000000458-segment-10444454289801298640_4360_000_4380_000_with_camera_labels-180.png 1424 752 46
big_dataset_depth/000000000458-segment-10444454289801298640_4360_000_4380_000_with_camera_labels-180.png 1432 760 47
big_dataset_depth/000000000458-segment-10444454289801298640_4360_000_4380_000_with_camera_labels-180.png 1440 752 47
big_dataset_depth/000000000458-segment-10444454289801298640_4360_000_4380_000_with_camera_labels-180.png 1448 744 49
big_dataset_depth/000000000458-segment-10444454289801298640_4360_000_4380_000_with_camera_labels-180.png 1456 744 49
big_dataset_depth/000000000458-segment-10444454289801298640_4360_000_4380_000_with_camera_labels-180.png 1464 744 50
big_dataset_depth/000000000458-segment-10444454289801298640_4360_000_4380_000_with_camera_labels-180.png 1472 752 51
big_dataset_depth/000000000458-segment-10444454289801298640_4360_000_4380_000_with_camera_labels-180.png 1480 736 58
big_dataset_depth/000000000458-segment-10444454289801298640_4360_000_4380_000_with_camera_labels-180.png 1488 712 71
big_dataset_depth/000000000458-segment-10444454289801298640_4360_000_4380_000_with_camera_labels-180.png 1496 712 71
big_dataset_depth/000000000458-segment-10444454289801298640_4360_000_4380_000_with_camera_labels-180.png 1512 760 44
big_dataset_depth/000000000458-segment-10444454289801298640_4360_000_4380_000_with_camera_labels-180.png 1520 736 57
big_dataset_depth/000000000458-segment-10444454289801298640_4360_000_4380_000_with_camera_labels-180.png 1528 760 43
big_dataset_depth/000000000458-segment-10444454289801298640_4360_000_4380_000_with_camera_labels-180.png 1536 760 43
big_dataset_depth/000000000458-segment-10444454289801298640_4360_000_4380_000_with_camera_labels-180.png 1544 784 44
big_dataset_depth/000000000458-segment-10444454289801298640_4360_000_4380_000_with_camera_labels-180.png 1552 760 46
big_dataset_depth/000000000458-segment-10444454289801298640_4360_000_4380_000_with_camera_labels-180.png 1560 736 46
big_dataset_depth/000000000458-segment-10444454289801298640_4360_000_4380_000_with_camera_labels-180.png 1568 776 43
big_dataset_depth/000000000458-segment-10444454289801298640_4360_000_4380_000_with_camera_labels-180.png 1576 776 43
big_dataset_depth/000000000458-segment-10444454289801298640_4360_000_4380_000_with_camera_labels-180.png 1584 776 42
big_dataset_depth/000000000458-segment-10444454289801298640_4360_000_4380_000_with_camera_labels-180.png 1592 768 43
big_dataset_depth/000000000458-segment-10444454289801298640_4360_000_4380_000_with_camera_labels-180.png 1600 776 42
big_dataset_depth/000000000458-segment-10444454289801298640_4360_000_4380_000_with_camera_labels-180.png 1608 760 41
big_dataset_depth/000000000458-segment-10444454289801298640_4360_000_4380_000_with_camera_labels-180.png 1616 792 40
big_dataset_depth/000000000458-segment-10444454289801298640_4360_000_4380_000_with_camera_labels-180.png 1624 784 41
big_dataset_depth/000000000458-segment-10444454289801298640_4360_000_4380_000_with_camera_labels-180.png 1632 784 41
big_dataset_depth/000000000458-segment-10444454289801298640_4360_000_4380_000_with_camera_labels-180.png 1640 776 41
big_dataset_depth/000000000458-segment-10444454289801298640_4360_000_4380_000_with_camera_labels-180.png 1648 784 40
big_dataset_depth/000000000458-segment-10444454289801298640_4360_000_4380_000_with_camera_labels-180.png 1656 768 40
big_dataset_depth/000000000458-segment-10444454289801298640_4360_000_4380_000_with_camera_labels-180.png 1664 784 39
big_dataset_depth/000000000458-segment-10444454289801298640_4360_000_4380_000_with_camera_labels-180.png 1672 768 44
big_dataset_depth/000000000458-segment-10444454289801298640_4360_000_4380_000_with_camera_labels-180.png 1680 608 40
big_dataset_depth/000000000458-segment-10444454289801298640_4360_000_4380_000_with_camera_labels-180.png 1688 840 35
big_dataset_depth/000000000458-segment-10444454289801298640_4360_000_4380_000_with_camera_labels-180.png 1696 752 52
big_dataset_depth/000000000458-segment-10444454289801298640_4360_000_4380_000_with_camera_labels-180.png 1704 840 34
big_dataset_depth/000000000458-segment-10444454289801298640_4360_000_4380_000_with_camera_labels-180.png 1720 744 39
big_dataset_depth/000000000458-segment-10444454289801298640_4360_000_4380_000_with_camera_labels-180.png 1736 768 38
big_dataset_depth/000000000458-segment-10444454289801298640_4360_000_4380_000_with_camera_labels-180.png 1744 784 39
big_dataset_depth/000000000458-segment-10444454289801298640_4360_000_4380_000_with_camera_labels-180.png 1752 800 38
big_dataset_depth/000000000458-segment-10444454289801298640_4360_000_4380_000_with_camera_labels-180.png 1760 776 37
big_dataset_depth/000000000458-segment-10444454289801298640_4360_000_4380_000_with_camera_labels-180.png 1768 768 37
big_dataset_depth/000000000458-segment-10444454289801298640_4360_000_4380_000_with_camera_labels-180.png 1776 776 37
big_dataset_depth/000000000458-segment-10444454289801298640_4360_000_4380_000_with_camera_labels-180.png 1792 792 36
big_dataset_depth/000000000458-segment-10444454289801298640_4360_000_4380_000_with_camera_labels-180.png 1800 824 33
big_dataset_depth/000000000458-segment-10444454289801298640_4360_000_4380_000_with_camera_labels-180.png 1816 824 33
big_dataset_depth/000000000458-segment-10444454289801298640_4360_000_4380_000_with_camera_labels-180.png 1824 872 31
big_dataset_depth/000000000458-segment-10444454289801298640_4360_000_4380_000_with_camera_labels-180.png 1832 832 34
big_dataset_depth/000000000458-segment-10444454289801298640_4360_000_4380_000_with_camera_labels-180.png 1840 816 34
big_dataset_depth/000000000458-segment-10444454289801298640_4360_000_4380_000_with_camera_labels-180.png 1848 832 34
big_dataset_depth/000000000458-segment-10444454289801298640_4360_000_4380_000_with_camera_labels-180.png 1864 896 29
big_dataset_depth/000000000458-segment-10444454289801298640_4360_000_4380_000_with_camera_labels-180.png 1872 864 31
big_dataset_depth/000000000458-segment-10444454289801298640_4360_000_4380_000_with_camera_labels-180.png 1880 776 37
big_dataset_depth/000000000458-segment-10444454289801298640_4360_000_4380_000_with_camera_labels-180.png 1888 824 34
big_dataset_depth/000000000458-segment-10444454289801298640_4360_000_4380_000_with_camera_labels-180.png 1896 712 49
big_dataset_depth/000000000458-segment-10444454289801298640_4360_000_4380_000_with_camera_labels-180.png 1904 784 42
big_dataset_depth/000000000458-segment-10444454289801298640_4360_000_4380_000_with_camera_labels-180.png 1912 712 51
