big_dataset_depth/000000001524-segment-1208303279778032257_1360_000_1380_000_with_camera_labels-50.png 0 872 34
big_dataset_depth/000000001524-segment-1208303279778032257_1360_000_1380_000_with_camera_labels-50.png 8 800 48
big_dataset_depth/000000001524-segment-1208303279778032257_1360_000_1380_000_with_camera_labels-50.png 16 880 35
big_dataset_depth/000000001524-segment-1208303279778032257_1360_000_1380_000_with_camera_labels-50.png 24 872 34
big_dataset_depth/000000001524-segment-1208303279778032257_1360_000_1380_000_with_camera_labels-50.png 32 880 35
big_dataset_depth/000000001524-segment-1208303279778032257_1360_000_1380_000_with_camera_labels-50.png 40 872 35
big_dataset_depth/000000001524-segment-1208303279778032257_1360_000_1380_000_with_camera_labels-50.png 48 872 35
big_dataset_depth/000000001524-segment-1208303279778032257_1360_000_1380_000_with_camera_labels-50.png 56 888 35
big_dataset_depth/000000001524-segment-1208303279778032257_1360_000_1380_000_with_camera_labels-50.png 64 888 35
big_dataset_depth/000000001524-segment-1208303279778032257_1360_000_1380_000_with_camera_labels-50.png 72 880 35
big_dataset_depth/000000001524-segment-1208303279778032257_1360_000_1380_000_with_camera_labels-50.png 80 872 37
big_dataset_depth/000000001524-segment-1208303279778032257_1360_000_1380_000_with_camera_labels-50.png 88 856 38
big_dataset_depth/000000001524-segment-1208303279778032257_1360_000_1380_000_with_camera_labels-50.png 96 848 39
big_dataset_depth/000000001524-segment-1208303279778032257_1360_000_1380_000_with_camera_labels-50.png 112 808 52
big_dataset_depth/000000001524-segment-1208303279778032257_1360_000_1380_000_with_camera_labels-50.png 120 776 51
big_dataset_depth/000000001524-segment-1208303279778032257_1360_000_1380_000_with_camera_labels-50.png 128 792 52
big_dataset_depth/000000001524-segment-1208303279778032257_1360_000_1380_000_with_camera_labels-50.png 152 752 106
big_dataset_depth/000000001524-segment-1208303279778032257_1360_000_1380_000_with_camera_labels-50.png 160 752 106
big_dataset_depth/000000001524-segment-1208303279778032257_1360_000_1380_000_with_camera_labels-50.png 168 752 106
big_dataset_depth/000000001524-segment-1208303279778032257_1360_000_1380_000_with_camera_labels-50.png 176 752 106
big_dataset_depth/000000001524-segment-1208303279778032257_1360_000_1380_000_with_camera_labels-50.png 184 752 107
big_dataset_depth/000000001524-segment-1208303279778032257_1360_000_1380_000_with_camera_labels-50.png 192 752 107
big_dataset_depth/000000001524-segment-1208303279778032257_1360_000_1380_000_with_camera_labels-50.png 200 752 107
big_dataset_depth/000000001524-segment-1208303279778032257_1360_000_1380_000_with_camera_labels-50.png 208 752 107
big_dataset_depth/000000001524-segment-1208303279778032257_1360_000_1380_000_with_camera_labels-50.png 216 744 106
big_dataset_depth/000000001524-segment-1208303279778032257_1360_000_1380_000_with_camera_labels-50.png 232 752 108
big_dataset_depth/000000001524-segment-1208303279778032257_1360_000_1380_000_with_camera_labels-50.png 304 744 106
big_dataset_depth/000000001524-segment-1208303279778032257_1360_000_1380_000_with_camera_labels-50.png 320 744 105
big_dataset_depth/000000001524-segment-1208303279778032257_1360_000_1380_000_with_camera_labels-50.png 328 736 105
big_dataset_depth/000000001524-segment-1208303279778032257_1360_000_1380_000_with_camera_labels-50.png 336 744 105
big_dataset_depth/000000001524-segment-1208303279778032257_1360_000_1380_000_with_camera_labels-50.png 344 752 105
big_dataset_depth/000000001524-segment-1208303279778032257_1360_000_1380_000_with_camera_labels-50.png 352 736 106
big_dataset_depth/000000001524-segment-1208303279778032257_1360_000_1380_000_with_camera_labels-50.png 360 736 106
big_dataset_depth/000000001524-segment-1208303279778032257_1360_000_1380_000_with_camera_labels-50.png 368 728 106
big_dataset_depth/000000001524-segment-1208303279778032257_1360_000_1380_000_with_camera_labels-50.png 376 728 107
big_dataset_depth/000000001524-segment-1208303279778032257_1360_000_1380_000_with_camera_labels-50.png 384 728 107
big_dataset_depth/000000001524-segment-1208303279778032257_1360_000_1380_000_with_camera_labels-50.png 392 728 107
big_dataset_depth/000000001524-segment-1208303279778032257_1360_000_1380_000_with_camera_labels-50.png 400 736 97
big_dataset_depth/000000001524-segment-1208303279778032257_1360_000_1380_000_with_camera_labels-50.png 408 760 86
big_dataset_depth/000000001524-segment-1208303279778032257_1360_000_1380_000_with_camera_labels-50.png 416 760 86
big_dataset_depth/000000001524-segment-1208303279778032257_1360_000_1380_000_with_camera_labels-50.png 424 744 87
big_dataset_depth/000000001524-segment-1208303279778032257_1360_000_1380_000_with_camera_labels-50.png 432 760 85
big_dataset_depth/000000001524-segment-1208303279778032257_1360_000_1380_000_with_camera_labels-50.png 440 744 88
big_dataset_depth/000000001524-segment-1208303279778032257_1360_000_1380_000_with_camera_labels-50.png 448 768 68
big_dataset_depth/000000001524-segment-1208303279778032257_1360_000_1380_000_with_camera_labels-50.png 456 768 68
big_dataset_depth/000000001524-segment-1208303279778032257_1360_000_1380_000_with_camera_labels-50.png 464 752 74
big_dataset_depth/000000001524-segment-1208303279778032257_1360_000_1380_000_with_camera_labels-50.png 472 696 86
big_dataset_depth/000000001524-segment-1208303279778032257_1360_000_1380_000_with_camera_labels-50.png 480 720 86
big_dataset_depth/000000001524-segment-1208303279778032257_1360_000_1380_000_with_camera_labels-50.png 488 688 85
big_dataset_depth/000000001524-segment-1208303279778032257_1360_000_1380_000_with_camera_labels-50.png 496 712 85
big_dataset_depth/000000001524-segment-1208303279778032257_1360_000_1380_000_with_camera_labels-50.png 504 744 71
big_dataset_depth/000000001524-segment-1208303279778032257_1360_000_1380_000_with_camera_labels-50.png 512 768 64
big_dataset_depth/000000001524-segment-1208303279778032257_1360_000_1380_000_with_camera_labels-50.png 520 704 84
big_dataset_depth/000000001524-segment-1208303279778032257_1360_000_1380_000_with_camera_labels-50.png 528 760 64
big_dataset_depth/000000001524-segment-1208303279778032257_1360_000_1380_000_with_camera_labels-50.png 536 768 62
big_dataset_depth/000000001524-segment-1208303279778032257_1360_000_1380_000_with_camera_labels-50.png 544 776 61
big_dataset_depth/000000001524-segment-1208303279778032257_1360_000_1380_000_with_camera_labels-50.png 552 776 61
big_dataset_depth/000000001524-segment-1208303279778032257_1360_000_1380_000_with_camera_labels-50.png 560 776 61
big_dataset_depth/000000001524-segment-1208303279778032257_1360_000_1380_000_with_camera_labels-50.png 568 704 79
big_dataset_depth/000000001524-segment-1208303279778032257_1360_000_1380_000_with_camera_labels-50.png 576 712 80
big_dataset_depth/000000001524-segment-1208303279778032257_1360_000_1380_000_with_camera_labels-50.png 584 736 70
big_dataset_depth/000000001524-segment-1208303279778032257_1360_000_1380_000_with_camera_labels-50.png 592 784 59
big_dataset_depth/000000001524-segment-1208303279778032257_1360_000_1380_000_with_camera_labels-50.png 600 784 57
big_dataset_depth/000000001524-segment-1208303279778032257_1360_000_1380_000_with_camera_labels-50.png 616 752 65
big_dataset_depth/000000001524-segment-1208303279778032257_1360_000_1380_000_with_camera_labels-50.png 624 776 57
big_dataset_depth/000000001524-segment-1208303279778032257_1360_000_1380_000_with_camera_labels-50.png 632 776 57
big_dataset_depth/000000001524-segment-1208303279778032257_1360_000_1380_000_with_camera_labels-50.png 640 792 55
big_dataset_depth/000000001524-segment-1208303279778032257_1360_000_1380_000_with_camera_labels-50.png 648 792 53
big_dataset_depth/000000001524-segment-1208303279778032257_1360_000_1380_000_with_camera_labels-50.png 656 792 53
big_dataset_depth/000000001524-segment-1208303279778032257_1360_000_1380_000_with_camera_labels-50.png 664 784 52
big_dataset_depth/000000001524-segment-1208303279778032257_1360_000_1380_000_with_camera_labels-50.png 672 792 52
big_dataset_depth/000000001524-segment-1208303279778032257_1360_000_1380_000_with_camera_labels-50.png 680 808 51
big_dataset_depth/000000001524-segment-1208303279778032257_1360_000_1380_000_with_camera_labels-50.png 688 712 67
big_dataset_depth/000000001524-segment-1208303279778032257_1360_000_1380_000_with_camera_labels-50.png 696 792 50
big_dataset_depth/000000001524-segment-1208303279778032257_1360_000_1380_000_with_camera_labels-50.png 704 808 49
big_dataset_depth/000000001524-segment-1208303279778032257_1360_000_1380_000_with_camera_labels-50.png 712 808 49
big_dataset_depth/000000001524-segment-1208303279778032257_1360_000_1380_000_with_camera_labels-50.png 720 792 49
big_dataset_depth/000000001524-segment-1208303279778032257_1360_000_1380_000_with_camera_labels-50.png 728 792 48
big_dataset_depth/000000001524-segment-1208303279778032257_1360_000_1380_000_with_camera_labels-50.png 736 808 49
big_dataset_depth/000000001524-segment-1208303279778032257_1360_000_1380_000_with_camera_labels-50.png 744 792 48
big_dataset_depth/000000001524-segment-1208303279778032257_1360_000_1380_000_with_camera_labels-50.png 752 792 48
big_dataset_depth/000000001524-segment-1208303279778032257_1360_000_1380_000_with_camera_labels-50.png 760 736 55
big_dataset_depth/000000001524-segment-1208303279778032257_1360_000_1380_000_with_camera_labels-50.png 768 792 46
big_dataset_depth/000000001524-segment-1208303279778032257_1360_000_1380_000_with_camera_labels-50.png 776 832 43
big_dataset_depth/000000001524-segment-1208303279778032257_1360_000_1380_000_with_camera_labels-50.png 784 840 42
big_dataset_depth/000000001524-segment-1208303279778032257_1360_000_1380_000_with_camera_labels-50.png 792 840 43
big_dataset_depth/000000001524-segment-1208303279778032257_1360_000_1380_000_with_camera_labels-50.png 800 816 41
big_dataset_depth/000000001524-segment-1208303279778032257_1360_000_1380_000_with_camera_labels-50.png 808 816 41
big_dataset_depth/000000001524-segment-1208303279778032257_1360_000_1380_000_with_camera_labels-50.png 816 824 40
big_dataset_depth/000000001524-segment-1208303279778032257_1360_000_1380_000_with_camera_labels-50.png 824 856 39
big_dataset_depth/000000001524-segment-1208303279778032257_1360_000_1380_000_with_camera_labels-50.png 832 856 39
big_dataset_depth/000000001524-segment-1208303279778032257_1360_000_1380_000_with_camera_labels-50.png 840 848 39
big_dataset_depth/000000001524-segment-1208303279778032257_1360_000_1380_000_with_camera_labels-50.png 848 840 39
big_dataset_depth/000000001524-segment-1208303279778032257_1360_000_1380_000_with_camera_labels-50.png 856 824 38
big_dataset_depth/000000001524-segment-1208303279778032257_1360_000_1380_000_with_camera_labels-50.png 864 824 38
big_dataset_depth/000000001524-segment-1208303279778032257_1360_000_1380_000_with_camera_labels-50.png 872 824 38
big_dataset_depth/000000001524-segment-1208303279778032257_1360_000_1380_000_with_camera_labels-50.png 880 864 39
big_dataset_depth/000000001524-segment-1208303279778032257_1360_000_1380_000_with_camera_labels-50.png 888 824 38
big_dataset_depth/000000001524-segment-1208303279778032257_1360_000_1380_000_with_camera_labels-50.png 896 824 38
big_dataset_depth/000000001524-segment-1208303279778032257_1360_000_1380_000_with_camera_labels-50.png 904 824 38
big_dataset_depth/000000001524-segment-1208303279778032257_1360_000_1380_000_with_camera_labels-50.png 912 824 38
big_dataset_depth/000000001524-segment-1208303279778032257_1360_000_1380_000_with_camera_labels-50.png 920 824 39
big_dataset_depth/000000001524-segment-1208303279778032257_1360_000_1380_000_with_camera_labels-50.png 928 832 39
big_dataset_depth/000000001524-segment-1208303279778032257_1360_000_1380_000_with_camera_labels-50.png 936 840 39
big_dataset_depth/000000001524-segment-1208303279778032257_1360_000_1380_000_with_camera_labels-50.png 944 864 39
big_dataset_depth/000000001524-segment-1208303279778032257_1360_000_1380_000_with_camera_labels-50.png 952 864 39
big_dataset_depth/000000001524-segment-1208303279778032257_1360_000_1380_000_with_camera_labels-50.png 960 864 40
big_dataset_depth/000000001524-segment-1208303279778032257_1360_000_1380_000_with_camera_labels-50.png 968 864 39
big_dataset_depth/000000001524-segment-1208303279778032257_1360_000_1380_000_with_camera_labels-50.png 976 864 39
big_dataset_depth/000000001524-segment-1208303279778032257_1360_000_1380_000_with_camera_labels-50.png 984 784 53
big_dataset_depth/000000001524-segment-1208303279778032257_1360_000_1380_000_with_camera_labels-50.png 992 880 38
big_dataset_depth/000000001524-segment-1208303279778032257_1360_000_1380_000_with_camera_labels-50.png 1000 880 38
big_dataset_depth/000000001524-segment-1208303279778032257_1360_000_1380_000_with_camera_labels-50.png 1008 816 46
big_dataset_depth/000000001524-segment-1208303279778032257_1360_000_1380_000_with_camera_labels-50.png 1016 824 44
big_dataset_depth/000000001524-segment-1208303279778032257_1360_000_1380_000_with_camera_labels-50.png 1024 808 44
big_dataset_depth/000000001524-segment-1208303279778032257_1360_000_1380_000_with_camera_labels-50.png 1032 824 44
big_dataset_depth/000000001524-segment-1208303279778032257_1360_000_1380_000_with_camera_labels-50.png 1040 824 44
big_dataset_depth/000000001524-segment-1208303279778032257_1360_000_1380_000_with_camera_labels-50.png 1048 824 44
big_dataset_depth/000000001524-segment-1208303279778032257_1360_000_1380_000_with_camera_labels-50.png 1056 824 43
big_dataset_depth/000000001524-segment-1208303279778032257_1360_000_1380_000_with_camera_labels-50.png 1064 824 43
big_dataset_depth/000000001524-segment-1208303279778032257_1360_000_1380_000_with_camera_labels-50.png 1072 840 42
big_dataset_depth/000000001524-segment-1208303279778032257_1360_000_1380_000_with_camera_labels-50.png 1080 840 41
big_dataset_depth/000000001524-segment-1208303279778032257_1360_000_1380_000_with_camera_labels-50.png 1088 824 42
big_dataset_depth/000000001524-segment-1208303279778032257_1360_000_1380_000_with_camera_labels-50.png 1096 840 41
big_dataset_depth/000000001524-segment-1208303279778032257_1360_000_1380_000_with_camera_labels-50.png 1104 840 41
big_dataset_depth/000000001524-segment-1208303279778032257_1360_000_1380_000_with_camera_labels-50.png 1112 840 41
big_dataset_depth/000000001524-segment-1208303279778032257_1360_000_1380_000_with_camera_labels-50.png 1120 800 42
big_dataset_depth/000000001524-segment-1208303279778032257_1360_000_1380_000_with_camera_labels-50.png 1128 856 39
big_dataset_depth/000000001524-segment-1208303279778032257_1360_000_1380_000_with_camera_labels-50.png 1136 856 39
big_dataset_depth/000000001524-segment-1208303279778032257_1360_000_1380_000_with_camera_labels-50.png 1144 864 39
big_dataset_depth/000000001524-segment-1208303279778032257_1360_000_1380_000_with_camera_labels-50.png 1152 864 38
big_dataset_depth/000000001524-segment-1208303279778032257_1360_000_1380_000_with_camera_labels-50.png 1160 864 38
big_dataset_depth/000000001524-segment-1208303279778032257_1360_000_1380_000_with_camera_labels-50.png 1168 864 38
big_dataset_depth/000000001524-segment-1208303279778032257_1360_000_1380_000_with_camera_labels-50.png 1176 888 36
big_dataset_depth/000000001524-segment-1208303279778032257_1360_000_1380_000_with_camera_labels-50.png 1184 864 38
big_dataset_depth/000000001524-segment-1208303279778032257_1360_000_1380_000_with_camera_labels-50.png 1192 872 37
big_dataset_depth/000000001524-segment-1208303279778032257_1360_000_1380_000_with_camera_labels-50.png 1200 872 37
big_dataset_depth/000000001524-segment-1208303279778032257_1360_000_1380_000_with_camera_labels-50.png 1208 880 37
big_dataset_depth/000000001524-segment-1208303279778032257_1360_000_1380_000_with_camera_labels-50.png 1216 888 37
big_dataset_depth/000000001524-segment-1208303279778032257_1360_000_1380_000_with_camera_labels-50.png 1224 880 37
big_dataset_depth/000000001524-segment-1208303279778032257_1360_000_1380_000_with_camera_labels-50.png 1232 880 37
big_dataset_depth/000000001524-segment-1208303279778032257_1360_000_1380_000_with_camera_labels-50.png 1240 880 37
big_dataset_depth/000000001524-segment-1208303279778032257_1360_000_1380_000_with_camera_labels-50.png 1248 888 36
big_dataset_depth/000000001524-segment-1208303279778032257_1360_000_1380_000_with_camera_labels-50.png 1256 880 37
big_dataset_depth/000000001524-segment-1208303279778032257_1360_000_1380_000_with_camera_labels-50.png 1264 880 37
big_dataset_depth/000000001524-segment-1208303279778032257_1360_000_1380_000_with_camera_labels-50.png 1272 880 37
big_dataset_depth/000000001524-segment-1208303279778032257_1360_000_1380_000_with_camera_labels-50.png 1280 880 37
big_dataset_depth/000000001524-segment-1208303279778032257_1360_000_1380_000_with_camera_labels-50.png 1288 896 36
big_dataset_depth/000000001524-segment-1208303279778032257_1360_000_1380_000_with_camera_labels-50.png 1296 896 36
big_dataset_depth/000000001524-segment-1208303279778032257_1360_000_1380_000_with_camera_labels-50.png 1304 904 36
big_dataset_depth/000000001524-segment-1208303279778032257_1360_000_1380_000_with_camera_labels-50.png 1312 896 36
big_dataset_depth/000000001524-segment-1208303279778032257_1360_000_1380_000_with_camera_labels-50.png 1320 904 35
big_dataset_depth/000000001524-segment-1208303279778032257_1360_000_1380_000_with_camera_labels-50.png 1328 904 35
big_dataset_depth/000000001524-segment-1208303279778032257_1360_000_1380_000_with_camera_labels-50.png 1336 896 36
big_dataset_depth/000000001524-segment-1208303279778032257_1360_000_1380_000_with_camera_labels-50.png 1344 896 36
big_dataset_depth/000000001524-segment-1208303279778032257_1360_000_1380_000_with_camera_labels-50.png 1352 896 36
big_dataset_depth/000000001524-segment-1208303279778032257_1360_000_1380_000_with_camera_labels-50.png 1360 896 36
big_dataset_depth/000000001524-segment-1208303279778032257_1360_000_1380_000_with_camera_labels-50.png 1368 896 36
big_dataset_depth/000000001524-segment-1208303279778032257_1360_000_1380_000_with_camera_labels-50.png 1376 896 36
big_dataset_depth/000000001524-segment-1208303279778032257_1360_000_1380_000_with_camera_labels-50.png 1384 896 36
big_dataset_depth/000000001524-segment-1208303279778032257_1360_000_1380_000_with_camera_labels-50.png 1392 896 36
big_dataset_depth/000000001524-segment-1208303279778032257_1360_000_1380_000_with_camera_labels-50.png 1400 944 33
big_dataset_depth/000000001524-segment-1208303279778032257_1360_000_1380_000_with_camera_labels-50.png 1408 944 33
big_dataset_depth/000000001524-segment-1208303279778032257_1360_000_1380_000_with_camera_labels-50.png 1416 944 33
big_dataset_depth/000000001524-segment-1208303279778032257_1360_000_1380_000_with_camera_labels-50.png 1424 944 33
big_dataset_depth/000000001524-segment-1208303279778032257_1360_000_1380_000_with_camera_labels-50.png 1432 944 33
big_dataset_depth/000000001524-segment-1208303279778032257_1360_000_1380_000_with_camera_labels-50.png 1440 944 33
big_dataset_depth/000000001524-segment-1208303279778032257_1360_000_1380_000_with_camera_labels-50.png 1448 944 33
big_dataset_depth/000000001524-segment-1208303279778032257_1360_000_1380_000_with_camera_labels-50.png 1456 952 33
big_dataset_depth/000000001524-segment-1208303279778032257_1360_000_1380_000_with_camera_labels-50.png 1464 952 33
big_dataset_depth/000000001524-segment-1208303279778032257_1360_000_1380_000_with_camera_labels-50.png 1472 952 33
big_dataset_depth/000000001524-segment-1208303279778032257_1360_000_1380_000_with_camera_labels-50.png 1480 952 33
big_dataset_depth/000000001524-segment-1208303279778032257_1360_000_1380_000_with_camera_labels-50.png 1488 952 33
big_dataset_depth/000000001524-segment-1208303279778032257_1360_000_1380_000_with_camera_labels-50.png 1496 880 39
big_dataset_depth/000000001524-segment-1208303279778032257_1360_000_1380_000_with_camera_labels-50.png 1504 872 39
big_dataset_depth/000000001524-segment-1208303279778032257_1360_000_1380_000_with_camera_labels-50.png 1512 880 39
big_dataset_depth/000000001524-segment-1208303279778032257_1360_000_1380_000_with_camera_labels-50.png 1520 872 40
big_dataset_depth/000000001524-segment-1208303279778032257_1360_000_1380_000_with_camera_labels-50.png 1528 872 40
big_dataset_depth/000000001524-segment-1208303279778032257_1360_000_1380_000_with_camera_labels-50.png 1536 872 40
big_dataset_depth/000000001524-segment-1208303279778032257_1360_000_1380_000_with_camera_labels-50.png 1544 856 40
big_dataset_depth/000000001524-segment-1208303279778032257_1360_000_1380_000_with_camera_labels-50.png 1552 872 39
big_dataset_depth/000000001524-segment-1208303279778032257_1360_000_1380_000_with_camera_labels-50.png 1560 872 40
big_dataset_depth/000000001524-segment-1208303279778032257_1360_000_1380_000_with_camera_labels-50.png 1568 872 40
big_dataset_depth/000000001524-segment-1208303279778032257_1360_000_1380_000_with_camera_labels-50.png 1576 872 39
big_dataset_depth/000000001524-segment-1208303279778032257_1360_000_1380_000_with_camera_labels-50.png 1584 872 39
big_dataset_depth/000000001524-segment-1208303279778032257_1360_000_1380_000_with_camera_labels-50.png 1592 880 39
big_dataset_depth/000000001524-segment-1208303279778032257_1360_000_1380_000_with_camera_labels-50.png 1600 872 39
big_dataset_depth/000000001524-segment-1208303279778032257_1360_000_1380_000_with_camera_labels-50.png 1608 872 39
big_dataset_depth/000000001524-segment-1208303279778032257_1360_000_1380_000_with_camera_labels-50.png 1616 872 38
big_dataset_depth/000000001524-segment-1208303279778032257_1360_000_1380_000_with_camera_labels-50.png 1624 872 38
big_dataset_depth/000000001524-segment-1208303279778032257_1360_000_1380_000_with_camera_labels-50.png 1632 872 39
big_dataset_depth/000000001524-segment-1208303279778032257_1360_000_1380_000_with_camera_labels-50.png 1640 872 39
big_dataset_depth/000000001524-segment-1208303279778032257_1360_000_1380_000_with_camera_labels-50.png 1648 872 39
big_dataset_depth/000000001524-segment-1208303279778032257_1360_000_1380_000_with_camera_labels-50.png 1656 872 39
big_dataset_depth/000000001524-segment-1208303279778032257_1360_000_1380_000_with_camera_labels-50.png 1664 880 39
big_dataset_depth/000000001524-segment-1208303279778032257_1360_000_1380_000_with_camera_labels-50.png 1672 880 39
big_dataset_depth/000000001524-segment-1208303279778032257_1360_000_1380_000_with_camera_labels-50.png 1680 872 39
big_dataset_depth/000000001524-segment-1208303279778032257_1360_000_1380_000_with_camera_labels-50.png 1688 864 39
big_dataset_depth/000000001524-segment-1208303279778032257_1360_000_1380_000_with_camera_labels-50.png 1696 848 41
big_dataset_depth/000000001524-segment-1208303279778032257_1360_000_1380_000_with_camera_labels-50.png 1704 840 42
big_dataset_depth/000000001524-segment-1208303279778032257_1360_000_1380_000_with_camera_labels-50.png 1712 864 40
big_dataset_depth/000000001524-segment-1208303279778032257_1360_000_1380_000_with_camera_labels-50.png 1720 848 42
big_dataset_depth/000000001524-segment-1208303279778032257_1360_000_1380_000_with_camera_labels-50.png 1728 856 41
big_dataset_depth/000000001524-segment-1208303279778032257_1360_000_1380_000_with_camera_labels-50.png 1736 848 42
big_dataset_depth/000000001524-segment-1208303279778032257_1360_000_1380_000_with_camera_labels-50.png 1744 840 42
big_dataset_depth/000000001524-segment-1208303279778032257_1360_000_1380_000_with_camera_labels-50.png 1752 856 42
big_dataset_depth/000000001524-segment-1208303279778032257_1360_000_1380_000_with_camera_labels-50.png 1760 848 42
big_dataset_depth/000000001524-segment-1208303279778032257_1360_000_1380_000_with_camera_labels-50.png 1768 856 42
big_dataset_depth/000000001524-segment-1208303279778032257_1360_000_1380_000_with_camera_labels-50.png 1776 848 42
big_dataset_depth/000000001524-segment-1208303279778032257_1360_000_1380_000_with_camera_labels-50.png 1784 856 42
big_dataset_depth/000000001524-segment-1208303279778032257_1360_000_1380_000_with_camera_labels-50.png 1792 848 43
big_dataset_depth/000000001524-segment-1208303279778032257_1360_000_1380_000_with_camera_labels-50.png 1800 856 42
big_dataset_depth/000000001524-segment-1208303279778032257_1360_000_1380_000_with_camera_labels-50.png 1808 848 43
big_dataset_depth/000000001524-segment-1208303279778032257_1360_000_1380_000_with_camera_labels-50.png 1816 848 43
big_dataset_depth/000000001524-segment-1208303279778032257_1360_000_1380_000_with_camera_labels-50.png 1824 848 43
big_dataset_depth/000000001524-segment-1208303279778032257_1360_000_1380_000_with_camera_labels-50.png 1832 856 43
big_dataset_depth/000000001524-segment-1208303279778032257_1360_000_1380_000_with_camera_labels-50.png 1840 856 42
big_dataset_depth/000000001524-segment-1208303279778032257_1360_000_1380_000_with_camera_labels-50.png 1848 856 42
big_dataset_depth/000000001524-segment-1208303279778032257_1360_000_1380_000_with_camera_labels-50.png 1856 840 43
big_dataset_depth/000000001524-segment-1208303279778032257_1360_000_1380_000_with_camera_labels-50.png 1864 856 42
big_dataset_depth/000000001524-segment-1208303279778032257_1360_000_1380_000_with_camera_labels-50.png 1880 848 42
big_dataset_depth/000000001524-segment-1208303279778032257_1360_000_1380_000_with_camera_labels-50.png 1888 856 41
big_dataset_depth/000000001524-segment-1208303279778032257_1360_000_1380_000_with_camera_labels-50.png 1896 840 43
big_dataset_depth/000000001524-segment-1208303279778032257_1360_000_1380_000_with_camera_labels-50.png 1904 856 42
big_dataset_depth/000000001524-segment-1208303279778032257_1360_000_1380_000_with_camera_labels-50.png 1912 832 45
