big_dataset_depth/000000000370-segment-10241508783381919015_2889_360_2909_360_with_camera_labels-100.png 0 968 22
big_dataset_depth/000000000370-segment-10241508783381919015_2889_360_2909_360_with_camera_labels-100.png 8 1040 20
big_dataset_depth/000000000370-segment-10241508783381919015_2889_360_2909_360_with_camera_labels-100.png 16 1032 20
big_dataset_depth/000000000370-segment-10241508783381919015_2889_360_2909_360_with_camera_labels-100.png 24 1048 19
big_dataset_depth/000000000370-segment-10241508783381919015_2889_360_2909_360_with_camera_labels-100.png 32 1088 18
big_dataset_depth/000000000370-segment-10241508783381919015_2889_360_2909_360_with_camera_labels-100.png 40 1088 18
big_dataset_depth/000000000370-segment-10241508783381919015_2889_360_2909_360_with_camera_labels-100.png 56 1008 21
big_dataset_depth/000000000370-segment-10241508783381919015_2889_360_2909_360_with_camera_labels-100.png 64 1048 19
big_dataset_depth/000000000370-segment-10241508783381919015_2889_360_2909_360_with_camera_labels-100.png 72 1064 19
big_dataset_depth/000000000370-segment-10241508783381919015_2889_360_2909_360_with_camera_labels-100.png 80 1064 19
big_dataset_depth/000000000370-segment-10241508783381919015_2889_360_2909_360_with_camera_labels-100.png 88 1064 19
big_dataset_depth/000000000370-segment-10241508783381919015_2889_360_2909_360_with_camera_labels-100.png 96 1064 19
big_dataset_depth/000000000370-segment-10241508783381919015_2889_360_2909_360_with_camera_labels-100.png 104 1008 20
big_dataset_depth/000000000370-segment-10241508783381919015_2889_360_2909_360_with_camera_labels-100.png 112 1064 19
big_dataset_depth/000000000370-segment-10241508783381919015_2889_360_2909_360_with_camera_labels-100.png 120 1008 21
big_dataset_depth/000000000370-segment-10241508783381919015_2889_360_2909_360_with_camera_labels-100.png 128 1016 20
big_dataset_depth/000000000370-segment-10241508783381919015_2889_360_2909_360_with_camera_labels-100.png 136 1040 20
big_dataset_depth/000000000370-segment-10241508783381919015_2889_360_2909_360_with_camera_labels-100.png 144 1040 20
big_dataset_depth/000000000370-segment-10241508783381919015_2889_360_2909_360_with_camera_labels-100.png 152 1016 20
big_dataset_depth/000000000370-segment-10241508783381919015_2889_360_2909_360_with_camera_labels-100.png 160 1040 20
big_dataset_depth/000000000370-segment-10241508783381919015_2889_360_2909_360_with_camera_labels-100.png 168 1008 21
big_dataset_depth/000000000370-segment-10241508783381919015_2889_360_2909_360_with_camera_labels-100.png 176 992 21
big_dataset_depth/000000000370-segment-10241508783381919015_2889_360_2909_360_with_camera_labels-100.png 184 992 21
big_dataset_depth/000000000370-segment-10241508783381919015_2889_360_2909_360_with_camera_labels-100.png 192 1008 21
big_dataset_depth/000000000370-segment-10241508783381919015_2889_360_2909_360_with_camera_labels-100.png 200 1024 21
big_dataset_depth/000000000370-segment-10241508783381919015_2889_360_2909_360_with_camera_labels-100.png 208 1024 21
big_dataset_depth/000000000370-segment-10241508783381919015_2889_360_2909_360_with_camera_labels-100.png 216 1024 21
big_dataset_depth/000000000370-segment-10241508783381919015_2889_360_2909_360_with_camera_labels-100.png 224 1024 21
big_dataset_depth/000000000370-segment-10241508783381919015_2889_360_2909_360_with_camera_labels-100.png 232 920 22
big_dataset_depth/000000000370-segment-10241508783381919015_2889_360_2909_360_with_camera_labels-100.png 240 952 24
big_dataset_depth/000000000370-segment-10241508783381919015_2889_360_2909_360_with_camera_labels-100.png 248 976 23
big_dataset_depth/000000000370-segment-10241508783381919015_2889_360_2909_360_with_camera_labels-100.png 256 1000 22
big_dataset_depth/000000000370-segment-10241508783381919015_2889_360_2909_360_with_camera_labels-100.png 264 984 22
big_dataset_depth/000000000370-segment-10241508783381919015_2889_360_2909_360_with_camera_labels-100.png 272 1000 22
big_dataset_depth/000000000370-segment-10241508783381919015_2889_360_2909_360_with_camera_labels-100.png 280 1000 22
big_dataset_depth/000000000370-segment-10241508783381919015_2889_360_2909_360_with_camera_labels-100.png 288 968 23
big_dataset_depth/000000000370-segment-10241508783381919015_2889_360_2909_360_with_camera_labels-100.png 296 952 24
big_dataset_depth/000000000370-segment-10241508783381919015_2889_360_2909_360_with_camera_labels-100.png 304 968 23
big_dataset_depth/000000000370-segment-10241508783381919015_2889_360_2909_360_with_camera_labels-100.png 312 984 23
big_dataset_depth/000000000370-segment-10241508783381919015_2889_360_2909_360_with_camera_labels-100.png 320 984 23
big_dataset_depth/000000000370-segment-10241508783381919015_2889_360_2909_360_with_camera_labels-100.png 336 936 24
big_dataset_depth/000000000370-segment-10241508783381919015_2889_360_2909_360_with_camera_labels-100.png 344 944 24
big_dataset_depth/000000000370-segment-10241508783381919015_2889_360_2909_360_with_camera_labels-100.png 352 968 24
big_dataset_depth/000000000370-segment-10241508783381919015_2889_360_2909_360_with_camera_labels-100.png 360 968 24
big_dataset_depth/000000000370-segment-10241508783381919015_2889_360_2909_360_with_camera_labels-100.png 368 936 24
big_dataset_depth/000000000370-segment-10241508783381919015_2889_360_2909_360_with_camera_labels-100.png 376 952 25
big_dataset_depth/000000000370-segment-10241508783381919015_2889_360_2909_360_with_camera_labels-100.png 384 936 25
big_dataset_depth/000000000370-segment-10241508783381919015_2889_360_2909_360_with_camera_labels-100.png 392 920 26
big_dataset_depth/000000000370-segment-10241508783381919015_2889_360_2909_360_with_camera_labels-100.png 400 936 25
big_dataset_depth/000000000370-segment-10241508783381919015_2889_360_2909_360_with_camera_labels-100.png 408 944 25
big_dataset_depth/000000000370-segment-10241508783381919015_2889_360_2909_360_with_camera_labels-100.png 416 936 26
big_dataset_depth/000000000370-segment-10241508783381919015_2889_360_2909_360_with_camera_labels-100.png 424 912 27
big_dataset_depth/000000000370-segment-10241508783381919015_2889_360_2909_360_with_camera_labels-100.png 432 920 27
big_dataset_depth/000000000370-segment-10241508783381919015_2889_360_2909_360_with_camera_labels-100.png 440 928 26
big_dataset_depth/000000000370-segment-10241508783381919015_2889_360_2909_360_with_camera_labels-100.png 448 928 27
big_dataset_depth/000000000370-segment-10241508783381919015_2889_360_2909_360_with_camera_labels-100.png 464 672 26
big_dataset_depth/000000000370-segment-10241508783381919015_2889_360_2909_360_with_camera_labels-100.png 480 752 70
big_dataset_depth/000000000370-segment-10241508783381919015_2889_360_2909_360_with_camera_labels-100.png 496 760 71
big_dataset_depth/000000000370-segment-10241508783381919015_2889_360_2909_360_with_camera_labels-100.png 504 752 71
big_dataset_depth/000000000370-segment-10241508783381919015_2889_360_2909_360_with_camera_labels-100.png 512 744 79
big_dataset_depth/000000000370-segment-10241508783381919015_2889_360_2909_360_with_camera_labels-100.png 520 744 78
big_dataset_depth/000000000370-segment-10241508783381919015_2889_360_2909_360_with_camera_labels-100.png 528 752 77
big_dataset_depth/000000000370-segment-10241508783381919015_2889_360_2909_360_with_camera_labels-100.png 536 744 75
big_dataset_depth/000000000370-segment-10241508783381919015_2889_360_2909_360_with_camera_labels-100.png 544 752 68
big_dataset_depth/000000000370-segment-10241508783381919015_2889_360_2909_360_with_camera_labels-100.png 552 768 68
big_dataset_depth/000000000370-segment-10241508783381919015_2889_360_2909_360_with_camera_labels-100.png 560 760 54
big_dataset_depth/000000000370-segment-10241508783381919015_2889_360_2909_360_with_camera_labels-100.png 568 768 47
big_dataset_depth/000000000370-segment-10241508783381919015_2889_360_2909_360_with_camera_labels-100.png 576 800 47
big_dataset_depth/000000000370-segment-10241508783381919015_2889_360_2909_360_with_camera_labels-100.png 584 800 47
big_dataset_depth/000000000370-segment-10241508783381919015_2889_360_2909_360_with_camera_labels-100.png 592 808 47
big_dataset_depth/000000000370-segment-10241508783381919015_2889_360_2909_360_with_camera_labels-100.png 600 808 46
big_dataset_depth/000000000370-segment-10241508783381919015_2889_360_2909_360_with_camera_labels-100.png 608 808 46
big_dataset_depth/000000000370-segment-10241508783381919015_2889_360_2909_360_with_camera_labels-100.png 616 792 46
big_dataset_depth/000000000370-segment-10241508783381919015_2889_360_2909_360_with_camera_labels-100.png 624 792 44
big_dataset_depth/000000000370-segment-10241508783381919015_2889_360_2909_360_with_camera_labels-100.png 632 808 44
big_dataset_depth/000000000370-segment-10241508783381919015_2889_360_2909_360_with_camera_labels-100.png 640 808 43
big_dataset_depth/000000000370-segment-10241508783381919015_2889_360_2909_360_with_camera_labels-100.png 648 824 43
big_dataset_depth/000000000370-segment-10241508783381919015_2889_360_2909_360_with_camera_labels-100.png 656 824 42
big_dataset_depth/000000000370-segment-10241508783381919015_2889_360_2909_360_with_camera_labels-100.png 664 808 42
big_dataset_depth/000000000370-segment-10241508783381919015_2889_360_2909_360_with_camera_labels-100.png 672 824 42
big_dataset_depth/000000000370-segment-10241508783381919015_2889_360_2909_360_with_camera_labels-100.png 680 824 42
big_dataset_depth/000000000370-segment-10241508783381919015_2889_360_2909_360_with_camera_labels-100.png 688 824 42
big_dataset_depth/000000000370-segment-10241508783381919015_2889_360_2909_360_with_camera_labels-100.png 696 824 40
big_dataset_depth/000000000370-segment-10241508783381919015_2889_360_2909_360_with_camera_labels-100.png 704 848 40
big_dataset_depth/000000000370-segment-10241508783381919015_2889_360_2909_360_with_camera_labels-100.png 712 816 41
big_dataset_depth/000000000370-segment-10241508783381919015_2889_360_2909_360_with_camera_labels-100.png 720 808 42
big_dataset_depth/000000000370-segment-10241508783381919015_2889_360_2909_360_with_camera_labels-100.png 728 808 42
big_dataset_depth/000000000370-segment-10241508783381919015_2889_360_2909_360_with_camera_labels-100.png 736 824 43
big_dataset_depth/000000000370-segment-10241508783381919015_2889_360_2909_360_with_camera_labels-100.png 744 808 45
big_dataset_depth/000000000370-segment-10241508783381919015_2889_360_2909_360_with_camera_labels-100.png 752 808 46
big_dataset_depth/000000000370-segment-10241508783381919015_2889_360_2909_360_with_camera_labels-100.png 760 808 46
big_dataset_depth/000000000370-segment-10241508783381919015_2889_360_2909_360_with_camera_labels-100.png 768 792 46
big_dataset_depth/000000000370-segment-10241508783381919015_2889_360_2909_360_with_camera_labels-100.png 776 800 49
big_dataset_depth/000000000370-segment-10241508783381919015_2889_360_2909_360_with_camera_labels-100.png 784 800 50
big_dataset_depth/000000000370-segment-10241508783381919015_2889_360_2909_360_with_camera_labels-100.png 792 792 52
big_dataset_depth/000000000370-segment-10241508783381919015_2889_360_2909_360_with_camera_labels-100.png 800 792 52
big_dataset_depth/000000000370-segment-10241508783381919015_2889_360_2909_360_with_camera_labels-100.png 808 792 52
big_dataset_depth/000000000370-segment-10241508783381919015_2889_360_2909_360_with_camera_labels-100.png 816 760 52
big_dataset_depth/000000000370-segment-10241508783381919015_2889_360_2909_360_with_camera_labels-100.png 824 760 71
big_dataset_depth/000000000370-segment-10241508783381919015_2889_360_2909_360_with_camera_labels-100.png 832 752 70
big_dataset_depth/000000000370-segment-10241508783381919015_2889_360_2909_360_with_camera_labels-100.png 840 760 69
big_dataset_depth/000000000370-segment-10241508783381919015_2889_360_2909_360_with_camera_labels-100.png 848 752 68
big_dataset_depth/000000000370-segment-10241508783381919015_2889_360_2909_360_with_camera_labels-100.png 856 736 69
big_dataset_depth/000000000370-segment-10241508783381919015_2889_360_2909_360_with_camera_labels-100.png 864 744 66
big_dataset_depth/000000000370-segment-10241508783381919015_2889_360_2909_360_with_camera_labels-100.png 872 736 69
big_dataset_depth/000000000370-segment-10241508783381919015_2889_360_2909_360_with_camera_labels-100.png 880 768 68
big_dataset_depth/000000000370-segment-10241508783381919015_2889_360_2909_360_with_camera_labels-100.png 888 768 68
big_dataset_depth/000000000370-segment-10241508783381919015_2889_360_2909_360_with_camera_labels-100.png 896 760 69
big_dataset_depth/000000000370-segment-10241508783381919015_2889_360_2909_360_with_camera_labels-100.png 904 760 72
big_dataset_depth/000000000370-segment-10241508783381919015_2889_360_2909_360_with_camera_labels-100.png 912 760 74
big_dataset_depth/000000000370-segment-10241508783381919015_2889_360_2909_360_with_camera_labels-100.png 920 760 76
big_dataset_depth/000000000370-segment-10241508783381919015_2889_360_2909_360_with_camera_labels-100.png 928 728 77
big_dataset_depth/000000000370-segment-10241508783381919015_2889_360_2909_360_with_camera_labels-100.png 936 736 100
big_dataset_depth/000000000370-segment-10241508783381919015_2889_360_2909_360_with_camera_labels-100.png 944 736 99
big_dataset_depth/000000000370-segment-10241508783381919015_2889_360_2909_360_with_camera_labels-100.png 952 736 98
big_dataset_depth/000000000370-segment-10241508783381919015_2889_360_2909_360_with_camera_labels-100.png 960 736 97
big_dataset_depth/000000000370-segment-10241508783381919015_2889_360_2909_360_with_camera_labels-100.png 968 736 97
big_dataset_depth/000000000370-segment-10241508783381919015_2889_360_2909_360_with_camera_labels-100.png 976 736 97
big_dataset_depth/000000000370-segment-10241508783381919015_2889_360_2909_360_with_camera_labels-100.png 984 728 97
big_dataset_depth/000000000370-segment-10241508783381919015_2889_360_2909_360_with_camera_labels-100.png 992 736 98
big_dataset_depth/000000000370-segment-10241508783381919015_2889_360_2909_360_with_camera_labels-100.png 1000 736 98
big_dataset_depth/000000000370-segment-10241508783381919015_2889_360_2909_360_with_camera_labels-100.png 1040 688 99
big_dataset_depth/000000000370-segment-10241508783381919015_2889_360_2909_360_with_camera_labels-100.png 1048 744 103
big_dataset_depth/000000000370-segment-10241508783381919015_2889_360_2909_360_with_camera_labels-100.png 1056 744 103
big_dataset_depth/000000000370-segment-10241508783381919015_2889_360_2909_360_with_camera_labels-100.png 1064 744 102
big_dataset_depth/000000000370-segment-10241508783381919015_2889_360_2909_360_with_camera_labels-100.png 1072 744 102
big_dataset_depth/000000000370-segment-10241508783381919015_2889_360_2909_360_with_camera_labels-100.png 1080 744 101
big_dataset_depth/000000000370-segment-10241508783381919015_2889_360_2909_360_with_camera_labels-100.png 1088 744 100
big_dataset_depth/000000000370-segment-10241508783381919015_2889_360_2909_360_with_camera_labels-100.png 1096 736 100
big_dataset_depth/000000000370-segment-10241508783381919015_2889_360_2909_360_with_camera_labels-100.png 1104 744 100
big_dataset_depth/000000000370-segment-10241508783381919015_2889_360_2909_360_with_camera_labels-100.png 1112 744 100
big_dataset_depth/000000000370-segment-10241508783381919015_2889_360_2909_360_with_camera_labels-100.png 1120 736 100
big_dataset_depth/000000000370-segment-10241508783381919015_2889_360_2909_360_with_camera_labels-100.png 1128 744 99
big_dataset_depth/000000000370-segment-10241508783381919015_2889_360_2909_360_with_camera_labels-100.png 1136 744 96
big_dataset_depth/000000000370-segment-10241508783381919015_2889_360_2909_360_with_camera_labels-100.png 1144 744 96
big_dataset_depth/000000000370-segment-10241508783381919015_2889_360_2909_360_with_camera_labels-100.png 1152 744 96
big_dataset_depth/000000000370-segment-10241508783381919015_2889_360_2909_360_with_camera_labels-100.png 1160 744 96
big_dataset_depth/000000000370-segment-10241508783381919015_2889_360_2909_360_with_camera_labels-100.png 1168 736 96
big_dataset_depth/000000000370-segment-10241508783381919015_2889_360_2909_360_with_camera_labels-100.png 1176 744 95
big_dataset_depth/000000000370-segment-10241508783381919015_2889_360_2909_360_with_camera_labels-100.png 1184 752 95
big_dataset_depth/000000000370-segment-10241508783381919015_2889_360_2909_360_with_camera_labels-100.png 1192 744 95
big_dataset_depth/000000000370-segment-10241508783381919015_2889_360_2909_360_with_camera_labels-100.png 1200 744 95
big_dataset_depth/000000000370-segment-10241508783381919015_2889_360_2909_360_with_camera_labels-100.png 1208 744 96
big_dataset_depth/000000000370-segment-10241508783381919015_2889_360_2909_360_with_camera_labels-100.png 1216 744 96
big_dataset_depth/000000000370-segment-10241508783381919015_2889_360_2909_360_with_camera_labels-100.png 1224 744 96
big_dataset_depth/000000000370-segment-10241508783381919015_2889_360_2909_360_with_camera_labels-100.png 1232 712 87
big_dataset_depth/000000000370-segment-10241508783381919015_2889_360_2909_360_with_camera_labels-100.png 1240 688 79
big_dataset_depth/000000000370-segment-10241508783381919015_2889_360_2909_360_with_camera_labels-100.png 1248 744 99
big_dataset_depth/000000000370-segment-10241508783381919015_2889_360_2909_360_with_camera_labels-100.png 1256 712 83
big_dataset_depth/000000000370-segment-10241508783381919015_2889_360_2909_360_with_camera_labels-100.png 1264 696 78
big_dataset_depth/000000000370-segment-10241508783381919015_2889_360_2909_360_with_camera_labels-100.png 1272 688 78
big_dataset_depth/000000000370-segment-10241508783381919015_2889_360_2909_360_with_camera_labels-100.png 1280 752 76
big_dataset_depth/000000000370-segment-10241508783381919015_2889_360_2909_360_with_camera_labels-100.png 1288 744 79
big_dataset_depth/000000000370-segment-10241508783381919015_2889_360_2909_360_with_camera_labels-100.png 1296 752 77
big_dataset_depth/000000000370-segment-10241508783381919015_2889_360_2909_360_with_camera_labels-100.png 1304 768 74
big_dataset_depth/000000000370-segment-10241508783381919015_2889_360_2909_360_with_camera_labels-100.png 1312 776 72
big_dataset_depth/000000000370-segment-10241508783381919015_2889_360_2909_360_with_camera_labels-100.png 1320 768 70
big_dataset_depth/000000000370-segment-10241508783381919015_2889_360_2909_360_with_camera_labels-100.png 1328 784 65
big_dataset_depth/000000000370-segment-10241508783381919015_2889_360_2909_360_with_camera_labels-100.png 1336 776 65
big_dataset_depth/000000000370-segment-10241508783381919015_2889_360_2909_360_with_camera_labels-100.png 1344 776 65
big_dataset_depth/000000000370-segment-10241508783381919015_2889_360_2909_360_with_camera_labels-100.png 1352 784 64
big_dataset_depth/000000000370-segment-10241508783381919015_2889_360_2909_360_with_camera_labels-100.png 1360 776 64
big_dataset_depth/000000000370-segment-10241508783381919015_2889_360_2909_360_with_camera_labels-100.png 1368 712 70
big_dataset_depth/000000000370-segment-10241508783381919015_2889_360_2909_360_with_camera_labels-100.png 1376 784 64
big_dataset_depth/000000000370-segment-10241508783381919015_2889_360_2909_360_with_camera_labels-100.png 1384 784 64
big_dataset_depth/000000000370-segment-10241508783381919015_2889_360_2909_360_with_camera_labels-100.png 1416 808 20
big_dataset_depth/000000000370-segment-10241508783381919015_2889_360_2909_360_with_camera_labels-100.png 1424 944 22
big_dataset_depth/000000000370-segment-10241508783381919015_2889_360_2909_360_with_camera_labels-100.png 1432 1016 21
big_dataset_depth/000000000370-segment-10241508783381919015_2889_360_2909_360_with_camera_labels-100.png 1440 1016 21
big_dataset_depth/000000000370-segment-10241508783381919015_2889_360_2909_360_with_camera_labels-100.png 1448 944 20
big_dataset_depth/000000000370-segment-10241508783381919015_2889_360_2909_360_with_camera_labels-100.png 1456 968 20
big_dataset_depth/000000000370-segment-10241508783381919015_2889_360_2909_360_with_camera_labels-100.png 1464 976 20
big_dataset_depth/000000000370-segment-10241508783381919015_2889_360_2909_360_with_camera_labels-100.png 1472 944 19
big_dataset_depth/000000000370-segment-10241508783381919015_2889_360_2909_360_with_camera_labels-100.png 1480 976 19
big_dataset_depth/000000000370-segment-10241508783381919015_2889_360_2909_360_with_camera_labels-100.png 1488 1008 18
big_dataset_depth/000000000370-segment-10241508783381919015_2889_360_2909_360_with_camera_labels-100.png 1504 944 17
big_dataset_depth/000000000370-segment-10241508783381919015_2889_360_2909_360_with_camera_labels-100.png 1512 1112 16
big_dataset_depth/000000000370-segment-10241508783381919015_2889_360_2909_360_with_camera_labels-100.png 1520 1152 16
big_dataset_depth/000000000370-segment-10241508783381919015_2889_360_2909_360_with_camera_labels-100.png 1528 1152 16
big_dataset_depth/000000000370-segment-10241508783381919015_2889_360_2909_360_with_camera_labels-100.png 1536 1152 16
big_dataset_depth/000000000370-segment-10241508783381919015_2889_360_2909_360_with_camera_labels-100.png 1544 1160 16
big_dataset_depth/000000000370-segment-10241508783381919015_2889_360_2909_360_with_camera_labels-100.png 1552 1152 16
big_dataset_depth/000000000370-segment-10241508783381919015_2889_360_2909_360_with_camera_labels-100.png 1560 1152 16
big_dataset_depth/000000000370-segment-10241508783381919015_2889_360_2909_360_with_camera_labels-100.png 1568 1152 16
big_dataset_depth/000000000370-segment-10241508783381919015_2889_360_2909_360_with_camera_labels-100.png 1576 1160 16
big_dataset_depth/000000000370-segment-10241508783381919015_2889_360_2909_360_with_camera_labels-100.png 1584 1152 16
big_dataset_depth/000000000370-segment-10241508783381919015_2889_360_2909_360_with_camera_labels-100.png 1592 1144 16
big_dataset_depth/000000000370-segment-10241508783381919015_2889_360_2909_360_with_camera_labels-100.png 1608 1136 17
big_dataset_depth/000000000370-segment-10241508783381919015_2889_360_2909_360_with_camera_labels-100.png 1616 1056 15
big_dataset_depth/000000000370-segment-10241508783381919015_2889_360_2909_360_with_camera_labels-100.png 1632 1096 16
big_dataset_depth/000000000370-segment-10241508783381919015_2889_360_2909_360_with_camera_labels-100.png 1640 1064 15
big_dataset_depth/000000000370-segment-10241508783381919015_2889_360_2909_360_with_camera_labels-100.png 1656 1080 15
big_dataset_depth/000000000370-segment-10241508783381919015_2889_360_2909_360_with_camera_labels-100.png 1664 1112 15
big_dataset_depth/000000000370-segment-10241508783381919015_2889_360_2909_360_with_camera_labels-100.png 1680 1056 15
big_dataset_depth/000000000370-segment-10241508783381919015_2889_360_2909_360_with_camera_labels-100.png 1696 1048 15
big_dataset_depth/000000000370-segment-10241508783381919015_2889_360_2909_360_with_camera_labels-100.png 1704 1056 15
big_dataset_depth/000000000370-segment-10241508783381919015_2889_360_2909_360_with_camera_labels-100.png 1712 1056 15
big_dataset_depth/000000000370-segment-10241508783381919015_2889_360_2909_360_with_camera_labels-100.png 1720 1056 15
big_dataset_depth/000000000370-segment-10241508783381919015_2889_360_2909_360_with_camera_labels-100.png 1728 1056 15
big_dataset_depth/000000000370-segment-10241508783381919015_2889_360_2909_360_with_camera_labels-100.png 1736 1048 15
big_dataset_depth/000000000370-segment-10241508783381919015_2889_360_2909_360_with_camera_labels-100.png 1744 1056 15
big_dataset_depth/000000000370-segment-10241508783381919015_2889_360_2909_360_with_camera_labels-100.png 1752 1056 15
big_dataset_depth/000000000370-segment-10241508783381919015_2889_360_2909_360_with_camera_labels-100.png 1760 1048 15
big_dataset_depth/000000000370-segment-10241508783381919015_2889_360_2909_360_with_camera_labels-100.png 1768 1040 15
big_dataset_depth/000000000370-segment-10241508783381919015_2889_360_2909_360_with_camera_labels-100.png 1776 1072 15
big_dataset_depth/000000000370-segment-10241508783381919015_2889_360_2909_360_with_camera_labels-100.png 1784 1104 15
big_dataset_depth/000000000370-segment-10241508783381919015_2889_360_2909_360_with_camera_labels-100.png 1792 1088 15
big_dataset_depth/000000000370-segment-10241508783381919015_2889_360_2909_360_with_camera_labels-100.png 1800 1080 15
big_dataset_depth/000000000370-segment-10241508783381919015_2889_360_2909_360_with_camera_labels-100.png 1808 1088 15
big_dataset_depth/000000000370-segment-10241508783381919015_2889_360_2909_360_with_camera_labels-100.png 1816 1104 15
big_dataset_depth/000000000370-segment-10241508783381919015_2889_360_2909_360_with_camera_labels-100.png 1824 1080 15
big_dataset_depth/000000000370-segment-10241508783381919015_2889_360_2909_360_with_camera_labels-100.png 1832 1104 15
big_dataset_depth/000000000370-segment-10241508783381919015_2889_360_2909_360_with_camera_labels-100.png 1840 1072 15
big_dataset_depth/000000000370-segment-10241508783381919015_2889_360_2909_360_with_camera_labels-100.png 1848 1064 15
big_dataset_depth/000000000370-segment-10241508783381919015_2889_360_2909_360_with_camera_labels-100.png 1856 1056 15
big_dataset_depth/000000000370-segment-10241508783381919015_2889_360_2909_360_with_camera_labels-100.png 1864 880 24
big_dataset_depth/000000000370-segment-10241508783381919015_2889_360_2909_360_with_camera_labels-100.png 1872 1048 15
big_dataset_depth/000000000370-segment-10241508783381919015_2889_360_2909_360_with_camera_labels-100.png 1880 1056 15
big_dataset_depth/000000000370-segment-10241508783381919015_2889_360_2909_360_with_camera_labels-100.png 1888 856 23
big_dataset_depth/000000000370-segment-10241508783381919015_2889_360_2909_360_with_camera_labels-100.png 1896 968 20
big_dataset_depth/000000000370-segment-10241508783381919015_2889_360_2909_360_with_camera_labels-100.png 1904 1024 16
big_dataset_depth/000000000370-segment-10241508783381919015_2889_360_2909_360_with_camera_labels-100.png 1912 1008 20
