big_dataset_depth/000000000433-segment-10391312872392849784_4099_400_4119_400_with_camera_labels-130.png 0 760 74
big_dataset_depth/000000000433-segment-10391312872392849784_4099_400_4119_400_with_camera_labels-130.png 8 776 74
big_dataset_depth/000000000433-segment-10391312872392849784_4099_400_4119_400_with_camera_labels-130.png 16 776 69
big_dataset_depth/000000000433-segment-10391312872392849784_4099_400_4119_400_with_camera_labels-130.png 24 752 60
big_dataset_depth/000000000433-segment-10391312872392849784_4099_400_4119_400_with_camera_labels-130.png 32 768 53
big_dataset_depth/000000000433-segment-10391312872392849784_4099_400_4119_400_with_camera_labels-130.png 40 768 53
big_dataset_depth/000000000433-segment-10391312872392849784_4099_400_4119_400_with_camera_labels-130.png 48 768 53
big_dataset_depth/000000000433-segment-10391312872392849784_4099_400_4119_400_with_camera_labels-130.png 56 744 53
big_dataset_depth/000000000433-segment-10391312872392849784_4099_400_4119_400_with_camera_labels-130.png 64 768 53
big_dataset_depth/000000000433-segment-10391312872392849784_4099_400_4119_400_with_camera_labels-130.png 72 768 53
big_dataset_depth/000000000433-segment-10391312872392849784_4099_400_4119_400_with_camera_labels-130.png 80 776 52
big_dataset_depth/000000000433-segment-10391312872392849784_4099_400_4119_400_with_camera_labels-130.png 88 768 52
big_dataset_depth/000000000433-segment-10391312872392849784_4099_400_4119_400_with_camera_labels-130.png 96 768 53
big_dataset_depth/000000000433-segment-10391312872392849784_4099_400_4119_400_with_camera_labels-130.png 104 760 52
big_dataset_depth/000000000433-segment-10391312872392849784_4099_400_4119_400_with_camera_labels-130.png 112 760 52
big_dataset_depth/000000000433-segment-10391312872392849784_4099_400_4119_400_with_camera_labels-130.png 120 768 53
big_dataset_depth/000000000433-segment-10391312872392849784_4099_400_4119_400_with_camera_labels-130.png 128 776 53
big_dataset_depth/000000000433-segment-10391312872392849784_4099_400_4119_400_with_camera_labels-130.png 136 808 42
big_dataset_depth/000000000433-segment-10391312872392849784_4099_400_4119_400_with_camera_labels-130.png 144 776 53
big_dataset_depth/000000000433-segment-10391312872392849784_4099_400_4119_400_with_camera_labels-130.png 152 760 54
big_dataset_depth/000000000433-segment-10391312872392849784_4099_400_4119_400_with_camera_labels-130.png 160 760 55
big_dataset_depth/000000000433-segment-10391312872392849784_4099_400_4119_400_with_camera_labels-130.png 168 768 57
big_dataset_depth/000000000433-segment-10391312872392849784_4099_400_4119_400_with_camera_labels-130.png 176 872 29
big_dataset_depth/000000000433-segment-10391312872392849784_4099_400_4119_400_with_camera_labels-130.png 184 776 56
big_dataset_depth/000000000433-segment-10391312872392849784_4099_400_4119_400_with_camera_labels-130.png 192 872 28
big_dataset_depth/000000000433-segment-10391312872392849784_4099_400_4119_400_with_camera_labels-130.png 200 872 28
big_dataset_depth/000000000433-segment-10391312872392849784_4099_400_4119_400_with_camera_labels-130.png 208 872 28
big_dataset_depth/000000000433-segment-10391312872392849784_4099_400_4119_400_with_camera_labels-130.png 216 864 28
big_dataset_depth/000000000433-segment-10391312872392849784_4099_400_4119_400_with_camera_labels-130.png 224 856 29
big_dataset_depth/000000000433-segment-10391312872392849784_4099_400_4119_400_with_camera_labels-130.png 232 864 28
big_dataset_depth/000000000433-segment-10391312872392849784_4099_400_4119_400_with_camera_labels-130.png 240 864 28
big_dataset_depth/000000000433-segment-10391312872392849784_4099_400_4119_400_with_camera_labels-130.png 248 864 28
big_dataset_depth/000000000433-segment-10391312872392849784_4099_400_4119_400_with_camera_labels-130.png 256 864 28
big_dataset_depth/000000000433-segment-10391312872392849784_4099_400_4119_400_with_camera_labels-130.png 264 864 28
big_dataset_depth/000000000433-segment-10391312872392849784_4099_400_4119_400_with_camera_labels-130.png 272 864 28
big_dataset_depth/000000000433-segment-10391312872392849784_4099_400_4119_400_with_camera_labels-130.png 280 864 28
big_dataset_depth/000000000433-segment-10391312872392849784_4099_400_4119_400_with_camera_labels-130.png 288 864 28
big_dataset_depth/000000000433-segment-10391312872392849784_4099_400_4119_400_with_camera_labels-130.png 296 864 28
big_dataset_depth/000000000433-segment-10391312872392849784_4099_400_4119_400_with_camera_labels-130.png 304 864 28
big_dataset_depth/000000000433-segment-10391312872392849784_4099_400_4119_400_with_camera_labels-130.png 312 864 28
big_dataset_depth/000000000433-segment-10391312872392849784_4099_400_4119_400_with_camera_labels-130.png 320 864 28
big_dataset_depth/000000000433-segment-10391312872392849784_4099_400_4119_400_with_camera_labels-130.png 328 864 28
big_dataset_depth/000000000433-segment-10391312872392849784_4099_400_4119_400_with_camera_labels-130.png 336 680 87
big_dataset_depth/000000000433-segment-10391312872392849784_4099_400_4119_400_with_camera_labels-130.png 344 696 93
big_dataset_depth/000000000433-segment-10391312872392849784_4099_400_4119_400_with_camera_labels-130.png 360 768 46
big_dataset_depth/000000000433-segment-10391312872392849784_4099_400_4119_400_with_camera_labels-130.png 368 784 50
big_dataset_depth/000000000433-segment-10391312872392849784_4099_400_4119_400_with_camera_labels-130.png 376 784 46
big_dataset_depth/000000000433-segment-10391312872392849784_4099_400_4119_400_with_camera_labels-130.png 384 784 46
big_dataset_depth/000000000433-segment-10391312872392849784_4099_400_4119_400_with_camera_labels-130.png 392 792 40
big_dataset_depth/000000000433-segment-10391312872392849784_4099_400_4119_400_with_camera_labels-130.png 400 808 38
big_dataset_depth/000000000433-segment-10391312872392849784_4099_400_4119_400_with_camera_labels-130.png 408 848 30
big_dataset_depth/000000000433-segment-10391312872392849784_4099_400_4119_400_with_camera_labels-130.png 416 848 30
big_dataset_depth/000000000433-segment-10391312872392849784_4099_400_4119_400_with_camera_labels-130.png 424 848 30
big_dataset_depth/000000000433-segment-10391312872392849784_4099_400_4119_400_with_camera_labels-130.png 432 848 30
big_dataset_depth/000000000433-segment-10391312872392849784_4099_400_4119_400_with_camera_labels-130.png 448 776 46
big_dataset_depth/000000000433-segment-10391312872392849784_4099_400_4119_400_with_camera_labels-130.png 456 776 46
big_dataset_depth/000000000433-segment-10391312872392849784_4099_400_4119_400_with_camera_labels-130.png 464 776 46
big_dataset_depth/000000000433-segment-10391312872392849784_4099_400_4119_400_with_camera_labels-130.png 472 808 39
big_dataset_depth/000000000433-segment-10391312872392849784_4099_400_4119_400_with_camera_labels-130.png 480 832 32
big_dataset_depth/000000000433-segment-10391312872392849784_4099_400_4119_400_with_camera_labels-130.png 488 832 32
big_dataset_depth/000000000433-segment-10391312872392849784_4099_400_4119_400_with_camera_labels-130.png 504 776 46
big_dataset_depth/000000000433-segment-10391312872392849784_4099_400_4119_400_with_camera_labels-130.png 512 776 46
big_dataset_depth/000000000433-segment-10391312872392849784_4099_400_4119_400_with_camera_labels-130.png 520 760 46
big_dataset_depth/000000000433-segment-10391312872392849784_4099_400_4119_400_with_camera_labels-130.png 528 776 46
big_dataset_depth/000000000433-segment-10391312872392849784_4099_400_4119_400_with_camera_labels-130.png 536 776 45
big_dataset_depth/000000000433-segment-10391312872392849784_4099_400_4119_400_with_camera_labels-130.png 544 808 38
big_dataset_depth/000000000433-segment-10391312872392849784_4099_400_4119_400_with_camera_labels-130.png 552 824 35
big_dataset_depth/000000000433-segment-10391312872392849784_4099_400_4119_400_with_camera_labels-130.png 560 792 45
big_dataset_depth/000000000433-segment-10391312872392849784_4099_400_4119_400_with_camera_labels-130.png 568 792 45
big_dataset_depth/000000000433-segment-10391312872392849784_4099_400_4119_400_with_camera_labels-130.png 576 768 45
big_dataset_depth/000000000433-segment-10391312872392849784_4099_400_4119_400_with_camera_labels-130.png 584 776 46
big_dataset_depth/000000000433-segment-10391312872392849784_4099_400_4119_400_with_camera_labels-130.png 592 784 46
big_dataset_depth/000000000433-segment-10391312872392849784_4099_400_4119_400_with_camera_labels-130.png 600 792 45
big_dataset_depth/000000000433-segment-10391312872392849784_4099_400_4119_400_with_camera_labels-130.png 608 776 49
big_dataset_depth/000000000433-segment-10391312872392849784_4099_400_4119_400_with_camera_labels-130.png 616 768 53
big_dataset_depth/000000000433-segment-10391312872392849784_4099_400_4119_400_with_camera_labels-130.png 624 776 49
big_dataset_depth/000000000433-segment-10391312872392849784_4099_400_4119_400_with_camera_labels-130.png 632 768 55
big_dataset_depth/000000000433-segment-10391312872392849784_4099_400_4119_400_with_camera_labels-130.png 640 768 55
big_dataset_depth/000000000433-segment-10391312872392849784_4099_400_4119_400_with_camera_labels-130.png 880 800 40
big_dataset_depth/000000000433-segment-10391312872392849784_4099_400_4119_400_with_camera_labels-130.png 888 776 42
big_dataset_depth/000000000433-segment-10391312872392849784_4099_400_4119_400_with_camera_labels-130.png 896 800 41
big_dataset_depth/000000000433-segment-10391312872392849784_4099_400_4119_400_with_camera_labels-130.png 904 800 40
big_dataset_depth/000000000433-segment-10391312872392849784_4099_400_4119_400_with_camera_labels-130.png 912 792 35
big_dataset_depth/000000000433-segment-10391312872392849784_4099_400_4119_400_with_camera_labels-130.png 920 832 33
big_dataset_depth/000000000433-segment-10391312872392849784_4099_400_4119_400_with_camera_labels-130.png 928 832 31
big_dataset_depth/000000000433-segment-10391312872392849784_4099_400_4119_400_with_camera_labels-130.png 936 832 30
big_dataset_depth/000000000433-segment-10391312872392849784_4099_400_4119_400_with_camera_labels-130.png 944 856 29
big_dataset_depth/000000000433-segment-10391312872392849784_4099_400_4119_400_with_camera_labels-130.png 952 832 30
big_dataset_depth/000000000433-segment-10391312872392849784_4099_400_4119_400_with_camera_labels-130.png 960 848 26
big_dataset_depth/000000000433-segment-10391312872392849784_4099_400_4119_400_with_camera_labels-130.png 968 864 25
big_dataset_depth/000000000433-segment-10391312872392849784_4099_400_4119_400_with_camera_labels-130.png 976 896 25
big_dataset_depth/000000000433-segment-10391312872392849784_4099_400_4119_400_with_camera_labels-130.png 984 896 25
big_dataset_depth/000000000433-segment-10391312872392849784_4099_400_4119_400_with_camera_labels-130.png 992 888 25
big_dataset_depth/000000000433-segment-10391312872392849784_4099_400_4119_400_with_camera_labels-130.png 1000 896 25
big_dataset_depth/000000000433-segment-10391312872392849784_4099_400_4119_400_with_camera_labels-130.png 1008 880 25
big_dataset_depth/000000000433-segment-10391312872392849784_4099_400_4119_400_with_camera_labels-130.png 1016 840 26
big_dataset_depth/000000000433-segment-10391312872392849784_4099_400_4119_400_with_camera_labels-130.png 1024 840 26
big_dataset_depth/000000000433-segment-10391312872392849784_4099_400_4119_400_with_camera_labels-130.png 1032 840 26
big_dataset_depth/000000000433-segment-10391312872392849784_4099_400_4119_400_with_camera_labels-130.png 1040 840 26
big_dataset_depth/000000000433-segment-10391312872392849784_4099_400_4119_400_with_camera_labels-130.png 1048 848 27
big_dataset_depth/000000000433-segment-10391312872392849784_4099_400_4119_400_with_camera_labels-130.png 1056 840 26
big_dataset_depth/000000000433-segment-10391312872392849784_4099_400_4119_400_with_camera_labels-130.png 1064 840 26
big_dataset_depth/000000000433-segment-10391312872392849784_4099_400_4119_400_with_camera_labels-130.png 1072 824 27
big_dataset_depth/000000000433-segment-10391312872392849784_4099_400_4119_400_with_camera_labels-130.png 1080 840 26
big_dataset_depth/000000000433-segment-10391312872392849784_4099_400_4119_400_with_camera_labels-130.png 1088 824 27
big_dataset_depth/000000000433-segment-10391312872392849784_4099_400_4119_400_with_camera_labels-130.png 1096 840 26
big_dataset_depth/000000000433-segment-10391312872392849784_4099_400_4119_400_with_camera_labels-130.png 1104 864 26
big_dataset_depth/000000000433-segment-10391312872392849784_4099_400_4119_400_with_camera_labels-130.png 1112 840 26
big_dataset_depth/000000000433-segment-10391312872392849784_4099_400_4119_400_with_camera_labels-130.png 1120 840 26
big_dataset_depth/000000000433-segment-10391312872392849784_4099_400_4119_400_with_camera_labels-130.png 1128 888 27
big_dataset_depth/000000000433-segment-10391312872392849784_4099_400_4119_400_with_camera_labels-130.png 1136 840 26
big_dataset_depth/000000000433-segment-10391312872392849784_4099_400_4119_400_with_camera_labels-130.png 1144 856 26
big_dataset_depth/000000000433-segment-10391312872392849784_4099_400_4119_400_with_camera_labels-130.png 1152 832 26
big_dataset_depth/000000000433-segment-10391312872392849784_4099_400_4119_400_with_camera_labels-130.png 1160 832 26
big_dataset_depth/000000000433-segment-10391312872392849784_4099_400_4119_400_with_camera_labels-130.png 1168 864 26
big_dataset_depth/000000000433-segment-10391312872392849784_4099_400_4119_400_with_camera_labels-130.png 1176 848 26
big_dataset_depth/000000000433-segment-10391312872392849784_4099_400_4119_400_with_camera_labels-130.png 1184 832 26
big_dataset_depth/000000000433-segment-10391312872392849784_4099_400_4119_400_with_camera_labels-130.png 1192 840 26
big_dataset_depth/000000000433-segment-10391312872392849784_4099_400_4119_400_with_camera_labels-130.png 1200 840 26
big_dataset_depth/000000000433-segment-10391312872392849784_4099_400_4119_400_with_camera_labels-130.png 1208 872 27
big_dataset_depth/000000000433-segment-10391312872392849784_4099_400_4119_400_with_camera_labels-130.png 1216 872 26
big_dataset_depth/000000000433-segment-10391312872392849784_4099_400_4119_400_with_camera_labels-130.png 1224 888 26
big_dataset_depth/000000000433-segment-10391312872392849784_4099_400_4119_400_with_camera_labels-130.png 1232 888 26
big_dataset_depth/000000000433-segment-10391312872392849784_4099_400_4119_400_with_camera_labels-130.png 1240 888 26
big_dataset_depth/000000000433-segment-10391312872392849784_4099_400_4119_400_with_camera_labels-130.png 1248 872 26
big_dataset_depth/000000000433-segment-10391312872392849784_4099_400_4119_400_with_camera_labels-130.png 1256 888 26
big_dataset_depth/000000000433-segment-10391312872392849784_4099_400_4119_400_with_camera_labels-130.png 1264 800 47
big_dataset_depth/000000000433-segment-10391312872392849784_4099_400_4119_400_with_camera_labels-130.png 1272 888 26
big_dataset_depth/000000000433-segment-10391312872392849784_4099_400_4119_400_with_camera_labels-130.png 1280 832 32
big_dataset_depth/000000000433-segment-10391312872392849784_4099_400_4119_400_with_camera_labels-130.png 1288 832 32
big_dataset_depth/000000000433-segment-10391312872392849784_4099_400_4119_400_with_camera_labels-130.png 1296 832 32
big_dataset_depth/000000000433-segment-10391312872392849784_4099_400_4119_400_with_camera_labels-130.png 1304 832 32
big_dataset_depth/000000000433-segment-10391312872392849784_4099_400_4119_400_with_camera_labels-130.png 1312 832 32
big_dataset_depth/000000000433-segment-10391312872392849784_4099_400_4119_400_with_camera_labels-130.png 1320 832 32
big_dataset_depth/000000000433-segment-10391312872392849784_4099_400_4119_400_with_camera_labels-130.png 1328 808 43
big_dataset_depth/000000000433-segment-10391312872392849784_4099_400_4119_400_with_camera_labels-130.png 1336 776 50
big_dataset_depth/000000000433-segment-10391312872392849784_4099_400_4119_400_with_camera_labels-130.png 1352 808 34
big_dataset_depth/000000000433-segment-10391312872392849784_4099_400_4119_400_with_camera_labels-130.png 1360 816 34
big_dataset_depth/000000000433-segment-10391312872392849784_4099_400_4119_400_with_camera_labels-130.png 1368 816 33
big_dataset_depth/000000000433-segment-10391312872392849784_4099_400_4119_400_with_camera_labels-130.png 1376 808 33
big_dataset_depth/000000000433-segment-10391312872392849784_4099_400_4119_400_with_camera_labels-130.png 1384 816 33
big_dataset_depth/000000000433-segment-10391312872392849784_4099_400_4119_400_with_camera_labels-130.png 1392 824 32
big_dataset_depth/000000000433-segment-10391312872392849784_4099_400_4119_400_with_camera_labels-130.png 1400 816 32
big_dataset_depth/000000000433-segment-10391312872392849784_4099_400_4119_400_with_camera_labels-130.png 1408 824 32
big_dataset_depth/000000000433-segment-10391312872392849784_4099_400_4119_400_with_camera_labels-130.png 1416 848 31
big_dataset_depth/000000000433-segment-10391312872392849784_4099_400_4119_400_with_camera_labels-130.png 1424 840 31
big_dataset_depth/000000000433-segment-10391312872392849784_4099_400_4119_400_with_camera_labels-130.png 1432 848 31
big_dataset_depth/000000000433-segment-10391312872392849784_4099_400_4119_400_with_camera_labels-130.png 1440 848 31
big_dataset_depth/000000000433-segment-10391312872392849784_4099_400_4119_400_with_camera_labels-130.png 1448 840 32
big_dataset_depth/000000000433-segment-10391312872392849784_4099_400_4119_400_with_camera_labels-130.png 1456 848 31
big_dataset_depth/000000000433-segment-10391312872392849784_4099_400_4119_400_with_camera_labels-130.png 1464 824 32
big_dataset_depth/000000000433-segment-10391312872392849784_4099_400_4119_400_with_camera_labels-130.png 1472 848 31
big_dataset_depth/000000000433-segment-10391312872392849784_4099_400_4119_400_with_camera_labels-130.png 1480 840 32
big_dataset_depth/000000000433-segment-10391312872392849784_4099_400_4119_400_with_camera_labels-130.png 1488 824 33
big_dataset_depth/000000000433-segment-10391312872392849784_4099_400_4119_400_with_camera_labels-130.png 1496 856 31
big_dataset_depth/000000000433-segment-10391312872392849784_4099_400_4119_400_with_camera_labels-130.png 1504 840 32
big_dataset_depth/000000000433-segment-10391312872392849784_4099_400_4119_400_with_camera_labels-130.png 1512 856 31
big_dataset_depth/000000000433-segment-10391312872392849784_4099_400_4119_400_with_camera_labels-130.png 1520 856 31
big_dataset_depth/000000000433-segment-10391312872392849784_4099_400_4119_400_with_camera_labels-130.png 1528 856 31
big_dataset_depth/000000000433-segment-10391312872392849784_4099_400_4119_400_with_camera_labels-130.png 1536 856 31
big_dataset_depth/000000000433-segment-10391312872392849784_4099_400_4119_400_with_camera_labels-130.png 1544 856 31
big_dataset_depth/000000000433-segment-10391312872392849784_4099_400_4119_400_with_camera_labels-130.png 1552 808 34
big_dataset_depth/000000000433-segment-10391312872392849784_4099_400_4119_400_with_camera_labels-130.png 1560 816 35
big_dataset_depth/000000000433-segment-10391312872392849784_4099_400_4119_400_with_camera_labels-130.png 1568 816 34
big_dataset_depth/000000000433-segment-10391312872392849784_4099_400_4119_400_with_camera_labels-130.png 1576 816 34
big_dataset_depth/000000000433-segment-10391312872392849784_4099_400_4119_400_with_camera_labels-130.png 1584 816 34
big_dataset_depth/000000000433-segment-10391312872392849784_4099_400_4119_400_with_camera_labels-130.png 1592 832 33
big_dataset_depth/000000000433-segment-10391312872392849784_4099_400_4119_400_with_camera_labels-130.png 1600 832 33
big_dataset_depth/000000000433-segment-10391312872392849784_4099_400_4119_400_with_camera_labels-130.png 1608 832 33
big_dataset_depth/000000000433-segment-10391312872392849784_4099_400_4119_400_with_camera_labels-130.png 1616 832 33
big_dataset_depth/000000000433-segment-10391312872392849784_4099_400_4119_400_with_camera_labels-130.png 1624 816 33
big_dataset_depth/000000000433-segment-10391312872392849784_4099_400_4119_400_with_camera_labels-130.png 1632 832 33
big_dataset_depth/000000000433-segment-10391312872392849784_4099_400_4119_400_with_camera_labels-130.png 1640 832 33
big_dataset_depth/000000000433-segment-10391312872392849784_4099_400_4119_400_with_camera_labels-130.png 1648 840 33
big_dataset_depth/000000000433-segment-10391312872392849784_4099_400_4119_400_with_camera_labels-130.png 1656 832 33
big_dataset_depth/000000000433-segment-10391312872392849784_4099_400_4119_400_with_camera_labels-130.png 1664 816 33
big_dataset_depth/000000000433-segment-10391312872392849784_4099_400_4119_400_with_camera_labels-130.png 1672 832 33
big_dataset_depth/000000000433-segment-10391312872392849784_4099_400_4119_400_with_camera_labels-130.png 1680 832 33
big_dataset_depth/000000000433-segment-10391312872392849784_4099_400_4119_400_with_camera_labels-130.png 1688 840 33
big_dataset_depth/000000000433-segment-10391312872392849784_4099_400_4119_400_with_camera_labels-130.png 1696 832 33
big_dataset_depth/000000000433-segment-10391312872392849784_4099_400_4119_400_with_camera_labels-130.png 1704 824 34
big_dataset_depth/000000000433-segment-10391312872392849784_4099_400_4119_400_with_camera_labels-130.png 1712 832 34
big_dataset_depth/000000000433-segment-10391312872392849784_4099_400_4119_400_with_camera_labels-130.png 1720 824 34
big_dataset_depth/000000000433-segment-10391312872392849784_4099_400_4119_400_with_camera_labels-130.png 1728 808 39
big_dataset_depth/000000000433-segment-10391312872392849784_4099_400_4119_400_with_camera_labels-130.png 1736 808 39
big_dataset_depth/000000000433-segment-10391312872392849784_4099_400_4119_400_with_camera_labels-130.png 1744 808 39
big_dataset_depth/000000000433-segment-10391312872392849784_4099_400_4119_400_with_camera_labels-130.png 1752 768 72
big_dataset_depth/000000000433-segment-10391312872392849784_4099_400_4119_400_with_camera_labels-130.png 1760 808 39
big_dataset_depth/000000000433-segment-10391312872392849784_4099_400_4119_400_with_camera_labels-130.png 1768 760 69
big_dataset_depth/000000000433-segment-10391312872392849784_4099_400_4119_400_with_camera_labels-130.png 1776 784 51
big_dataset_depth/000000000433-segment-10391312872392849784_4099_400_4119_400_with_camera_labels-130.png 1784 728 106
big_dataset_depth/000000000433-segment-10391312872392849784_4099_400_4119_400_with_camera_labels-130.png 1800 728 80
big_dataset_depth/000000000433-segment-10391312872392849784_4099_400_4119_400_with_camera_labels-130.png 1808 728 74
big_dataset_depth/000000000433-segment-10391312872392849784_4099_400_4119_400_with_camera_labels-130.png 1816 728 106
big_dataset_depth/000000000433-segment-10391312872392849784_4099_400_4119_400_with_camera_labels-130.png 1824 736 76
big_dataset_depth/000000000433-segment-10391312872392849784_4099_400_4119_400_with_camera_labels-130.png 1832 744 85
big_dataset_depth/000000000433-segment-10391312872392849784_4099_400_4119_400_with_camera_labels-130.png 1840 760 63
big_dataset_depth/000000000433-segment-10391312872392849784_4099_400_4119_400_with_camera_labels-130.png 1848 752 78
big_dataset_depth/000000000433-segment-10391312872392849784_4099_400_4119_400_with_camera_labels-130.png 1856 728 107
big_dataset_depth/000000000433-segment-10391312872392849784_4099_400_4119_400_with_camera_labels-130.png 1872 736 76
big_dataset_depth/000000000433-segment-10391312872392849784_4099_400_4119_400_with_camera_labels-130.png 1880 816 37
big_dataset_depth/000000000433-segment-10391312872392849784_4099_400_4119_400_with_camera_labels-130.png 1888 728 107
big_dataset_depth/000000000433-segment-10391312872392849784_4099_400_4119_400_with_camera_labels-130.png 1896 792 46
big_dataset_depth/000000000433-segment-10391312872392849784_4099_400_4119_400_with_camera_labels-130.png 1904 728 82
big_dataset_depth/000000000433-segment-10391312872392849784_4099_400_4119_400_with_camera_labels-130.png 1912 824 37
