big_dataset_depth/000000002052-segment-12200383401366682847_2552_140_2572_140_with_camera_labels-150.png 32 576 108
big_dataset_depth/000000002052-segment-12200383401366682847_2552_140_2572_140_with_camera_labels-150.png 320 744 91
big_dataset_depth/000000002052-segment-12200383401366682847_2552_140_2572_140_with_camera_labels-150.png 328 744 90
big_dataset_depth/000000002052-segment-12200383401366682847_2552_140_2572_140_with_camera_labels-150.png 344 744 90
big_dataset_depth/000000002052-segment-12200383401366682847_2552_140_2572_140_with_camera_labels-150.png 360 744 90
big_dataset_depth/000000002052-segment-12200383401366682847_2552_140_2572_140_with_camera_labels-150.png 368 744 90
big_dataset_depth/000000002052-segment-12200383401366682847_2552_140_2572_140_with_camera_labels-150.png 376 752 91
big_dataset_depth/000000002052-segment-12200383401366682847_2552_140_2572_140_with_camera_labels-150.png 912 736 77
big_dataset_depth/000000002052-segment-12200383401366682847_2552_140_2572_140_with_camera_labels-150.png 920 744 76
big_dataset_depth/000000002052-segment-12200383401366682847_2552_140_2572_140_with_camera_labels-150.png 928 744 74
big_dataset_depth/000000002052-segment-12200383401366682847_2552_140_2572_140_with_camera_labels-150.png 936 752 73
big_dataset_depth/000000002052-segment-12200383401366682847_2552_140_2572_140_with_camera_labels-150.png 944 752 73
big_dataset_depth/000000002052-segment-12200383401366682847_2552_140_2572_140_with_camera_labels-150.png 952 752 73
big_dataset_depth/000000002052-segment-12200383401366682847_2552_140_2572_140_with_camera_labels-150.png 960 736 72
big_dataset_depth/000000002052-segment-12200383401366682847_2552_140_2572_140_with_camera_labels-150.png 968 736 72
big_dataset_depth/000000002052-segment-12200383401366682847_2552_140_2572_140_with_camera_labels-150.png 976 736 72
big_dataset_depth/000000002052-segment-12200383401366682847_2552_140_2572_140_with_camera_labels-150.png 984 744 73
big_dataset_depth/000000002052-segment-12200383401366682847_2552_140_2572_140_with_camera_labels-150.png 992 744 73
big_dataset_depth/000000002052-segment-12200383401366682847_2552_140_2572_140_with_camera_labels-150.png 1000 752 73
big_dataset_depth/000000002052-segment-12200383401366682847_2552_140_2572_140_with_camera_labels-150.png 1008 744 82
big_dataset_depth/000000002052-segment-12200383401366682847_2552_140_2572_140_with_camera_labels-150.png 1016 720 100
big_dataset_depth/000000002052-segment-12200383401366682847_2552_140_2572_140_with_camera_labels-150.png 1024 720 98
big_dataset_depth/000000002052-segment-12200383401366682847_2552_140_2572_140_with_camera_labels-150.png 1032 720 96
big_dataset_depth/000000002052-segment-12200383401366682847_2552_140_2572_140_with_camera_labels-150.png 1040 640 90
big_dataset_depth/000000002052-segment-12200383401366682847_2552_140_2572_140_with_camera_labels-150.png 1048 720 90
big_dataset_depth/000000002052-segment-12200383401366682847_2552_140_2572_140_with_camera_labels-150.png 1056 680 90
big_dataset_depth/000000002052-segment-12200383401366682847_2552_140_2572_140_with_camera_labels-150.png 1064 720 90
big_dataset_depth/000000002052-segment-12200383401366682847_2552_140_2572_140_with_camera_labels-150.png 1072 712 97
big_dataset_depth/000000002052-segment-12200383401366682847_2552_140_2572_140_with_camera_labels-150.png 1080 664 97
big_dataset_depth/000000002052-segment-12200383401366682847_2552_140_2572_140_with_camera_labels-150.png 1088 624 91
big_dataset_depth/000000002052-segment-12200383401366682847_2552_140_2572_140_with_camera_labels-150.png 1096 616 91
big_dataset_depth/000000002052-segment-12200383401366682847_2552_140_2572_140_with_camera_labels-150.png 1104 720 95
big_dataset_depth/000000002052-segment-12200383401366682847_2552_140_2572_140_with_camera_labels-150.png 1112 704 103
big_dataset_depth/000000002052-segment-12200383401366682847_2552_140_2572_140_with_camera_labels-150.png 1120 704 103
big_dataset_depth/000000002052-segment-12200383401366682847_2552_140_2572_140_with_camera_labels-150.png 1128 704 100
big_dataset_depth/000000002052-segment-12200383401366682847_2552_140_2572_140_with_camera_labels-150.png 1136 712 95
big_dataset_depth/000000002052-segment-12200383401366682847_2552_140_2572_140_with_camera_labels-150.png 1144 720 93
big_dataset_depth/000000002052-segment-12200383401366682847_2552_140_2572_140_with_camera_labels-150.png 1152 728 85
big_dataset_depth/000000002052-segment-12200383401366682847_2552_140_2572_140_with_camera_labels-150.png 1160 728 85
big_dataset_depth/000000002052-segment-12200383401366682847_2552_140_2572_140_with_camera_labels-150.png 1168 720 85
big_dataset_depth/000000002052-segment-12200383401366682847_2552_140_2572_140_with_camera_labels-150.png 1176 720 85
big_dataset_depth/000000002052-segment-12200383401366682847_2552_140_2572_140_with_camera_labels-150.png 1184 728 84
big_dataset_depth/000000002052-segment-12200383401366682847_2552_140_2572_140_with_camera_labels-150.png 1192 720 85
big_dataset_depth/000000002052-segment-12200383401366682847_2552_140_2572_140_with_camera_labels-150.png 1200 728 85
big_dataset_depth/000000002052-segment-12200383401366682847_2552_140_2572_140_with_camera_labels-150.png 1208 728 85
big_dataset_depth/000000002052-segment-12200383401366682847_2552_140_2572_140_with_camera_labels-150.png 1216 744 67
big_dataset_depth/000000002052-segment-12200383401366682847_2552_140_2572_140_with_camera_labels-150.png 1224 752 65
big_dataset_depth/000000002052-segment-12200383401366682847_2552_140_2572_140_with_camera_labels-150.png 1232 752 65
big_dataset_depth/000000002052-segment-12200383401366682847_2552_140_2572_140_with_camera_labels-150.png 1240 744 72
big_dataset_depth/000000002052-segment-12200383401366682847_2552_140_2572_140_with_camera_labels-150.png 1248 720 86
big_dataset_depth/000000002052-segment-12200383401366682847_2552_140_2572_140_with_camera_labels-150.png 1256 736 77
big_dataset_depth/000000002052-segment-12200383401366682847_2552_140_2572_140_with_camera_labels-150.png 1264 744 72
big_dataset_depth/000000002052-segment-12200383401366682847_2552_140_2572_140_with_camera_labels-150.png 1272 720 81
big_dataset_depth/000000002052-segment-12200383401366682847_2552_140_2572_140_with_camera_labels-150.png 1280 744 71
big_dataset_depth/000000002052-segment-12200383401366682847_2552_140_2572_140_with_camera_labels-150.png 1288 720 80
big_dataset_depth/000000002052-segment-12200383401366682847_2552_140_2572_140_with_camera_labels-150.png 1296 744 68
big_dataset_depth/000000002052-segment-12200383401366682847_2552_140_2572_140_with_camera_labels-150.png 1304 744 68
big_dataset_depth/000000002052-segment-12200383401366682847_2552_140_2572_140_with_camera_labels-150.png 1312 744 67
big_dataset_depth/000000002052-segment-12200383401366682847_2552_140_2572_140_with_camera_labels-150.png 1320 744 67
big_dataset_depth/000000002052-segment-12200383401366682847_2552_140_2572_140_with_camera_labels-150.png 1328 752 66
big_dataset_depth/000000002052-segment-12200383401366682847_2552_140_2572_140_with_camera_labels-150.png 1336 752 64
big_dataset_depth/000000002052-segment-12200383401366682847_2552_140_2572_140_with_camera_labels-150.png 1344 760 61
big_dataset_depth/000000002052-segment-12200383401366682847_2552_140_2572_140_with_camera_labels-150.png 1352 760 61
big_dataset_depth/000000002052-segment-12200383401366682847_2552_140_2572_140_with_camera_labels-150.png 1360 760 61
big_dataset_depth/000000002052-segment-12200383401366682847_2552_140_2572_140_with_camera_labels-150.png 1368 760 60
big_dataset_depth/000000002052-segment-12200383401366682847_2552_140_2572_140_with_camera_labels-150.png 1376 752 59
big_dataset_depth/000000002052-segment-12200383401366682847_2552_140_2572_140_with_camera_labels-150.png 1384 752 58
big_dataset_depth/000000002052-segment-12200383401366682847_2552_140_2572_140_with_camera_labels-150.png 1392 752 58
big_dataset_depth/000000002052-segment-12200383401366682847_2552_140_2572_140_with_camera_labels-150.png 1400 760 57
big_dataset_depth/000000002052-segment-12200383401366682847_2552_140_2572_140_with_camera_labels-150.png 1408 752 57
big_dataset_depth/000000002052-segment-12200383401366682847_2552_140_2572_140_with_camera_labels-150.png 1416 752 56
big_dataset_depth/000000002052-segment-12200383401366682847_2552_140_2572_140_with_camera_labels-150.png 1424 768 56
big_dataset_depth/000000002052-segment-12200383401366682847_2552_140_2572_140_with_camera_labels-150.png 1432 768 55
big_dataset_depth/000000002052-segment-12200383401366682847_2552_140_2572_140_with_camera_labels-150.png 1440 776 54
big_dataset_depth/000000002052-segment-12200383401366682847_2552_140_2572_140_with_camera_labels-150.png 1448 768 55
big_dataset_depth/000000002052-segment-12200383401366682847_2552_140_2572_140_with_camera_labels-150.png 1456 768 55
big_dataset_depth/000000002052-segment-12200383401366682847_2552_140_2572_140_with_camera_labels-150.png 1464 744 62
big_dataset_depth/000000002052-segment-12200383401366682847_2552_140_2572_140_with_camera_labels-150.png 1472 720 66
big_dataset_depth/000000002052-segment-12200383401366682847_2552_140_2572_140_with_camera_labels-150.png 1480 768 54
big_dataset_depth/000000002052-segment-12200383401366682847_2552_140_2572_140_with_camera_labels-150.png 1488 720 67
big_dataset_depth/000000002052-segment-12200383401366682847_2552_140_2572_140_with_camera_labels-150.png 1496 760 54
big_dataset_depth/000000002052-segment-12200383401366682847_2552_140_2572_140_with_camera_labels-150.png 1504 736 57
big_dataset_depth/000000002052-segment-12200383401366682847_2552_140_2572_140_with_camera_labels-150.png 1512 768 54
big_dataset_depth/000000002052-segment-12200383401366682847_2552_140_2572_140_with_camera_labels-150.png 1520 752 58
big_dataset_depth/000000002052-segment-12200383401366682847_2552_140_2572_140_with_camera_labels-150.png 1528 736 62
big_dataset_depth/000000002052-segment-12200383401366682847_2552_140_2572_140_with_camera_labels-150.png 1536 736 65
big_dataset_depth/000000002052-segment-12200383401366682847_2552_140_2572_140_with_camera_labels-150.png 1544 720 71
big_dataset_depth/000000002052-segment-12200383401366682847_2552_140_2572_140_with_camera_labels-150.png 1552 704 72
big_dataset_depth/000000002052-segment-12200383401366682847_2552_140_2572_140_with_camera_labels-150.png 1560 720 71
big_dataset_depth/000000002052-segment-12200383401366682847_2552_140_2572_140_with_camera_labels-150.png 1568 728 69
big_dataset_depth/000000002052-segment-12200383401366682847_2552_140_2572_140_with_camera_labels-150.png 1576 720 72
big_dataset_depth/000000002052-segment-12200383401366682847_2552_140_2572_140_with_camera_labels-150.png 1584 720 72
big_dataset_depth/000000002052-segment-12200383401366682847_2552_140_2572_140_with_camera_labels-150.png 1592 720 72
big_dataset_depth/000000002052-segment-12200383401366682847_2552_140_2572_140_with_camera_labels-150.png 1600 704 73
big_dataset_depth/000000002052-segment-12200383401366682847_2552_140_2572_140_with_camera_labels-150.png 1608 704 74
big_dataset_depth/000000002052-segment-12200383401366682847_2552_140_2572_140_with_camera_labels-150.png 1616 688 82
big_dataset_depth/000000002052-segment-12200383401366682847_2552_140_2572_140_with_camera_labels-150.png 1624 712 76
big_dataset_depth/000000002052-segment-12200383401366682847_2552_140_2572_140_with_camera_labels-150.png 1632 640 93
big_dataset_depth/000000002052-segment-12200383401366682847_2552_140_2572_140_with_camera_labels-150.png 1640 696 76
big_dataset_depth/000000002052-segment-12200383401366682847_2552_140_2572_140_with_camera_labels-150.png 1648 704 86
big_dataset_depth/000000002052-segment-12200383401366682847_2552_140_2572_140_with_camera_labels-150.png 1656 680 72
big_dataset_depth/000000002052-segment-12200383401366682847_2552_140_2572_140_with_camera_labels-150.png 1664 680 93
big_dataset_depth/000000002052-segment-12200383401366682847_2552_140_2572_140_with_camera_labels-150.png 1672 640 93
big_dataset_depth/000000002052-segment-12200383401366682847_2552_140_2572_140_with_camera_labels-150.png 1680 680 92
big_dataset_depth/000000002052-segment-12200383401366682847_2552_140_2572_140_with_camera_labels-150.png 1688 696 82
big_dataset_depth/000000002052-segment-12200383401366682847_2552_140_2572_140_with_camera_labels-150.png 1696 848 37
big_dataset_depth/000000002052-segment-12200383401366682847_2552_140_2572_140_with_camera_labels-150.png 1704 704 80
big_dataset_depth/000000002052-segment-12200383401366682847_2552_140_2572_140_with_camera_labels-150.png 1712 712 73
big_dataset_depth/000000002052-segment-12200383401366682847_2552_140_2572_140_with_camera_labels-150.png 1720 696 80
big_dataset_depth/000000002052-segment-12200383401366682847_2552_140_2572_140_with_camera_labels-150.png 1728 712 74
big_dataset_depth/000000002052-segment-12200383401366682847_2552_140_2572_140_with_camera_labels-150.png 1736 696 83
big_dataset_depth/000000002052-segment-12200383401366682847_2552_140_2572_140_with_camera_labels-150.png 1744 712 74
big_dataset_depth/000000002052-segment-12200383401366682847_2552_140_2572_140_with_camera_labels-150.png 1760 712 74
big_dataset_depth/000000002052-segment-12200383401366682847_2552_140_2572_140_with_camera_labels-150.png 1768 864 35
big_dataset_depth/000000002052-segment-12200383401366682847_2552_140_2572_140_with_camera_labels-150.png 1776 864 35
big_dataset_depth/000000002052-segment-12200383401366682847_2552_140_2572_140_with_camera_labels-150.png 1784 736 70
big_dataset_depth/000000002052-segment-12200383401366682847_2552_140_2572_140_with_camera_labels-150.png 1792 864 35
big_dataset_depth/000000002052-segment-12200383401366682847_2552_140_2572_140_with_camera_labels-150.png 1800 864 35
big_dataset_depth/000000002052-segment-12200383401366682847_2552_140_2572_140_with_camera_labels-150.png 1824 848 35
big_dataset_depth/000000002052-segment-12200383401366682847_2552_140_2572_140_with_camera_labels-150.png 1832 848 35
big_dataset_depth/000000002052-segment-12200383401366682847_2552_140_2572_140_with_camera_labels-150.png 1840 840 35
big_dataset_depth/000000002052-segment-12200383401366682847_2552_140_2572_140_with_camera_labels-150.png 1848 848 35
big_dataset_depth/000000002052-segment-12200383401366682847_2552_140_2572_140_with_camera_labels-150.png 1856 840 35
big_dataset_depth/000000002052-segment-12200383401366682847_2552_140_2572_140_with_camera_labels-150.png 1864 840 35
big_dataset_depth/000000002052-segment-12200383401366682847_2552_140_2572_140_with_camera_labels-150.png 1872 808 47
big_dataset_depth/000000002052-segment-12200383401366682847_2552_140_2572_140_with_camera_labels-150.png 1880 880 33
big_dataset_depth/000000002052-segment-12200383401366682847_2552_140_2572_140_with_camera_labels-150.png 1888 704 78
big_dataset_depth/000000002052-segment-12200383401366682847_2552_140_2572_140_with_camera_labels-150.png 1896 816 39
big_dataset_depth/000000002052-segment-12200383401366682847_2552_140_2572_140_with_camera_labels-150.png 1904 736 66
big_dataset_depth/000000002052-segment-12200383401366682847_2552_140_2572_140_with_camera_labels-150.png 1912 760 60
