big_dataset_depth/000000000132-segment-10072231702153043603_5725_000_5745_000_with_camera_labels-120.png 0 816 52
big_dataset_depth/000000000132-segment-10072231702153043603_5725_000_5745_000_with_camera_labels-120.png 16 728 95
big_dataset_depth/000000000132-segment-10072231702153043603_5725_000_5745_000_with_camera_labels-120.png 24 752 86
big_dataset_depth/000000000132-segment-10072231702153043603_5725_000_5745_000_with_camera_labels-120.png 32 768 81
big_dataset_depth/000000000132-segment-10072231702153043603_5725_000_5745_000_with_camera_labels-120.png 40 760 80
big_dataset_depth/000000000132-segment-10072231702153043603_5725_000_5745_000_with_camera_labels-120.png 48 736 89
big_dataset_depth/000000000132-segment-10072231702153043603_5725_000_5745_000_with_camera_labels-120.png 56 752 80
big_dataset_depth/000000000132-segment-10072231702153043603_5725_000_5745_000_with_camera_labels-120.png 64 744 86
big_dataset_depth/000000000132-segment-10072231702153043603_5725_000_5745_000_with_camera_labels-120.png 72 752 80
big_dataset_depth/000000000132-segment-10072231702153043603_5725_000_5745_000_with_camera_labels-120.png 80 744 87
big_dataset_depth/000000000132-segment-10072231702153043603_5725_000_5745_000_with_camera_labels-120.png 88 752 80
big_dataset_depth/000000000132-segment-10072231702153043603_5725_000_5745_000_with_camera_labels-120.png 96 752 79
big_dataset_depth/000000000132-segment-10072231702153043603_5725_000_5745_000_with_camera_labels-120.png 104 752 80
big_dataset_depth/000000000132-segment-10072231702153043603_5725_000_5745_000_with_camera_labels-120.png 112 768 70
big_dataset_depth/000000000132-segment-10072231702153043603_5725_000_5745_000_with_camera_labels-120.png 120 640 52
big_dataset_depth/000000000132-segment-10072231702153043603_5725_000_5745_000_with_camera_labels-120.png 128 776 67
big_dataset_depth/000000000132-segment-10072231702153043603_5725_000_5745_000_with_camera_labels-120.png 136 760 66
big_dataset_depth/000000000132-segment-10072231702153043603_5725_000_5745_000_with_camera_labels-120.png 144 784 61
big_dataset_depth/000000000132-segment-10072231702153043603_5725_000_5745_000_with_camera_labels-120.png 152 784 61
big_dataset_depth/000000000132-segment-10072231702153043603_5725_000_5745_000_with_camera_labels-120.png 160 776 63
big_dataset_depth/000000000132-segment-10072231702153043603_5725_000_5745_000_with_camera_labels-120.png 168 776 65
big_dataset_depth/000000000132-segment-10072231702153043603_5725_000_5745_000_with_camera_labels-120.png 176 760 65
big_dataset_depth/000000000132-segment-10072231702153043603_5725_000_5745_000_with_camera_labels-120.png 184 760 65
big_dataset_depth/000000000132-segment-10072231702153043603_5725_000_5745_000_with_camera_labels-120.png 192 768 65
big_dataset_depth/000000000132-segment-10072231702153043603_5725_000_5745_000_with_camera_labels-120.png 200 768 65
big_dataset_depth/000000000132-segment-10072231702153043603_5725_000_5745_000_with_camera_labels-120.png 208 768 65
big_dataset_depth/000000000132-segment-10072231702153043603_5725_000_5745_000_with_camera_labels-120.png 216 760 65
big_dataset_depth/000000000132-segment-10072231702153043603_5725_000_5745_000_with_camera_labels-120.png 224 768 65
big_dataset_depth/000000000132-segment-10072231702153043603_5725_000_5745_000_with_camera_labels-120.png 232 768 65
big_dataset_depth/000000000132-segment-10072231702153043603_5725_000_5745_000_with_camera_labels-120.png 240 768 65
big_dataset_depth/000000000132-segment-10072231702153043603_5725_000_5745_000_with_camera_labels-120.png 248 768 66
big_dataset_depth/000000000132-segment-10072231702153043603_5725_000_5745_000_with_camera_labels-120.png 256 768 66
big_dataset_depth/000000000132-segment-10072231702153043603_5725_000_5745_000_with_camera_labels-120.png 264 768 66
big_dataset_depth/000000000132-segment-10072231702153043603_5725_000_5745_000_with_camera_labels-120.png 280 768 67
big_dataset_depth/000000000132-segment-10072231702153043603_5725_000_5745_000_with_camera_labels-120.png 328 752 77
big_dataset_depth/000000000132-segment-10072231702153043603_5725_000_5745_000_with_camera_labels-120.png 336 752 77
big_dataset_depth/000000000132-segment-10072231702153043603_5725_000_5745_000_with_camera_labels-120.png 344 752 77
big_dataset_depth/000000000132-segment-10072231702153043603_5725_000_5745_000_with_camera_labels-120.png 352 752 77
big_dataset_depth/000000000132-segment-10072231702153043603_5725_000_5745_000_with_camera_labels-120.png 360 752 77
big_dataset_depth/000000000132-segment-10072231702153043603_5725_000_5745_000_with_camera_labels-120.png 376 744 81
big_dataset_depth/000000000132-segment-10072231702153043603_5725_000_5745_000_with_camera_labels-120.png 384 752 81
big_dataset_depth/000000000132-segment-10072231702153043603_5725_000_5745_000_with_camera_labels-120.png 392 752 81
big_dataset_depth/000000000132-segment-10072231702153043603_5725_000_5745_000_with_camera_labels-120.png 400 752 81
big_dataset_depth/000000000132-segment-10072231702153043603_5725_000_5745_000_with_camera_labels-120.png 408 752 81
big_dataset_depth/000000000132-segment-10072231702153043603_5725_000_5745_000_with_camera_labels-120.png 416 752 82
big_dataset_depth/000000000132-segment-10072231702153043603_5725_000_5745_000_with_camera_labels-120.png 424 744 82
big_dataset_depth/000000000132-segment-10072231702153043603_5725_000_5745_000_with_camera_labels-120.png 432 752 82
big_dataset_depth/000000000132-segment-10072231702153043603_5725_000_5745_000_with_camera_labels-120.png 440 752 83
big_dataset_depth/000000000132-segment-10072231702153043603_5725_000_5745_000_with_camera_labels-120.png 456 728 91
big_dataset_depth/000000000132-segment-10072231702153043603_5725_000_5745_000_with_camera_labels-120.png 472 728 106
big_dataset_depth/000000000132-segment-10072231702153043603_5725_000_5745_000_with_camera_labels-120.png 480 728 106
big_dataset_depth/000000000132-segment-10072231702153043603_5725_000_5745_000_with_camera_labels-120.png 488 728 107
big_dataset_depth/000000000132-segment-10072231702153043603_5725_000_5745_000_with_camera_labels-120.png 496 720 108
big_dataset_depth/000000000132-segment-10072231702153043603_5725_000_5745_000_with_camera_labels-120.png 928 720 85
big_dataset_depth/000000000132-segment-10072231702153043603_5725_000_5745_000_with_camera_labels-120.png 936 712 85
big_dataset_depth/000000000132-segment-10072231702153043603_5725_000_5745_000_with_camera_labels-120.png 944 712 85
big_dataset_depth/000000000132-segment-10072231702153043603_5725_000_5745_000_with_camera_labels-120.png 952 720 85
big_dataset_depth/000000000132-segment-10072231702153043603_5725_000_5745_000_with_camera_labels-120.png 960 720 85
big_dataset_depth/000000000132-segment-10072231702153043603_5725_000_5745_000_with_camera_labels-120.png 968 712 85
big_dataset_depth/000000000132-segment-10072231702153043603_5725_000_5745_000_with_camera_labels-120.png 976 720 86
big_dataset_depth/000000000132-segment-10072231702153043603_5725_000_5745_000_with_camera_labels-120.png 984 720 86
big_dataset_depth/000000000132-segment-10072231702153043603_5725_000_5745_000_with_camera_labels-120.png 992 712 85
big_dataset_depth/000000000132-segment-10072231702153043603_5725_000_5745_000_with_camera_labels-120.png 1192 664 84
big_dataset_depth/000000000132-segment-10072231702153043603_5725_000_5745_000_with_camera_labels-120.png 1200 728 84
big_dataset_depth/000000000132-segment-10072231702153043603_5725_000_5745_000_with_camera_labels-120.png 1296 736 79
big_dataset_depth/000000000132-segment-10072231702153043603_5725_000_5745_000_with_camera_labels-120.png 1304 704 81
big_dataset_depth/000000000132-segment-10072231702153043603_5725_000_5745_000_with_camera_labels-120.png 1312 736 81
big_dataset_depth/000000000132-segment-10072231702153043603_5725_000_5745_000_with_camera_labels-120.png 1320 728 81
big_dataset_depth/000000000132-segment-10072231702153043603_5725_000_5745_000_with_camera_labels-120.png 1328 712 104
big_dataset_depth/000000000132-segment-10072231702153043603_5725_000_5745_000_with_camera_labels-120.png 1336 720 96
big_dataset_depth/000000000132-segment-10072231702153043603_5725_000_5745_000_with_camera_labels-120.png 1344 728 88
big_dataset_depth/000000000132-segment-10072231702153043603_5725_000_5745_000_with_camera_labels-120.png 1352 736 83
big_dataset_depth/000000000132-segment-10072231702153043603_5725_000_5745_000_with_camera_labels-120.png 1360 712 86
big_dataset_depth/000000000132-segment-10072231702153043603_5725_000_5745_000_with_camera_labels-120.png 1368 720 93
big_dataset_depth/000000000132-segment-10072231702153043603_5725_000_5745_000_with_camera_labels-120.png 1376 712 91
big_dataset_depth/000000000132-segment-10072231702153043603_5725_000_5745_000_with_camera_labels-120.png 1384 728 90
big_dataset_depth/000000000132-segment-10072231702153043603_5725_000_5745_000_with_camera_labels-120.png 1392 720 90
big_dataset_depth/000000000132-segment-10072231702153043603_5725_000_5745_000_with_camera_labels-120.png 1400 712 91
big_dataset_depth/000000000132-segment-10072231702153043603_5725_000_5745_000_with_camera_labels-120.png 1408 728 91
big_dataset_depth/000000000132-segment-10072231702153043603_5725_000_5745_000_with_camera_labels-120.png 1416 736 86
big_dataset_depth/000000000132-segment-10072231702153043603_5725_000_5745_000_with_camera_labels-120.png 1424 728 86
big_dataset_depth/000000000132-segment-10072231702153043603_5725_000_5745_000_with_camera_labels-120.png 1432 736 88
big_dataset_depth/000000000132-segment-10072231702153043603_5725_000_5745_000_with_camera_labels-120.png 1440 736 89
big_dataset_depth/000000000132-segment-10072231702153043603_5725_000_5745_000_with_camera_labels-120.png 1448 736 89
big_dataset_depth/000000000132-segment-10072231702153043603_5725_000_5745_000_with_camera_labels-120.png 1456 736 72
big_dataset_depth/000000000132-segment-10072231702153043603_5725_000_5745_000_with_camera_labels-120.png 1464 720 72
big_dataset_depth/000000000132-segment-10072231702153043603_5725_000_5745_000_with_camera_labels-120.png 1472 744 70
big_dataset_depth/000000000132-segment-10072231702153043603_5725_000_5745_000_with_camera_labels-120.png 1480 632 83
big_dataset_depth/000000000132-segment-10072231702153043603_5725_000_5745_000_with_camera_labels-120.png 1488 736 71
big_dataset_depth/000000000132-segment-10072231702153043603_5725_000_5745_000_with_camera_labels-120.png 1496 736 71
big_dataset_depth/000000000132-segment-10072231702153043603_5725_000_5745_000_with_camera_labels-120.png 1504 728 71
big_dataset_depth/000000000132-segment-10072231702153043603_5725_000_5745_000_with_camera_labels-120.png 1512 736 71
big_dataset_depth/000000000132-segment-10072231702153043603_5725_000_5745_000_with_camera_labels-120.png 1520 736 72
big_dataset_depth/000000000132-segment-10072231702153043603_5725_000_5745_000_with_camera_labels-120.png 1528 736 72
big_dataset_depth/000000000132-segment-10072231702153043603_5725_000_5745_000_with_camera_labels-120.png 1536 728 70
big_dataset_depth/000000000132-segment-10072231702153043603_5725_000_5745_000_with_camera_labels-120.png 1544 784 55
big_dataset_depth/000000000132-segment-10072231702153043603_5725_000_5745_000_with_camera_labels-120.png 1552 760 61
big_dataset_depth/000000000132-segment-10072231702153043603_5725_000_5745_000_with_camera_labels-120.png 1560 736 66
big_dataset_depth/000000000132-segment-10072231702153043603_5725_000_5745_000_with_camera_labels-120.png 1568 736 66
big_dataset_depth/000000000132-segment-10072231702153043603_5725_000_5745_000_with_camera_labels-120.png 1576 736 66
big_dataset_depth/000000000132-segment-10072231702153043603_5725_000_5745_000_with_camera_labels-120.png 1584 744 67
big_dataset_depth/000000000132-segment-10072231702153043603_5725_000_5745_000_with_camera_labels-120.png 1592 736 66
big_dataset_depth/000000000132-segment-10072231702153043603_5725_000_5745_000_with_camera_labels-120.png 1600 744 63
big_dataset_depth/000000000132-segment-10072231702153043603_5725_000_5745_000_with_camera_labels-120.png 1616 736 61
big_dataset_depth/000000000132-segment-10072231702153043603_5725_000_5745_000_with_camera_labels-120.png 1624 752 60
big_dataset_depth/000000000132-segment-10072231702153043603_5725_000_5745_000_with_camera_labels-120.png 1632 736 59
big_dataset_depth/000000000132-segment-10072231702153043603_5725_000_5745_000_with_camera_labels-120.png 1640 744 58
big_dataset_depth/000000000132-segment-10072231702153043603_5725_000_5745_000_with_camera_labels-120.png 1648 752 60
big_dataset_depth/000000000132-segment-10072231702153043603_5725_000_5745_000_with_camera_labels-120.png 1656 752 60
big_dataset_depth/000000000132-segment-10072231702153043603_5725_000_5745_000_with_camera_labels-120.png 1664 744 58
big_dataset_depth/000000000132-segment-10072231702153043603_5725_000_5745_000_with_camera_labels-120.png 1672 744 58
big_dataset_depth/000000000132-segment-10072231702153043603_5725_000_5745_000_with_camera_labels-120.png 1680 728 56
big_dataset_depth/000000000132-segment-10072231702153043603_5725_000_5745_000_with_camera_labels-120.png 1688 760 55
big_dataset_depth/000000000132-segment-10072231702153043603_5725_000_5745_000_with_camera_labels-120.png 1696 768 55
big_dataset_depth/000000000132-segment-10072231702153043603_5725_000_5745_000_with_camera_labels-120.png 1704 768 55
big_dataset_depth/000000000132-segment-10072231702153043603_5725_000_5745_000_with_camera_labels-120.png 1712 768 55
big_dataset_depth/000000000132-segment-10072231702153043603_5725_000_5745_000_with_camera_labels-120.png 1720 816 44
big_dataset_depth/000000000132-segment-10072231702153043603_5725_000_5745_000_with_camera_labels-120.png 1728 760 55
big_dataset_depth/000000000132-segment-10072231702153043603_5725_000_5745_000_with_camera_labels-120.png 1736 752 55
big_dataset_depth/000000000132-segment-10072231702153043603_5725_000_5745_000_with_camera_labels-120.png 1744 768 55
big_dataset_depth/000000000132-segment-10072231702153043603_5725_000_5745_000_with_camera_labels-120.png 1752 768 55
big_dataset_depth/000000000132-segment-10072231702153043603_5725_000_5745_000_with_camera_labels-120.png 1760 768 55
big_dataset_depth/000000000132-segment-10072231702153043603_5725_000_5745_000_with_camera_labels-120.png 1768 760 55
big_dataset_depth/000000000132-segment-10072231702153043603_5725_000_5745_000_with_camera_labels-120.png 1776 768 55
big_dataset_depth/000000000132-segment-10072231702153043603_5725_000_5745_000_with_camera_labels-120.png 1784 832 41
big_dataset_depth/000000000132-segment-10072231702153043603_5725_000_5745_000_with_camera_labels-120.png 1792 768 54
big_dataset_depth/000000000132-segment-10072231702153043603_5725_000_5745_000_with_camera_labels-120.png 1800 768 55
big_dataset_depth/000000000132-segment-10072231702153043603_5725_000_5745_000_with_camera_labels-120.png 1808 760 55
big_dataset_depth/000000000132-segment-10072231702153043603_5725_000_5745_000_with_camera_labels-120.png 1816 760 55
big_dataset_depth/000000000132-segment-10072231702153043603_5725_000_5745_000_with_camera_labels-120.png 1824 752 56
big_dataset_depth/000000000132-segment-10072231702153043603_5725_000_5745_000_with_camera_labels-120.png 1832 760 56
big_dataset_depth/000000000132-segment-10072231702153043603_5725_000_5745_000_with_camera_labels-120.png 1840 768 55
big_dataset_depth/000000000132-segment-10072231702153043603_5725_000_5745_000_with_camera_labels-120.png 1848 784 53
big_dataset_depth/000000000132-segment-10072231702153043603_5725_000_5745_000_with_camera_labels-120.png 1856 856 37
big_dataset_depth/000000000132-segment-10072231702153043603_5725_000_5745_000_with_camera_labels-120.png 1864 856 37
big_dataset_depth/000000000132-segment-10072231702153043603_5725_000_5745_000_with_camera_labels-120.png 1872 856 36
big_dataset_depth/000000000132-segment-10072231702153043603_5725_000_5745_000_with_camera_labels-120.png 1880 856 36
big_dataset_depth/000000000132-segment-10072231702153043603_5725_000_5745_000_with_camera_labels-120.png 1888 824 41
big_dataset_depth/000000000132-segment-10072231702153043603_5725_000_5745_000_with_camera_labels-120.png 1896 680 70
big_dataset_depth/000000000132-segment-10072231702153043603_5725_000_5745_000_with_camera_labels-120.png 1904 872 34
big_dataset_depth/000000000132-segment-10072231702153043603_5725_000_5745_000_with_camera_labels-120.png 1912 752 57
