big_dataset_depth/000000000384-segment-10275144660749673822_5755_561_5775_561_with_camera_labels-40.png 0 824 42
big_dataset_depth/000000000384-segment-10275144660749673822_5755_561_5775_561_with_camera_labels-40.png 8 776 52
big_dataset_depth/000000000384-segment-10275144660749673822_5755_561_5775_561_with_camera_labels-40.png 16 864 39
big_dataset_depth/000000000384-segment-10275144660749673822_5755_561_5775_561_with_camera_labels-40.png 24 888 33
big_dataset_depth/000000000384-segment-10275144660749673822_5755_561_5775_561_with_camera_labels-40.png 32 680 64
big_dataset_depth/000000000384-segment-10275144660749673822_5755_561_5775_561_with_camera_labels-40.png 40 872 32
big_dataset_depth/000000000384-segment-10275144660749673822_5755_561_5775_561_with_camera_labels-40.png 56 856 32
big_dataset_depth/000000000384-segment-10275144660749673822_5755_561_5775_561_with_camera_labels-40.png 64 864 33
big_dataset_depth/000000000384-segment-10275144660749673822_5755_561_5775_561_with_camera_labels-40.png 72 880 34
big_dataset_depth/000000000384-segment-10275144660749673822_5755_561_5775_561_with_camera_labels-40.png 80 872 35
big_dataset_depth/000000000384-segment-10275144660749673822_5755_561_5775_561_with_camera_labels-40.png 88 872 35
big_dataset_depth/000000000384-segment-10275144660749673822_5755_561_5775_561_with_camera_labels-40.png 96 848 33
big_dataset_depth/000000000384-segment-10275144660749673822_5755_561_5775_561_with_camera_labels-40.png 104 872 35
big_dataset_depth/000000000384-segment-10275144660749673822_5755_561_5775_561_with_camera_labels-40.png 112 832 32
big_dataset_depth/000000000384-segment-10275144660749673822_5755_561_5775_561_with_camera_labels-40.png 120 832 32
big_dataset_depth/000000000384-segment-10275144660749673822_5755_561_5775_561_with_camera_labels-40.png 128 832 32
big_dataset_depth/000000000384-segment-10275144660749673822_5755_561_5775_561_with_camera_labels-40.png 136 824 32
big_dataset_depth/000000000384-segment-10275144660749673822_5755_561_5775_561_with_camera_labels-40.png 144 816 32
big_dataset_depth/000000000384-segment-10275144660749673822_5755_561_5775_561_with_camera_labels-40.png 152 824 33
big_dataset_depth/000000000384-segment-10275144660749673822_5755_561_5775_561_with_camera_labels-40.png 160 840 33
big_dataset_depth/000000000384-segment-10275144660749673822_5755_561_5775_561_with_camera_labels-40.png 168 840 33
big_dataset_depth/000000000384-segment-10275144660749673822_5755_561_5775_561_with_camera_labels-40.png 176 856 34
big_dataset_depth/000000000384-segment-10275144660749673822_5755_561_5775_561_with_camera_labels-40.png 184 808 34
big_dataset_depth/000000000384-segment-10275144660749673822_5755_561_5775_561_with_camera_labels-40.png 192 832 34
big_dataset_depth/000000000384-segment-10275144660749673822_5755_561_5775_561_with_camera_labels-40.png 200 816 34
big_dataset_depth/000000000384-segment-10275144660749673822_5755_561_5775_561_with_camera_labels-40.png 208 808 46
big_dataset_depth/000000000384-segment-10275144660749673822_5755_561_5775_561_with_camera_labels-40.png 216 792 48
big_dataset_depth/000000000384-segment-10275144660749673822_5755_561_5775_561_with_camera_labels-40.png 232 792 48
big_dataset_depth/000000000384-segment-10275144660749673822_5755_561_5775_561_with_camera_labels-40.png 240 808 48
big_dataset_depth/000000000384-segment-10275144660749673822_5755_561_5775_561_with_camera_labels-40.png 248 792 49
big_dataset_depth/000000000384-segment-10275144660749673822_5755_561_5775_561_with_camera_labels-40.png 256 792 49
big_dataset_depth/000000000384-segment-10275144660749673822_5755_561_5775_561_with_camera_labels-40.png 264 792 50
big_dataset_depth/000000000384-segment-10275144660749673822_5755_561_5775_561_with_camera_labels-40.png 272 728 76
big_dataset_depth/000000000384-segment-10275144660749673822_5755_561_5775_561_with_camera_labels-40.png 280 720 75
big_dataset_depth/000000000384-segment-10275144660749673822_5755_561_5775_561_with_camera_labels-40.png 288 736 71
big_dataset_depth/000000000384-segment-10275144660749673822_5755_561_5775_561_with_camera_labels-40.png 296 728 73
big_dataset_depth/000000000384-segment-10275144660749673822_5755_561_5775_561_with_camera_labels-40.png 304 736 72
big_dataset_depth/000000000384-segment-10275144660749673822_5755_561_5775_561_with_camera_labels-40.png 312 728 73
big_dataset_depth/000000000384-segment-10275144660749673822_5755_561_5775_561_with_camera_labels-40.png 320 768 55
big_dataset_depth/000000000384-segment-10275144660749673822_5755_561_5775_561_with_camera_labels-40.png 328 752 56
big_dataset_depth/000000000384-segment-10275144660749673822_5755_561_5775_561_with_camera_labels-40.png 336 776 55
big_dataset_depth/000000000384-segment-10275144660749673822_5755_561_5775_561_with_camera_labels-40.png 344 776 55
big_dataset_depth/000000000384-segment-10275144660749673822_5755_561_5775_561_with_camera_labels-40.png 352 776 55
big_dataset_depth/000000000384-segment-10275144660749673822_5755_561_5775_561_with_camera_labels-40.png 360 784 54
big_dataset_depth/000000000384-segment-10275144660749673822_5755_561_5775_561_with_camera_labels-40.png 368 784 55
big_dataset_depth/000000000384-segment-10275144660749673822_5755_561_5775_561_with_camera_labels-40.png 376 784 55
big_dataset_depth/000000000384-segment-10275144660749673822_5755_561_5775_561_with_camera_labels-40.png 384 784 55
big_dataset_depth/000000000384-segment-10275144660749673822_5755_561_5775_561_with_camera_labels-40.png 392 784 55
big_dataset_depth/000000000384-segment-10275144660749673822_5755_561_5775_561_with_camera_labels-40.png 400 776 55
big_dataset_depth/000000000384-segment-10275144660749673822_5755_561_5775_561_with_camera_labels-40.png 408 784 55
big_dataset_depth/000000000384-segment-10275144660749673822_5755_561_5775_561_with_camera_labels-40.png 416 760 59
big_dataset_depth/000000000384-segment-10275144660749673822_5755_561_5775_561_with_camera_labels-40.png 432 728 89
big_dataset_depth/000000000384-segment-10275144660749673822_5755_561_5775_561_with_camera_labels-40.png 440 752 65
big_dataset_depth/000000000384-segment-10275144660749673822_5755_561_5775_561_with_camera_labels-40.png 448 736 80
big_dataset_depth/000000000384-segment-10275144660749673822_5755_561_5775_561_with_camera_labels-40.png 456 752 65
big_dataset_depth/000000000384-segment-10275144660749673822_5755_561_5775_561_with_camera_labels-40.png 464 744 74
big_dataset_depth/000000000384-segment-10275144660749673822_5755_561_5775_561_with_camera_labels-40.png 480 712 87
big_dataset_depth/000000000384-segment-10275144660749673822_5755_561_5775_561_with_camera_labels-40.png 488 768 68
big_dataset_depth/000000000384-segment-10275144660749673822_5755_561_5775_561_with_camera_labels-40.png 496 816 45
big_dataset_depth/000000000384-segment-10275144660749673822_5755_561_5775_561_with_camera_labels-40.png 504 816 44
big_dataset_depth/000000000384-segment-10275144660749673822_5755_561_5775_561_with_camera_labels-40.png 512 816 44
big_dataset_depth/000000000384-segment-10275144660749673822_5755_561_5775_561_with_camera_labels-40.png 520 816 44
big_dataset_depth/000000000384-segment-10275144660749673822_5755_561_5775_561_with_camera_labels-40.png 528 816 44
big_dataset_depth/000000000384-segment-10275144660749673822_5755_561_5775_561_with_camera_labels-40.png 536 808 44
big_dataset_depth/000000000384-segment-10275144660749673822_5755_561_5775_561_with_camera_labels-40.png 544 816 44
big_dataset_depth/000000000384-segment-10275144660749673822_5755_561_5775_561_with_camera_labels-40.png 552 816 44
big_dataset_depth/000000000384-segment-10275144660749673822_5755_561_5775_561_with_camera_labels-40.png 560 808 44
big_dataset_depth/000000000384-segment-10275144660749673822_5755_561_5775_561_with_camera_labels-40.png 568 816 44
big_dataset_depth/000000000384-segment-10275144660749673822_5755_561_5775_561_with_camera_labels-40.png 576 824 44
big_dataset_depth/000000000384-segment-10275144660749673822_5755_561_5775_561_with_camera_labels-40.png 584 824 44
big_dataset_depth/000000000384-segment-10275144660749673822_5755_561_5775_561_with_camera_labels-40.png 592 824 44
big_dataset_depth/000000000384-segment-10275144660749673822_5755_561_5775_561_with_camera_labels-40.png 600 824 44
big_dataset_depth/000000000384-segment-10275144660749673822_5755_561_5775_561_with_camera_labels-40.png 608 808 45
big_dataset_depth/000000000384-segment-10275144660749673822_5755_561_5775_561_with_camera_labels-40.png 616 792 47
big_dataset_depth/000000000384-segment-10275144660749673822_5755_561_5775_561_with_camera_labels-40.png 624 800 49
big_dataset_depth/000000000384-segment-10275144660749673822_5755_561_5775_561_with_camera_labels-40.png 632 736 91
big_dataset_depth/000000000384-segment-10275144660749673822_5755_561_5775_561_with_camera_labels-40.png 656 760 67
big_dataset_depth/000000000384-segment-10275144660749673822_5755_561_5775_561_with_camera_labels-40.png 664 752 66
big_dataset_depth/000000000384-segment-10275144660749673822_5755_561_5775_561_with_camera_labels-40.png 672 744 66
big_dataset_depth/000000000384-segment-10275144660749673822_5755_561_5775_561_with_camera_labels-40.png 680 744 66
big_dataset_depth/000000000384-segment-10275144660749673822_5755_561_5775_561_with_camera_labels-40.png 688 752 66
big_dataset_depth/000000000384-segment-10275144660749673822_5755_561_5775_561_with_camera_labels-40.png 696 752 66
big_dataset_depth/000000000384-segment-10275144660749673822_5755_561_5775_561_with_camera_labels-40.png 704 744 66
big_dataset_depth/000000000384-segment-10275144660749673822_5755_561_5775_561_with_camera_labels-40.png 712 744 66
big_dataset_depth/000000000384-segment-10275144660749673822_5755_561_5775_561_with_camera_labels-40.png 720 744 66
big_dataset_depth/000000000384-segment-10275144660749673822_5755_561_5775_561_with_camera_labels-40.png 728 760 66
big_dataset_depth/000000000384-segment-10275144660749673822_5755_561_5775_561_with_camera_labels-40.png 736 760 68
big_dataset_depth/000000000384-segment-10275144660749673822_5755_561_5775_561_with_camera_labels-40.png 744 752 71
big_dataset_depth/000000000384-segment-10275144660749673822_5755_561_5775_561_with_camera_labels-40.png 1080 720 105
big_dataset_depth/000000000384-segment-10275144660749673822_5755_561_5775_561_with_camera_labels-40.png 1088 720 104
big_dataset_depth/000000000384-segment-10275144660749673822_5755_561_5775_561_with_camera_labels-40.png 1096 704 98
big_dataset_depth/000000000384-segment-10275144660749673822_5755_561_5775_561_with_camera_labels-40.png 1104 720 92
big_dataset_depth/000000000384-segment-10275144660749673822_5755_561_5775_561_with_camera_labels-40.png 1112 712 90
big_dataset_depth/000000000384-segment-10275144660749673822_5755_561_5775_561_with_camera_labels-40.png 1120 704 95
big_dataset_depth/000000000384-segment-10275144660749673822_5755_561_5775_561_with_camera_labels-40.png 1128 720 93
big_dataset_depth/000000000384-segment-10275144660749673822_5755_561_5775_561_with_camera_labels-40.png 1136 728 92
big_dataset_depth/000000000384-segment-10275144660749673822_5755_561_5775_561_with_camera_labels-40.png 1144 720 92
big_dataset_depth/000000000384-segment-10275144660749673822_5755_561_5775_561_with_camera_labels-40.png 1152 720 93
big_dataset_depth/000000000384-segment-10275144660749673822_5755_561_5775_561_with_camera_labels-40.png 1160 728 89
big_dataset_depth/000000000384-segment-10275144660749673822_5755_561_5775_561_with_camera_labels-40.png 1168 728 89
big_dataset_depth/000000000384-segment-10275144660749673822_5755_561_5775_561_with_camera_labels-40.png 1176 712 91
big_dataset_depth/000000000384-segment-10275144660749673822_5755_561_5775_561_with_camera_labels-40.png 1184 744 73
big_dataset_depth/000000000384-segment-10275144660749673822_5755_561_5775_561_with_camera_labels-40.png 1192 720 93
big_dataset_depth/000000000384-segment-10275144660749673822_5755_561_5775_561_with_camera_labels-40.png 1200 728 74
big_dataset_depth/000000000384-segment-10275144660749673822_5755_561_5775_561_with_camera_labels-40.png 1208 752 67
big_dataset_depth/000000000384-segment-10275144660749673822_5755_561_5775_561_with_camera_labels-40.png 1216 760 63
big_dataset_depth/000000000384-segment-10275144660749673822_5755_561_5775_561_with_camera_labels-40.png 1224 760 63
big_dataset_depth/000000000384-segment-10275144660749673822_5755_561_5775_561_with_camera_labels-40.png 1232 744 66
big_dataset_depth/000000000384-segment-10275144660749673822_5755_561_5775_561_with_camera_labels-40.png 1240 760 63
big_dataset_depth/000000000384-segment-10275144660749673822_5755_561_5775_561_with_camera_labels-40.png 1248 752 64
big_dataset_depth/000000000384-segment-10275144660749673822_5755_561_5775_561_with_camera_labels-40.png 1256 728 73
big_dataset_depth/000000000384-segment-10275144660749673822_5755_561_5775_561_with_camera_labels-40.png 1264 752 65
big_dataset_depth/000000000384-segment-10275144660749673822_5755_561_5775_561_with_camera_labels-40.png 1272 744 72
big_dataset_depth/000000000384-segment-10275144660749673822_5755_561_5775_561_with_camera_labels-40.png 1280 744 66
big_dataset_depth/000000000384-segment-10275144660749673822_5755_561_5775_561_with_camera_labels-40.png 1288 736 80
big_dataset_depth/000000000384-segment-10275144660749673822_5755_561_5775_561_with_camera_labels-40.png 1296 704 89
big_dataset_depth/000000000384-segment-10275144660749673822_5755_561_5775_561_with_camera_labels-40.png 1304 704 88
big_dataset_depth/000000000384-segment-10275144660749673822_5755_561_5775_561_with_camera_labels-40.png 1312 768 50
big_dataset_depth/000000000384-segment-10275144660749673822_5755_561_5775_561_with_camera_labels-40.png 1320 768 49
big_dataset_depth/000000000384-segment-10275144660749673822_5755_561_5775_561_with_camera_labels-40.png 1328 776 49
big_dataset_depth/000000000384-segment-10275144660749673822_5755_561_5775_561_with_camera_labels-40.png 1336 760 49
big_dataset_depth/000000000384-segment-10275144660749673822_5755_561_5775_561_with_camera_labels-40.png 1344 760 49
big_dataset_depth/000000000384-segment-10275144660749673822_5755_561_5775_561_with_camera_labels-40.png 1352 792 46
big_dataset_depth/000000000384-segment-10275144660749673822_5755_561_5775_561_with_camera_labels-40.png 1360 784 49
big_dataset_depth/000000000384-segment-10275144660749673822_5755_561_5775_561_with_camera_labels-40.png 1368 792 49
big_dataset_depth/000000000384-segment-10275144660749673822_5755_561_5775_561_with_camera_labels-40.png 1376 784 49
big_dataset_depth/000000000384-segment-10275144660749673822_5755_561_5775_561_with_camera_labels-40.png 1384 776 49
big_dataset_depth/000000000384-segment-10275144660749673822_5755_561_5775_561_with_camera_labels-40.png 1392 776 49
big_dataset_depth/000000000384-segment-10275144660749673822_5755_561_5775_561_with_camera_labels-40.png 1400 760 49
big_dataset_depth/000000000384-segment-10275144660749673822_5755_561_5775_561_with_camera_labels-40.png 1408 760 49
big_dataset_depth/000000000384-segment-10275144660749673822_5755_561_5775_561_with_camera_labels-40.png 1424 784 46
big_dataset_depth/000000000384-segment-10275144660749673822_5755_561_5775_561_with_camera_labels-40.png 1432 760 49
big_dataset_depth/000000000384-segment-10275144660749673822_5755_561_5775_561_with_camera_labels-40.png 1440 760 49
big_dataset_depth/000000000384-segment-10275144660749673822_5755_561_5775_561_with_camera_labels-40.png 1448 768 50
big_dataset_depth/000000000384-segment-10275144660749673822_5755_561_5775_561_with_camera_labels-40.png 1456 760 50
big_dataset_depth/000000000384-segment-10275144660749673822_5755_561_5775_561_with_camera_labels-40.png 1464 760 49
big_dataset_depth/000000000384-segment-10275144660749673822_5755_561_5775_561_with_camera_labels-40.png 1488 776 36
big_dataset_depth/000000000384-segment-10275144660749673822_5755_561_5775_561_with_camera_labels-40.png 1496 960 25
big_dataset_depth/000000000384-segment-10275144660749673822_5755_561_5775_561_with_camera_labels-40.png 1504 960 25
big_dataset_depth/000000000384-segment-10275144660749673822_5755_561_5775_561_with_camera_labels-40.png 1512 832 37
big_dataset_depth/000000000384-segment-10275144660749673822_5755_561_5775_561_with_camera_labels-40.png 1536 912 29
big_dataset_depth/000000000384-segment-10275144660749673822_5755_561_5775_561_with_camera_labels-40.png 1544 984 23
big_dataset_depth/000000000384-segment-10275144660749673822_5755_561_5775_561_with_camera_labels-40.png 1552 984 23
big_dataset_depth/000000000384-segment-10275144660749673822_5755_561_5775_561_with_camera_labels-40.png 1568 1000 23
big_dataset_depth/000000000384-segment-10275144660749673822_5755_561_5775_561_with_camera_labels-40.png 1576 1000 22
big_dataset_depth/000000000384-segment-10275144660749673822_5755_561_5775_561_with_camera_labels-40.png 1584 1000 22
big_dataset_depth/000000000384-segment-10275144660749673822_5755_561_5775_561_with_camera_labels-40.png 1600 968 25
big_dataset_depth/000000000384-segment-10275144660749673822_5755_561_5775_561_with_camera_labels-40.png 1608 1016 22
big_dataset_depth/000000000384-segment-10275144660749673822_5755_561_5775_561_with_camera_labels-40.png 1616 968 25
big_dataset_depth/000000000384-segment-10275144660749673822_5755_561_5775_561_with_camera_labels-40.png 1632 1032 21
big_dataset_depth/000000000384-segment-10275144660749673822_5755_561_5775_561_with_camera_labels-40.png 1640 864 32
big_dataset_depth/000000000384-segment-10275144660749673822_5755_561_5775_561_with_camera_labels-40.png 1648 1032 21
big_dataset_depth/000000000384-segment-10275144660749673822_5755_561_5775_561_with_camera_labels-40.png 1656 1032 20
big_dataset_depth/000000000384-segment-10275144660749673822_5755_561_5775_561_with_camera_labels-40.png 1664 952 26
big_dataset_depth/000000000384-segment-10275144660749673822_5755_561_5775_561_with_camera_labels-40.png 1672 1056 20
big_dataset_depth/000000000384-segment-10275144660749673822_5755_561_5775_561_with_camera_labels-40.png 1680 1056 20
big_dataset_depth/000000000384-segment-10275144660749673822_5755_561_5775_561_with_camera_labels-40.png 1688 1056 20
big_dataset_depth/000000000384-segment-10275144660749673822_5755_561_5775_561_with_camera_labels-40.png 1704 1056 19
big_dataset_depth/000000000384-segment-10275144660749673822_5755_561_5775_561_with_camera_labels-40.png 1712 1072 19
big_dataset_depth/000000000384-segment-10275144660749673822_5755_561_5775_561_with_camera_labels-40.png 1720 1072 19
big_dataset_depth/000000000384-segment-10275144660749673822_5755_561_5775_561_with_camera_labels-40.png 1728 1072 19
big_dataset_depth/000000000384-segment-10275144660749673822_5755_561_5775_561_with_camera_labels-40.png 1736 1072 19
big_dataset_depth/000000000384-segment-10275144660749673822_5755_561_5775_561_with_camera_labels-40.png 1744 1088 19
big_dataset_depth/000000000384-segment-10275144660749673822_5755_561_5775_561_with_camera_labels-40.png 1752 1096 18
big_dataset_depth/000000000384-segment-10275144660749673822_5755_561_5775_561_with_camera_labels-40.png 1760 1096 18
big_dataset_depth/000000000384-segment-10275144660749673822_5755_561_5775_561_with_camera_labels-40.png 1768 1096 18
big_dataset_depth/000000000384-segment-10275144660749673822_5755_561_5775_561_with_camera_labels-40.png 1776 1096 18
big_dataset_depth/000000000384-segment-10275144660749673822_5755_561_5775_561_with_camera_labels-40.png 1784 1096 18
big_dataset_depth/000000000384-segment-10275144660749673822_5755_561_5775_561_with_camera_labels-40.png 1792 1024 23
big_dataset_depth/000000000384-segment-10275144660749673822_5755_561_5775_561_with_camera_labels-40.png 1800 1112 18
big_dataset_depth/000000000384-segment-10275144660749673822_5755_561_5775_561_with_camera_labels-40.png 1808 1112 18
big_dataset_depth/000000000384-segment-10275144660749673822_5755_561_5775_561_with_camera_labels-40.png 1824 1120 18
big_dataset_depth/000000000384-segment-10275144660749673822_5755_561_5775_561_with_camera_labels-40.png 1832 1120 17
big_dataset_depth/000000000384-segment-10275144660749673822_5755_561_5775_561_with_camera_labels-40.png 1848 1136 17
big_dataset_depth/000000000384-segment-10275144660749673822_5755_561_5775_561_with_camera_labels-40.png 1856 1136 17
big_dataset_depth/000000000384-segment-10275144660749673822_5755_561_5775_561_with_camera_labels-40.png 1864 1048 21
big_dataset_depth/000000000384-segment-10275144660749673822_5755_561_5775_561_with_camera_labels-40.png 1872 1008 23
big_dataset_depth/000000000384-segment-10275144660749673822_5755_561_5775_561_with_camera_labels-40.png 1880 944 26
big_dataset_depth/000000000384-segment-10275144660749673822_5755_561_5775_561_with_camera_labels-40.png 1888 1160 16
big_dataset_depth/000000000384-segment-10275144660749673822_5755_561_5775_561_with_camera_labels-40.png 1896 912 30
big_dataset_depth/000000000384-segment-10275144660749673822_5755_561_5775_561_with_camera_labels-40.png 1904 992 25
big_dataset_depth/000000000384-segment-10275144660749673822_5755_561_5775_561_with_camera_labels-40.png 1912 688 40
