big_dataset_depth/000000003598-segment-13940755514149579648_821_157_841_157_with_camera_labels-10.png 24 720 103
big_dataset_depth/000000003598-segment-13940755514149579648_821_157_841_157_with_camera_labels-10.png 32 720 103
big_dataset_depth/000000003598-segment-13940755514149579648_821_157_841_157_with_camera_labels-10.png 40 720 103
big_dataset_depth/000000003598-segment-13940755514149579648_821_157_841_157_with_camera_labels-10.png 48 720 102
big_dataset_depth/000000003598-segment-13940755514149579648_821_157_841_157_with_camera_labels-10.png 96 712 106
big_dataset_depth/000000003598-segment-13940755514149579648_821_157_841_157_with_camera_labels-10.png 104 712 106
big_dataset_depth/000000003598-segment-13940755514149579648_821_157_841_157_with_camera_labels-10.png 112 712 107
big_dataset_depth/000000003598-segment-13940755514149579648_821_157_841_157_with_camera_labels-10.png 120 704 107
big_dataset_depth/000000003598-segment-13940755514149579648_821_157_841_157_with_camera_labels-10.png 128 712 107
big_dataset_depth/000000003598-segment-13940755514149579648_821_157_841_157_with_camera_labels-10.png 176 712 107
big_dataset_depth/000000003598-segment-13940755514149579648_821_157_841_157_with_camera_labels-10.png 184 712 107
big_dataset_depth/000000003598-segment-13940755514149579648_821_157_841_157_with_camera_labels-10.png 192 712 107
big_dataset_depth/000000003598-segment-13940755514149579648_821_157_841_157_with_camera_labels-10.png 200 712 107
big_dataset_depth/000000003598-segment-13940755514149579648_821_157_841_157_with_camera_labels-10.png 208 712 107
big_dataset_depth/000000003598-segment-13940755514149579648_821_157_841_157_with_camera_labels-10.png 216 712 106
big_dataset_depth/000000003598-segment-13940755514149579648_821_157_841_157_with_camera_labels-10.png 224 704 105
big_dataset_depth/000000003598-segment-13940755514149579648_821_157_841_157_with_camera_labels-10.png 232 720 103
big_dataset_depth/000000003598-segment-13940755514149579648_821_157_841_157_with_camera_labels-10.png 240 720 103
big_dataset_depth/000000003598-segment-13940755514149579648_821_157_841_157_with_camera_labels-10.png 248 720 103
big_dataset_depth/000000003598-segment-13940755514149579648_821_157_841_157_with_camera_labels-10.png 256 720 102
big_dataset_depth/000000003598-segment-13940755514149579648_821_157_841_157_with_camera_labels-10.png 432 800 29
big_dataset_depth/000000003598-segment-13940755514149579648_821_157_841_157_with_camera_labels-10.png 440 880 30
big_dataset_depth/000000003598-segment-13940755514149579648_821_157_841_157_with_camera_labels-10.png 448 848 30
big_dataset_depth/000000003598-segment-13940755514149579648_821_157_841_157_with_camera_labels-10.png 456 880 30
big_dataset_depth/000000003598-segment-13940755514149579648_821_157_841_157_with_camera_labels-10.png 464 880 30
big_dataset_depth/000000003598-segment-13940755514149579648_821_157_841_157_with_camera_labels-10.png 472 872 30
big_dataset_depth/000000003598-segment-13940755514149579648_821_157_841_157_with_camera_labels-10.png 480 880 30
big_dataset_depth/000000003598-segment-13940755514149579648_821_157_841_157_with_camera_labels-10.png 488 872 30
big_dataset_depth/000000003598-segment-13940755514149579648_821_157_841_157_with_camera_labels-10.png 496 832 30
big_dataset_depth/000000003598-segment-13940755514149579648_821_157_841_157_with_camera_labels-10.png 504 808 29
big_dataset_depth/000000003598-segment-13940755514149579648_821_157_841_157_with_camera_labels-10.png 512 824 29
big_dataset_depth/000000003598-segment-13940755514149579648_821_157_841_157_with_camera_labels-10.png 520 832 29
big_dataset_depth/000000003598-segment-13940755514149579648_821_157_841_157_with_camera_labels-10.png 528 832 29
big_dataset_depth/000000003598-segment-13940755514149579648_821_157_841_157_with_camera_labels-10.png 536 832 29
big_dataset_depth/000000003598-segment-13940755514149579648_821_157_841_157_with_camera_labels-10.png 544 832 29
big_dataset_depth/000000003598-segment-13940755514149579648_821_157_841_157_with_camera_labels-10.png 552 840 31
big_dataset_depth/000000003598-segment-13940755514149579648_821_157_841_157_with_camera_labels-10.png 560 872 30
big_dataset_depth/000000003598-segment-13940755514149579648_821_157_841_157_with_camera_labels-10.png 568 824 29
big_dataset_depth/000000003598-segment-13940755514149579648_821_157_841_157_with_camera_labels-10.png 576 824 29
big_dataset_depth/000000003598-segment-13940755514149579648_821_157_841_157_with_camera_labels-10.png 584 816 28
big_dataset_depth/000000003598-segment-13940755514149579648_821_157_841_157_with_camera_labels-10.png 592 824 29
big_dataset_depth/000000003598-segment-13940755514149579648_821_157_841_157_with_camera_labels-10.png 600 800 29
big_dataset_depth/000000003598-segment-13940755514149579648_821_157_841_157_with_camera_labels-10.png 608 824 29
big_dataset_depth/000000003598-segment-13940755514149579648_821_157_841_157_with_camera_labels-10.png 616 824 29
big_dataset_depth/000000003598-segment-13940755514149579648_821_157_841_157_with_camera_labels-10.png 624 832 29
big_dataset_depth/000000003598-segment-13940755514149579648_821_157_841_157_with_camera_labels-10.png 632 824 28
big_dataset_depth/000000003598-segment-13940755514149579648_821_157_841_157_with_camera_labels-10.png 640 872 30
big_dataset_depth/000000003598-segment-13940755514149579648_821_157_841_157_with_camera_labels-10.png 648 880 29
big_dataset_depth/000000003598-segment-13940755514149579648_821_157_841_157_with_camera_labels-10.png 656 872 30
big_dataset_depth/000000003598-segment-13940755514149579648_821_157_841_157_with_camera_labels-10.png 664 872 30
big_dataset_depth/000000003598-segment-13940755514149579648_821_157_841_157_with_camera_labels-10.png 672 880 29
big_dataset_depth/000000003598-segment-13940755514149579648_821_157_841_157_with_camera_labels-10.png 680 856 30
big_dataset_depth/000000003598-segment-13940755514149579648_821_157_841_157_with_camera_labels-10.png 688 824 35
big_dataset_depth/000000003598-segment-13940755514149579648_821_157_841_157_with_camera_labels-10.png 696 816 34
big_dataset_depth/000000003598-segment-13940755514149579648_821_157_841_157_with_camera_labels-10.png 704 832 35
big_dataset_depth/000000003598-segment-13940755514149579648_821_157_841_157_with_camera_labels-10.png 712 832 35
big_dataset_depth/000000003598-segment-13940755514149579648_821_157_841_157_with_camera_labels-10.png 720 824 35
big_dataset_depth/000000003598-segment-13940755514149579648_821_157_841_157_with_camera_labels-10.png 728 720 34
big_dataset_depth/000000003598-segment-13940755514149579648_821_157_841_157_with_camera_labels-10.png 784 696 104
big_dataset_depth/000000003598-segment-13940755514149579648_821_157_841_157_with_camera_labels-10.png 792 696 102
big_dataset_depth/000000003598-segment-13940755514149579648_821_157_841_157_with_camera_labels-10.png 928 712 78
big_dataset_depth/000000003598-segment-13940755514149579648_821_157_841_157_with_camera_labels-10.png 936 712 78
big_dataset_depth/000000003598-segment-13940755514149579648_821_157_841_157_with_camera_labels-10.png 944 712 78
big_dataset_depth/000000003598-segment-13940755514149579648_821_157_841_157_with_camera_labels-10.png 952 712 78
big_dataset_depth/000000003598-segment-13940755514149579648_821_157_841_157_with_camera_labels-10.png 960 712 78
big_dataset_depth/000000003598-segment-13940755514149579648_821_157_841_157_with_camera_labels-10.png 968 712 78
big_dataset_depth/000000003598-segment-13940755514149579648_821_157_841_157_with_camera_labels-10.png 976 712 78
big_dataset_depth/000000003598-segment-13940755514149579648_821_157_841_157_with_camera_labels-10.png 984 712 78
big_dataset_depth/000000003598-segment-13940755514149579648_821_157_841_157_with_camera_labels-10.png 992 720 79
big_dataset_depth/000000003598-segment-13940755514149579648_821_157_841_157_with_camera_labels-10.png 1184 704 106
big_dataset_depth/000000003598-segment-13940755514149579648_821_157_841_157_with_camera_labels-10.png 1192 704 108
big_dataset_depth/000000003598-segment-13940755514149579648_821_157_841_157_with_camera_labels-10.png 1200 704 107
big_dataset_depth/000000003598-segment-13940755514149579648_821_157_841_157_with_camera_labels-10.png 1208 632 106
big_dataset_depth/000000003598-segment-13940755514149579648_821_157_841_157_with_camera_labels-10.png 1344 696 103
big_dataset_depth/000000003598-segment-13940755514149579648_821_157_841_157_with_camera_labels-10.png 1360 752 76
big_dataset_depth/000000003598-segment-13940755514149579648_821_157_841_157_with_camera_labels-10.png 1368 704 104
big_dataset_depth/000000003598-segment-13940755514149579648_821_157_841_157_with_camera_labels-10.png 1376 704 104
big_dataset_depth/000000003598-segment-13940755514149579648_821_157_841_157_with_camera_labels-10.png 1384 704 96
big_dataset_depth/000000003598-segment-13940755514149579648_821_157_841_157_with_camera_labels-10.png 1392 704 104
big_dataset_depth/000000003598-segment-13940755514149579648_821_157_841_157_with_camera_labels-10.png 1400 688 104
big_dataset_depth/000000003598-segment-13940755514149579648_821_157_841_157_with_camera_labels-10.png 1424 592 52
big_dataset_depth/000000003598-segment-13940755514149579648_821_157_841_157_with_camera_labels-10.png 1432 600 52
big_dataset_depth/000000003598-segment-13940755514149579648_821_157_841_157_with_camera_labels-10.png 1440 608 52
big_dataset_depth/000000003598-segment-13940755514149579648_821_157_841_157_with_camera_labels-10.png 1448 608 53
big_dataset_depth/000000003598-segment-13940755514149579648_821_157_841_157_with_camera_labels-10.png 1456 608 52
big_dataset_depth/000000003598-segment-13940755514149579648_821_157_841_157_with_camera_labels-10.png 1464 592 53
big_dataset_depth/000000003598-segment-13940755514149579648_821_157_841_157_with_camera_labels-10.png 1472 608 53
big_dataset_depth/000000003598-segment-13940755514149579648_821_157_841_157_with_camera_labels-10.png 1480 608 53
big_dataset_depth/000000003598-segment-13940755514149579648_821_157_841_157_with_camera_labels-10.png 1488 608 53
big_dataset_depth/000000003598-segment-13940755514149579648_821_157_841_157_with_camera_labels-10.png 1496 752 52
big_dataset_depth/000000003598-segment-13940755514149579648_821_157_841_157_with_camera_labels-10.png 1504 840 37
big_dataset_depth/000000003598-segment-13940755514149579648_821_157_841_157_with_camera_labels-10.png 1512 608 53
big_dataset_depth/000000003598-segment-13940755514149579648_821_157_841_157_with_camera_labels-10.png 1520 672 89
big_dataset_depth/000000003598-segment-13940755514149579648_821_157_841_157_with_camera_labels-10.png 1528 656 80
big_dataset_depth/000000003598-segment-13940755514149579648_821_157_841_157_with_camera_labels-10.png 1536 704 105
big_dataset_depth/000000003598-segment-13940755514149579648_821_157_841_157_with_camera_labels-10.png 1544 712 104
big_dataset_depth/000000003598-segment-13940755514149579648_821_157_841_157_with_camera_labels-10.png 1560 600 53
big_dataset_depth/000000003598-segment-13940755514149579648_821_157_841_157_with_camera_labels-10.png 1568 776 45
big_dataset_depth/000000003598-segment-13940755514149579648_821_157_841_157_with_camera_labels-10.png 1584 872 32
big_dataset_depth/000000003598-segment-13940755514149579648_821_157_841_157_with_camera_labels-10.png 1592 832 38
big_dataset_depth/000000003598-segment-13940755514149579648_821_157_841_157_with_camera_labels-10.png 1600 784 45
big_dataset_depth/000000003598-segment-13940755514149579648_821_157_841_157_with_camera_labels-10.png 1608 776 45
big_dataset_depth/000000003598-segment-13940755514149579648_821_157_841_157_with_camera_labels-10.png 1616 760 55
big_dataset_depth/000000003598-segment-13940755514149579648_821_157_841_157_with_camera_labels-10.png 1624 800 37
big_dataset_depth/000000003598-segment-13940755514149579648_821_157_841_157_with_camera_labels-10.png 1632 736 78
big_dataset_depth/000000003598-segment-13940755514149579648_821_157_841_157_with_camera_labels-10.png 1640 888 30
big_dataset_depth/000000003598-segment-13940755514149579648_821_157_841_157_with_camera_labels-10.png 1648 760 55
big_dataset_depth/000000003598-segment-13940755514149579648_821_157_841_157_with_camera_labels-10.png 1656 704 101
big_dataset_depth/000000003598-segment-13940755514149579648_821_157_841_157_with_camera_labels-10.png 1664 904 29
big_dataset_depth/000000003598-segment-13940755514149579648_821_157_841_157_with_camera_labels-10.png 1672 904 29
big_dataset_depth/000000003598-segment-13940755514149579648_821_157_841_157_with_camera_labels-10.png 1680 808 38
big_dataset_depth/000000003598-segment-13940755514149579648_821_157_841_157_with_camera_labels-10.png 1688 816 38
big_dataset_depth/000000003598-segment-13940755514149579648_821_157_841_157_with_camera_labels-10.png 1696 816 38
big_dataset_depth/000000003598-segment-13940755514149579648_821_157_841_157_with_camera_labels-10.png 1704 920 28
big_dataset_depth/000000003598-segment-13940755514149579648_821_157_841_157_with_camera_labels-10.png 1712 920 28
big_dataset_depth/000000003598-segment-13940755514149579648_821_157_841_157_with_camera_labels-10.png 1720 888 31
big_dataset_depth/000000003598-segment-13940755514149579648_821_157_841_157_with_camera_labels-10.png 1728 816 37
big_dataset_depth/000000003598-segment-13940755514149579648_821_157_841_157_with_camera_labels-10.png 1736 816 37
big_dataset_depth/000000003598-segment-13940755514149579648_821_157_841_157_with_camera_labels-10.png 1752 936 26
big_dataset_depth/000000003598-segment-13940755514149579648_821_157_841_157_with_camera_labels-10.png 1760 856 34
big_dataset_depth/000000003598-segment-13940755514149579648_821_157_841_157_with_camera_labels-10.png 1768 936 26
big_dataset_depth/000000003598-segment-13940755514149579648_821_157_841_157_with_camera_labels-10.png 1776 808 38
big_dataset_depth/000000003598-segment-13940755514149579648_821_157_841_157_with_camera_labels-10.png 1792 808 38
big_dataset_depth/000000003598-segment-13940755514149579648_821_157_841_157_with_camera_labels-10.png 1800 904 29
big_dataset_depth/000000003598-segment-13940755514149579648_821_157_841_157_with_camera_labels-10.png 1808 952 25
big_dataset_depth/000000003598-segment-13940755514149579648_821_157_841_157_with_camera_labels-10.png 1816 952 25
big_dataset_depth/000000003598-segment-13940755514149579648_821_157_841_157_with_camera_labels-10.png 1824 848 35
big_dataset_depth/000000003598-segment-13940755514149579648_821_157_841_157_with_camera_labels-10.png 1840 968 24
big_dataset_depth/000000003598-segment-13940755514149579648_821_157_841_157_with_camera_labels-10.png 1848 776 41
big_dataset_depth/000000003598-segment-13940755514149579648_821_157_841_157_with_camera_labels-10.png 1856 976 24
big_dataset_depth/000000003598-segment-13940755514149579648_821_157_841_157_with_camera_labels-10.png 1864 976 24
big_dataset_depth/000000003598-segment-13940755514149579648_821_157_841_157_with_camera_labels-10.png 1872 976 24
big_dataset_depth/000000003598-segment-13940755514149579648_821_157_841_157_with_camera_labels-10.png 1888 896 36
big_dataset_depth/000000003598-segment-13940755514149579648_821_157_841_157_with_camera_labels-10.png 1896 768 39
big_dataset_depth/000000003598-segment-13940755514149579648_821_157_841_157_with_camera_labels-10.png 1904 848 31
big_dataset_depth/000000003598-segment-13940755514149579648_821_157_841_157_with_camera_labels-10.png 1912 992 23
