big_dataset_depth/000000000560-segment-10500357041547037089_1474_800_1494_800_with_camera_labels-0.png 8 1024 19
big_dataset_depth/000000000560-segment-10500357041547037089_1474_800_1494_800_with_camera_labels-0.png 16 1096 16
big_dataset_depth/000000000560-segment-10500357041547037089_1474_800_1494_800_with_camera_labels-0.png 24 1136 16
big_dataset_depth/000000000560-segment-10500357041547037089_1474_800_1494_800_with_camera_labels-0.png 32 1120 15
big_dataset_depth/000000000560-segment-10500357041547037089_1474_800_1494_800_with_camera_labels-0.png 40 872 42
big_dataset_depth/000000000560-segment-10500357041547037089_1474_800_1494_800_with_camera_labels-0.png 48 912 42
big_dataset_depth/000000000560-segment-10500357041547037089_1474_800_1494_800_with_camera_labels-0.png 56 1192 15
big_dataset_depth/000000000560-segment-10500357041547037089_1474_800_1494_800_with_camera_labels-0.png 64 1064 29
big_dataset_depth/000000000560-segment-10500357041547037089_1474_800_1494_800_with_camera_labels-0.png 72 1168 15
big_dataset_depth/000000000560-segment-10500357041547037089_1474_800_1494_800_with_camera_labels-0.png 80 1192 15
big_dataset_depth/000000000560-segment-10500357041547037089_1474_800_1494_800_with_camera_labels-0.png 88 1192 15
big_dataset_depth/000000000560-segment-10500357041547037089_1474_800_1494_800_with_camera_labels-0.png 96 1192 15
big_dataset_depth/000000000560-segment-10500357041547037089_1474_800_1494_800_with_camera_labels-0.png 104 1176 15
big_dataset_depth/000000000560-segment-10500357041547037089_1474_800_1494_800_with_camera_labels-0.png 112 1184 15
big_dataset_depth/000000000560-segment-10500357041547037089_1474_800_1494_800_with_camera_labels-0.png 120 1040 25
big_dataset_depth/000000000560-segment-10500357041547037089_1474_800_1494_800_with_camera_labels-0.png 128 1120 14
big_dataset_depth/000000000560-segment-10500357041547037089_1474_800_1494_800_with_camera_labels-0.png 136 1120 14
big_dataset_depth/000000000560-segment-10500357041547037089_1474_800_1494_800_with_camera_labels-0.png 144 1120 14
big_dataset_depth/000000000560-segment-10500357041547037089_1474_800_1494_800_with_camera_labels-0.png 152 1120 14
big_dataset_depth/000000000560-segment-10500357041547037089_1474_800_1494_800_with_camera_labels-0.png 168 1128 15
big_dataset_depth/000000000560-segment-10500357041547037089_1474_800_1494_800_with_camera_labels-0.png 176 1136 15
big_dataset_depth/000000000560-segment-10500357041547037089_1474_800_1494_800_with_camera_labels-0.png 184 1112 14
big_dataset_depth/000000000560-segment-10500357041547037089_1474_800_1494_800_with_camera_labels-0.png 192 1112 14
big_dataset_depth/000000000560-segment-10500357041547037089_1474_800_1494_800_with_camera_labels-0.png 200 1136 14
big_dataset_depth/000000000560-segment-10500357041547037089_1474_800_1494_800_with_camera_labels-0.png 208 1136 14
big_dataset_depth/000000000560-segment-10500357041547037089_1474_800_1494_800_with_camera_labels-0.png 216 1136 14
big_dataset_depth/000000000560-segment-10500357041547037089_1474_800_1494_800_with_camera_labels-0.png 224 1128 14
big_dataset_depth/000000000560-segment-10500357041547037089_1474_800_1494_800_with_camera_labels-0.png 232 1112 14
big_dataset_depth/000000000560-segment-10500357041547037089_1474_800_1494_800_with_camera_labels-0.png 240 1120 14
big_dataset_depth/000000000560-segment-10500357041547037089_1474_800_1494_800_with_camera_labels-0.png 248 1112 14
big_dataset_depth/000000000560-segment-10500357041547037089_1474_800_1494_800_with_camera_labels-0.png 256 1112 14
big_dataset_depth/000000000560-segment-10500357041547037089_1474_800_1494_800_with_camera_labels-0.png 264 1176 15
big_dataset_depth/000000000560-segment-10500357041547037089_1474_800_1494_800_with_camera_labels-0.png 272 1120 14
big_dataset_depth/000000000560-segment-10500357041547037089_1474_800_1494_800_with_camera_labels-0.png 280 1112 14
big_dataset_depth/000000000560-segment-10500357041547037089_1474_800_1494_800_with_camera_labels-0.png 288 1112 14
big_dataset_depth/000000000560-segment-10500357041547037089_1474_800_1494_800_with_camera_labels-0.png 296 1112 14
big_dataset_depth/000000000560-segment-10500357041547037089_1474_800_1494_800_with_camera_labels-0.png 304 1112 14
big_dataset_depth/000000000560-segment-10500357041547037089_1474_800_1494_800_with_camera_labels-0.png 312 1104 14
big_dataset_depth/000000000560-segment-10500357041547037089_1474_800_1494_800_with_camera_labels-0.png 320 1104 14
big_dataset_depth/000000000560-segment-10500357041547037089_1474_800_1494_800_with_camera_labels-0.png 328 1104 14
big_dataset_depth/000000000560-segment-10500357041547037089_1474_800_1494_800_with_camera_labels-0.png 336 1088 14
big_dataset_depth/000000000560-segment-10500357041547037089_1474_800_1494_800_with_camera_labels-0.png 344 1120 14
big_dataset_depth/000000000560-segment-10500357041547037089_1474_800_1494_800_with_camera_labels-0.png 352 1120 14
big_dataset_depth/000000000560-segment-10500357041547037089_1474_800_1494_800_with_camera_labels-0.png 360 1128 14
big_dataset_depth/000000000560-segment-10500357041547037089_1474_800_1494_800_with_camera_labels-0.png 368 1096 14
big_dataset_depth/000000000560-segment-10500357041547037089_1474_800_1494_800_with_camera_labels-0.png 376 1112 14
big_dataset_depth/000000000560-segment-10500357041547037089_1474_800_1494_800_with_camera_labels-0.png 384 1112 14
big_dataset_depth/000000000560-segment-10500357041547037089_1474_800_1494_800_with_camera_labels-0.png 392 1104 14
big_dataset_depth/000000000560-segment-10500357041547037089_1474_800_1494_800_with_camera_labels-0.png 400 1104 14
big_dataset_depth/000000000560-segment-10500357041547037089_1474_800_1494_800_with_camera_labels-0.png 408 1136 15
big_dataset_depth/000000000560-segment-10500357041547037089_1474_800_1494_800_with_camera_labels-0.png 424 1184 15
big_dataset_depth/000000000560-segment-10500357041547037089_1474_800_1494_800_with_camera_labels-0.png 432 1144 15
big_dataset_depth/000000000560-segment-10500357041547037089_1474_800_1494_800_with_camera_labels-0.png 440 1176 15
big_dataset_depth/000000000560-segment-10500357041547037089_1474_800_1494_800_with_camera_labels-0.png 448 1184 15
big_dataset_depth/000000000560-segment-10500357041547037089_1474_800_1494_800_with_camera_labels-0.png 456 1184 15
big_dataset_depth/000000000560-segment-10500357041547037089_1474_800_1494_800_with_camera_labels-0.png 464 1200 15
big_dataset_depth/000000000560-segment-10500357041547037089_1474_800_1494_800_with_camera_labels-0.png 472 1184 15
big_dataset_depth/000000000560-segment-10500357041547037089_1474_800_1494_800_with_camera_labels-0.png 480 1184 15
big_dataset_depth/000000000560-segment-10500357041547037089_1474_800_1494_800_with_camera_labels-0.png 488 1176 15
big_dataset_depth/000000000560-segment-10500357041547037089_1474_800_1494_800_with_camera_labels-0.png 496 1160 15
big_dataset_depth/000000000560-segment-10500357041547037089_1474_800_1494_800_with_camera_labels-0.png 504 1160 15
big_dataset_depth/000000000560-segment-10500357041547037089_1474_800_1494_800_with_camera_labels-0.png 512 1056 16
big_dataset_depth/000000000560-segment-10500357041547037089_1474_800_1494_800_with_camera_labels-0.png 520 1032 16
big_dataset_depth/000000000560-segment-10500357041547037089_1474_800_1494_800_with_camera_labels-0.png 528 1024 16
big_dataset_depth/000000000560-segment-10500357041547037089_1474_800_1494_800_with_camera_labels-0.png 536 1000 17
big_dataset_depth/000000000560-segment-10500357041547037089_1474_800_1494_800_with_camera_labels-0.png 544 1024 17
big_dataset_depth/000000000560-segment-10500357041547037089_1474_800_1494_800_with_camera_labels-0.png 552 1056 18
big_dataset_depth/000000000560-segment-10500357041547037089_1474_800_1494_800_with_camera_labels-0.png 560 1024 18
big_dataset_depth/000000000560-segment-10500357041547037089_1474_800_1494_800_with_camera_labels-0.png 568 1064 18
big_dataset_depth/000000000560-segment-10500357041547037089_1474_800_1494_800_with_camera_labels-0.png 576 1048 19
big_dataset_depth/000000000560-segment-10500357041547037089_1474_800_1494_800_with_camera_labels-0.png 584 1056 18
big_dataset_depth/000000000560-segment-10500357041547037089_1474_800_1494_800_with_camera_labels-0.png 592 1032 19
big_dataset_depth/000000000560-segment-10500357041547037089_1474_800_1494_800_with_camera_labels-0.png 600 1040 19
big_dataset_depth/000000000560-segment-10500357041547037089_1474_800_1494_800_with_camera_labels-0.png 608 952 19
big_dataset_depth/000000000560-segment-10500357041547037089_1474_800_1494_800_with_camera_labels-0.png 616 888 24
big_dataset_depth/000000000560-segment-10500357041547037089_1474_800_1494_800_with_camera_labels-0.png 624 888 24
big_dataset_depth/000000000560-segment-10500357041547037089_1474_800_1494_800_with_camera_labels-0.png 632 888 24
big_dataset_depth/000000000560-segment-10500357041547037089_1474_800_1494_800_with_camera_labels-0.png 640 920 25
big_dataset_depth/000000000560-segment-10500357041547037089_1474_800_1494_800_with_camera_labels-0.png 648 896 24
big_dataset_depth/000000000560-segment-10500357041547037089_1474_800_1494_800_with_camera_labels-0.png 656 888 24
big_dataset_depth/000000000560-segment-10500357041547037089_1474_800_1494_800_with_camera_labels-0.png 664 912 25
big_dataset_depth/000000000560-segment-10500357041547037089_1474_800_1494_800_with_camera_labels-0.png 672 944 25
big_dataset_depth/000000000560-segment-10500357041547037089_1474_800_1494_800_with_camera_labels-0.png 680 936 25
big_dataset_depth/000000000560-segment-10500357041547037089_1474_800_1494_800_with_camera_labels-0.png 688 936 25
big_dataset_depth/000000000560-segment-10500357041547037089_1474_800_1494_800_with_camera_labels-0.png 696 936 25
big_dataset_depth/000000000560-segment-10500357041547037089_1474_800_1494_800_with_camera_labels-0.png 704 912 26
big_dataset_depth/000000000560-segment-10500357041547037089_1474_800_1494_800_with_camera_labels-0.png 712 872 27
big_dataset_depth/000000000560-segment-10500357041547037089_1474_800_1494_800_with_camera_labels-0.png 720 872 28
big_dataset_depth/000000000560-segment-10500357041547037089_1474_800_1494_800_with_camera_labels-0.png 728 880 29
big_dataset_depth/000000000560-segment-10500357041547037089_1474_800_1494_800_with_camera_labels-0.png 736 880 29
big_dataset_depth/000000000560-segment-10500357041547037089_1474_800_1494_800_with_camera_labels-0.png 744 824 33
big_dataset_depth/000000000560-segment-10500357041547037089_1474_800_1494_800_with_camera_labels-0.png 752 816 36
big_dataset_depth/000000000560-segment-10500357041547037089_1474_800_1494_800_with_camera_labels-0.png 760 816 36
big_dataset_depth/000000000560-segment-10500357041547037089_1474_800_1494_800_with_camera_labels-0.png 768 824 37
big_dataset_depth/000000000560-segment-10500357041547037089_1474_800_1494_800_with_camera_labels-0.png 776 800 36
big_dataset_depth/000000000560-segment-10500357041547037089_1474_800_1494_800_with_camera_labels-0.png 784 832 37
big_dataset_depth/000000000560-segment-10500357041547037089_1474_800_1494_800_with_camera_labels-0.png 792 680 105
big_dataset_depth/000000000560-segment-10500357041547037089_1474_800_1494_800_with_camera_labels-0.png 800 816 38
big_dataset_depth/000000000560-segment-10500357041547037089_1474_800_1494_800_with_camera_labels-0.png 808 816 40
big_dataset_depth/000000000560-segment-10500357041547037089_1474_800_1494_800_with_camera_labels-0.png 816 816 41
big_dataset_depth/000000000560-segment-10500357041547037089_1474_800_1494_800_with_camera_labels-0.png 824 800 45
big_dataset_depth/000000000560-segment-10500357041547037089_1474_800_1494_800_with_camera_labels-0.png 832 792 45
big_dataset_depth/000000000560-segment-10500357041547037089_1474_800_1494_800_with_camera_labels-0.png 840 776 47
big_dataset_depth/000000000560-segment-10500357041547037089_1474_800_1494_800_with_camera_labels-0.png 848 784 50
big_dataset_depth/000000000560-segment-10500357041547037089_1474_800_1494_800_with_camera_labels-0.png 1064 784 49
big_dataset_depth/000000000560-segment-10500357041547037089_1474_800_1494_800_with_camera_labels-0.png 1080 800 42
big_dataset_depth/000000000560-segment-10500357041547037089_1474_800_1494_800_with_camera_labels-0.png 1088 824 38
big_dataset_depth/000000000560-segment-10500357041547037089_1474_800_1494_800_with_camera_labels-0.png 1096 696 107
big_dataset_depth/000000000560-segment-10500357041547037089_1474_800_1494_800_with_camera_labels-0.png 1104 680 105
big_dataset_depth/000000000560-segment-10500357041547037089_1474_800_1494_800_with_camera_labels-0.png 1112 696 106
big_dataset_depth/000000000560-segment-10500357041547037089_1474_800_1494_800_with_camera_labels-0.png 1128 872 30
big_dataset_depth/000000000560-segment-10500357041547037089_1474_800_1494_800_with_camera_labels-0.png 1136 688 106
big_dataset_depth/000000000560-segment-10500357041547037089_1474_800_1494_800_with_camera_labels-0.png 1152 904 27
big_dataset_depth/000000000560-segment-10500357041547037089_1474_800_1494_800_with_camera_labels-0.png 1160 808 58
big_dataset_depth/000000000560-segment-10500357041547037089_1474_800_1494_800_with_camera_labels-0.png 1168 936 25
big_dataset_depth/000000000560-segment-10500357041547037089_1474_800_1494_800_with_camera_labels-0.png 1176 696 97
big_dataset_depth/000000000560-segment-10500357041547037089_1474_800_1494_800_with_camera_labels-0.png 1184 824 57
big_dataset_depth/000000000560-segment-10500357041547037089_1474_800_1494_800_with_camera_labels-0.png 1192 704 92
big_dataset_depth/000000000560-segment-10500357041547037089_1474_800_1494_800_with_camera_labels-0.png 1200 704 92
big_dataset_depth/000000000560-segment-10500357041547037089_1474_800_1494_800_with_camera_labels-0.png 1208 704 92
big_dataset_depth/000000000560-segment-10500357041547037089_1474_800_1494_800_with_camera_labels-0.png 1216 992 21
big_dataset_depth/000000000560-segment-10500357041547037089_1474_800_1494_800_with_camera_labels-0.png 1232 896 25
big_dataset_depth/000000000560-segment-10500357041547037089_1474_800_1494_800_with_camera_labels-0.png 1240 1016 19
big_dataset_depth/000000000560-segment-10500357041547037089_1474_800_1494_800_with_camera_labels-0.png 1248 1016 19
big_dataset_depth/000000000560-segment-10500357041547037089_1474_800_1494_800_with_camera_labels-0.png 1256 752 35
big_dataset_depth/000000000560-segment-10500357041547037089_1474_800_1494_800_with_camera_labels-0.png 1264 1048 18
big_dataset_depth/000000000560-segment-10500357041547037089_1474_800_1494_800_with_camera_labels-0.png 1272 1072 17
big_dataset_depth/000000000560-segment-10500357041547037089_1474_800_1494_800_with_camera_labels-0.png 1280 1072 17
big_dataset_depth/000000000560-segment-10500357041547037089_1474_800_1494_800_with_camera_labels-0.png 1288 1088 17
big_dataset_depth/000000000560-segment-10500357041547037089_1474_800_1494_800_with_camera_labels-0.png 1296 1088 17
big_dataset_depth/000000000560-segment-10500357041547037089_1474_800_1494_800_with_camera_labels-0.png 1304 1088 16
big_dataset_depth/000000000560-segment-10500357041547037089_1474_800_1494_800_with_camera_labels-0.png 1312 1128 16
big_dataset_depth/000000000560-segment-10500357041547037089_1474_800_1494_800_with_camera_labels-0.png 1320 1128 16
big_dataset_depth/000000000560-segment-10500357041547037089_1474_800_1494_800_with_camera_labels-0.png 1328 1128 15
big_dataset_depth/000000000560-segment-10500357041547037089_1474_800_1494_800_with_camera_labels-0.png 1336 1128 15
big_dataset_depth/000000000560-segment-10500357041547037089_1474_800_1494_800_with_camera_labels-0.png 1344 1176 15
big_dataset_depth/000000000560-segment-10500357041547037089_1474_800_1494_800_with_camera_labels-0.png 1352 1176 15
big_dataset_depth/000000000560-segment-10500357041547037089_1474_800_1494_800_with_camera_labels-0.png 1360 1192 14
big_dataset_depth/000000000560-segment-10500357041547037089_1474_800_1494_800_with_camera_labels-0.png 1368 1192 14
big_dataset_depth/000000000560-segment-10500357041547037089_1474_800_1494_800_with_camera_labels-0.png 1376 1208 14
big_dataset_depth/000000000560-segment-10500357041547037089_1474_800_1494_800_with_camera_labels-0.png 1384 1192 14
big_dataset_depth/000000000560-segment-10500357041547037089_1474_800_1494_800_with_camera_labels-0.png 1392 1232 13
big_dataset_depth/000000000560-segment-10500357041547037089_1474_800_1494_800_with_camera_labels-0.png 1400 1240 13
big_dataset_depth/000000000560-segment-10500357041547037089_1474_800_1494_800_with_camera_labels-0.png 1408 1064 20
big_dataset_depth/000000000560-segment-10500357041547037089_1474_800_1494_800_with_camera_labels-0.png 1416 1104 17
big_dataset_depth/000000000560-segment-10500357041547037089_1474_800_1494_800_with_camera_labels-0.png 1424 968 25
big_dataset_depth/000000000560-segment-10500357041547037089_1474_800_1494_800_with_camera_labels-0.png 1432 1120 17
big_dataset_depth/000000000560-segment-10500357041547037089_1474_800_1494_800_with_camera_labels-0.png 1440 1240 13
big_dataset_depth/000000000560-segment-10500357041547037089_1474_800_1494_800_with_camera_labels-0.png 1448 824 22
big_dataset_depth/000000000560-segment-10500357041547037089_1474_800_1494_800_with_camera_labels-0.png 1456 840 23
big_dataset_depth/000000000560-segment-10500357041547037089_1474_800_1494_800_with_camera_labels-0.png 1464 880 22
big_dataset_depth/000000000560-segment-10500357041547037089_1474_800_1494_800_with_camera_labels-0.png 1472 928 22
big_dataset_depth/000000000560-segment-10500357041547037089_1474_800_1494_800_with_camera_labels-0.png 1480 920 22
big_dataset_depth/000000000560-segment-10500357041547037089_1474_800_1494_800_with_camera_labels-0.png 1488 928 22
big_dataset_depth/000000000560-segment-10500357041547037089_1474_800_1494_800_with_camera_labels-0.png 1496 920 22
big_dataset_depth/000000000560-segment-10500357041547037089_1474_800_1494_800_with_camera_labels-0.png 1504 816 40
big_dataset_depth/000000000560-segment-10500357041547037089_1474_800_1494_800_with_camera_labels-0.png 1512 928 23
big_dataset_depth/000000000560-segment-10500357041547037089_1474_800_1494_800_with_camera_labels-0.png 1520 928 23
big_dataset_depth/000000000560-segment-10500357041547037089_1474_800_1494_800_with_camera_labels-0.png 1528 864 27
big_dataset_depth/000000000560-segment-10500357041547037089_1474_800_1494_800_with_camera_labels-0.png 1536 760 46
big_dataset_depth/000000000560-segment-10500357041547037089_1474_800_1494_800_with_camera_labels-0.png 1544 840 27
big_dataset_depth/000000000560-segment-10500357041547037089_1474_800_1494_800_with_camera_labels-0.png 1552 856 28
big_dataset_depth/000000000560-segment-10500357041547037089_1474_800_1494_800_with_camera_labels-0.png 1560 840 28
big_dataset_depth/000000000560-segment-10500357041547037089_1474_800_1494_800_with_camera_labels-0.png 1568 840 28
big_dataset_depth/000000000560-segment-10500357041547037089_1474_800_1494_800_with_camera_labels-0.png 1576 840 28
big_dataset_depth/000000000560-segment-10500357041547037089_1474_800_1494_800_with_camera_labels-0.png 1584 848 28
big_dataset_depth/000000000560-segment-10500357041547037089_1474_800_1494_800_with_camera_labels-0.png 1592 856 27
big_dataset_depth/000000000560-segment-10500357041547037089_1474_800_1494_800_with_camera_labels-0.png 1600 856 27
big_dataset_depth/000000000560-segment-10500357041547037089_1474_800_1494_800_with_camera_labels-0.png 1608 864 27
big_dataset_depth/000000000560-segment-10500357041547037089_1474_800_1494_800_with_camera_labels-0.png 1616 856 27
big_dataset_depth/000000000560-segment-10500357041547037089_1474_800_1494_800_with_camera_labels-0.png 1624 856 27
big_dataset_depth/000000000560-segment-10500357041547037089_1474_800_1494_800_with_camera_labels-0.png 1632 856 27
big_dataset_depth/000000000560-segment-10500357041547037089_1474_800_1494_800_with_camera_labels-0.png 1640 856 27
big_dataset_depth/000000000560-segment-10500357041547037089_1474_800_1494_800_with_camera_labels-0.png 1648 856 27
big_dataset_depth/000000000560-segment-10500357041547037089_1474_800_1494_800_with_camera_labels-0.png 1656 864 27
big_dataset_depth/000000000560-segment-10500357041547037089_1474_800_1494_800_with_camera_labels-0.png 1664 856 27
big_dataset_depth/000000000560-segment-10500357041547037089_1474_800_1494_800_with_camera_labels-0.png 1672 856 27
big_dataset_depth/000000000560-segment-10500357041547037089_1474_800_1494_800_with_camera_labels-0.png 1680 856 27
big_dataset_depth/000000000560-segment-10500357041547037089_1474_800_1494_800_with_camera_labels-0.png 1688 856 27
big_dataset_depth/000000000560-segment-10500357041547037089_1474_800_1494_800_with_camera_labels-0.png 1696 832 28
big_dataset_depth/000000000560-segment-10500357041547037089_1474_800_1494_800_with_camera_labels-0.png 1704 856 28
big_dataset_depth/000000000560-segment-10500357041547037089_1474_800_1494_800_with_camera_labels-0.png 1712 856 28
big_dataset_depth/000000000560-segment-10500357041547037089_1474_800_1494_800_with_camera_labels-0.png 1720 848 28
big_dataset_depth/000000000560-segment-10500357041547037089_1474_800_1494_800_with_camera_labels-0.png 1728 832 28
big_dataset_depth/000000000560-segment-10500357041547037089_1474_800_1494_800_with_camera_labels-0.png 1736 840 27
big_dataset_depth/000000000560-segment-10500357041547037089_1474_800_1494_800_with_camera_labels-0.png 1744 848 27
big_dataset_depth/000000000560-segment-10500357041547037089_1474_800_1494_800_with_camera_labels-0.png 1752 832 29
big_dataset_depth/000000000560-segment-10500357041547037089_1474_800_1494_800_with_camera_labels-0.png 1760 840 31
big_dataset_depth/000000000560-segment-10500357041547037089_1474_800_1494_800_with_camera_labels-0.png 1768 848 31
big_dataset_depth/000000000560-segment-10500357041547037089_1474_800_1494_800_with_camera_labels-0.png 1776 864 29
big_dataset_depth/000000000560-segment-10500357041547037089_1474_800_1494_800_with_camera_labels-0.png 1784 864 31
big_dataset_depth/000000000560-segment-10500357041547037089_1474_800_1494_800_with_camera_labels-0.png 1792 744 39
big_dataset_depth/000000000560-segment-10500357041547037089_1474_800_1494_800_with_camera_labels-0.png 1808 864 23
big_dataset_depth/000000000560-segment-10500357041547037089_1474_800_1494_800_with_camera_labels-0.png 1816 864 23
big_dataset_depth/000000000560-segment-10500357041547037089_1474_800_1494_800_with_camera_labels-0.png 1824 872 23
big_dataset_depth/000000000560-segment-10500357041547037089_1474_800_1494_800_with_camera_labels-0.png 1832 888 23
big_dataset_depth/000000000560-segment-10500357041547037089_1474_800_1494_800_with_camera_labels-0.png 1840 888 23
big_dataset_depth/000000000560-segment-10500357041547037089_1474_800_1494_800_with_camera_labels-0.png 1848 904 23
big_dataset_depth/000000000560-segment-10500357041547037089_1474_800_1494_800_with_camera_labels-0.png 1856 904 23
big_dataset_depth/000000000560-segment-10500357041547037089_1474_800_1494_800_with_camera_labels-0.png 1864 904 23
big_dataset_depth/000000000560-segment-10500357041547037089_1474_800_1494_800_with_camera_labels-0.png 1872 904 23
big_dataset_depth/000000000560-segment-10500357041547037089_1474_800_1494_800_with_camera_labels-0.png 1880 912 23
big_dataset_depth/000000000560-segment-10500357041547037089_1474_800_1494_800_with_camera_labels-0.png 1888 888 23
big_dataset_depth/000000000560-segment-10500357041547037089_1474_800_1494_800_with_camera_labels-0.png 1896 880 25
big_dataset_depth/000000000560-segment-10500357041547037089_1474_800_1494_800_with_camera_labels-0.png 1904 824 30
big_dataset_depth/000000000560-segment-10500357041547037089_1474_800_1494_800_with_camera_labels-0.png 1912 792 32
