big_dataset_depth/000000003445-segment-13823509240483976870_1514_190_1534_190_with_camera_labels-80.png 0 728 74
big_dataset_depth/000000003445-segment-13823509240483976870_1514_190_1534_190_with_camera_labels-80.png 8 768 71
big_dataset_depth/000000003445-segment-13823509240483976870_1514_190_1534_190_with_camera_labels-80.png 16 720 72
big_dataset_depth/000000003445-segment-13823509240483976870_1514_190_1534_190_with_camera_labels-80.png 24 744 72
big_dataset_depth/000000003445-segment-13823509240483976870_1514_190_1534_190_with_camera_labels-80.png 32 752 71
big_dataset_depth/000000003445-segment-13823509240483976870_1514_190_1534_190_with_camera_labels-80.png 40 760 72
big_dataset_depth/000000003445-segment-13823509240483976870_1514_190_1534_190_with_camera_labels-80.png 48 744 71
big_dataset_depth/000000003445-segment-13823509240483976870_1514_190_1534_190_with_camera_labels-80.png 64 744 71
big_dataset_depth/000000003445-segment-13823509240483976870_1514_190_1534_190_with_camera_labels-80.png 72 752 72
big_dataset_depth/000000003445-segment-13823509240483976870_1514_190_1534_190_with_camera_labels-80.png 80 752 72
big_dataset_depth/000000003445-segment-13823509240483976870_1514_190_1534_190_with_camera_labels-80.png 88 720 73
big_dataset_depth/000000003445-segment-13823509240483976870_1514_190_1534_190_with_camera_labels-80.png 96 744 76
big_dataset_depth/000000003445-segment-13823509240483976870_1514_190_1534_190_with_camera_labels-80.png 104 744 78
big_dataset_depth/000000003445-segment-13823509240483976870_1514_190_1534_190_with_camera_labels-80.png 112 760 73
big_dataset_depth/000000003445-segment-13823509240483976870_1514_190_1534_190_with_camera_labels-80.png 120 752 73
big_dataset_depth/000000003445-segment-13823509240483976870_1514_190_1534_190_with_camera_labels-80.png 128 776 63
big_dataset_depth/000000003445-segment-13823509240483976870_1514_190_1534_190_with_camera_labels-80.png 136 760 63
big_dataset_depth/000000003445-segment-13823509240483976870_1514_190_1534_190_with_camera_labels-80.png 144 760 63
big_dataset_depth/000000003445-segment-13823509240483976870_1514_190_1534_190_with_camera_labels-80.png 152 744 70
big_dataset_depth/000000003445-segment-13823509240483976870_1514_190_1534_190_with_camera_labels-80.png 160 744 70
big_dataset_depth/000000003445-segment-13823509240483976870_1514_190_1534_190_with_camera_labels-80.png 168 744 71
big_dataset_depth/000000003445-segment-13823509240483976870_1514_190_1534_190_with_camera_labels-80.png 176 752 71
big_dataset_depth/000000003445-segment-13823509240483976870_1514_190_1534_190_with_camera_labels-80.png 184 752 72
big_dataset_depth/000000003445-segment-13823509240483976870_1514_190_1534_190_with_camera_labels-80.png 200 736 97
big_dataset_depth/000000003445-segment-13823509240483976870_1514_190_1534_190_with_camera_labels-80.png 208 728 99
big_dataset_depth/000000003445-segment-13823509240483976870_1514_190_1534_190_with_camera_labels-80.png 216 720 93
big_dataset_depth/000000003445-segment-13823509240483976870_1514_190_1534_190_with_camera_labels-80.png 224 728 74
big_dataset_depth/000000003445-segment-13823509240483976870_1514_190_1534_190_with_camera_labels-80.png 232 744 74
big_dataset_depth/000000003445-segment-13823509240483976870_1514_190_1534_190_with_camera_labels-80.png 240 728 74
big_dataset_depth/000000003445-segment-13823509240483976870_1514_190_1534_190_with_camera_labels-80.png 248 752 74
big_dataset_depth/000000003445-segment-13823509240483976870_1514_190_1534_190_with_camera_labels-80.png 256 752 74
big_dataset_depth/000000003445-segment-13823509240483976870_1514_190_1534_190_with_camera_labels-80.png 264 744 74
big_dataset_depth/000000003445-segment-13823509240483976870_1514_190_1534_190_with_camera_labels-80.png 272 744 72
big_dataset_depth/000000003445-segment-13823509240483976870_1514_190_1534_190_with_camera_labels-80.png 280 728 75
big_dataset_depth/000000003445-segment-13823509240483976870_1514_190_1534_190_with_camera_labels-80.png 288 704 91
big_dataset_depth/000000003445-segment-13823509240483976870_1514_190_1534_190_with_camera_labels-80.png 296 728 84
big_dataset_depth/000000003445-segment-13823509240483976870_1514_190_1534_190_with_camera_labels-80.png 304 728 84
big_dataset_depth/000000003445-segment-13823509240483976870_1514_190_1534_190_with_camera_labels-80.png 312 720 95
big_dataset_depth/000000003445-segment-13823509240483976870_1514_190_1534_190_with_camera_labels-80.png 320 720 105
big_dataset_depth/000000003445-segment-13823509240483976870_1514_190_1534_190_with_camera_labels-80.png 328 752 82
big_dataset_depth/000000003445-segment-13823509240483976870_1514_190_1534_190_with_camera_labels-80.png 336 720 82
big_dataset_depth/000000003445-segment-13823509240483976870_1514_190_1534_190_with_camera_labels-80.png 344 768 60
big_dataset_depth/000000003445-segment-13823509240483976870_1514_190_1534_190_with_camera_labels-80.png 352 768 60
big_dataset_depth/000000003445-segment-13823509240483976870_1514_190_1534_190_with_camera_labels-80.png 360 800 46
big_dataset_depth/000000003445-segment-13823509240483976870_1514_190_1534_190_with_camera_labels-80.png 368 800 46
big_dataset_depth/000000003445-segment-13823509240483976870_1514_190_1534_190_with_camera_labels-80.png 376 792 45
big_dataset_depth/000000003445-segment-13823509240483976870_1514_190_1534_190_with_camera_labels-80.png 384 752 71
big_dataset_depth/000000003445-segment-13823509240483976870_1514_190_1534_190_with_camera_labels-80.png 392 784 45
big_dataset_depth/000000003445-segment-13823509240483976870_1514_190_1534_190_with_camera_labels-80.png 400 792 46
big_dataset_depth/000000003445-segment-13823509240483976870_1514_190_1534_190_with_camera_labels-80.png 408 784 45
big_dataset_depth/000000003445-segment-13823509240483976870_1514_190_1534_190_with_camera_labels-80.png 416 792 46
big_dataset_depth/000000003445-segment-13823509240483976870_1514_190_1534_190_with_camera_labels-80.png 424 784 45
big_dataset_depth/000000003445-segment-13823509240483976870_1514_190_1534_190_with_camera_labels-80.png 432 800 45
big_dataset_depth/000000003445-segment-13823509240483976870_1514_190_1534_190_with_camera_labels-80.png 440 784 45
big_dataset_depth/000000003445-segment-13823509240483976870_1514_190_1534_190_with_camera_labels-80.png 448 784 45
big_dataset_depth/000000003445-segment-13823509240483976870_1514_190_1534_190_with_camera_labels-80.png 456 784 45
big_dataset_depth/000000003445-segment-13823509240483976870_1514_190_1534_190_with_camera_labels-80.png 464 784 45
big_dataset_depth/000000003445-segment-13823509240483976870_1514_190_1534_190_with_camera_labels-80.png 472 784 45
big_dataset_depth/000000003445-segment-13823509240483976870_1514_190_1534_190_with_camera_labels-80.png 480 800 46
big_dataset_depth/000000003445-segment-13823509240483976870_1514_190_1534_190_with_camera_labels-80.png 488 792 47
big_dataset_depth/000000003445-segment-13823509240483976870_1514_190_1534_190_with_camera_labels-80.png 504 776 48
big_dataset_depth/000000003445-segment-13823509240483976870_1514_190_1534_190_with_camera_labels-80.png 512 784 49
big_dataset_depth/000000003445-segment-13823509240483976870_1514_190_1534_190_with_camera_labels-80.png 520 784 49
big_dataset_depth/000000003445-segment-13823509240483976870_1514_190_1534_190_with_camera_labels-80.png 592 712 97
big_dataset_depth/000000003445-segment-13823509240483976870_1514_190_1534_190_with_camera_labels-80.png 600 720 97
big_dataset_depth/000000003445-segment-13823509240483976870_1514_190_1534_190_with_camera_labels-80.png 608 720 97
big_dataset_depth/000000003445-segment-13823509240483976870_1514_190_1534_190_with_camera_labels-80.png 664 744 65
big_dataset_depth/000000003445-segment-13823509240483976870_1514_190_1534_190_with_camera_labels-80.png 672 752 61
big_dataset_depth/000000003445-segment-13823509240483976870_1514_190_1534_190_with_camera_labels-80.png 680 736 66
big_dataset_depth/000000003445-segment-13823509240483976870_1514_190_1534_190_with_camera_labels-80.png 688 712 67
big_dataset_depth/000000003445-segment-13823509240483976870_1514_190_1534_190_with_camera_labels-80.png 696 728 67
big_dataset_depth/000000003445-segment-13823509240483976870_1514_190_1534_190_with_camera_labels-80.png 704 720 67
big_dataset_depth/000000003445-segment-13823509240483976870_1514_190_1534_190_with_camera_labels-80.png 712 720 66
big_dataset_depth/000000003445-segment-13823509240483976870_1514_190_1534_190_with_camera_labels-80.png 1304 704 95
big_dataset_depth/000000003445-segment-13823509240483976870_1514_190_1534_190_with_camera_labels-80.png 1312 704 95
big_dataset_depth/000000003445-segment-13823509240483976870_1514_190_1534_190_with_camera_labels-80.png 1320 704 95
big_dataset_depth/000000003445-segment-13823509240483976870_1514_190_1534_190_with_camera_labels-80.png 1328 704 91
big_dataset_depth/000000003445-segment-13823509240483976870_1514_190_1534_190_with_camera_labels-80.png 1336 704 91
big_dataset_depth/000000003445-segment-13823509240483976870_1514_190_1534_190_with_camera_labels-80.png 1344 704 90
big_dataset_depth/000000003445-segment-13823509240483976870_1514_190_1534_190_with_camera_labels-80.png 1352 712 87
big_dataset_depth/000000003445-segment-13823509240483976870_1514_190_1534_190_with_camera_labels-80.png 1360 712 87
big_dataset_depth/000000003445-segment-13823509240483976870_1514_190_1534_190_with_camera_labels-80.png 1368 712 85
big_dataset_depth/000000003445-segment-13823509240483976870_1514_190_1534_190_with_camera_labels-80.png 1376 712 84
big_dataset_depth/000000003445-segment-13823509240483976870_1514_190_1534_190_with_camera_labels-80.png 1384 720 82
big_dataset_depth/000000003445-segment-13823509240483976870_1514_190_1534_190_with_camera_labels-80.png 1392 720 81
big_dataset_depth/000000003445-segment-13823509240483976870_1514_190_1534_190_with_camera_labels-80.png 1400 712 80
big_dataset_depth/000000003445-segment-13823509240483976870_1514_190_1534_190_with_camera_labels-80.png 1408 720 79
big_dataset_depth/000000003445-segment-13823509240483976870_1514_190_1534_190_with_camera_labels-80.png 1416 704 81
big_dataset_depth/000000003445-segment-13823509240483976870_1514_190_1534_190_with_camera_labels-80.png 1424 720 75
big_dataset_depth/000000003445-segment-13823509240483976870_1514_190_1534_190_with_camera_labels-80.png 1432 720 75
big_dataset_depth/000000003445-segment-13823509240483976870_1514_190_1534_190_with_camera_labels-80.png 1440 728 72
big_dataset_depth/000000003445-segment-13823509240483976870_1514_190_1534_190_with_camera_labels-80.png 1448 728 70
big_dataset_depth/000000003445-segment-13823509240483976870_1514_190_1534_190_with_camera_labels-80.png 1456 736 70
big_dataset_depth/000000003445-segment-13823509240483976870_1514_190_1534_190_with_camera_labels-80.png 1464 736 69
big_dataset_depth/000000003445-segment-13823509240483976870_1514_190_1534_190_with_camera_labels-80.png 1472 736 69
big_dataset_depth/000000003445-segment-13823509240483976870_1514_190_1534_190_with_camera_labels-80.png 1480 736 67
big_dataset_depth/000000003445-segment-13823509240483976870_1514_190_1534_190_with_camera_labels-80.png 1488 712 68
big_dataset_depth/000000003445-segment-13823509240483976870_1514_190_1534_190_with_camera_labels-80.png 1496 736 65
big_dataset_depth/000000003445-segment-13823509240483976870_1514_190_1534_190_with_camera_labels-80.png 1504 744 64
big_dataset_depth/000000003445-segment-13823509240483976870_1514_190_1534_190_with_camera_labels-80.png 1512 728 65
big_dataset_depth/000000003445-segment-13823509240483976870_1514_190_1534_190_with_camera_labels-80.png 1520 736 64
big_dataset_depth/000000003445-segment-13823509240483976870_1514_190_1534_190_with_camera_labels-80.png 1528 728 64
big_dataset_depth/000000003445-segment-13823509240483976870_1514_190_1534_190_with_camera_labels-80.png 1536 720 63
big_dataset_depth/000000003445-segment-13823509240483976870_1514_190_1534_190_with_camera_labels-80.png 1544 736 62
big_dataset_depth/000000003445-segment-13823509240483976870_1514_190_1534_190_with_camera_labels-80.png 1552 736 62
big_dataset_depth/000000003445-segment-13823509240483976870_1514_190_1534_190_with_camera_labels-80.png 1560 744 59
big_dataset_depth/000000003445-segment-13823509240483976870_1514_190_1534_190_with_camera_labels-80.png 1568 736 59
big_dataset_depth/000000003445-segment-13823509240483976870_1514_190_1534_190_with_camera_labels-80.png 1576 752 57
big_dataset_depth/000000003445-segment-13823509240483976870_1514_190_1534_190_with_camera_labels-80.png 1584 728 59
big_dataset_depth/000000003445-segment-13823509240483976870_1514_190_1534_190_with_camera_labels-80.png 1592 752 57
big_dataset_depth/000000003445-segment-13823509240483976870_1514_190_1534_190_with_camera_labels-80.png 1600 752 57
big_dataset_depth/000000003445-segment-13823509240483976870_1514_190_1534_190_with_camera_labels-80.png 1608 744 57
big_dataset_depth/000000003445-segment-13823509240483976870_1514_190_1534_190_with_camera_labels-80.png 1616 744 57
big_dataset_depth/000000003445-segment-13823509240483976870_1514_190_1534_190_with_camera_labels-80.png 1624 712 60
big_dataset_depth/000000003445-segment-13823509240483976870_1514_190_1534_190_with_camera_labels-80.png 1640 736 57
big_dataset_depth/000000003445-segment-13823509240483976870_1514_190_1534_190_with_camera_labels-80.png 1648 752 55
big_dataset_depth/000000003445-segment-13823509240483976870_1514_190_1534_190_with_camera_labels-80.png 1656 760 55
big_dataset_depth/000000003445-segment-13823509240483976870_1514_190_1534_190_with_camera_labels-80.png 1664 752 55
big_dataset_depth/000000003445-segment-13823509240483976870_1514_190_1534_190_with_camera_labels-80.png 1672 752 55
big_dataset_depth/000000003445-segment-13823509240483976870_1514_190_1534_190_with_camera_labels-80.png 1680 760 55
big_dataset_depth/000000003445-segment-13823509240483976870_1514_190_1534_190_with_camera_labels-80.png 1688 744 55
big_dataset_depth/000000003445-segment-13823509240483976870_1514_190_1534_190_with_camera_labels-80.png 1696 752 55
big_dataset_depth/000000003445-segment-13823509240483976870_1514_190_1534_190_with_camera_labels-80.png 1704 752 55
big_dataset_depth/000000003445-segment-13823509240483976870_1514_190_1534_190_with_camera_labels-80.png 1712 744 55
big_dataset_depth/000000003445-segment-13823509240483976870_1514_190_1534_190_with_camera_labels-80.png 1720 752 55
big_dataset_depth/000000003445-segment-13823509240483976870_1514_190_1534_190_with_camera_labels-80.png 1728 752 55
big_dataset_depth/000000003445-segment-13823509240483976870_1514_190_1534_190_with_camera_labels-80.png 1736 752 55
big_dataset_depth/000000003445-segment-13823509240483976870_1514_190_1534_190_with_camera_labels-80.png 1744 744 55
big_dataset_depth/000000003445-segment-13823509240483976870_1514_190_1534_190_with_camera_labels-80.png 1752 744 56
big_dataset_depth/000000003445-segment-13823509240483976870_1514_190_1534_190_with_camera_labels-80.png 1768 696 68
big_dataset_depth/000000003445-segment-13823509240483976870_1514_190_1534_190_with_camera_labels-80.png 1776 704 69
big_dataset_depth/000000003445-segment-13823509240483976870_1514_190_1534_190_with_camera_labels-80.png 1784 704 68
big_dataset_depth/000000003445-segment-13823509240483976870_1514_190_1534_190_with_camera_labels-80.png 1792 704 68
big_dataset_depth/000000003445-segment-13823509240483976870_1514_190_1534_190_with_camera_labels-80.png 1800 704 67
big_dataset_depth/000000003445-segment-13823509240483976870_1514_190_1534_190_with_camera_labels-80.png 1808 704 67
big_dataset_depth/000000003445-segment-13823509240483976870_1514_190_1534_190_with_camera_labels-80.png 1816 704 66
big_dataset_depth/000000003445-segment-13823509240483976870_1514_190_1534_190_with_camera_labels-80.png 1824 704 66
big_dataset_depth/000000003445-segment-13823509240483976870_1514_190_1534_190_with_camera_labels-80.png 1832 696 66
big_dataset_depth/000000003445-segment-13823509240483976870_1514_190_1534_190_with_camera_labels-80.png 1840 704 67
big_dataset_depth/000000003445-segment-13823509240483976870_1514_190_1534_190_with_camera_labels-80.png 1848 712 65
big_dataset_depth/000000003445-segment-13823509240483976870_1514_190_1534_190_with_camera_labels-80.png 1856 704 66
big_dataset_depth/000000003445-segment-13823509240483976870_1514_190_1534_190_with_camera_labels-80.png 1864 696 66
big_dataset_depth/000000003445-segment-13823509240483976870_1514_190_1534_190_with_camera_labels-80.png 1872 704 66
big_dataset_depth/000000003445-segment-13823509240483976870_1514_190_1534_190_with_camera_labels-80.png 1880 704 66
big_dataset_depth/000000003445-segment-13823509240483976870_1514_190_1534_190_with_camera_labels-80.png 1888 704 65
big_dataset_depth/000000003445-segment-13823509240483976870_1514_190_1534_190_with_camera_labels-80.png 1896 712 65
big_dataset_depth/000000003445-segment-13823509240483976870_1514_190_1534_190_with_camera_labels-80.png 1904 704 65
big_dataset_depth/000000003445-segment-13823509240483976870_1514_190_1534_190_with_camera_labels-80.png 1912 704 64
