big_dataset_depth/000000003480-segment-1416654423768444853_2660_000_2680_000_with_camera_labels-30.png 0 896 28
big_dataset_depth/000000003480-segment-1416654423768444853_2660_000_2680_000_with_camera_labels-30.png 8 864 38
big_dataset_depth/000000003480-segment-1416654423768444853_2660_000_2680_000_with_camera_labels-30.png 16 904 29
big_dataset_depth/000000003480-segment-1416654423768444853_2660_000_2680_000_with_camera_labels-30.png 24 976 23
big_dataset_depth/000000003480-segment-1416654423768444853_2660_000_2680_000_with_camera_labels-30.png 32 936 24
big_dataset_depth/000000003480-segment-1416654423768444853_2660_000_2680_000_with_camera_labels-30.png 40 952 24
big_dataset_depth/000000003480-segment-1416654423768444853_2660_000_2680_000_with_camera_labels-30.png 48 952 24
big_dataset_depth/000000003480-segment-1416654423768444853_2660_000_2680_000_with_camera_labels-30.png 56 952 24
big_dataset_depth/000000003480-segment-1416654423768444853_2660_000_2680_000_with_camera_labels-30.png 64 952 24
big_dataset_depth/000000003480-segment-1416654423768444853_2660_000_2680_000_with_camera_labels-30.png 96 808 42
big_dataset_depth/000000003480-segment-1416654423768444853_2660_000_2680_000_with_camera_labels-30.png 104 808 42
big_dataset_depth/000000003480-segment-1416654423768444853_2660_000_2680_000_with_camera_labels-30.png 112 808 42
big_dataset_depth/000000003480-segment-1416654423768444853_2660_000_2680_000_with_camera_labels-30.png 120 808 42
big_dataset_depth/000000003480-segment-1416654423768444853_2660_000_2680_000_with_camera_labels-30.png 128 800 43
big_dataset_depth/000000003480-segment-1416654423768444853_2660_000_2680_000_with_camera_labels-30.png 136 784 43
big_dataset_depth/000000003480-segment-1416654423768444853_2660_000_2680_000_with_camera_labels-30.png 144 792 44
big_dataset_depth/000000003480-segment-1416654423768444853_2660_000_2680_000_with_camera_labels-30.png 152 784 44
big_dataset_depth/000000003480-segment-1416654423768444853_2660_000_2680_000_with_camera_labels-30.png 160 800 44
big_dataset_depth/000000003480-segment-1416654423768444853_2660_000_2680_000_with_camera_labels-30.png 168 800 44
big_dataset_depth/000000003480-segment-1416654423768444853_2660_000_2680_000_with_camera_labels-30.png 176 792 45
big_dataset_depth/000000003480-segment-1416654423768444853_2660_000_2680_000_with_camera_labels-30.png 184 792 46
big_dataset_depth/000000003480-segment-1416654423768444853_2660_000_2680_000_with_camera_labels-30.png 192 792 46
big_dataset_depth/000000003480-segment-1416654423768444853_2660_000_2680_000_with_camera_labels-30.png 200 784 46
big_dataset_depth/000000003480-segment-1416654423768444853_2660_000_2680_000_with_camera_labels-30.png 208 776 47
big_dataset_depth/000000003480-segment-1416654423768444853_2660_000_2680_000_with_camera_labels-30.png 216 784 47
big_dataset_depth/000000003480-segment-1416654423768444853_2660_000_2680_000_with_camera_labels-30.png 224 776 48
big_dataset_depth/000000003480-segment-1416654423768444853_2660_000_2680_000_with_camera_labels-30.png 232 776 48
big_dataset_depth/000000003480-segment-1416654423768444853_2660_000_2680_000_with_camera_labels-30.png 240 776 49
big_dataset_depth/000000003480-segment-1416654423768444853_2660_000_2680_000_with_camera_labels-30.png 248 768 49
big_dataset_depth/000000003480-segment-1416654423768444853_2660_000_2680_000_with_camera_labels-30.png 256 768 50
big_dataset_depth/000000003480-segment-1416654423768444853_2660_000_2680_000_with_camera_labels-30.png 264 776 50
big_dataset_depth/000000003480-segment-1416654423768444853_2660_000_2680_000_with_camera_labels-30.png 272 776 50
big_dataset_depth/000000003480-segment-1416654423768444853_2660_000_2680_000_with_camera_labels-30.png 280 776 51
big_dataset_depth/000000003480-segment-1416654423768444853_2660_000_2680_000_with_camera_labels-30.png 288 768 51
big_dataset_depth/000000003480-segment-1416654423768444853_2660_000_2680_000_with_camera_labels-30.png 296 768 52
big_dataset_depth/000000003480-segment-1416654423768444853_2660_000_2680_000_with_camera_labels-30.png 304 768 52
big_dataset_depth/000000003480-segment-1416654423768444853_2660_000_2680_000_with_camera_labels-30.png 312 768 53
big_dataset_depth/000000003480-segment-1416654423768444853_2660_000_2680_000_with_camera_labels-30.png 320 752 53
big_dataset_depth/000000003480-segment-1416654423768444853_2660_000_2680_000_with_camera_labels-30.png 328 752 54
big_dataset_depth/000000003480-segment-1416654423768444853_2660_000_2680_000_with_camera_labels-30.png 336 768 54
big_dataset_depth/000000003480-segment-1416654423768444853_2660_000_2680_000_with_camera_labels-30.png 344 760 55
big_dataset_depth/000000003480-segment-1416654423768444853_2660_000_2680_000_with_camera_labels-30.png 352 760 56
big_dataset_depth/000000003480-segment-1416654423768444853_2660_000_2680_000_with_camera_labels-30.png 360 752 57
big_dataset_depth/000000003480-segment-1416654423768444853_2660_000_2680_000_with_camera_labels-30.png 368 760 57
big_dataset_depth/000000003480-segment-1416654423768444853_2660_000_2680_000_with_camera_labels-30.png 376 752 58
big_dataset_depth/000000003480-segment-1416654423768444853_2660_000_2680_000_with_camera_labels-30.png 384 752 58
big_dataset_depth/000000003480-segment-1416654423768444853_2660_000_2680_000_with_camera_labels-30.png 392 744 59
big_dataset_depth/000000003480-segment-1416654423768444853_2660_000_2680_000_with_camera_labels-30.png 400 752 60
big_dataset_depth/000000003480-segment-1416654423768444853_2660_000_2680_000_with_camera_labels-30.png 408 752 61
big_dataset_depth/000000003480-segment-1416654423768444853_2660_000_2680_000_with_camera_labels-30.png 416 744 62
big_dataset_depth/000000003480-segment-1416654423768444853_2660_000_2680_000_with_camera_labels-30.png 424 744 62
big_dataset_depth/000000003480-segment-1416654423768444853_2660_000_2680_000_with_camera_labels-30.png 432 744 63
big_dataset_depth/000000003480-segment-1416654423768444853_2660_000_2680_000_with_camera_labels-30.png 440 728 64
big_dataset_depth/000000003480-segment-1416654423768444853_2660_000_2680_000_with_camera_labels-30.png 448 736 65
big_dataset_depth/000000003480-segment-1416654423768444853_2660_000_2680_000_with_camera_labels-30.png 456 744 66
big_dataset_depth/000000003480-segment-1416654423768444853_2660_000_2680_000_with_camera_labels-30.png 464 736 67
big_dataset_depth/000000003480-segment-1416654423768444853_2660_000_2680_000_with_camera_labels-30.png 472 736 67
big_dataset_depth/000000003480-segment-1416654423768444853_2660_000_2680_000_with_camera_labels-30.png 480 728 68
big_dataset_depth/000000003480-segment-1416654423768444853_2660_000_2680_000_with_camera_labels-30.png 488 736 69
big_dataset_depth/000000003480-segment-1416654423768444853_2660_000_2680_000_with_camera_labels-30.png 496 728 70
big_dataset_depth/000000003480-segment-1416654423768444853_2660_000_2680_000_with_camera_labels-30.png 504 728 71
big_dataset_depth/000000003480-segment-1416654423768444853_2660_000_2680_000_with_camera_labels-30.png 512 728 72
big_dataset_depth/000000003480-segment-1416654423768444853_2660_000_2680_000_with_camera_labels-30.png 520 736 70
big_dataset_depth/000000003480-segment-1416654423768444853_2660_000_2680_000_with_camera_labels-30.png 536 712 76
big_dataset_depth/000000003480-segment-1416654423768444853_2660_000_2680_000_with_camera_labels-30.png 544 712 77
big_dataset_depth/000000003480-segment-1416654423768444853_2660_000_2680_000_with_camera_labels-30.png 552 712 78
big_dataset_depth/000000003480-segment-1416654423768444853_2660_000_2680_000_with_camera_labels-30.png 560 712 79
big_dataset_depth/000000003480-segment-1416654423768444853_2660_000_2680_000_with_camera_labels-30.png 568 712 81
big_dataset_depth/000000003480-segment-1416654423768444853_2660_000_2680_000_with_camera_labels-30.png 576 712 82
big_dataset_depth/000000003480-segment-1416654423768444853_2660_000_2680_000_with_camera_labels-30.png 584 712 84
big_dataset_depth/000000003480-segment-1416654423768444853_2660_000_2680_000_with_camera_labels-30.png 592 704 85
big_dataset_depth/000000003480-segment-1416654423768444853_2660_000_2680_000_with_camera_labels-30.png 600 712 86
big_dataset_depth/000000003480-segment-1416654423768444853_2660_000_2680_000_with_camera_labels-30.png 608 712 88
big_dataset_depth/000000003480-segment-1416654423768444853_2660_000_2680_000_with_camera_labels-30.png 616 712 90
big_dataset_depth/000000003480-segment-1416654423768444853_2660_000_2680_000_with_camera_labels-30.png 624 704 73
big_dataset_depth/000000003480-segment-1416654423768444853_2660_000_2680_000_with_camera_labels-30.png 632 712 73
big_dataset_depth/000000003480-segment-1416654423768444853_2660_000_2680_000_with_camera_labels-30.png 648 704 73
big_dataset_depth/000000003480-segment-1416654423768444853_2660_000_2680_000_with_camera_labels-30.png 656 704 73
big_dataset_depth/000000003480-segment-1416654423768444853_2660_000_2680_000_with_camera_labels-30.png 664 696 73
big_dataset_depth/000000003480-segment-1416654423768444853_2660_000_2680_000_with_camera_labels-30.png 672 704 73
big_dataset_depth/000000003480-segment-1416654423768444853_2660_000_2680_000_with_camera_labels-30.png 680 704 73
big_dataset_depth/000000003480-segment-1416654423768444853_2660_000_2680_000_with_camera_labels-30.png 688 704 73
big_dataset_depth/000000003480-segment-1416654423768444853_2660_000_2680_000_with_camera_labels-30.png 696 704 73
big_dataset_depth/000000003480-segment-1416654423768444853_2660_000_2680_000_with_camera_labels-30.png 720 736 64
big_dataset_depth/000000003480-segment-1416654423768444853_2660_000_2680_000_with_camera_labels-30.png 928 736 61
big_dataset_depth/000000003480-segment-1416654423768444853_2660_000_2680_000_with_camera_labels-30.png 944 728 61
big_dataset_depth/000000003480-segment-1416654423768444853_2660_000_2680_000_with_camera_labels-30.png 952 704 61
big_dataset_depth/000000003480-segment-1416654423768444853_2660_000_2680_000_with_camera_labels-30.png 960 720 61
big_dataset_depth/000000003480-segment-1416654423768444853_2660_000_2680_000_with_camera_labels-30.png 968 720 61
big_dataset_depth/000000003480-segment-1416654423768444853_2660_000_2680_000_with_camera_labels-30.png 976 720 61
big_dataset_depth/000000003480-segment-1416654423768444853_2660_000_2680_000_with_camera_labels-30.png 984 720 61
big_dataset_depth/000000003480-segment-1416654423768444853_2660_000_2680_000_with_camera_labels-30.png 992 720 61
big_dataset_depth/000000003480-segment-1416654423768444853_2660_000_2680_000_with_camera_labels-30.png 1000 712 61
big_dataset_depth/000000003480-segment-1416654423768444853_2660_000_2680_000_with_camera_labels-30.png 1008 712 61
big_dataset_depth/000000003480-segment-1416654423768444853_2660_000_2680_000_with_camera_labels-30.png 1016 736 61
big_dataset_depth/000000003480-segment-1416654423768444853_2660_000_2680_000_with_camera_labels-30.png 1048 704 94
big_dataset_depth/000000003480-segment-1416654423768444853_2660_000_2680_000_with_camera_labels-30.png 1056 728 72
big_dataset_depth/000000003480-segment-1416654423768444853_2660_000_2680_000_with_camera_labels-30.png 1064 736 62
big_dataset_depth/000000003480-segment-1416654423768444853_2660_000_2680_000_with_camera_labels-30.png 1088 736 62
big_dataset_depth/000000003480-segment-1416654423768444853_2660_000_2680_000_with_camera_labels-30.png 1104 760 52
big_dataset_depth/000000003480-segment-1416654423768444853_2660_000_2680_000_with_camera_labels-30.png 1144 800 42
big_dataset_depth/000000003480-segment-1416654423768444853_2660_000_2680_000_with_camera_labels-30.png 1240 968 22
big_dataset_depth/000000003480-segment-1416654423768444853_2660_000_2680_000_with_camera_labels-30.png 1248 688 94
big_dataset_depth/000000003480-segment-1416654423768444853_2660_000_2680_000_with_camera_labels-30.png 1256 688 90
big_dataset_depth/000000003480-segment-1416654423768444853_2660_000_2680_000_with_camera_labels-30.png 1272 744 59
big_dataset_depth/000000003480-segment-1416654423768444853_2660_000_2680_000_with_camera_labels-30.png 1280 704 81
big_dataset_depth/000000003480-segment-1416654423768444853_2660_000_2680_000_with_camera_labels-30.png 1288 696 80
big_dataset_depth/000000003480-segment-1416654423768444853_2660_000_2680_000_with_camera_labels-30.png 1296 688 86
big_dataset_depth/000000003480-segment-1416654423768444853_2660_000_2680_000_with_camera_labels-30.png 1304 688 77
big_dataset_depth/000000003480-segment-1416654423768444853_2660_000_2680_000_with_camera_labels-30.png 1312 688 84
big_dataset_depth/000000003480-segment-1416654423768444853_2660_000_2680_000_with_camera_labels-30.png 1320 704 72
big_dataset_depth/000000003480-segment-1416654423768444853_2660_000_2680_000_with_camera_labels-30.png 1328 688 86
big_dataset_depth/000000003480-segment-1416654423768444853_2660_000_2680_000_with_camera_labels-30.png 1336 712 69
big_dataset_depth/000000003480-segment-1416654423768444853_2660_000_2680_000_with_camera_labels-30.png 1344 712 67
big_dataset_depth/000000003480-segment-1416654423768444853_2660_000_2680_000_with_camera_labels-30.png 1352 720 66
big_dataset_depth/000000003480-segment-1416654423768444853_2660_000_2680_000_with_camera_labels-30.png 1360 720 65
big_dataset_depth/000000003480-segment-1416654423768444853_2660_000_2680_000_with_camera_labels-30.png 1368 688 86
big_dataset_depth/000000003480-segment-1416654423768444853_2660_000_2680_000_with_camera_labels-30.png 1376 720 62
big_dataset_depth/000000003480-segment-1416654423768444853_2660_000_2680_000_with_camera_labels-30.png 1384 728 61
big_dataset_depth/000000003480-segment-1416654423768444853_2660_000_2680_000_with_camera_labels-30.png 1392 720 59
big_dataset_depth/000000003480-segment-1416654423768444853_2660_000_2680_000_with_camera_labels-30.png 1400 736 58
big_dataset_depth/000000003480-segment-1416654423768444853_2660_000_2680_000_with_camera_labels-30.png 1408 736 57
big_dataset_depth/000000003480-segment-1416654423768444853_2660_000_2680_000_with_camera_labels-30.png 1416 736 56
big_dataset_depth/000000003480-segment-1416654423768444853_2660_000_2680_000_with_camera_labels-30.png 1424 736 56
big_dataset_depth/000000003480-segment-1416654423768444853_2660_000_2680_000_with_camera_labels-30.png 1432 736 55
big_dataset_depth/000000003480-segment-1416654423768444853_2660_000_2680_000_with_camera_labels-30.png 1440 736 54
big_dataset_depth/000000003480-segment-1416654423768444853_2660_000_2680_000_with_camera_labels-30.png 1448 744 53
big_dataset_depth/000000003480-segment-1416654423768444853_2660_000_2680_000_with_camera_labels-30.png 1456 744 52
big_dataset_depth/000000003480-segment-1416654423768444853_2660_000_2680_000_with_camera_labels-30.png 1464 736 52
big_dataset_depth/000000003480-segment-1416654423768444853_2660_000_2680_000_with_camera_labels-30.png 1472 736 51
big_dataset_depth/000000003480-segment-1416654423768444853_2660_000_2680_000_with_camera_labels-30.png 1480 752 50
big_dataset_depth/000000003480-segment-1416654423768444853_2660_000_2680_000_with_camera_labels-30.png 1488 800 43
big_dataset_depth/000000003480-segment-1416654423768444853_2660_000_2680_000_with_camera_labels-30.png 1504 848 34
big_dataset_depth/000000003480-segment-1416654423768444853_2660_000_2680_000_with_camera_labels-30.png 1512 848 34
big_dataset_depth/000000003480-segment-1416654423768444853_2660_000_2680_000_with_camera_labels-30.png 1520 824 38
big_dataset_depth/000000003480-segment-1416654423768444853_2660_000_2680_000_with_camera_labels-30.png 1528 768 46
big_dataset_depth/000000003480-segment-1416654423768444853_2660_000_2680_000_with_camera_labels-30.png 1536 768 46
big_dataset_depth/000000003480-segment-1416654423768444853_2660_000_2680_000_with_camera_labels-30.png 1544 776 45
big_dataset_depth/000000003480-segment-1416654423768444853_2660_000_2680_000_with_camera_labels-30.png 1552 768 44
big_dataset_depth/000000003480-segment-1416654423768444853_2660_000_2680_000_with_camera_labels-30.png 1560 776 44
big_dataset_depth/000000003480-segment-1416654423768444853_2660_000_2680_000_with_camera_labels-30.png 1576 776 43
big_dataset_depth/000000003480-segment-1416654423768444853_2660_000_2680_000_with_camera_labels-30.png 1584 880 31
big_dataset_depth/000000003480-segment-1416654423768444853_2660_000_2680_000_with_camera_labels-30.png 1592 848 34
big_dataset_depth/000000003480-segment-1416654423768444853_2660_000_2680_000_with_camera_labels-30.png 1600 776 41
big_dataset_depth/000000003480-segment-1416654423768444853_2660_000_2680_000_with_camera_labels-30.png 1616 888 29
big_dataset_depth/000000003480-segment-1416654423768444853_2660_000_2680_000_with_camera_labels-30.png 1624 848 31
big_dataset_depth/000000003480-segment-1416654423768444853_2660_000_2680_000_with_camera_labels-30.png 1632 856 31
big_dataset_depth/000000003480-segment-1416654423768444853_2660_000_2680_000_with_camera_labels-30.png 1648 888 29
big_dataset_depth/000000003480-segment-1416654423768444853_2660_000_2680_000_with_camera_labels-30.png 1656 888 29
big_dataset_depth/000000003480-segment-1416654423768444853_2660_000_2680_000_with_camera_labels-30.png 1664 848 31
big_dataset_depth/000000003480-segment-1416654423768444853_2660_000_2680_000_with_camera_labels-30.png 1672 904 28
big_dataset_depth/000000003480-segment-1416654423768444853_2660_000_2680_000_with_camera_labels-30.png 1680 856 31
big_dataset_depth/000000003480-segment-1416654423768444853_2660_000_2680_000_with_camera_labels-30.png 1688 832 34
big_dataset_depth/000000003480-segment-1416654423768444853_2660_000_2680_000_with_camera_labels-30.png 1696 864 32
big_dataset_depth/000000003480-segment-1416654423768444853_2660_000_2680_000_with_camera_labels-30.png 1704 808 37
big_dataset_depth/000000003480-segment-1416654423768444853_2660_000_2680_000_with_camera_labels-30.png 1712 808 36
big_dataset_depth/000000003480-segment-1416654423768444853_2660_000_2680_000_with_camera_labels-30.png 1720 808 36
big_dataset_depth/000000003480-segment-1416654423768444853_2660_000_2680_000_with_camera_labels-30.png 1728 816 36
big_dataset_depth/000000003480-segment-1416654423768444853_2660_000_2680_000_with_camera_labels-30.png 1744 880 30
big_dataset_depth/000000003480-segment-1416654423768444853_2660_000_2680_000_with_camera_labels-30.png 1752 944 25
big_dataset_depth/000000003480-segment-1416654423768444853_2660_000_2680_000_with_camera_labels-30.png 1768 824 34
big_dataset_depth/000000003480-segment-1416654423768444853_2660_000_2680_000_with_camera_labels-30.png 1776 808 34
big_dataset_depth/000000003480-segment-1416654423768444853_2660_000_2680_000_with_camera_labels-30.png 1784 856 29
big_dataset_depth/000000003480-segment-1416654423768444853_2660_000_2680_000_with_camera_labels-30.png 1792 960 24
big_dataset_depth/000000003480-segment-1416654423768444853_2660_000_2680_000_with_camera_labels-30.png 1808 960 24
big_dataset_depth/000000003480-segment-1416654423768444853_2660_000_2680_000_with_camera_labels-30.png 1816 768 34
big_dataset_depth/000000003480-segment-1416654423768444853_2660_000_2680_000_with_camera_labels-30.png 1832 976 23
big_dataset_depth/000000003480-segment-1416654423768444853_2660_000_2680_000_with_camera_labels-30.png 1840 936 26
big_dataset_depth/000000003480-segment-1416654423768444853_2660_000_2680_000_with_camera_labels-30.png 1856 976 23
big_dataset_depth/000000003480-segment-1416654423768444853_2660_000_2680_000_with_camera_labels-30.png 1864 976 23
big_dataset_depth/000000003480-segment-1416654423768444853_2660_000_2680_000_with_camera_labels-30.png 1872 832 32
big_dataset_depth/000000003480-segment-1416654423768444853_2660_000_2680_000_with_camera_labels-30.png 1880 896 28
big_dataset_depth/000000003480-segment-1416654423768444853_2660_000_2680_000_with_camera_labels-30.png 1888 872 34
big_dataset_depth/000000003480-segment-1416654423768444853_2660_000_2680_000_with_camera_labels-30.png 1896 928 27
big_dataset_depth/000000003480-segment-1416654423768444853_2660_000_2680_000_with_camera_labels-30.png 1904 856 34
big_dataset_depth/000000003480-segment-1416654423768444853_2660_000_2680_000_with_camera_labels-30.png 1912 872 33
