big_dataset_depth/000000001337-segment-11318901554551149504_520_000_540_000_with_camera_labels-180.png 0 648 101
big_dataset_depth/000000001337-segment-11318901554551149504_520_000_540_000_with_camera_labels-180.png 8 936 55
big_dataset_depth/000000001337-segment-11318901554551149504_520_000_540_000_with_camera_labels-180.png 16 1240 10
big_dataset_depth/000000001337-segment-11318901554551149504_520_000_540_000_with_camera_labels-180.png 24 840 70
big_dataset_depth/000000001337-segment-11318901554551149504_520_000_540_000_with_camera_labels-180.png 32 1216 10
big_dataset_depth/000000001337-segment-11318901554551149504_520_000_540_000_with_camera_labels-180.png 40 648 101
big_dataset_depth/000000001337-segment-11318901554551149504_520_000_540_000_with_camera_labels-180.png 48 1208 10
big_dataset_depth/000000001337-segment-11318901554551149504_520_000_540_000_with_camera_labels-180.png 56 1208 10
big_dataset_depth/000000001337-segment-11318901554551149504_520_000_540_000_with_camera_labels-180.png 64 1232 10
big_dataset_depth/000000001337-segment-11318901554551149504_520_000_540_000_with_camera_labels-180.png 72 1256 10
big_dataset_depth/000000001337-segment-11318901554551149504_520_000_540_000_with_camera_labels-180.png 80 1256 10
big_dataset_depth/000000001337-segment-11318901554551149504_520_000_540_000_with_camera_labels-180.png 88 1256 10
big_dataset_depth/000000001337-segment-11318901554551149504_520_000_540_000_with_camera_labels-180.png 96 1256 10
big_dataset_depth/000000001337-segment-11318901554551149504_520_000_540_000_with_camera_labels-180.png 104 1248 10
big_dataset_depth/000000001337-segment-11318901554551149504_520_000_540_000_with_camera_labels-180.png 112 1264 10
big_dataset_depth/000000001337-segment-11318901554551149504_520_000_540_000_with_camera_labels-180.png 120 648 25
big_dataset_depth/000000001337-segment-11318901554551149504_520_000_540_000_with_camera_labels-180.png 128 1256 10
big_dataset_depth/000000001337-segment-11318901554551149504_520_000_540_000_with_camera_labels-180.png 136 1256 10
big_dataset_depth/000000001337-segment-11318901554551149504_520_000_540_000_with_camera_labels-180.png 144 1256 10
big_dataset_depth/000000001337-segment-11318901554551149504_520_000_540_000_with_camera_labels-180.png 152 1240 10
big_dataset_depth/000000001337-segment-11318901554551149504_520_000_540_000_with_camera_labels-180.png 160 1224 10
big_dataset_depth/000000001337-segment-11318901554551149504_520_000_540_000_with_camera_labels-180.png 168 1224 10
big_dataset_depth/000000001337-segment-11318901554551149504_520_000_540_000_with_camera_labels-180.png 176 1224 10
big_dataset_depth/000000001337-segment-11318901554551149504_520_000_540_000_with_camera_labels-180.png 184 1184 11
big_dataset_depth/000000001337-segment-11318901554551149504_520_000_540_000_with_camera_labels-180.png 192 656 102
big_dataset_depth/000000001337-segment-11318901554551149504_520_000_540_000_with_camera_labels-180.png 200 1184 11
big_dataset_depth/000000001337-segment-11318901554551149504_520_000_540_000_with_camera_labels-180.png 208 1200 11
big_dataset_depth/000000001337-segment-11318901554551149504_520_000_540_000_with_camera_labels-180.png 216 1176 11
big_dataset_depth/000000001337-segment-11318901554551149504_520_000_540_000_with_camera_labels-180.png 224 1176 11
big_dataset_depth/000000001337-segment-11318901554551149504_520_000_540_000_with_camera_labels-180.png 232 1136 11
big_dataset_depth/000000001337-segment-11318901554551149504_520_000_540_000_with_camera_labels-180.png 240 1176 11
big_dataset_depth/000000001337-segment-11318901554551149504_520_000_540_000_with_camera_labels-180.png 288 1168 14
big_dataset_depth/000000001337-segment-11318901554551149504_520_000_540_000_with_camera_labels-180.png 296 1176 14
big_dataset_depth/000000001337-segment-11318901554551149504_520_000_540_000_with_camera_labels-180.png 304 1184 14
big_dataset_depth/000000001337-segment-11318901554551149504_520_000_540_000_with_camera_labels-180.png 312 1176 14
big_dataset_depth/000000001337-segment-11318901554551149504_520_000_540_000_with_camera_labels-180.png 320 1184 14
big_dataset_depth/000000001337-segment-11318901554551149504_520_000_540_000_with_camera_labels-180.png 328 1200 14
big_dataset_depth/000000001337-segment-11318901554551149504_520_000_540_000_with_camera_labels-180.png 336 1184 14
big_dataset_depth/000000001337-segment-11318901554551149504_520_000_540_000_with_camera_labels-180.png 344 1176 14
big_dataset_depth/000000001337-segment-11318901554551149504_520_000_540_000_with_camera_labels-180.png 352 1176 14
big_dataset_depth/000000001337-segment-11318901554551149504_520_000_540_000_with_camera_labels-180.png 360 976 14
big_dataset_depth/000000001337-segment-11318901554551149504_520_000_540_000_with_camera_labels-180.png 368 1176 14
big_dataset_depth/000000001337-segment-11318901554551149504_520_000_540_000_with_camera_labels-180.png 376 1152 15
big_dataset_depth/000000001337-segment-11318901554551149504_520_000_540_000_with_camera_labels-180.png 384 976 15
big_dataset_depth/000000001337-segment-11318901554551149504_520_000_540_000_with_camera_labels-180.png 488 664 99
big_dataset_depth/000000001337-segment-11318901554551149504_520_000_540_000_with_camera_labels-180.png 496 664 99
big_dataset_depth/000000001337-segment-11318901554551149504_520_000_540_000_with_camera_labels-180.png 504 664 99
big_dataset_depth/000000001337-segment-11318901554551149504_520_000_540_000_with_camera_labels-180.png 512 664 99
big_dataset_depth/000000001337-segment-11318901554551149504_520_000_540_000_with_camera_labels-180.png 520 664 99
big_dataset_depth/000000001337-segment-11318901554551149504_520_000_540_000_with_camera_labels-180.png 528 672 90
big_dataset_depth/000000001337-segment-11318901554551149504_520_000_540_000_with_camera_labels-180.png 536 664 100
big_dataset_depth/000000001337-segment-11318901554551149504_520_000_540_000_with_camera_labels-180.png 544 664 94
big_dataset_depth/000000001337-segment-11318901554551149504_520_000_540_000_with_camera_labels-180.png 552 584 98
big_dataset_depth/000000001337-segment-11318901554551149504_520_000_540_000_with_camera_labels-180.png 632 1240 13
big_dataset_depth/000000001337-segment-11318901554551149504_520_000_540_000_with_camera_labels-180.png 640 1264 12
big_dataset_depth/000000001337-segment-11318901554551149504_520_000_540_000_with_camera_labels-180.png 648 1248 12
big_dataset_depth/000000001337-segment-11318901554551149504_520_000_540_000_with_camera_labels-180.png 656 1248 12
big_dataset_depth/000000001337-segment-11318901554551149504_520_000_540_000_with_camera_labels-180.png 664 1248 12
big_dataset_depth/000000001337-segment-11318901554551149504_520_000_540_000_with_camera_labels-180.png 672 1248 12
big_dataset_depth/000000001337-segment-11318901554551149504_520_000_540_000_with_camera_labels-180.png 680 1256 12
big_dataset_depth/000000001337-segment-11318901554551149504_520_000_540_000_with_camera_labels-180.png 688 1248 12
big_dataset_depth/000000001337-segment-11318901554551149504_520_000_540_000_with_camera_labels-180.png 696 1224 12
big_dataset_depth/000000001337-segment-11318901554551149504_520_000_540_000_with_camera_labels-180.png 704 1216 12
big_dataset_depth/000000001337-segment-11318901554551149504_520_000_540_000_with_camera_labels-180.png 712 1200 12
big_dataset_depth/000000001337-segment-11318901554551149504_520_000_540_000_with_camera_labels-180.png 720 1200 12
big_dataset_depth/000000001337-segment-11318901554551149504_520_000_540_000_with_camera_labels-180.png 728 1200 12
big_dataset_depth/000000001337-segment-11318901554551149504_520_000_540_000_with_camera_labels-180.png 736 1224 12
big_dataset_depth/000000001337-segment-11318901554551149504_520_000_540_000_with_camera_labels-180.png 744 1200 12
big_dataset_depth/000000001337-segment-11318901554551149504_520_000_540_000_with_camera_labels-180.png 752 1192 12
big_dataset_depth/000000001337-segment-11318901554551149504_520_000_540_000_with_camera_labels-180.png 760 1192 12
big_dataset_depth/000000001337-segment-11318901554551149504_520_000_540_000_with_camera_labels-180.png 768 1192 12
big_dataset_depth/000000001337-segment-11318901554551149504_520_000_540_000_with_camera_labels-180.png 776 1224 13
big_dataset_depth/000000001337-segment-11318901554551149504_520_000_540_000_with_camera_labels-180.png 784 1240 13
big_dataset_depth/000000001337-segment-11318901554551149504_520_000_540_000_with_camera_labels-180.png 792 1224 12
big_dataset_depth/000000001337-segment-11318901554551149504_520_000_540_000_with_camera_labels-180.png 800 1264 12
big_dataset_depth/000000001337-segment-11318901554551149504_520_000_540_000_with_camera_labels-180.png 808 1240 13
big_dataset_depth/000000001337-segment-11318901554551149504_520_000_540_000_with_camera_labels-180.png 816 1240 13
big_dataset_depth/000000001337-segment-11318901554551149504_520_000_540_000_with_camera_labels-180.png 824 1216 12
big_dataset_depth/000000001337-segment-11318901554551149504_520_000_540_000_with_camera_labels-180.png 832 1240 13
big_dataset_depth/000000001337-segment-11318901554551149504_520_000_540_000_with_camera_labels-180.png 840 1240 12
big_dataset_depth/000000001337-segment-11318901554551149504_520_000_540_000_with_camera_labels-180.png 848 1216 12
big_dataset_depth/000000001337-segment-11318901554551149504_520_000_540_000_with_camera_labels-180.png 856 1216 12
big_dataset_depth/000000001337-segment-11318901554551149504_520_000_540_000_with_camera_labels-180.png 864 1208 12
big_dataset_depth/000000001337-segment-11318901554551149504_520_000_540_000_with_camera_labels-180.png 872 1216 12
big_dataset_depth/000000001337-segment-11318901554551149504_520_000_540_000_with_camera_labels-180.png 880 1240 12
big_dataset_depth/000000001337-segment-11318901554551149504_520_000_540_000_with_camera_labels-180.png 888 1216 12
big_dataset_depth/000000001337-segment-11318901554551149504_520_000_540_000_with_camera_labels-180.png 896 1216 12
big_dataset_depth/000000001337-segment-11318901554551149504_520_000_540_000_with_camera_labels-180.png 904 1216 12
big_dataset_depth/000000001337-segment-11318901554551149504_520_000_540_000_with_camera_labels-180.png 912 1232 12
big_dataset_depth/000000001337-segment-11318901554551149504_520_000_540_000_with_camera_labels-180.png 920 1208 12
big_dataset_depth/000000001337-segment-11318901554551149504_520_000_540_000_with_camera_labels-180.png 928 1240 13
big_dataset_depth/000000001337-segment-11318901554551149504_520_000_540_000_with_camera_labels-180.png 936 1240 13
big_dataset_depth/000000001337-segment-11318901554551149504_520_000_540_000_with_camera_labels-180.png 944 1240 13
big_dataset_depth/000000001337-segment-11318901554551149504_520_000_540_000_with_camera_labels-180.png 952 1192 12
big_dataset_depth/000000001337-segment-11318901554551149504_520_000_540_000_with_camera_labels-180.png 960 1240 13
big_dataset_depth/000000001337-segment-11318901554551149504_520_000_540_000_with_camera_labels-180.png 968 1240 13
big_dataset_depth/000000001337-segment-11318901554551149504_520_000_540_000_with_camera_labels-180.png 976 1240 13
big_dataset_depth/000000001337-segment-11318901554551149504_520_000_540_000_with_camera_labels-180.png 984 1240 13
big_dataset_depth/000000001337-segment-11318901554551149504_520_000_540_000_with_camera_labels-180.png 992 1192 12
big_dataset_depth/000000001337-segment-11318901554551149504_520_000_540_000_with_camera_labels-180.png 1000 1224 12
big_dataset_depth/000000001337-segment-11318901554551149504_520_000_540_000_with_camera_labels-180.png 1008 1192 12
big_dataset_depth/000000001337-segment-11318901554551149504_520_000_540_000_with_camera_labels-180.png 1016 1192 12
big_dataset_depth/000000001337-segment-11318901554551149504_520_000_540_000_with_camera_labels-180.png 1024 1192 12
big_dataset_depth/000000001337-segment-11318901554551149504_520_000_540_000_with_camera_labels-180.png 1032 1216 12
big_dataset_depth/000000001337-segment-11318901554551149504_520_000_540_000_with_camera_labels-180.png 1040 1184 12
big_dataset_depth/000000001337-segment-11318901554551149504_520_000_540_000_with_camera_labels-180.png 1048 1192 12
big_dataset_depth/000000001337-segment-11318901554551149504_520_000_540_000_with_camera_labels-180.png 1056 1192 12
big_dataset_depth/000000001337-segment-11318901554551149504_520_000_540_000_with_camera_labels-180.png 1064 1240 13
big_dataset_depth/000000001337-segment-11318901554551149504_520_000_540_000_with_camera_labels-180.png 1072 1192 12
big_dataset_depth/000000001337-segment-11318901554551149504_520_000_540_000_with_camera_labels-180.png 1080 1240 13
big_dataset_depth/000000001337-segment-11318901554551149504_520_000_540_000_with_camera_labels-180.png 1088 1240 13
big_dataset_depth/000000001337-segment-11318901554551149504_520_000_540_000_with_camera_labels-180.png 1096 1240 12
big_dataset_depth/000000001337-segment-11318901554551149504_520_000_540_000_with_camera_labels-180.png 1104 1240 13
big_dataset_depth/000000001337-segment-11318901554551149504_520_000_540_000_with_camera_labels-180.png 1112 1248 12
big_dataset_depth/000000001337-segment-11318901554551149504_520_000_540_000_with_camera_labels-180.png 1120 1240 13
big_dataset_depth/000000001337-segment-11318901554551149504_520_000_540_000_with_camera_labels-180.png 1128 1240 13
big_dataset_depth/000000001337-segment-11318901554551149504_520_000_540_000_with_camera_labels-180.png 1136 864 62
big_dataset_depth/000000001337-segment-11318901554551149504_520_000_540_000_with_camera_labels-180.png 1144 1064 31
big_dataset_depth/000000001337-segment-11318901554551149504_520_000_540_000_with_camera_labels-180.png 1152 944 51
big_dataset_depth/000000001337-segment-11318901554551149504_520_000_540_000_with_camera_labels-180.png 1160 672 87
big_dataset_depth/000000001337-segment-11318901554551149504_520_000_540_000_with_camera_labels-180.png 1168 664 90
big_dataset_depth/000000001337-segment-11318901554551149504_520_000_540_000_with_camera_labels-180.png 1176 664 91
big_dataset_depth/000000001337-segment-11318901554551149504_520_000_540_000_with_camera_labels-180.png 1184 664 84
big_dataset_depth/000000001337-segment-11318901554551149504_520_000_540_000_with_camera_labels-180.png 1192 672 89
big_dataset_depth/000000001337-segment-11318901554551149504_520_000_540_000_with_camera_labels-180.png 1200 672 84
big_dataset_depth/000000001337-segment-11318901554551149504_520_000_540_000_with_camera_labels-180.png 1208 672 88
big_dataset_depth/000000001337-segment-11318901554551149504_520_000_540_000_with_camera_labels-180.png 1216 672 86
big_dataset_depth/000000001337-segment-11318901554551149504_520_000_540_000_with_camera_labels-180.png 1224 672 89
big_dataset_depth/000000001337-segment-11318901554551149504_520_000_540_000_with_camera_labels-180.png 1232 672 90
big_dataset_depth/000000001337-segment-11318901554551149504_520_000_540_000_with_camera_labels-180.png 1240 672 90
big_dataset_depth/000000001337-segment-11318901554551149504_520_000_540_000_with_camera_labels-180.png 1248 672 90
big_dataset_depth/000000001337-segment-11318901554551149504_520_000_540_000_with_camera_labels-180.png 1256 672 90
big_dataset_depth/000000001337-segment-11318901554551149504_520_000_540_000_with_camera_labels-180.png 1264 672 90
big_dataset_depth/000000001337-segment-11318901554551149504_520_000_540_000_with_camera_labels-180.png 1288 672 91
big_dataset_depth/000000001337-segment-11318901554551149504_520_000_540_000_with_camera_labels-180.png 1296 672 92
big_dataset_depth/000000001337-segment-11318901554551149504_520_000_540_000_with_camera_labels-180.png 1304 672 92
big_dataset_depth/000000001337-segment-11318901554551149504_520_000_540_000_with_camera_labels-180.png 1312 656 92
big_dataset_depth/000000001337-segment-11318901554551149504_520_000_540_000_with_camera_labels-180.png 1400 688 68
big_dataset_depth/000000001337-segment-11318901554551149504_520_000_540_000_with_camera_labels-180.png 1408 696 65
big_dataset_depth/000000001337-segment-11318901554551149504_520_000_540_000_with_camera_labels-180.png 1416 672 74
big_dataset_depth/000000001337-segment-11318901554551149504_520_000_540_000_with_camera_labels-180.png 1424 656 85
big_dataset_depth/000000001337-segment-11318901554551149504_520_000_540_000_with_camera_labels-180.png 1432 672 74
big_dataset_depth/000000001337-segment-11318901554551149504_520_000_540_000_with_camera_labels-180.png 1440 672 67
big_dataset_depth/000000001337-segment-11318901554551149504_520_000_540_000_with_camera_labels-180.png 1448 696 61
big_dataset_depth/000000001337-segment-11318901554551149504_520_000_540_000_with_camera_labels-180.png 1456 696 59
big_dataset_depth/000000001337-segment-11318901554551149504_520_000_540_000_with_camera_labels-180.png 1464 720 57
big_dataset_depth/000000001337-segment-11318901554551149504_520_000_540_000_with_camera_labels-180.png 1472 720 56
big_dataset_depth/000000001337-segment-11318901554551149504_520_000_540_000_with_camera_labels-180.png 1488 720 56
big_dataset_depth/000000001337-segment-11318901554551149504_520_000_540_000_with_camera_labels-180.png 1496 880 25
big_dataset_depth/000000001337-segment-11318901554551149504_520_000_540_000_with_camera_labels-180.png 1504 880 25
big_dataset_depth/000000001337-segment-11318901554551149504_520_000_540_000_with_camera_labels-180.png 1512 880 25
big_dataset_depth/000000001337-segment-11318901554551149504_520_000_540_000_with_camera_labels-180.png 1520 880 25
big_dataset_depth/000000001337-segment-11318901554551149504_520_000_540_000_with_camera_labels-180.png 1528 880 25
big_dataset_depth/000000001337-segment-11318901554551149504_520_000_540_000_with_camera_labels-180.png 1536 784 42
big_dataset_depth/000000001337-segment-11318901554551149504_520_000_540_000_with_camera_labels-180.png 1544 880 25
big_dataset_depth/000000001337-segment-11318901554551149504_520_000_540_000_with_camera_labels-180.png 1560 880 25
big_dataset_depth/000000001337-segment-11318901554551149504_520_000_540_000_with_camera_labels-180.png 1568 880 25
big_dataset_depth/000000001337-segment-11318901554551149504_520_000_540_000_with_camera_labels-180.png 1576 880 25
big_dataset_depth/000000001337-segment-11318901554551149504_520_000_540_000_with_camera_labels-180.png 1584 880 25
big_dataset_depth/000000001337-segment-11318901554551149504_520_000_540_000_with_camera_labels-180.png 1592 880 25
big_dataset_depth/000000001337-segment-11318901554551149504_520_000_540_000_with_camera_labels-180.png 1600 880 25
big_dataset_depth/000000001337-segment-11318901554551149504_520_000_540_000_with_camera_labels-180.png 1608 880 25
big_dataset_depth/000000001337-segment-11318901554551149504_520_000_540_000_with_camera_labels-180.png 1624 912 23
big_dataset_depth/000000001337-segment-11318901554551149504_520_000_540_000_with_camera_labels-180.png 1632 880 25
big_dataset_depth/000000001337-segment-11318901554551149504_520_000_540_000_with_camera_labels-180.png 1640 944 22
big_dataset_depth/000000001337-segment-11318901554551149504_520_000_540_000_with_camera_labels-180.png 1648 944 21
big_dataset_depth/000000001337-segment-11318901554551149504_520_000_540_000_with_camera_labels-180.png 1656 944 21
big_dataset_depth/000000001337-segment-11318901554551149504_520_000_540_000_with_camera_labels-180.png 1672 920 23
big_dataset_depth/000000001337-segment-11318901554551149504_520_000_540_000_with_camera_labels-180.png 1680 960 21
big_dataset_depth/000000001337-segment-11318901554551149504_520_000_540_000_with_camera_labels-180.png 1688 960 21
big_dataset_depth/000000001337-segment-11318901554551149504_520_000_540_000_with_camera_labels-180.png 1696 960 20
big_dataset_depth/000000001337-segment-11318901554551149504_520_000_540_000_with_camera_labels-180.png 1704 960 20
big_dataset_depth/000000001337-segment-11318901554551149504_520_000_540_000_with_camera_labels-180.png 1712 984 20
big_dataset_depth/000000001337-segment-11318901554551149504_520_000_540_000_with_camera_labels-180.png 1720 984 20
big_dataset_depth/000000001337-segment-11318901554551149504_520_000_540_000_with_camera_labels-180.png 1728 984 20
big_dataset_depth/000000001337-segment-11318901554551149504_520_000_540_000_with_camera_labels-180.png 1736 984 20
big_dataset_depth/000000001337-segment-11318901554551149504_520_000_540_000_with_camera_labels-180.png 1744 992 20
big_dataset_depth/000000001337-segment-11318901554551149504_520_000_540_000_with_camera_labels-180.png 1752 1000 19
big_dataset_depth/000000001337-segment-11318901554551149504_520_000_540_000_with_camera_labels-180.png 1760 1000 19
big_dataset_depth/000000001337-segment-11318901554551149504_520_000_540_000_with_camera_labels-180.png 1768 1000 19
big_dataset_depth/000000001337-segment-11318901554551149504_520_000_540_000_with_camera_labels-180.png 1776 1000 19
big_dataset_depth/000000001337-segment-11318901554551149504_520_000_540_000_with_camera_labels-180.png 1784 1000 19
big_dataset_depth/000000001337-segment-11318901554551149504_520_000_540_000_with_camera_labels-180.png 1792 1000 19
big_dataset_depth/000000001337-segment-11318901554551149504_520_000_540_000_with_camera_labels-180.png 1800 1000 19
big_dataset_depth/000000001337-segment-11318901554551149504_520_000_540_000_with_camera_labels-180.png 1808 1024 19
big_dataset_depth/000000001337-segment-11318901554551149504_520_000_540_000_with_camera_labels-180.png 1816 1024 18
big_dataset_depth/000000001337-segment-11318901554551149504_520_000_540_000_with_camera_labels-180.png 1824 1024 18
big_dataset_depth/000000001337-segment-11318901554551149504_520_000_540_000_with_camera_labels-180.png 1840 1024 18
big_dataset_depth/000000001337-segment-11318901554551149504_520_000_540_000_with_camera_labels-180.png 1848 840 54
big_dataset_depth/000000001337-segment-11318901554551149504_520_000_540_000_with_camera_labels-180.png 1856 1048 18
big_dataset_depth/000000001337-segment-11318901554551149504_520_000_540_000_with_camera_labels-180.png 1864 848 61
big_dataset_depth/000000001337-segment-11318901554551149504_520_000_540_000_with_camera_labels-180.png 1872 1048 18
big_dataset_depth/000000001337-segment-11318901554551149504_520_000_540_000_with_camera_labels-180.png 1880 856 45
big_dataset_depth/000000001337-segment-11318901554551149504_520_000_540_000_with_camera_labels-180.png 1888 1048 18
big_dataset_depth/000000001337-segment-11318901554551149504_520_000_540_000_with_camera_labels-180.png 1896 1048 17
big_dataset_depth/000000001337-segment-11318901554551149504_520_000_540_000_with_camera_labels-180.png 1904 1024 18
big_dataset_depth/000000001337-segment-11318901554551149504_520_000_540_000_with_camera_labels-180.png 1912 952 18
