big_dataset_depth/000000001767-segment-11918003324473417938_1400_000_1420_000_with_camera_labels-80.png 0 824 47
big_dataset_depth/000000001767-segment-11918003324473417938_1400_000_1420_000_with_camera_labels-80.png 8 768 46
big_dataset_depth/000000001767-segment-11918003324473417938_1400_000_1420_000_with_camera_labels-80.png 16 880 39
big_dataset_depth/000000001767-segment-11918003324473417938_1400_000_1420_000_with_camera_labels-80.png 24 936 28
big_dataset_depth/000000001767-segment-11918003324473417938_1400_000_1420_000_with_camera_labels-80.png 32 936 28
big_dataset_depth/000000001767-segment-11918003324473417938_1400_000_1420_000_with_camera_labels-80.png 40 936 28
big_dataset_depth/000000001767-segment-11918003324473417938_1400_000_1420_000_with_camera_labels-80.png 48 912 28
big_dataset_depth/000000001767-segment-11918003324473417938_1400_000_1420_000_with_camera_labels-80.png 56 896 29
big_dataset_depth/000000001767-segment-11918003324473417938_1400_000_1420_000_with_camera_labels-80.png 64 888 29
big_dataset_depth/000000001767-segment-11918003324473417938_1400_000_1420_000_with_camera_labels-80.png 72 888 29
big_dataset_depth/000000001767-segment-11918003324473417938_1400_000_1420_000_with_camera_labels-80.png 80 904 30
big_dataset_depth/000000001767-segment-11918003324473417938_1400_000_1420_000_with_camera_labels-80.png 88 880 30
big_dataset_depth/000000001767-segment-11918003324473417938_1400_000_1420_000_with_camera_labels-80.png 96 888 30
big_dataset_depth/000000001767-segment-11918003324473417938_1400_000_1420_000_with_camera_labels-80.png 104 896 30
big_dataset_depth/000000001767-segment-11918003324473417938_1400_000_1420_000_with_camera_labels-80.png 112 872 31
big_dataset_depth/000000001767-segment-11918003324473417938_1400_000_1420_000_with_camera_labels-80.png 120 904 30
big_dataset_depth/000000001767-segment-11918003324473417938_1400_000_1420_000_with_camera_labels-80.png 128 896 31
big_dataset_depth/000000001767-segment-11918003324473417938_1400_000_1420_000_with_camera_labels-80.png 136 888 31
big_dataset_depth/000000001767-segment-11918003324473417938_1400_000_1420_000_with_camera_labels-80.png 144 896 31
big_dataset_depth/000000001767-segment-11918003324473417938_1400_000_1420_000_with_camera_labels-80.png 152 896 31
big_dataset_depth/000000001767-segment-11918003324473417938_1400_000_1420_000_with_camera_labels-80.png 160 896 32
big_dataset_depth/000000001767-segment-11918003324473417938_1400_000_1420_000_with_camera_labels-80.png 192 776 59
big_dataset_depth/000000001767-segment-11918003324473417938_1400_000_1420_000_with_camera_labels-80.png 200 792 71
big_dataset_depth/000000001767-segment-11918003324473417938_1400_000_1420_000_with_camera_labels-80.png 208 776 74
big_dataset_depth/000000001767-segment-11918003324473417938_1400_000_1420_000_with_camera_labels-80.png 216 792 74
big_dataset_depth/000000001767-segment-11918003324473417938_1400_000_1420_000_with_camera_labels-80.png 224 792 73
big_dataset_depth/000000001767-segment-11918003324473417938_1400_000_1420_000_with_camera_labels-80.png 232 792 73
big_dataset_depth/000000001767-segment-11918003324473417938_1400_000_1420_000_with_camera_labels-80.png 240 792 73
big_dataset_depth/000000001767-segment-11918003324473417938_1400_000_1420_000_with_camera_labels-80.png 248 792 73
big_dataset_depth/000000001767-segment-11918003324473417938_1400_000_1420_000_with_camera_labels-80.png 256 792 71
big_dataset_depth/000000001767-segment-11918003324473417938_1400_000_1420_000_with_camera_labels-80.png 264 792 73
big_dataset_depth/000000001767-segment-11918003324473417938_1400_000_1420_000_with_camera_labels-80.png 272 792 71
big_dataset_depth/000000001767-segment-11918003324473417938_1400_000_1420_000_with_camera_labels-80.png 280 776 73
big_dataset_depth/000000001767-segment-11918003324473417938_1400_000_1420_000_with_camera_labels-80.png 288 792 68
big_dataset_depth/000000001767-segment-11918003324473417938_1400_000_1420_000_with_camera_labels-80.png 296 784 68
big_dataset_depth/000000001767-segment-11918003324473417938_1400_000_1420_000_with_camera_labels-80.png 304 784 73
big_dataset_depth/000000001767-segment-11918003324473417938_1400_000_1420_000_with_camera_labels-80.png 312 784 73
big_dataset_depth/000000001767-segment-11918003324473417938_1400_000_1420_000_with_camera_labels-80.png 320 784 73
big_dataset_depth/000000001767-segment-11918003324473417938_1400_000_1420_000_with_camera_labels-80.png 328 784 73
big_dataset_depth/000000001767-segment-11918003324473417938_1400_000_1420_000_with_camera_labels-80.png 336 784 72
big_dataset_depth/000000001767-segment-11918003324473417938_1400_000_1420_000_with_camera_labels-80.png 344 776 68
big_dataset_depth/000000001767-segment-11918003324473417938_1400_000_1420_000_with_camera_labels-80.png 352 800 59
big_dataset_depth/000000001767-segment-11918003324473417938_1400_000_1420_000_with_camera_labels-80.png 360 784 64
big_dataset_depth/000000001767-segment-11918003324473417938_1400_000_1420_000_with_camera_labels-80.png 368 800 59
big_dataset_depth/000000001767-segment-11918003324473417938_1400_000_1420_000_with_camera_labels-80.png 376 800 59
big_dataset_depth/000000001767-segment-11918003324473417938_1400_000_1420_000_with_camera_labels-80.png 384 800 59
big_dataset_depth/000000001767-segment-11918003324473417938_1400_000_1420_000_with_camera_labels-80.png 392 792 51
big_dataset_depth/000000001767-segment-11918003324473417938_1400_000_1420_000_with_camera_labels-80.png 400 792 46
big_dataset_depth/000000001767-segment-11918003324473417938_1400_000_1420_000_with_camera_labels-80.png 408 792 46
big_dataset_depth/000000001767-segment-11918003324473417938_1400_000_1420_000_with_camera_labels-80.png 416 808 46
big_dataset_depth/000000001767-segment-11918003324473417938_1400_000_1420_000_with_camera_labels-80.png 424 800 46
big_dataset_depth/000000001767-segment-11918003324473417938_1400_000_1420_000_with_camera_labels-80.png 432 816 46
big_dataset_depth/000000001767-segment-11918003324473417938_1400_000_1420_000_with_camera_labels-80.png 440 816 46
big_dataset_depth/000000001767-segment-11918003324473417938_1400_000_1420_000_with_camera_labels-80.png 448 816 46
big_dataset_depth/000000001767-segment-11918003324473417938_1400_000_1420_000_with_camera_labels-80.png 456 816 46
big_dataset_depth/000000001767-segment-11918003324473417938_1400_000_1420_000_with_camera_labels-80.png 464 816 46
big_dataset_depth/000000001767-segment-11918003324473417938_1400_000_1420_000_with_camera_labels-80.png 472 800 46
big_dataset_depth/000000001767-segment-11918003324473417938_1400_000_1420_000_with_camera_labels-80.png 480 808 46
big_dataset_depth/000000001767-segment-11918003324473417938_1400_000_1420_000_with_camera_labels-80.png 488 808 46
big_dataset_depth/000000001767-segment-11918003324473417938_1400_000_1420_000_with_camera_labels-80.png 496 808 46
big_dataset_depth/000000001767-segment-11918003324473417938_1400_000_1420_000_with_camera_labels-80.png 504 808 46
big_dataset_depth/000000001767-segment-11918003324473417938_1400_000_1420_000_with_camera_labels-80.png 512 808 46
big_dataset_depth/000000001767-segment-11918003324473417938_1400_000_1420_000_with_camera_labels-80.png 520 808 46
big_dataset_depth/000000001767-segment-11918003324473417938_1400_000_1420_000_with_camera_labels-80.png 528 784 46
big_dataset_depth/000000001767-segment-11918003324473417938_1400_000_1420_000_with_camera_labels-80.png 536 808 46
big_dataset_depth/000000001767-segment-11918003324473417938_1400_000_1420_000_with_camera_labels-80.png 544 1088 21
big_dataset_depth/000000001767-segment-11918003324473417938_1400_000_1420_000_with_camera_labels-80.png 552 1120 22
big_dataset_depth/000000001767-segment-11918003324473417938_1400_000_1420_000_with_camera_labels-80.png 560 1272 11
big_dataset_depth/000000001767-segment-11918003324473417938_1400_000_1420_000_with_camera_labels-80.png 568 1112 22
big_dataset_depth/000000001767-segment-11918003324473417938_1400_000_1420_000_with_camera_labels-80.png 576 1144 19
big_dataset_depth/000000001767-segment-11918003324473417938_1400_000_1420_000_with_camera_labels-80.png 584 976 51
big_dataset_depth/000000001767-segment-11918003324473417938_1400_000_1420_000_with_camera_labels-80.png 592 1112 22
big_dataset_depth/000000001767-segment-11918003324473417938_1400_000_1420_000_with_camera_labels-80.png 600 992 50
big_dataset_depth/000000001767-segment-11918003324473417938_1400_000_1420_000_with_camera_labels-80.png 608 1272 11
big_dataset_depth/000000001767-segment-11918003324473417938_1400_000_1420_000_with_camera_labels-80.png 616 1256 11
big_dataset_depth/000000001767-segment-11918003324473417938_1400_000_1420_000_with_camera_labels-80.png 624 1264 11
big_dataset_depth/000000001767-segment-11918003324473417938_1400_000_1420_000_with_camera_labels-80.png 632 1264 11
big_dataset_depth/000000001767-segment-11918003324473417938_1400_000_1420_000_with_camera_labels-80.png 640 1264 11
big_dataset_depth/000000001767-segment-11918003324473417938_1400_000_1420_000_with_camera_labels-80.png 648 1264 11
big_dataset_depth/000000001767-segment-11918003324473417938_1400_000_1420_000_with_camera_labels-80.png 656 1264 11
big_dataset_depth/000000001767-segment-11918003324473417938_1400_000_1420_000_with_camera_labels-80.png 664 1264 11
big_dataset_depth/000000001767-segment-11918003324473417938_1400_000_1420_000_with_camera_labels-80.png 672 1256 10
big_dataset_depth/000000001767-segment-11918003324473417938_1400_000_1420_000_with_camera_labels-80.png 680 1264 10
big_dataset_depth/000000001767-segment-11918003324473417938_1400_000_1420_000_with_camera_labels-80.png 688 1264 10
big_dataset_depth/000000001767-segment-11918003324473417938_1400_000_1420_000_with_camera_labels-80.png 696 1264 10
big_dataset_depth/000000001767-segment-11918003324473417938_1400_000_1420_000_with_camera_labels-80.png 704 1264 10
big_dataset_depth/000000001767-segment-11918003324473417938_1400_000_1420_000_with_camera_labels-80.png 712 1264 10
big_dataset_depth/000000001767-segment-11918003324473417938_1400_000_1420_000_with_camera_labels-80.png 720 1264 10
big_dataset_depth/000000001767-segment-11918003324473417938_1400_000_1420_000_with_camera_labels-80.png 728 1256 10
big_dataset_depth/000000001767-segment-11918003324473417938_1400_000_1420_000_with_camera_labels-80.png 736 1264 10
big_dataset_depth/000000001767-segment-11918003324473417938_1400_000_1420_000_with_camera_labels-80.png 744 1264 10
big_dataset_depth/000000001767-segment-11918003324473417938_1400_000_1420_000_with_camera_labels-80.png 752 1264 10
big_dataset_depth/000000001767-segment-11918003324473417938_1400_000_1420_000_with_camera_labels-80.png 760 1264 10
big_dataset_depth/000000001767-segment-11918003324473417938_1400_000_1420_000_with_camera_labels-80.png 768 1264 10
big_dataset_depth/000000001767-segment-11918003324473417938_1400_000_1420_000_with_camera_labels-80.png 776 1264 10
big_dataset_depth/000000001767-segment-11918003324473417938_1400_000_1420_000_with_camera_labels-80.png 784 1248 10
big_dataset_depth/000000001767-segment-11918003324473417938_1400_000_1420_000_with_camera_labels-80.png 792 1264 10
big_dataset_depth/000000001767-segment-11918003324473417938_1400_000_1420_000_with_camera_labels-80.png 800 1264 10
big_dataset_depth/000000001767-segment-11918003324473417938_1400_000_1420_000_with_camera_labels-80.png 808 1264 10
big_dataset_depth/000000001767-segment-11918003324473417938_1400_000_1420_000_with_camera_labels-80.png 816 1264 10
big_dataset_depth/000000001767-segment-11918003324473417938_1400_000_1420_000_with_camera_labels-80.png 824 1264 10
big_dataset_depth/000000001767-segment-11918003324473417938_1400_000_1420_000_with_camera_labels-80.png 832 1264 10
big_dataset_depth/000000001767-segment-11918003324473417938_1400_000_1420_000_with_camera_labels-80.png 840 1264 10
big_dataset_depth/000000001767-segment-11918003324473417938_1400_000_1420_000_with_camera_labels-80.png 848 1264 10
big_dataset_depth/000000001767-segment-11918003324473417938_1400_000_1420_000_with_camera_labels-80.png 856 1264 10
big_dataset_depth/000000001767-segment-11918003324473417938_1400_000_1420_000_with_camera_labels-80.png 864 1264 10
big_dataset_depth/000000001767-segment-11918003324473417938_1400_000_1420_000_with_camera_labels-80.png 872 1264 10
big_dataset_depth/000000001767-segment-11918003324473417938_1400_000_1420_000_with_camera_labels-80.png 880 1264 10
big_dataset_depth/000000001767-segment-11918003324473417938_1400_000_1420_000_with_camera_labels-80.png 888 1264 10
big_dataset_depth/000000001767-segment-11918003324473417938_1400_000_1420_000_with_camera_labels-80.png 896 1264 10
big_dataset_depth/000000001767-segment-11918003324473417938_1400_000_1420_000_with_camera_labels-80.png 904 1264 10
big_dataset_depth/000000001767-segment-11918003324473417938_1400_000_1420_000_with_camera_labels-80.png 912 1264 10
big_dataset_depth/000000001767-segment-11918003324473417938_1400_000_1420_000_with_camera_labels-80.png 920 1232 10
big_dataset_depth/000000001767-segment-11918003324473417938_1400_000_1420_000_with_camera_labels-80.png 928 1264 10
big_dataset_depth/000000001767-segment-11918003324473417938_1400_000_1420_000_with_camera_labels-80.png 936 1264 10
big_dataset_depth/000000001767-segment-11918003324473417938_1400_000_1420_000_with_camera_labels-80.png 944 1264 10
big_dataset_depth/000000001767-segment-11918003324473417938_1400_000_1420_000_with_camera_labels-80.png 952 1264 10
big_dataset_depth/000000001767-segment-11918003324473417938_1400_000_1420_000_with_camera_labels-80.png 960 1264 10
big_dataset_depth/000000001767-segment-11918003324473417938_1400_000_1420_000_with_camera_labels-80.png 968 1264 10
big_dataset_depth/000000001767-segment-11918003324473417938_1400_000_1420_000_with_camera_labels-80.png 976 1264 10
big_dataset_depth/000000001767-segment-11918003324473417938_1400_000_1420_000_with_camera_labels-80.png 984 1240 10
big_dataset_depth/000000001767-segment-11918003324473417938_1400_000_1420_000_with_camera_labels-80.png 992 1264 10
big_dataset_depth/000000001767-segment-11918003324473417938_1400_000_1420_000_with_camera_labels-80.png 1000 1264 10
big_dataset_depth/000000001767-segment-11918003324473417938_1400_000_1420_000_with_camera_labels-80.png 1008 1264 10
big_dataset_depth/000000001767-segment-11918003324473417938_1400_000_1420_000_with_camera_labels-80.png 1016 1264 10
big_dataset_depth/000000001767-segment-11918003324473417938_1400_000_1420_000_with_camera_labels-80.png 1024 1264 10
big_dataset_depth/000000001767-segment-11918003324473417938_1400_000_1420_000_with_camera_labels-80.png 1032 1264 11
big_dataset_depth/000000001767-segment-11918003324473417938_1400_000_1420_000_with_camera_labels-80.png 1040 1264 11
big_dataset_depth/000000001767-segment-11918003324473417938_1400_000_1420_000_with_camera_labels-80.png 1048 1264 11
big_dataset_depth/000000001767-segment-11918003324473417938_1400_000_1420_000_with_camera_labels-80.png 1056 1264 11
big_dataset_depth/000000001767-segment-11918003324473417938_1400_000_1420_000_with_camera_labels-80.png 1064 1264 11
big_dataset_depth/000000001767-segment-11918003324473417938_1400_000_1420_000_with_camera_labels-80.png 1072 1264 11
big_dataset_depth/000000001767-segment-11918003324473417938_1400_000_1420_000_with_camera_labels-80.png 1080 1264 11
big_dataset_depth/000000001767-segment-11918003324473417938_1400_000_1420_000_with_camera_labels-80.png 1088 1264 11
big_dataset_depth/000000001767-segment-11918003324473417938_1400_000_1420_000_with_camera_labels-80.png 1096 1256 11
big_dataset_depth/000000001767-segment-11918003324473417938_1400_000_1420_000_with_camera_labels-80.png 1104 1264 11
big_dataset_depth/000000001767-segment-11918003324473417938_1400_000_1420_000_with_camera_labels-80.png 1112 1264 11
big_dataset_depth/000000001767-segment-11918003324473417938_1400_000_1420_000_with_camera_labels-80.png 1120 1112 25
big_dataset_depth/000000001767-segment-11918003324473417938_1400_000_1420_000_with_camera_labels-80.png 1128 1120 22
big_dataset_depth/000000001767-segment-11918003324473417938_1400_000_1420_000_with_camera_labels-80.png 1136 928 54
big_dataset_depth/000000001767-segment-11918003324473417938_1400_000_1420_000_with_camera_labels-80.png 1144 800 53
big_dataset_depth/000000001767-segment-11918003324473417938_1400_000_1420_000_with_camera_labels-80.png 1152 800 53
big_dataset_depth/000000001767-segment-11918003324473417938_1400_000_1420_000_with_camera_labels-80.png 1160 792 54
big_dataset_depth/000000001767-segment-11918003324473417938_1400_000_1420_000_with_camera_labels-80.png 1168 768 54
big_dataset_depth/000000001767-segment-11918003324473417938_1400_000_1420_000_with_camera_labels-80.png 1176 792 54
big_dataset_depth/000000001767-segment-11918003324473417938_1400_000_1420_000_with_camera_labels-80.png 1184 792 54
big_dataset_depth/000000001767-segment-11918003324473417938_1400_000_1420_000_with_camera_labels-80.png 1192 808 53
big_dataset_depth/000000001767-segment-11918003324473417938_1400_000_1420_000_with_camera_labels-80.png 1200 800 54
big_dataset_depth/000000001767-segment-11918003324473417938_1400_000_1420_000_with_camera_labels-80.png 1208 792 54
big_dataset_depth/000000001767-segment-11918003324473417938_1400_000_1420_000_with_camera_labels-80.png 1216 792 54
big_dataset_depth/000000001767-segment-11918003324473417938_1400_000_1420_000_with_camera_labels-80.png 1224 792 54
big_dataset_depth/000000001767-segment-11918003324473417938_1400_000_1420_000_with_camera_labels-80.png 1232 792 54
big_dataset_depth/000000001767-segment-11918003324473417938_1400_000_1420_000_with_camera_labels-80.png 1240 792 54
big_dataset_depth/000000001767-segment-11918003324473417938_1400_000_1420_000_with_camera_labels-80.png 1248 792 54
big_dataset_depth/000000001767-segment-11918003324473417938_1400_000_1420_000_with_camera_labels-80.png 1256 792 54
big_dataset_depth/000000001767-segment-11918003324473417938_1400_000_1420_000_with_camera_labels-80.png 1264 784 54
big_dataset_depth/000000001767-segment-11918003324473417938_1400_000_1420_000_with_camera_labels-80.png 1272 784 54
big_dataset_depth/000000001767-segment-11918003324473417938_1400_000_1420_000_with_camera_labels-80.png 1280 784 54
big_dataset_depth/000000001767-segment-11918003324473417938_1400_000_1420_000_with_camera_labels-80.png 1288 776 81
big_dataset_depth/000000001767-segment-11918003324473417938_1400_000_1420_000_with_camera_labels-80.png 1296 776 93
big_dataset_depth/000000001767-segment-11918003324473417938_1400_000_1420_000_with_camera_labels-80.png 1304 752 102
big_dataset_depth/000000001767-segment-11918003324473417938_1400_000_1420_000_with_camera_labels-80.png 1312 760 100
big_dataset_depth/000000001767-segment-11918003324473417938_1400_000_1420_000_with_camera_labels-80.png 1320 776 98
big_dataset_depth/000000001767-segment-11918003324473417938_1400_000_1420_000_with_camera_labels-80.png 1328 776 96
big_dataset_depth/000000001767-segment-11918003324473417938_1400_000_1420_000_with_camera_labels-80.png 1336 776 95
big_dataset_depth/000000001767-segment-11918003324473417938_1400_000_1420_000_with_camera_labels-80.png 1344 784 78
big_dataset_depth/000000001767-segment-11918003324473417938_1400_000_1420_000_with_camera_labels-80.png 1352 792 62
big_dataset_depth/000000001767-segment-11918003324473417938_1400_000_1420_000_with_camera_labels-80.png 1360 792 62
big_dataset_depth/000000001767-segment-11918003324473417938_1400_000_1420_000_with_camera_labels-80.png 1368 792 62
big_dataset_depth/000000001767-segment-11918003324473417938_1400_000_1420_000_with_camera_labels-80.png 1376 792 63
big_dataset_depth/000000001767-segment-11918003324473417938_1400_000_1420_000_with_camera_labels-80.png 1384 792 62
big_dataset_depth/000000001767-segment-11918003324473417938_1400_000_1420_000_with_camera_labels-80.png 1392 792 62
big_dataset_depth/000000001767-segment-11918003324473417938_1400_000_1420_000_with_camera_labels-80.png 1400 792 62
big_dataset_depth/000000001767-segment-11918003324473417938_1400_000_1420_000_with_camera_labels-80.png 1408 792 62
big_dataset_depth/000000001767-segment-11918003324473417938_1400_000_1420_000_with_camera_labels-80.png 1416 792 62
big_dataset_depth/000000001767-segment-11918003324473417938_1400_000_1420_000_with_camera_labels-80.png 1424 800 62
big_dataset_depth/000000001767-segment-11918003324473417938_1400_000_1420_000_with_camera_labels-80.png 1432 800 62
big_dataset_depth/000000001767-segment-11918003324473417938_1400_000_1420_000_with_camera_labels-80.png 1440 800 62
big_dataset_depth/000000001767-segment-11918003324473417938_1400_000_1420_000_with_camera_labels-80.png 1448 800 62
big_dataset_depth/000000001767-segment-11918003324473417938_1400_000_1420_000_with_camera_labels-80.png 1456 784 62
big_dataset_depth/000000001767-segment-11918003324473417938_1400_000_1420_000_with_camera_labels-80.png 1464 800 62
big_dataset_depth/000000001767-segment-11918003324473417938_1400_000_1420_000_with_camera_labels-80.png 1472 720 77
big_dataset_depth/000000001767-segment-11918003324473417938_1400_000_1420_000_with_camera_labels-80.png 1496 888 29
big_dataset_depth/000000001767-segment-11918003324473417938_1400_000_1420_000_with_camera_labels-80.png 1504 888 29
big_dataset_depth/000000001767-segment-11918003324473417938_1400_000_1420_000_with_camera_labels-80.png 1512 888 29
big_dataset_depth/000000001767-segment-11918003324473417938_1400_000_1420_000_with_camera_labels-80.png 1520 896 28
big_dataset_depth/000000001767-segment-11918003324473417938_1400_000_1420_000_with_camera_labels-80.png 1528 888 29
big_dataset_depth/000000001767-segment-11918003324473417938_1400_000_1420_000_with_camera_labels-80.png 1536 888 29
big_dataset_depth/000000001767-segment-11918003324473417938_1400_000_1420_000_with_camera_labels-80.png 1544 864 28
big_dataset_depth/000000001767-segment-11918003324473417938_1400_000_1420_000_with_camera_labels-80.png 1552 864 27
big_dataset_depth/000000001767-segment-11918003324473417938_1400_000_1420_000_with_camera_labels-80.png 1560 888 27
big_dataset_depth/000000001767-segment-11918003324473417938_1400_000_1420_000_with_camera_labels-80.png 1568 864 27
big_dataset_depth/000000001767-segment-11918003324473417938_1400_000_1420_000_with_camera_labels-80.png 1576 864 26
big_dataset_depth/000000001767-segment-11918003324473417938_1400_000_1420_000_with_camera_labels-80.png 1584 872 26
big_dataset_depth/000000001767-segment-11918003324473417938_1400_000_1420_000_with_camera_labels-80.png 1592 880 26
big_dataset_depth/000000001767-segment-11918003324473417938_1400_000_1420_000_with_camera_labels-80.png 1600 896 26
big_dataset_depth/000000001767-segment-11918003324473417938_1400_000_1420_000_with_camera_labels-80.png 1608 904 26
big_dataset_depth/000000001767-segment-11918003324473417938_1400_000_1420_000_with_camera_labels-80.png 1616 920 25
big_dataset_depth/000000001767-segment-11918003324473417938_1400_000_1420_000_with_camera_labels-80.png 1624 944 25
big_dataset_depth/000000001767-segment-11918003324473417938_1400_000_1420_000_with_camera_labels-80.png 1632 944 25
big_dataset_depth/000000001767-segment-11918003324473417938_1400_000_1420_000_with_camera_labels-80.png 1640 944 25
big_dataset_depth/000000001767-segment-11918003324473417938_1400_000_1420_000_with_camera_labels-80.png 1648 928 25
big_dataset_depth/000000001767-segment-11918003324473417938_1400_000_1420_000_with_camera_labels-80.png 1656 936 25
big_dataset_depth/000000001767-segment-11918003324473417938_1400_000_1420_000_with_camera_labels-80.png 1664 888 25
big_dataset_depth/000000001767-segment-11918003324473417938_1400_000_1420_000_with_camera_labels-80.png 1672 896 25
big_dataset_depth/000000001767-segment-11918003324473417938_1400_000_1420_000_with_camera_labels-80.png 1680 880 24
big_dataset_depth/000000001767-segment-11918003324473417938_1400_000_1420_000_with_camera_labels-80.png 1688 880 24
big_dataset_depth/000000001767-segment-11918003324473417938_1400_000_1420_000_with_camera_labels-80.png 1696 896 24
big_dataset_depth/000000001767-segment-11918003324473417938_1400_000_1420_000_with_camera_labels-80.png 1712 920 25
big_dataset_depth/000000001767-segment-11918003324473417938_1400_000_1420_000_with_camera_labels-80.png 1720 912 24
big_dataset_depth/000000001767-segment-11918003324473417938_1400_000_1420_000_with_camera_labels-80.png 1728 904 24
big_dataset_depth/000000001767-segment-11918003324473417938_1400_000_1420_000_with_camera_labels-80.png 1736 880 24
big_dataset_depth/000000001767-segment-11918003324473417938_1400_000_1420_000_with_camera_labels-80.png 1744 984 22
big_dataset_depth/000000001767-segment-11918003324473417938_1400_000_1420_000_with_camera_labels-80.png 1752 984 22
big_dataset_depth/000000001767-segment-11918003324473417938_1400_000_1420_000_with_camera_labels-80.png 1760 984 22
big_dataset_depth/000000001767-segment-11918003324473417938_1400_000_1420_000_with_camera_labels-80.png 1768 984 21
big_dataset_depth/000000001767-segment-11918003324473417938_1400_000_1420_000_with_camera_labels-80.png 1776 992 21
big_dataset_depth/000000001767-segment-11918003324473417938_1400_000_1420_000_with_camera_labels-80.png 1784 984 21
big_dataset_depth/000000001767-segment-11918003324473417938_1400_000_1420_000_with_camera_labels-80.png 1792 984 21
big_dataset_depth/000000001767-segment-11918003324473417938_1400_000_1420_000_with_camera_labels-80.png 1800 1000 21
big_dataset_depth/000000001767-segment-11918003324473417938_1400_000_1420_000_with_camera_labels-80.png 1808 984 21
big_dataset_depth/000000001767-segment-11918003324473417938_1400_000_1420_000_with_camera_labels-80.png 1816 976 22
big_dataset_depth/000000001767-segment-11918003324473417938_1400_000_1420_000_with_camera_labels-80.png 1824 968 20
big_dataset_depth/000000001767-segment-11918003324473417938_1400_000_1420_000_with_camera_labels-80.png 1832 968 20
big_dataset_depth/000000001767-segment-11918003324473417938_1400_000_1420_000_with_camera_labels-80.png 1840 968 20
big_dataset_depth/000000001767-segment-11918003324473417938_1400_000_1420_000_with_camera_labels-80.png 1848 896 39
big_dataset_depth/000000001767-segment-11918003324473417938_1400_000_1420_000_with_camera_labels-80.png 1856 984 20
big_dataset_depth/000000001767-segment-11918003324473417938_1400_000_1420_000_with_camera_labels-80.png 1864 824 48
big_dataset_depth/000000001767-segment-11918003324473417938_1400_000_1420_000_with_camera_labels-80.png 1872 912 34
big_dataset_depth/000000001767-segment-11918003324473417938_1400_000_1420_000_with_camera_labels-80.png 1880 992 19
big_dataset_depth/000000001767-segment-11918003324473417938_1400_000_1420_000_with_camera_labels-80.png 1888 880 44
big_dataset_depth/000000001767-segment-11918003324473417938_1400_000_1420_000_with_camera_labels-80.png 1896 856 23
big_dataset_depth/000000001767-segment-11918003324473417938_1400_000_1420_000_with_camera_labels-80.png 1904 856 46
big_dataset_depth/000000001767-segment-11918003324473417938_1400_000_1420_000_with_camera_labels-80.png 1912 944 21
