big_dataset_depth/000000000672-segment-10596949720463106554_1933_530_1953_530_with_camera_labels-120.png 0 736 76
big_dataset_depth/000000000672-segment-10596949720463106554_1933_530_1953_530_with_camera_labels-120.png 8 816 57
big_dataset_depth/000000000672-segment-10596949720463106554_1933_530_1953_530_with_camera_labels-120.png 16 784 66
big_dataset_depth/000000000672-segment-10596949720463106554_1933_530_1953_530_with_camera_labels-120.png 24 776 70
big_dataset_depth/000000000672-segment-10596949720463106554_1933_530_1953_530_with_camera_labels-120.png 32 776 70
big_dataset_depth/000000000672-segment-10596949720463106554_1933_530_1953_530_with_camera_labels-120.png 40 768 70
big_dataset_depth/000000000672-segment-10596949720463106554_1933_530_1953_530_with_camera_labels-120.png 48 744 71
big_dataset_depth/000000000672-segment-10596949720463106554_1933_530_1953_530_with_camera_labels-120.png 56 736 94
big_dataset_depth/000000000672-segment-10596949720463106554_1933_530_1953_530_with_camera_labels-120.png 64 736 100
big_dataset_depth/000000000672-segment-10596949720463106554_1933_530_1953_530_with_camera_labels-120.png 72 752 83
big_dataset_depth/000000000672-segment-10596949720463106554_1933_530_1953_530_with_camera_labels-120.png 80 752 83
big_dataset_depth/000000000672-segment-10596949720463106554_1933_530_1953_530_with_camera_labels-120.png 88 744 103
big_dataset_depth/000000000672-segment-10596949720463106554_1933_530_1953_530_with_camera_labels-120.png 96 728 97
big_dataset_depth/000000000672-segment-10596949720463106554_1933_530_1953_530_with_camera_labels-120.png 104 744 101
big_dataset_depth/000000000672-segment-10596949720463106554_1933_530_1953_530_with_camera_labels-120.png 112 736 100
big_dataset_depth/000000000672-segment-10596949720463106554_1933_530_1953_530_with_camera_labels-120.png 120 744 102
big_dataset_depth/000000000672-segment-10596949720463106554_1933_530_1953_530_with_camera_labels-120.png 128 760 85
big_dataset_depth/000000000672-segment-10596949720463106554_1933_530_1953_530_with_camera_labels-120.png 136 784 68
big_dataset_depth/000000000672-segment-10596949720463106554_1933_530_1953_530_with_camera_labels-120.png 144 760 85
big_dataset_depth/000000000672-segment-10596949720463106554_1933_530_1953_530_with_camera_labels-120.png 152 760 84
big_dataset_depth/000000000672-segment-10596949720463106554_1933_530_1953_530_with_camera_labels-120.png 160 760 72
big_dataset_depth/000000000672-segment-10596949720463106554_1933_530_1953_530_with_camera_labels-120.png 168 776 70
big_dataset_depth/000000000672-segment-10596949720463106554_1933_530_1953_530_with_camera_labels-120.png 176 744 75
big_dataset_depth/000000000672-segment-10596949720463106554_1933_530_1953_530_with_camera_labels-120.png 184 768 74
big_dataset_depth/000000000672-segment-10596949720463106554_1933_530_1953_530_with_camera_labels-120.png 192 768 74
big_dataset_depth/000000000672-segment-10596949720463106554_1933_530_1953_530_with_camera_labels-120.png 200 768 75
big_dataset_depth/000000000672-segment-10596949720463106554_1933_530_1953_530_with_camera_labels-120.png 208 752 75
big_dataset_depth/000000000672-segment-10596949720463106554_1933_530_1953_530_with_camera_labels-120.png 216 744 74
big_dataset_depth/000000000672-segment-10596949720463106554_1933_530_1953_530_with_camera_labels-120.png 224 768 73
big_dataset_depth/000000000672-segment-10596949720463106554_1933_530_1953_530_with_camera_labels-120.png 232 776 73
big_dataset_depth/000000000672-segment-10596949720463106554_1933_530_1953_530_with_camera_labels-120.png 240 776 73
big_dataset_depth/000000000672-segment-10596949720463106554_1933_530_1953_530_with_camera_labels-120.png 248 752 74
big_dataset_depth/000000000672-segment-10596949720463106554_1933_530_1953_530_with_camera_labels-120.png 256 752 74
big_dataset_depth/000000000672-segment-10596949720463106554_1933_530_1953_530_with_camera_labels-120.png 264 752 74
big_dataset_depth/000000000672-segment-10596949720463106554_1933_530_1953_530_with_camera_labels-120.png 272 768 74
big_dataset_depth/000000000672-segment-10596949720463106554_1933_530_1953_530_with_camera_labels-120.png 280 720 104
big_dataset_depth/000000000672-segment-10596949720463106554_1933_530_1953_530_with_camera_labels-120.png 296 728 106
big_dataset_depth/000000000672-segment-10596949720463106554_1933_530_1953_530_with_camera_labels-120.png 304 712 105
big_dataset_depth/000000000672-segment-10596949720463106554_1933_530_1953_530_with_camera_labels-120.png 312 728 108
big_dataset_depth/000000000672-segment-10596949720463106554_1933_530_1953_530_with_camera_labels-120.png 320 736 104
big_dataset_depth/000000000672-segment-10596949720463106554_1933_530_1953_530_with_camera_labels-120.png 328 736 104
big_dataset_depth/000000000672-segment-10596949720463106554_1933_530_1953_530_with_camera_labels-120.png 336 744 91
big_dataset_depth/000000000672-segment-10596949720463106554_1933_530_1953_530_with_camera_labels-120.png 344 744 97
big_dataset_depth/000000000672-segment-10596949720463106554_1933_530_1953_530_with_camera_labels-120.png 352 744 91
big_dataset_depth/000000000672-segment-10596949720463106554_1933_530_1953_530_with_camera_labels-120.png 360 744 97
big_dataset_depth/000000000672-segment-10596949720463106554_1933_530_1953_530_with_camera_labels-120.png 368 752 91
big_dataset_depth/000000000672-segment-10596949720463106554_1933_530_1953_530_with_camera_labels-120.png 376 712 105
big_dataset_depth/000000000672-segment-10596949720463106554_1933_530_1953_530_with_camera_labels-120.png 384 728 103
big_dataset_depth/000000000672-segment-10596949720463106554_1933_530_1953_530_with_camera_labels-120.png 392 728 107
big_dataset_depth/000000000672-segment-10596949720463106554_1933_530_1953_530_with_camera_labels-120.png 400 736 106
big_dataset_depth/000000000672-segment-10596949720463106554_1933_530_1953_530_with_camera_labels-120.png 408 736 106
big_dataset_depth/000000000672-segment-10596949720463106554_1933_530_1953_530_with_camera_labels-120.png 416 736 106
big_dataset_depth/000000000672-segment-10596949720463106554_1933_530_1953_530_with_camera_labels-120.png 424 736 105
big_dataset_depth/000000000672-segment-10596949720463106554_1933_530_1953_530_with_camera_labels-120.png 432 728 104
big_dataset_depth/000000000672-segment-10596949720463106554_1933_530_1953_530_with_camera_labels-120.png 440 736 104
big_dataset_depth/000000000672-segment-10596949720463106554_1933_530_1953_530_with_camera_labels-120.png 1200 664 91
big_dataset_depth/000000000672-segment-10596949720463106554_1933_530_1953_530_with_camera_labels-120.png 1208 720 91
big_dataset_depth/000000000672-segment-10596949720463106554_1933_530_1953_530_with_camera_labels-120.png 1216 664 91
big_dataset_depth/000000000672-segment-10596949720463106554_1933_530_1953_530_with_camera_labels-120.png 1224 656 91
big_dataset_depth/000000000672-segment-10596949720463106554_1933_530_1953_530_with_camera_labels-120.png 1264 792 56
big_dataset_depth/000000000672-segment-10596949720463106554_1933_530_1953_530_with_camera_labels-120.png 1288 800 52
big_dataset_depth/000000000672-segment-10596949720463106554_1933_530_1953_530_with_camera_labels-120.png 1320 816 48
big_dataset_depth/000000000672-segment-10596949720463106554_1933_530_1953_530_with_camera_labels-120.png 1368 832 42
big_dataset_depth/000000000672-segment-10596949720463106554_1933_530_1953_530_with_camera_labels-120.png 1400 848 39
big_dataset_depth/000000000672-segment-10596949720463106554_1933_530_1953_530_with_camera_labels-120.png 1408 696 91
big_dataset_depth/000000000672-segment-10596949720463106554_1933_530_1953_530_with_camera_labels-120.png 1424 704 83
big_dataset_depth/000000000672-segment-10596949720463106554_1933_530_1953_530_with_camera_labels-120.png 1432 776 64
big_dataset_depth/000000000672-segment-10596949720463106554_1933_530_1953_530_with_camera_labels-120.png 1440 800 55
big_dataset_depth/000000000672-segment-10596949720463106554_1933_530_1953_530_with_camera_labels-120.png 1464 792 55
big_dataset_depth/000000000672-segment-10596949720463106554_1933_530_1953_530_with_camera_labels-120.png 1472 872 35
big_dataset_depth/000000000672-segment-10596949720463106554_1933_530_1953_530_with_camera_labels-120.png 1480 696 82
big_dataset_depth/000000000672-segment-10596949720463106554_1933_530_1953_530_with_camera_labels-120.png 1488 688 82
big_dataset_depth/000000000672-segment-10596949720463106554_1933_530_1953_530_with_camera_labels-120.png 1496 888 33
big_dataset_depth/000000000672-segment-10596949720463106554_1933_530_1953_530_with_camera_labels-120.png 1504 680 85
big_dataset_depth/000000000672-segment-10596949720463106554_1933_530_1953_530_with_camera_labels-120.png 1512 696 77
big_dataset_depth/000000000672-segment-10596949720463106554_1933_530_1953_530_with_camera_labels-120.png 1520 696 76
big_dataset_depth/000000000672-segment-10596949720463106554_1933_530_1953_530_with_camera_labels-120.png 1528 696 77
big_dataset_depth/000000000672-segment-10596949720463106554_1933_530_1953_530_with_camera_labels-120.png 1536 688 81
big_dataset_depth/000000000672-segment-10596949720463106554_1933_530_1953_530_with_camera_labels-120.png 1544 696 79
big_dataset_depth/000000000672-segment-10596949720463106554_1933_530_1953_530_with_camera_labels-120.png 1552 688 81
big_dataset_depth/000000000672-segment-10596949720463106554_1933_530_1953_530_with_camera_labels-120.png 1560 704 65
big_dataset_depth/000000000672-segment-10596949720463106554_1933_530_1953_530_with_camera_labels-120.png 1568 720 56
big_dataset_depth/000000000672-segment-10596949720463106554_1933_530_1953_530_with_camera_labels-120.png 1576 720 56
big_dataset_depth/000000000672-segment-10596949720463106554_1933_530_1953_530_with_camera_labels-120.png 1584 728 55
big_dataset_depth/000000000672-segment-10596949720463106554_1933_530_1953_530_with_camera_labels-120.png 1592 728 55
big_dataset_depth/000000000672-segment-10596949720463106554_1933_530_1953_530_with_camera_labels-120.png 1600 688 72
big_dataset_depth/000000000672-segment-10596949720463106554_1933_530_1953_530_with_camera_labels-120.png 1608 736 53
big_dataset_depth/000000000672-segment-10596949720463106554_1933_530_1953_530_with_camera_labels-120.png 1616 736 53
big_dataset_depth/000000000672-segment-10596949720463106554_1933_530_1953_530_with_camera_labels-120.png 1624 736 52
big_dataset_depth/000000000672-segment-10596949720463106554_1933_530_1953_530_with_camera_labels-120.png 1632 736 52
big_dataset_depth/000000000672-segment-10596949720463106554_1933_530_1953_530_with_camera_labels-120.png 1640 736 51
big_dataset_depth/000000000672-segment-10596949720463106554_1933_530_1953_530_with_camera_labels-120.png 1672 904 27
big_dataset_depth/000000000672-segment-10596949720463106554_1933_530_1953_530_with_camera_labels-120.png 1680 904 28
big_dataset_depth/000000000672-segment-10596949720463106554_1933_530_1953_530_with_camera_labels-120.png 1688 904 27
big_dataset_depth/000000000672-segment-10596949720463106554_1933_530_1953_530_with_camera_labels-120.png 1696 888 27
big_dataset_depth/000000000672-segment-10596949720463106554_1933_530_1953_530_with_camera_labels-120.png 1704 896 27
big_dataset_depth/000000000672-segment-10596949720463106554_1933_530_1953_530_with_camera_labels-120.png 1712 928 27
big_dataset_depth/000000000672-segment-10596949720463106554_1933_530_1953_530_with_camera_labels-120.png 1720 928 27
big_dataset_depth/000000000672-segment-10596949720463106554_1933_530_1953_530_with_camera_labels-120.png 1728 928 27
big_dataset_depth/000000000672-segment-10596949720463106554_1933_530_1953_530_with_camera_labels-120.png 1736 920 27
big_dataset_depth/000000000672-segment-10596949720463106554_1933_530_1953_530_with_camera_labels-120.png 1744 920 27
big_dataset_depth/000000000672-segment-10596949720463106554_1933_530_1953_530_with_camera_labels-120.png 1752 920 27
big_dataset_depth/000000000672-segment-10596949720463106554_1933_530_1953_530_with_camera_labels-120.png 1760 912 26
big_dataset_depth/000000000672-segment-10596949720463106554_1933_530_1953_530_with_camera_labels-120.png 1768 920 27
big_dataset_depth/000000000672-segment-10596949720463106554_1933_530_1953_530_with_camera_labels-120.png 1776 928 27
big_dataset_depth/000000000672-segment-10596949720463106554_1933_530_1953_530_with_camera_labels-120.png 1784 928 27
big_dataset_depth/000000000672-segment-10596949720463106554_1933_530_1953_530_with_camera_labels-120.png 1792 896 27
big_dataset_depth/000000000672-segment-10596949720463106554_1933_530_1953_530_with_camera_labels-120.png 1800 928 27
big_dataset_depth/000000000672-segment-10596949720463106554_1933_530_1953_530_with_camera_labels-120.png 1808 936 27
big_dataset_depth/000000000672-segment-10596949720463106554_1933_530_1953_530_with_camera_labels-120.png 1816 928 27
big_dataset_depth/000000000672-segment-10596949720463106554_1933_530_1953_530_with_camera_labels-120.png 1824 920 27
big_dataset_depth/000000000672-segment-10596949720463106554_1933_530_1953_530_with_camera_labels-120.png 1832 928 27
big_dataset_depth/000000000672-segment-10596949720463106554_1933_530_1953_530_with_camera_labels-120.png 1840 920 27
big_dataset_depth/000000000672-segment-10596949720463106554_1933_530_1953_530_with_camera_labels-120.png 1848 936 27
big_dataset_depth/000000000672-segment-10596949720463106554_1933_530_1953_530_with_camera_labels-120.png 1856 928 27
big_dataset_depth/000000000672-segment-10596949720463106554_1933_530_1953_530_with_camera_labels-120.png 1864 920 28
big_dataset_depth/000000000672-segment-10596949720463106554_1933_530_1953_530_with_camera_labels-120.png 1872 920 27
big_dataset_depth/000000000672-segment-10596949720463106554_1933_530_1953_530_with_camera_labels-120.png 1880 920 27
big_dataset_depth/000000000672-segment-10596949720463106554_1933_530_1953_530_with_camera_labels-120.png 1888 920 27
big_dataset_depth/000000000672-segment-10596949720463106554_1933_530_1953_530_with_camera_labels-120.png 1896 768 55
big_dataset_depth/000000000672-segment-10596949720463106554_1933_530_1953_530_with_camera_labels-120.png 1904 904 27
big_dataset_depth/000000000672-segment-10596949720463106554_1933_530_1953_530_with_camera_labels-120.png 1912 888 27
