big_dataset_depth/000000002987-segment-1357883579772440606_2365_000_2385_000_with_camera_labels-100.png 0 840 45
big_dataset_depth/000000002987-segment-1357883579772440606_2365_000_2385_000_with_camera_labels-100.png 8 832 45
big_dataset_depth/000000002987-segment-1357883579772440606_2365_000_2385_000_with_camera_labels-100.png 16 840 45
big_dataset_depth/000000002987-segment-1357883579772440606_2365_000_2385_000_with_camera_labels-100.png 24 832 46
big_dataset_depth/000000002987-segment-1357883579772440606_2365_000_2385_000_with_camera_labels-100.png 32 832 46
big_dataset_depth/000000002987-segment-1357883579772440606_2365_000_2385_000_with_camera_labels-100.png 40 832 46
big_dataset_depth/000000002987-segment-1357883579772440606_2365_000_2385_000_with_camera_labels-100.png 48 832 47
big_dataset_depth/000000002987-segment-1357883579772440606_2365_000_2385_000_with_camera_labels-100.png 56 832 47
big_dataset_depth/000000002987-segment-1357883579772440606_2365_000_2385_000_with_camera_labels-100.png 64 832 47
big_dataset_depth/000000002987-segment-1357883579772440606_2365_000_2385_000_with_camera_labels-100.png 72 832 48
big_dataset_depth/000000002987-segment-1357883579772440606_2365_000_2385_000_with_camera_labels-100.png 80 808 48
big_dataset_depth/000000002987-segment-1357883579772440606_2365_000_2385_000_with_camera_labels-100.png 88 864 41
big_dataset_depth/000000002987-segment-1357883579772440606_2365_000_2385_000_with_camera_labels-100.png 96 984 25
big_dataset_depth/000000002987-segment-1357883579772440606_2365_000_2385_000_with_camera_labels-100.png 104 912 34
big_dataset_depth/000000002987-segment-1357883579772440606_2365_000_2385_000_with_camera_labels-100.png 112 880 24
big_dataset_depth/000000002987-segment-1357883579772440606_2365_000_2385_000_with_camera_labels-100.png 144 808 52
big_dataset_depth/000000002987-segment-1357883579772440606_2365_000_2385_000_with_camera_labels-100.png 152 792 52
big_dataset_depth/000000002987-segment-1357883579772440606_2365_000_2385_000_with_camera_labels-100.png 160 800 53
big_dataset_depth/000000002987-segment-1357883579772440606_2365_000_2385_000_with_camera_labels-100.png 168 800 53
big_dataset_depth/000000002987-segment-1357883579772440606_2365_000_2385_000_with_camera_labels-100.png 176 800 53
big_dataset_depth/000000002987-segment-1357883579772440606_2365_000_2385_000_with_camera_labels-100.png 184 792 54
big_dataset_depth/000000002987-segment-1357883579772440606_2365_000_2385_000_with_camera_labels-100.png 192 800 54
big_dataset_depth/000000002987-segment-1357883579772440606_2365_000_2385_000_with_camera_labels-100.png 200 800 55
big_dataset_depth/000000002987-segment-1357883579772440606_2365_000_2385_000_with_camera_labels-100.png 208 800 55
big_dataset_depth/000000002987-segment-1357883579772440606_2365_000_2385_000_with_camera_labels-100.png 216 800 56
big_dataset_depth/000000002987-segment-1357883579772440606_2365_000_2385_000_with_camera_labels-100.png 224 792 56
big_dataset_depth/000000002987-segment-1357883579772440606_2365_000_2385_000_with_camera_labels-100.png 232 872 43
big_dataset_depth/000000002987-segment-1357883579772440606_2365_000_2385_000_with_camera_labels-100.png 240 864 38
big_dataset_depth/000000002987-segment-1357883579772440606_2365_000_2385_000_with_camera_labels-100.png 248 872 38
big_dataset_depth/000000002987-segment-1357883579772440606_2365_000_2385_000_with_camera_labels-100.png 264 872 28
big_dataset_depth/000000002987-segment-1357883579772440606_2365_000_2385_000_with_camera_labels-100.png 288 800 60
big_dataset_depth/000000002987-segment-1357883579772440606_2365_000_2385_000_with_camera_labels-100.png 296 776 62
big_dataset_depth/000000002987-segment-1357883579772440606_2365_000_2385_000_with_camera_labels-100.png 304 792 62
big_dataset_depth/000000002987-segment-1357883579772440606_2365_000_2385_000_with_camera_labels-100.png 312 784 63
big_dataset_depth/000000002987-segment-1357883579772440606_2365_000_2385_000_with_camera_labels-100.png 320 792 63
big_dataset_depth/000000002987-segment-1357883579772440606_2365_000_2385_000_with_camera_labels-100.png 328 784 64
big_dataset_depth/000000002987-segment-1357883579772440606_2365_000_2385_000_with_camera_labels-100.png 336 808 49
big_dataset_depth/000000002987-segment-1357883579772440606_2365_000_2385_000_with_camera_labels-100.png 344 888 32
big_dataset_depth/000000002987-segment-1357883579772440606_2365_000_2385_000_with_camera_labels-100.png 352 880 32
big_dataset_depth/000000002987-segment-1357883579772440606_2365_000_2385_000_with_camera_labels-100.png 360 848 32
big_dataset_depth/000000002987-segment-1357883579772440606_2365_000_2385_000_with_camera_labels-100.png 376 768 70
big_dataset_depth/000000002987-segment-1357883579772440606_2365_000_2385_000_with_camera_labels-100.png 384 760 71
big_dataset_depth/000000002987-segment-1357883579772440606_2365_000_2385_000_with_camera_labels-100.png 392 768 71
big_dataset_depth/000000002987-segment-1357883579772440606_2365_000_2385_000_with_camera_labels-100.png 400 768 72
big_dataset_depth/000000002987-segment-1357883579772440606_2365_000_2385_000_with_camera_labels-100.png 408 792 55
big_dataset_depth/000000002987-segment-1357883579772440606_2365_000_2385_000_with_camera_labels-100.png 416 816 55
big_dataset_depth/000000002987-segment-1357883579772440606_2365_000_2385_000_with_camera_labels-100.png 424 864 37
big_dataset_depth/000000002987-segment-1357883579772440606_2365_000_2385_000_with_camera_labels-100.png 432 848 37
big_dataset_depth/000000002987-segment-1357883579772440606_2365_000_2385_000_with_camera_labels-100.png 448 752 79
big_dataset_depth/000000002987-segment-1357883579772440606_2365_000_2385_000_with_camera_labels-100.png 456 736 80
big_dataset_depth/000000002987-segment-1357883579772440606_2365_000_2385_000_with_camera_labels-100.png 464 760 80
big_dataset_depth/000000002987-segment-1357883579772440606_2365_000_2385_000_with_camera_labels-100.png 472 760 82
big_dataset_depth/000000002987-segment-1357883579772440606_2365_000_2385_000_with_camera_labels-100.png 480 856 42
big_dataset_depth/000000002987-segment-1357883579772440606_2365_000_2385_000_with_camera_labels-100.png 488 824 41
big_dataset_depth/000000002987-segment-1357883579772440606_2365_000_2385_000_with_camera_labels-100.png 496 776 64
big_dataset_depth/000000002987-segment-1357883579772440606_2365_000_2385_000_with_camera_labels-100.png 512 728 89
big_dataset_depth/000000002987-segment-1357883579772440606_2365_000_2385_000_with_camera_labels-100.png 528 736 92
big_dataset_depth/000000002987-segment-1357883579772440606_2365_000_2385_000_with_camera_labels-100.png 536 832 45
big_dataset_depth/000000002987-segment-1357883579772440606_2365_000_2385_000_with_camera_labels-100.png 544 760 70
big_dataset_depth/000000002987-segment-1357883579772440606_2365_000_2385_000_with_camera_labels-100.png 552 728 97
big_dataset_depth/000000002987-segment-1357883579772440606_2365_000_2385_000_with_camera_labels-100.png 560 744 74
big_dataset_depth/000000002987-segment-1357883579772440606_2365_000_2385_000_with_camera_labels-100.png 568 792 49
big_dataset_depth/000000002987-segment-1357883579772440606_2365_000_2385_000_with_camera_labels-100.png 576 808 49
big_dataset_depth/000000002987-segment-1357883579772440606_2365_000_2385_000_with_camera_labels-100.png 592 744 106
big_dataset_depth/000000002987-segment-1357883579772440606_2365_000_2385_000_with_camera_labels-100.png 600 744 107
big_dataset_depth/000000002987-segment-1357883579772440606_2365_000_2385_000_with_camera_labels-100.png 608 800 54
big_dataset_depth/000000002987-segment-1357883579772440606_2365_000_2385_000_with_camera_labels-100.png 616 768 54
big_dataset_depth/000000002987-segment-1357883579772440606_2365_000_2385_000_with_camera_labels-100.png 640 792 58
big_dataset_depth/000000002987-segment-1357883579772440606_2365_000_2385_000_with_camera_labels-100.png 648 784 58
big_dataset_depth/000000002987-segment-1357883579772440606_2365_000_2385_000_with_camera_labels-100.png 664 784 62
big_dataset_depth/000000002987-segment-1357883579772440606_2365_000_2385_000_with_camera_labels-100.png 672 752 82
big_dataset_depth/000000002987-segment-1357883579772440606_2365_000_2385_000_with_camera_labels-100.png 680 776 66
big_dataset_depth/000000002987-segment-1357883579772440606_2365_000_2385_000_with_camera_labels-100.png 688 768 66
big_dataset_depth/000000002987-segment-1357883579772440606_2365_000_2385_000_with_camera_labels-100.png 696 760 71
big_dataset_depth/000000002987-segment-1357883579772440606_2365_000_2385_000_with_camera_labels-100.png 704 768 81
big_dataset_depth/000000002987-segment-1357883579772440606_2365_000_2385_000_with_camera_labels-100.png 712 776 74
big_dataset_depth/000000002987-segment-1357883579772440606_2365_000_2385_000_with_camera_labels-100.png 720 720 97
big_dataset_depth/000000002987-segment-1357883579772440606_2365_000_2385_000_with_camera_labels-100.png 728 760 79
big_dataset_depth/000000002987-segment-1357883579772440606_2365_000_2385_000_with_camera_labels-100.png 736 792 62
big_dataset_depth/000000002987-segment-1357883579772440606_2365_000_2385_000_with_camera_labels-100.png 744 776 62
big_dataset_depth/000000002987-segment-1357883579772440606_2365_000_2385_000_with_camera_labels-100.png 760 752 76
big_dataset_depth/000000002987-segment-1357883579772440606_2365_000_2385_000_with_camera_labels-100.png 768 776 61
big_dataset_depth/000000002987-segment-1357883579772440606_2365_000_2385_000_with_camera_labels-100.png 776 776 61
big_dataset_depth/000000002987-segment-1357883579772440606_2365_000_2385_000_with_camera_labels-100.png 784 776 61
big_dataset_depth/000000002987-segment-1357883579772440606_2365_000_2385_000_with_camera_labels-100.png 792 720 105
big_dataset_depth/000000002987-segment-1357883579772440606_2365_000_2385_000_with_camera_labels-100.png 800 784 61
big_dataset_depth/000000002987-segment-1357883579772440606_2365_000_2385_000_with_camera_labels-100.png 808 784 62
big_dataset_depth/000000002987-segment-1357883579772440606_2365_000_2385_000_with_camera_labels-100.png 816 792 62
big_dataset_depth/000000002987-segment-1357883579772440606_2365_000_2385_000_with_camera_labels-100.png 824 784 63
big_dataset_depth/000000002987-segment-1357883579772440606_2365_000_2385_000_with_camera_labels-100.png 1080 792 63
big_dataset_depth/000000002987-segment-1357883579772440606_2365_000_2385_000_with_camera_labels-100.png 1088 776 65
big_dataset_depth/000000002987-segment-1357883579772440606_2365_000_2385_000_with_camera_labels-100.png 1096 776 62
big_dataset_depth/000000002987-segment-1357883579772440606_2365_000_2385_000_with_camera_labels-100.png 1104 784 59
big_dataset_depth/000000002987-segment-1357883579772440606_2365_000_2385_000_with_camera_labels-100.png 1112 792 59
big_dataset_depth/000000002987-segment-1357883579772440606_2365_000_2385_000_with_camera_labels-100.png 1120 768 58
big_dataset_depth/000000002987-segment-1357883579772440606_2365_000_2385_000_with_camera_labels-100.png 1128 792 59
big_dataset_depth/000000002987-segment-1357883579772440606_2365_000_2385_000_with_camera_labels-100.png 1136 800 58
big_dataset_depth/000000002987-segment-1357883579772440606_2365_000_2385_000_with_camera_labels-100.png 1144 776 58
big_dataset_depth/000000002987-segment-1357883579772440606_2365_000_2385_000_with_camera_labels-100.png 1152 776 58
big_dataset_depth/000000002987-segment-1357883579772440606_2365_000_2385_000_with_camera_labels-100.png 1160 784 59
big_dataset_depth/000000002987-segment-1357883579772440606_2365_000_2385_000_with_camera_labels-100.png 1168 776 58
big_dataset_depth/000000002987-segment-1357883579772440606_2365_000_2385_000_with_camera_labels-100.png 1176 776 58
big_dataset_depth/000000002987-segment-1357883579772440606_2365_000_2385_000_with_camera_labels-100.png 1184 768 58
big_dataset_depth/000000002987-segment-1357883579772440606_2365_000_2385_000_with_camera_labels-100.png 1192 792 60
big_dataset_depth/000000002987-segment-1357883579772440606_2365_000_2385_000_with_camera_labels-100.png 1200 784 59
big_dataset_depth/000000002987-segment-1357883579772440606_2365_000_2385_000_with_camera_labels-100.png 1208 776 59
big_dataset_depth/000000002987-segment-1357883579772440606_2365_000_2385_000_with_camera_labels-100.png 1240 760 98
big_dataset_depth/000000002987-segment-1357883579772440606_2365_000_2385_000_with_camera_labels-100.png 1248 760 98
big_dataset_depth/000000002987-segment-1357883579772440606_2365_000_2385_000_with_camera_labels-100.png 1264 816 56
big_dataset_depth/000000002987-segment-1357883579772440606_2365_000_2385_000_with_camera_labels-100.png 1320 760 86
big_dataset_depth/000000002987-segment-1357883579772440606_2365_000_2385_000_with_camera_labels-100.png 1336 760 83
big_dataset_depth/000000002987-segment-1357883579772440606_2365_000_2385_000_with_camera_labels-100.png 1352 768 78
big_dataset_depth/000000002987-segment-1357883579772440606_2365_000_2385_000_with_camera_labels-100.png 1360 784 73
big_dataset_depth/000000002987-segment-1357883579772440606_2365_000_2385_000_with_camera_labels-100.png 1368 760 81
big_dataset_depth/000000002987-segment-1357883579772440606_2365_000_2385_000_with_camera_labels-100.png 1376 760 81
big_dataset_depth/000000002987-segment-1357883579772440606_2365_000_2385_000_with_camera_labels-100.png 1384 752 81
big_dataset_depth/000000002987-segment-1357883579772440606_2365_000_2385_000_with_camera_labels-100.png 1392 752 81
big_dataset_depth/000000002987-segment-1357883579772440606_2365_000_2385_000_with_camera_labels-100.png 1400 760 82
big_dataset_depth/000000002987-segment-1357883579772440606_2365_000_2385_000_with_camera_labels-100.png 1416 768 88
big_dataset_depth/000000002987-segment-1357883579772440606_2365_000_2385_000_with_camera_labels-100.png 1432 744 108
big_dataset_depth/000000002987-segment-1357883579772440606_2365_000_2385_000_with_camera_labels-100.png 1440 744 107
big_dataset_depth/000000002987-segment-1357883579772440606_2365_000_2385_000_with_camera_labels-100.png 1448 744 105
big_dataset_depth/000000002987-segment-1357883579772440606_2365_000_2385_000_with_camera_labels-100.png 1456 744 103
big_dataset_depth/000000002987-segment-1357883579772440606_2365_000_2385_000_with_camera_labels-100.png 1464 744 102
big_dataset_depth/000000002987-segment-1357883579772440606_2365_000_2385_000_with_camera_labels-100.png 1472 744 101
big_dataset_depth/000000002987-segment-1357883579772440606_2365_000_2385_000_with_camera_labels-100.png 1480 744 100
big_dataset_depth/000000002987-segment-1357883579772440606_2365_000_2385_000_with_camera_labels-100.png 1488 744 101
big_dataset_depth/000000002987-segment-1357883579772440606_2365_000_2385_000_with_camera_labels-100.png 1496 752 96
big_dataset_depth/000000002987-segment-1357883579772440606_2365_000_2385_000_with_camera_labels-100.png 1504 752 95
big_dataset_depth/000000002987-segment-1357883579772440606_2365_000_2385_000_with_camera_labels-100.png 1512 760 93
big_dataset_depth/000000002987-segment-1357883579772440606_2365_000_2385_000_with_camera_labels-100.png 1520 736 96
big_dataset_depth/000000002987-segment-1357883579772440606_2365_000_2385_000_with_camera_labels-100.png 1528 760 91
big_dataset_depth/000000002987-segment-1357883579772440606_2365_000_2385_000_with_camera_labels-100.png 1536 744 94
big_dataset_depth/000000002987-segment-1357883579772440606_2365_000_2385_000_with_camera_labels-100.png 1544 760 89
big_dataset_depth/000000002987-segment-1357883579772440606_2365_000_2385_000_with_camera_labels-100.png 1560 792 71
big_dataset_depth/000000002987-segment-1357883579772440606_2365_000_2385_000_with_camera_labels-100.png 1568 816 55
big_dataset_depth/000000002987-segment-1357883579772440606_2365_000_2385_000_with_camera_labels-100.png 1576 720 93
big_dataset_depth/000000002987-segment-1357883579772440606_2365_000_2385_000_with_camera_labels-100.png 1584 800 53
big_dataset_depth/000000002987-segment-1357883579772440606_2365_000_2385_000_with_camera_labels-100.png 1592 808 53
big_dataset_depth/000000002987-segment-1357883579772440606_2365_000_2385_000_with_camera_labels-100.png 1600 760 53
big_dataset_depth/000000002987-segment-1357883579772440606_2365_000_2385_000_with_camera_labels-100.png 1608 808 52
big_dataset_depth/000000002987-segment-1357883579772440606_2365_000_2385_000_with_camera_labels-100.png 1616 824 51
big_dataset_depth/000000002987-segment-1357883579772440606_2365_000_2385_000_with_camera_labels-100.png 1624 832 51
big_dataset_depth/000000002987-segment-1357883579772440606_2365_000_2385_000_with_camera_labels-100.png 1632 832 51
big_dataset_depth/000000002987-segment-1357883579772440606_2365_000_2385_000_with_camera_labels-100.png 1640 816 51
big_dataset_depth/000000002987-segment-1357883579772440606_2365_000_2385_000_with_camera_labels-100.png 1648 832 51
big_dataset_depth/000000002987-segment-1357883579772440606_2365_000_2385_000_with_camera_labels-100.png 1656 808 51
big_dataset_depth/000000002987-segment-1357883579772440606_2365_000_2385_000_with_camera_labels-100.png 1664 800 51
big_dataset_depth/000000002987-segment-1357883579772440606_2365_000_2385_000_with_camera_labels-100.png 1672 816 51
big_dataset_depth/000000002987-segment-1357883579772440606_2365_000_2385_000_with_camera_labels-100.png 1680 816 51
big_dataset_depth/000000002987-segment-1357883579772440606_2365_000_2385_000_with_camera_labels-100.png 1688 832 51
big_dataset_depth/000000002987-segment-1357883579772440606_2365_000_2385_000_with_camera_labels-100.png 1696 832 52
big_dataset_depth/000000002987-segment-1357883579772440606_2365_000_2385_000_with_camera_labels-100.png 1704 808 51
big_dataset_depth/000000002987-segment-1357883579772440606_2365_000_2385_000_with_camera_labels-100.png 1712 808 51
big_dataset_depth/000000002987-segment-1357883579772440606_2365_000_2385_000_with_camera_labels-100.png 1720 832 51
big_dataset_depth/000000002987-segment-1357883579772440606_2365_000_2385_000_with_camera_labels-100.png 1728 816 58
big_dataset_depth/000000002987-segment-1357883579772440606_2365_000_2385_000_with_camera_labels-100.png 1736 760 73
big_dataset_depth/000000002987-segment-1357883579772440606_2365_000_2385_000_with_camera_labels-100.png 1744 792 68
big_dataset_depth/000000002987-segment-1357883579772440606_2365_000_2385_000_with_camera_labels-100.png 1752 784 68
big_dataset_depth/000000002987-segment-1357883579772440606_2365_000_2385_000_with_camera_labels-100.png 1760 760 71
big_dataset_depth/000000002987-segment-1357883579772440606_2365_000_2385_000_with_camera_labels-100.png 1768 784 67
big_dataset_depth/000000002987-segment-1357883579772440606_2365_000_2385_000_with_camera_labels-100.png 1776 800 66
big_dataset_depth/000000002987-segment-1357883579772440606_2365_000_2385_000_with_camera_labels-100.png 1784 800 65
big_dataset_depth/000000002987-segment-1357883579772440606_2365_000_2385_000_with_camera_labels-100.png 1792 800 65
big_dataset_depth/000000002987-segment-1357883579772440606_2365_000_2385_000_with_camera_labels-100.png 1800 800 64
big_dataset_depth/000000002987-segment-1357883579772440606_2365_000_2385_000_with_camera_labels-100.png 1808 800 64
big_dataset_depth/000000002987-segment-1357883579772440606_2365_000_2385_000_with_camera_labels-100.png 1816 800 64
big_dataset_depth/000000002987-segment-1357883579772440606_2365_000_2385_000_with_camera_labels-100.png 1824 800 63
big_dataset_depth/000000002987-segment-1357883579772440606_2365_000_2385_000_with_camera_labels-100.png 1832 800 63
big_dataset_depth/000000002987-segment-1357883579772440606_2365_000_2385_000_with_camera_labels-100.png 1840 800 62
big_dataset_depth/000000002987-segment-1357883579772440606_2365_000_2385_000_with_camera_labels-100.png 1848 800 62
big_dataset_depth/000000002987-segment-1357883579772440606_2365_000_2385_000_with_camera_labels-100.png 1856 800 61
big_dataset_depth/000000002987-segment-1357883579772440606_2365_000_2385_000_with_camera_labels-100.png 1864 808 61
big_dataset_depth/000000002987-segment-1357883579772440606_2365_000_2385_000_with_camera_labels-100.png 1872 808 60
big_dataset_depth/000000002987-segment-1357883579772440606_2365_000_2385_000_with_camera_labels-100.png 1880 808 60
big_dataset_depth/000000002987-segment-1357883579772440606_2365_000_2385_000_with_camera_labels-100.png 1888 816 59
big_dataset_depth/000000002987-segment-1357883579772440606_2365_000_2385_000_with_camera_labels-100.png 1896 816 59
big_dataset_depth/000000002987-segment-1357883579772440606_2365_000_2385_000_with_camera_labels-100.png 1904 816 59
big_dataset_depth/000000002987-segment-1357883579772440606_2365_000_2385_000_with_camera_labels-100.png 1912 784 61
