big_dataset_depth/000000003899-segment-14193044537086402364_534_000_554_000_with_camera_labels-30.png 0 824 21
big_dataset_depth/000000003899-segment-14193044537086402364_534_000_554_000_with_camera_labels-30.png 8 936 19
big_dataset_depth/000000003899-segment-14193044537086402364_534_000_554_000_with_camera_labels-30.png 16 968 18
big_dataset_depth/000000003899-segment-14193044537086402364_534_000_554_000_with_camera_labels-30.png 24 960 18
big_dataset_depth/000000003899-segment-14193044537086402364_534_000_554_000_with_camera_labels-30.png 32 1264 11
big_dataset_depth/000000003899-segment-14193044537086402364_534_000_554_000_with_camera_labels-30.png 48 1272 11
big_dataset_depth/000000003899-segment-14193044537086402364_534_000_554_000_with_camera_labels-30.png 56 1264 11
big_dataset_depth/000000003899-segment-14193044537086402364_534_000_554_000_with_camera_labels-30.png 64 1272 11
big_dataset_depth/000000003899-segment-14193044537086402364_534_000_554_000_with_camera_labels-30.png 72 1072 19
big_dataset_depth/000000003899-segment-14193044537086402364_534_000_554_000_with_camera_labels-30.png 80 1072 19
big_dataset_depth/000000003899-segment-14193044537086402364_534_000_554_000_with_camera_labels-30.png 88 1272 12
big_dataset_depth/000000003899-segment-14193044537086402364_534_000_554_000_with_camera_labels-30.png 96 1264 12
big_dataset_depth/000000003899-segment-14193044537086402364_534_000_554_000_with_camera_labels-30.png 104 720 56
big_dataset_depth/000000003899-segment-14193044537086402364_534_000_554_000_with_camera_labels-30.png 112 1264 12
big_dataset_depth/000000003899-segment-14193044537086402364_534_000_554_000_with_camera_labels-30.png 120 1072 18
big_dataset_depth/000000003899-segment-14193044537086402364_534_000_554_000_with_camera_labels-30.png 128 1240 12
big_dataset_depth/000000003899-segment-14193044537086402364_534_000_554_000_with_camera_labels-30.png 136 1240 12
big_dataset_depth/000000003899-segment-14193044537086402364_534_000_554_000_with_camera_labels-30.png 144 1240 12
big_dataset_depth/000000003899-segment-14193044537086402364_534_000_554_000_with_camera_labels-30.png 152 1232 12
big_dataset_depth/000000003899-segment-14193044537086402364_534_000_554_000_with_camera_labels-30.png 160 1240 12
big_dataset_depth/000000003899-segment-14193044537086402364_534_000_554_000_with_camera_labels-30.png 168 696 89
big_dataset_depth/000000003899-segment-14193044537086402364_534_000_554_000_with_camera_labels-30.png 176 1256 13
big_dataset_depth/000000003899-segment-14193044537086402364_534_000_554_000_with_camera_labels-30.png 184 1256 13
big_dataset_depth/000000003899-segment-14193044537086402364_534_000_554_000_with_camera_labels-30.png 200 1264 13
big_dataset_depth/000000003899-segment-14193044537086402364_534_000_554_000_with_camera_labels-30.png 208 1256 13
big_dataset_depth/000000003899-segment-14193044537086402364_534_000_554_000_with_camera_labels-30.png 224 1264 13
big_dataset_depth/000000003899-segment-14193044537086402364_534_000_554_000_with_camera_labels-30.png 232 1248 13
big_dataset_depth/000000003899-segment-14193044537086402364_534_000_554_000_with_camera_labels-30.png 240 1240 13
big_dataset_depth/000000003899-segment-14193044537086402364_534_000_554_000_with_camera_labels-30.png 248 1216 13
big_dataset_depth/000000003899-segment-14193044537086402364_534_000_554_000_with_camera_labels-30.png 256 1104 13
big_dataset_depth/000000003899-segment-14193044537086402364_534_000_554_000_with_camera_labels-30.png 264 1064 13
big_dataset_depth/000000003899-segment-14193044537086402364_534_000_554_000_with_camera_labels-30.png 304 1008 20
big_dataset_depth/000000003899-segment-14193044537086402364_534_000_554_000_with_camera_labels-30.png 312 1008 20
big_dataset_depth/000000003899-segment-14193044537086402364_534_000_554_000_with_camera_labels-30.png 320 984 20
big_dataset_depth/000000003899-segment-14193044537086402364_534_000_554_000_with_camera_labels-30.png 328 984 20
big_dataset_depth/000000003899-segment-14193044537086402364_534_000_554_000_with_camera_labels-30.png 336 992 20
big_dataset_depth/000000003899-segment-14193044537086402364_534_000_554_000_with_camera_labels-30.png 344 984 20
big_dataset_depth/000000003899-segment-14193044537086402364_534_000_554_000_with_camera_labels-30.png 352 984 20
big_dataset_depth/000000003899-segment-14193044537086402364_534_000_554_000_with_camera_labels-30.png 360 976 20
big_dataset_depth/000000003899-segment-14193044537086402364_534_000_554_000_with_camera_labels-30.png 368 1008 20
big_dataset_depth/000000003899-segment-14193044537086402364_534_000_554_000_with_camera_labels-30.png 376 984 20
big_dataset_depth/000000003899-segment-14193044537086402364_534_000_554_000_with_camera_labels-30.png 384 984 20
big_dataset_depth/000000003899-segment-14193044537086402364_534_000_554_000_with_camera_labels-30.png 392 976 20
big_dataset_depth/000000003899-segment-14193044537086402364_534_000_554_000_with_camera_labels-30.png 400 960 19
big_dataset_depth/000000003899-segment-14193044537086402364_534_000_554_000_with_camera_labels-30.png 408 960 19
big_dataset_depth/000000003899-segment-14193044537086402364_534_000_554_000_with_camera_labels-30.png 416 1000 20
big_dataset_depth/000000003899-segment-14193044537086402364_534_000_554_000_with_camera_labels-30.png 424 984 20
big_dataset_depth/000000003899-segment-14193044537086402364_534_000_554_000_with_camera_labels-30.png 432 984 20
big_dataset_depth/000000003899-segment-14193044537086402364_534_000_554_000_with_camera_labels-30.png 440 992 20
big_dataset_depth/000000003899-segment-14193044537086402364_534_000_554_000_with_camera_labels-30.png 448 984 20
big_dataset_depth/000000003899-segment-14193044537086402364_534_000_554_000_with_camera_labels-30.png 456 984 20
big_dataset_depth/000000003899-segment-14193044537086402364_534_000_554_000_with_camera_labels-30.png 464 992 20
big_dataset_depth/000000003899-segment-14193044537086402364_534_000_554_000_with_camera_labels-30.png 472 968 19
big_dataset_depth/000000003899-segment-14193044537086402364_534_000_554_000_with_camera_labels-30.png 480 976 20
big_dataset_depth/000000003899-segment-14193044537086402364_534_000_554_000_with_camera_labels-30.png 488 992 20
big_dataset_depth/000000003899-segment-14193044537086402364_534_000_554_000_with_camera_labels-30.png 496 1000 20
big_dataset_depth/000000003899-segment-14193044537086402364_534_000_554_000_with_camera_labels-30.png 504 1008 19
big_dataset_depth/000000003899-segment-14193044537086402364_534_000_554_000_with_camera_labels-30.png 512 1000 20
big_dataset_depth/000000003899-segment-14193044537086402364_534_000_554_000_with_camera_labels-30.png 520 1000 20
big_dataset_depth/000000003899-segment-14193044537086402364_534_000_554_000_with_camera_labels-30.png 528 1000 20
big_dataset_depth/000000003899-segment-14193044537086402364_534_000_554_000_with_camera_labels-30.png 536 984 20
big_dataset_depth/000000003899-segment-14193044537086402364_534_000_554_000_with_camera_labels-30.png 544 920 21
big_dataset_depth/000000003899-segment-14193044537086402364_534_000_554_000_with_camera_labels-30.png 552 1200 12
big_dataset_depth/000000003899-segment-14193044537086402364_534_000_554_000_with_camera_labels-30.png 560 1152 15
big_dataset_depth/000000003899-segment-14193044537086402364_534_000_554_000_with_camera_labels-30.png 568 1152 15
big_dataset_depth/000000003899-segment-14193044537086402364_534_000_554_000_with_camera_labels-30.png 576 1256 11
big_dataset_depth/000000003899-segment-14193044537086402364_534_000_554_000_with_camera_labels-30.png 584 1088 17
big_dataset_depth/000000003899-segment-14193044537086402364_534_000_554_000_with_camera_labels-30.png 592 1264 11
big_dataset_depth/000000003899-segment-14193044537086402364_534_000_554_000_with_camera_labels-30.png 600 1264 11
big_dataset_depth/000000003899-segment-14193044537086402364_534_000_554_000_with_camera_labels-30.png 608 1264 11
big_dataset_depth/000000003899-segment-14193044537086402364_534_000_554_000_with_camera_labels-30.png 616 1256 11
big_dataset_depth/000000003899-segment-14193044537086402364_534_000_554_000_with_camera_labels-30.png 624 1264 11
big_dataset_depth/000000003899-segment-14193044537086402364_534_000_554_000_with_camera_labels-30.png 632 1264 11
big_dataset_depth/000000003899-segment-14193044537086402364_534_000_554_000_with_camera_labels-30.png 640 1264 11
big_dataset_depth/000000003899-segment-14193044537086402364_534_000_554_000_with_camera_labels-30.png 648 1264 11
big_dataset_depth/000000003899-segment-14193044537086402364_534_000_554_000_with_camera_labels-30.png 656 1264 11
big_dataset_depth/000000003899-segment-14193044537086402364_534_000_554_000_with_camera_labels-30.png 664 1256 11
big_dataset_depth/000000003899-segment-14193044537086402364_534_000_554_000_with_camera_labels-30.png 672 1264 11
big_dataset_depth/000000003899-segment-14193044537086402364_534_000_554_000_with_camera_labels-30.png 680 1264 11
big_dataset_depth/000000003899-segment-14193044537086402364_534_000_554_000_with_camera_labels-30.png 688 1264 11
big_dataset_depth/000000003899-segment-14193044537086402364_534_000_554_000_with_camera_labels-30.png 696 1264 11
big_dataset_depth/000000003899-segment-14193044537086402364_534_000_554_000_with_camera_labels-30.png 704 1264 11
big_dataset_depth/000000003899-segment-14193044537086402364_534_000_554_000_with_camera_labels-30.png 712 1248 11
big_dataset_depth/000000003899-segment-14193044537086402364_534_000_554_000_with_camera_labels-30.png 720 1264 11
big_dataset_depth/000000003899-segment-14193044537086402364_534_000_554_000_with_camera_labels-30.png 728 1264 11
big_dataset_depth/000000003899-segment-14193044537086402364_534_000_554_000_with_camera_labels-30.png 736 1264 11
big_dataset_depth/000000003899-segment-14193044537086402364_534_000_554_000_with_camera_labels-30.png 744 1264 11
big_dataset_depth/000000003899-segment-14193044537086402364_534_000_554_000_with_camera_labels-30.png 752 1264 11
big_dataset_depth/000000003899-segment-14193044537086402364_534_000_554_000_with_camera_labels-30.png 760 1264 11
big_dataset_depth/000000003899-segment-14193044537086402364_534_000_554_000_with_camera_labels-30.png 768 1264 11
big_dataset_depth/000000003899-segment-14193044537086402364_534_000_554_000_with_camera_labels-30.png 776 1264 11
big_dataset_depth/000000003899-segment-14193044537086402364_534_000_554_000_with_camera_labels-30.png 784 1264 11
big_dataset_depth/000000003899-segment-14193044537086402364_534_000_554_000_with_camera_labels-30.png 792 1264 11
big_dataset_depth/000000003899-segment-14193044537086402364_534_000_554_000_with_camera_labels-30.png 800 1264 11
big_dataset_depth/000000003899-segment-14193044537086402364_534_000_554_000_with_camera_labels-30.png 808 1264 11
big_dataset_depth/000000003899-segment-14193044537086402364_534_000_554_000_with_camera_labels-30.png 816 1264 11
big_dataset_depth/000000003899-segment-14193044537086402364_534_000_554_000_with_camera_labels-30.png 824 1264 11
big_dataset_depth/000000003899-segment-14193044537086402364_534_000_554_000_with_camera_labels-30.png 832 1264 11
big_dataset_depth/000000003899-segment-14193044537086402364_534_000_554_000_with_camera_labels-30.png 840 1264 11
big_dataset_depth/000000003899-segment-14193044537086402364_534_000_554_000_with_camera_labels-30.png 848 1264 11
big_dataset_depth/000000003899-segment-14193044537086402364_534_000_554_000_with_camera_labels-30.png 856 1264 11
big_dataset_depth/000000003899-segment-14193044537086402364_534_000_554_000_with_camera_labels-30.png 864 1264 11
big_dataset_depth/000000003899-segment-14193044537086402364_534_000_554_000_with_camera_labels-30.png 872 1264 11
big_dataset_depth/000000003899-segment-14193044537086402364_534_000_554_000_with_camera_labels-30.png 880 1264 11
big_dataset_depth/000000003899-segment-14193044537086402364_534_000_554_000_with_camera_labels-30.png 888 1264 11
big_dataset_depth/000000003899-segment-14193044537086402364_534_000_554_000_with_camera_labels-30.png 896 1264 11
big_dataset_depth/000000003899-segment-14193044537086402364_534_000_554_000_with_camera_labels-30.png 904 1264 11
big_dataset_depth/000000003899-segment-14193044537086402364_534_000_554_000_with_camera_labels-30.png 912 1264 11
big_dataset_depth/000000003899-segment-14193044537086402364_534_000_554_000_with_camera_labels-30.png 920 1264 11
big_dataset_depth/000000003899-segment-14193044537086402364_534_000_554_000_with_camera_labels-30.png 928 1264 11
big_dataset_depth/000000003899-segment-14193044537086402364_534_000_554_000_with_camera_labels-30.png 936 1264 11
big_dataset_depth/000000003899-segment-14193044537086402364_534_000_554_000_with_camera_labels-30.png 944 1264 11
big_dataset_depth/000000003899-segment-14193044537086402364_534_000_554_000_with_camera_labels-30.png 952 1248 11
big_dataset_depth/000000003899-segment-14193044537086402364_534_000_554_000_with_camera_labels-30.png 960 1264 11
big_dataset_depth/000000003899-segment-14193044537086402364_534_000_554_000_with_camera_labels-30.png 968 1264 11
big_dataset_depth/000000003899-segment-14193044537086402364_534_000_554_000_with_camera_labels-30.png 976 1264 11
big_dataset_depth/000000003899-segment-14193044537086402364_534_000_554_000_with_camera_labels-30.png 984 1264 11
big_dataset_depth/000000003899-segment-14193044537086402364_534_000_554_000_with_camera_labels-30.png 992 1264 11
big_dataset_depth/000000003899-segment-14193044537086402364_534_000_554_000_with_camera_labels-30.png 1000 1264 11
big_dataset_depth/000000003899-segment-14193044537086402364_534_000_554_000_with_camera_labels-30.png 1008 1264 11
big_dataset_depth/000000003899-segment-14193044537086402364_534_000_554_000_with_camera_labels-30.png 1016 1264 11
big_dataset_depth/000000003899-segment-14193044537086402364_534_000_554_000_with_camera_labels-30.png 1024 1264 11
big_dataset_depth/000000003899-segment-14193044537086402364_534_000_554_000_with_camera_labels-30.png 1032 1264 11
big_dataset_depth/000000003899-segment-14193044537086402364_534_000_554_000_with_camera_labels-30.png 1040 1264 11
big_dataset_depth/000000003899-segment-14193044537086402364_534_000_554_000_with_camera_labels-30.png 1048 1264 11
big_dataset_depth/000000003899-segment-14193044537086402364_534_000_554_000_with_camera_labels-30.png 1056 1264 11
big_dataset_depth/000000003899-segment-14193044537086402364_534_000_554_000_with_camera_labels-30.png 1064 1256 11
big_dataset_depth/000000003899-segment-14193044537086402364_534_000_554_000_with_camera_labels-30.png 1072 1264 11
big_dataset_depth/000000003899-segment-14193044537086402364_534_000_554_000_with_camera_labels-30.png 1080 1264 11
big_dataset_depth/000000003899-segment-14193044537086402364_534_000_554_000_with_camera_labels-30.png 1088 1264 11
big_dataset_depth/000000003899-segment-14193044537086402364_534_000_554_000_with_camera_labels-30.png 1096 1264 11
big_dataset_depth/000000003899-segment-14193044537086402364_534_000_554_000_with_camera_labels-30.png 1104 1264 11
big_dataset_depth/000000003899-segment-14193044537086402364_534_000_554_000_with_camera_labels-30.png 1112 1264 11
big_dataset_depth/000000003899-segment-14193044537086402364_534_000_554_000_with_camera_labels-30.png 1120 1264 12
big_dataset_depth/000000003899-segment-14193044537086402364_534_000_554_000_with_camera_labels-30.png 1128 1048 35
big_dataset_depth/000000003899-segment-14193044537086402364_534_000_554_000_with_camera_labels-30.png 1136 680 81
big_dataset_depth/000000003899-segment-14193044537086402364_534_000_554_000_with_camera_labels-30.png 1144 632 102
big_dataset_depth/000000003899-segment-14193044537086402364_534_000_554_000_with_camera_labels-30.png 1152 648 96
big_dataset_depth/000000003899-segment-14193044537086402364_534_000_554_000_with_camera_labels-30.png 1160 632 101
big_dataset_depth/000000003899-segment-14193044537086402364_534_000_554_000_with_camera_labels-30.png 1168 632 101
big_dataset_depth/000000003899-segment-14193044537086402364_534_000_554_000_with_camera_labels-30.png 1176 632 101
big_dataset_depth/000000003899-segment-14193044537086402364_534_000_554_000_with_camera_labels-30.png 1184 632 100
big_dataset_depth/000000003899-segment-14193044537086402364_534_000_554_000_with_camera_labels-30.png 1192 632 100
big_dataset_depth/000000003899-segment-14193044537086402364_534_000_554_000_with_camera_labels-30.png 1200 632 100
big_dataset_depth/000000003899-segment-14193044537086402364_534_000_554_000_with_camera_labels-30.png 1208 632 100
big_dataset_depth/000000003899-segment-14193044537086402364_534_000_554_000_with_camera_labels-30.png 1216 632 99
big_dataset_depth/000000003899-segment-14193044537086402364_534_000_554_000_with_camera_labels-30.png 1224 632 99
big_dataset_depth/000000003899-segment-14193044537086402364_534_000_554_000_with_camera_labels-30.png 1232 632 98
big_dataset_depth/000000003899-segment-14193044537086402364_534_000_554_000_with_camera_labels-30.png 1240 632 98
big_dataset_depth/000000003899-segment-14193044537086402364_534_000_554_000_with_camera_labels-30.png 1248 632 98
big_dataset_depth/000000003899-segment-14193044537086402364_534_000_554_000_with_camera_labels-30.png 1256 632 98
big_dataset_depth/000000003899-segment-14193044537086402364_534_000_554_000_with_camera_labels-30.png 1264 632 97
big_dataset_depth/000000003899-segment-14193044537086402364_534_000_554_000_with_camera_labels-30.png 1272 624 97
big_dataset_depth/000000003899-segment-14193044537086402364_534_000_554_000_with_camera_labels-30.png 1280 632 97
big_dataset_depth/000000003899-segment-14193044537086402364_534_000_554_000_with_camera_labels-30.png 1288 624 97
big_dataset_depth/000000003899-segment-14193044537086402364_534_000_554_000_with_camera_labels-30.png 1296 624 97
big_dataset_depth/000000003899-segment-14193044537086402364_534_000_554_000_with_camera_labels-30.png 1312 896 29
big_dataset_depth/000000003899-segment-14193044537086402364_534_000_554_000_with_camera_labels-30.png 1320 896 29
big_dataset_depth/000000003899-segment-14193044537086402364_534_000_554_000_with_camera_labels-30.png 1328 760 62
big_dataset_depth/000000003899-segment-14193044537086402364_534_000_554_000_with_camera_labels-30.png 1336 896 29
big_dataset_depth/000000003899-segment-14193044537086402364_534_000_554_000_with_camera_labels-30.png 1344 632 95
big_dataset_depth/000000003899-segment-14193044537086402364_534_000_554_000_with_camera_labels-30.png 1352 912 28
big_dataset_depth/000000003899-segment-14193044537086402364_534_000_554_000_with_camera_labels-30.png 1360 632 95
big_dataset_depth/000000003899-segment-14193044537086402364_534_000_554_000_with_camera_labels-30.png 1368 912 27
big_dataset_depth/000000003899-segment-14193044537086402364_534_000_554_000_with_camera_labels-30.png 1376 912 27
big_dataset_depth/000000003899-segment-14193044537086402364_534_000_554_000_with_camera_labels-30.png 1384 912 27
big_dataset_depth/000000003899-segment-14193044537086402364_534_000_554_000_with_camera_labels-30.png 1400 928 26
big_dataset_depth/000000003899-segment-14193044537086402364_534_000_554_000_with_camera_labels-30.png 1408 928 25
big_dataset_depth/000000003899-segment-14193044537086402364_534_000_554_000_with_camera_labels-30.png 1416 632 95
big_dataset_depth/000000003899-segment-14193044537086402364_534_000_554_000_with_camera_labels-30.png 1424 944 25
big_dataset_depth/000000003899-segment-14193044537086402364_534_000_554_000_with_camera_labels-30.png 1432 864 36
big_dataset_depth/000000003899-segment-14193044537086402364_534_000_554_000_with_camera_labels-30.png 1440 944 24
big_dataset_depth/000000003899-segment-14193044537086402364_534_000_554_000_with_camera_labels-30.png 1456 712 60
big_dataset_depth/000000003899-segment-14193044537086402364_534_000_554_000_with_camera_labels-30.png 1464 960 23
big_dataset_depth/000000003899-segment-14193044537086402364_534_000_554_000_with_camera_labels-30.png 1480 976 22
big_dataset_depth/000000003899-segment-14193044537086402364_534_000_554_000_with_camera_labels-30.png 1488 984 22
big_dataset_depth/000000003899-segment-14193044537086402364_534_000_554_000_with_camera_labels-30.png 1496 984 22
big_dataset_depth/000000003899-segment-14193044537086402364_534_000_554_000_with_camera_labels-30.png 1504 992 22
big_dataset_depth/000000003899-segment-14193044537086402364_534_000_554_000_with_camera_labels-30.png 1512 1000 21
big_dataset_depth/000000003899-segment-14193044537086402364_534_000_554_000_with_camera_labels-30.png 1520 1000 21
big_dataset_depth/000000003899-segment-14193044537086402364_534_000_554_000_with_camera_labels-30.png 1528 856 40
big_dataset_depth/000000003899-segment-14193044537086402364_534_000_554_000_with_camera_labels-30.png 1536 1008 21
big_dataset_depth/000000003899-segment-14193044537086402364_534_000_554_000_with_camera_labels-30.png 1544 1016 21
big_dataset_depth/000000003899-segment-14193044537086402364_534_000_554_000_with_camera_labels-30.png 1552 1016 20
big_dataset_depth/000000003899-segment-14193044537086402364_534_000_554_000_with_camera_labels-30.png 1560 1016 20
big_dataset_depth/000000003899-segment-14193044537086402364_534_000_554_000_with_camera_labels-30.png 1576 1040 20
big_dataset_depth/000000003899-segment-14193044537086402364_534_000_554_000_with_camera_labels-30.png 1592 1040 19
big_dataset_depth/000000003899-segment-14193044537086402364_534_000_554_000_with_camera_labels-30.png 1600 1040 19
big_dataset_depth/000000003899-segment-14193044537086402364_534_000_554_000_with_camera_labels-30.png 1608 1056 19
big_dataset_depth/000000003899-segment-14193044537086402364_534_000_554_000_with_camera_labels-30.png 1616 1056 19
big_dataset_depth/000000003899-segment-14193044537086402364_534_000_554_000_with_camera_labels-30.png 1624 1056 19
big_dataset_depth/000000003899-segment-14193044537086402364_534_000_554_000_with_camera_labels-30.png 1632 1072 18
big_dataset_depth/000000003899-segment-14193044537086402364_534_000_554_000_with_camera_labels-30.png 1640 1072 18
big_dataset_depth/000000003899-segment-14193044537086402364_534_000_554_000_with_camera_labels-30.png 1648 1080 18
big_dataset_depth/000000003899-segment-14193044537086402364_534_000_554_000_with_camera_labels-30.png 1656 1080 18
big_dataset_depth/000000003899-segment-14193044537086402364_534_000_554_000_with_camera_labels-30.png 1664 1080 18
big_dataset_depth/000000003899-segment-14193044537086402364_534_000_554_000_with_camera_labels-30.png 1672 1080 18
big_dataset_depth/000000003899-segment-14193044537086402364_534_000_554_000_with_camera_labels-30.png 1680 1080 18
big_dataset_depth/000000003899-segment-14193044537086402364_534_000_554_000_with_camera_labels-30.png 1696 1088 17
big_dataset_depth/000000003899-segment-14193044537086402364_534_000_554_000_with_camera_labels-30.png 1704 1080 17
big_dataset_depth/000000003899-segment-14193044537086402364_534_000_554_000_with_camera_labels-30.png 1712 1104 17
big_dataset_depth/000000003899-segment-14193044537086402364_534_000_554_000_with_camera_labels-30.png 1720 1128 17
big_dataset_depth/000000003899-segment-14193044537086402364_534_000_554_000_with_camera_labels-30.png 1728 1128 17
big_dataset_depth/000000003899-segment-14193044537086402364_534_000_554_000_with_camera_labels-30.png 1736 1128 17
big_dataset_depth/000000003899-segment-14193044537086402364_534_000_554_000_with_camera_labels-30.png 1744 1128 16
big_dataset_depth/000000003899-segment-14193044537086402364_534_000_554_000_with_camera_labels-30.png 1752 1128 16
big_dataset_depth/000000003899-segment-14193044537086402364_534_000_554_000_with_camera_labels-30.png 1760 1152 16
big_dataset_depth/000000003899-segment-14193044537086402364_534_000_554_000_with_camera_labels-30.png 1768 1152 16
big_dataset_depth/000000003899-segment-14193044537086402364_534_000_554_000_with_camera_labels-30.png 1776 1152 16
big_dataset_depth/000000003899-segment-14193044537086402364_534_000_554_000_with_camera_labels-30.png 1784 1152 16
big_dataset_depth/000000003899-segment-14193044537086402364_534_000_554_000_with_camera_labels-30.png 1792 1160 16
big_dataset_depth/000000003899-segment-14193044537086402364_534_000_554_000_with_camera_labels-30.png 1800 1176 16
big_dataset_depth/000000003899-segment-14193044537086402364_534_000_554_000_with_camera_labels-30.png 1808 1176 16
big_dataset_depth/000000003899-segment-14193044537086402364_534_000_554_000_with_camera_labels-30.png 1816 976 38
big_dataset_depth/000000003899-segment-14193044537086402364_534_000_554_000_with_camera_labels-30.png 1824 1176 15
big_dataset_depth/000000003899-segment-14193044537086402364_534_000_554_000_with_camera_labels-30.png 1832 1176 15
big_dataset_depth/000000003899-segment-14193044537086402364_534_000_554_000_with_camera_labels-30.png 1840 1200 15
big_dataset_depth/000000003899-segment-14193044537086402364_534_000_554_000_with_camera_labels-30.png 1848 1200 15
big_dataset_depth/000000003899-segment-14193044537086402364_534_000_554_000_with_camera_labels-30.png 1856 944 40
big_dataset_depth/000000003899-segment-14193044537086402364_534_000_554_000_with_camera_labels-30.png 1864 824 54
big_dataset_depth/000000003899-segment-14193044537086402364_534_000_554_000_with_camera_labels-30.png 1872 1024 41
big_dataset_depth/000000003899-segment-14193044537086402364_534_000_554_000_with_camera_labels-30.png 1880 912 49
big_dataset_depth/000000003899-segment-14193044537086402364_534_000_554_000_with_camera_labels-30.png 1888 952 40
big_dataset_depth/000000003899-segment-14193044537086402364_534_000_554_000_with_camera_labels-30.png 1896 1224 15
big_dataset_depth/000000003899-segment-14193044537086402364_534_000_554_000_with_camera_labels-30.png 1904 864 47
big_dataset_depth/000000003899-segment-14193044537086402364_534_000_554_000_with_camera_labels-30.png 1912 1240 14
