big_dataset_depth/000000003225-segment-13506499849906169066_120_000_140_000_with_camera_labels-80.png 0 864 43
big_dataset_depth/000000003225-segment-13506499849906169066_120_000_140_000_with_camera_labels-80.png 8 880 43
big_dataset_depth/000000003225-segment-13506499849906169066_120_000_140_000_with_camera_labels-80.png 16 920 24
big_dataset_depth/000000003225-segment-13506499849906169066_120_000_140_000_with_camera_labels-80.png 24 800 62
big_dataset_depth/000000003225-segment-13506499849906169066_120_000_140_000_with_camera_labels-80.png 32 864 43
big_dataset_depth/000000003225-segment-13506499849906169066_120_000_140_000_with_camera_labels-80.png 40 920 24
big_dataset_depth/000000003225-segment-13506499849906169066_120_000_140_000_with_camera_labels-80.png 48 936 24
big_dataset_depth/000000003225-segment-13506499849906169066_120_000_140_000_with_camera_labels-80.png 56 920 24
big_dataset_depth/000000003225-segment-13506499849906169066_120_000_140_000_with_camera_labels-80.png 64 920 24
big_dataset_depth/000000003225-segment-13506499849906169066_120_000_140_000_with_camera_labels-80.png 72 912 25
big_dataset_depth/000000003225-segment-13506499849906169066_120_000_140_000_with_camera_labels-80.png 80 920 25
big_dataset_depth/000000003225-segment-13506499849906169066_120_000_140_000_with_camera_labels-80.png 88 936 24
big_dataset_depth/000000003225-segment-13506499849906169066_120_000_140_000_with_camera_labels-80.png 96 928 25
big_dataset_depth/000000003225-segment-13506499849906169066_120_000_140_000_with_camera_labels-80.png 104 928 25
big_dataset_depth/000000003225-segment-13506499849906169066_120_000_140_000_with_camera_labels-80.png 112 936 25
big_dataset_depth/000000003225-segment-13506499849906169066_120_000_140_000_with_camera_labels-80.png 120 936 25
big_dataset_depth/000000003225-segment-13506499849906169066_120_000_140_000_with_camera_labels-80.png 128 928 25
big_dataset_depth/000000003225-segment-13506499849906169066_120_000_140_000_with_camera_labels-80.png 136 912 26
big_dataset_depth/000000003225-segment-13506499849906169066_120_000_140_000_with_camera_labels-80.png 144 904 26
big_dataset_depth/000000003225-segment-13506499849906169066_120_000_140_000_with_camera_labels-80.png 152 904 26
big_dataset_depth/000000003225-segment-13506499849906169066_120_000_140_000_with_camera_labels-80.png 160 888 26
big_dataset_depth/000000003225-segment-13506499849906169066_120_000_140_000_with_camera_labels-80.png 168 904 27
big_dataset_depth/000000003225-segment-13506499849906169066_120_000_140_000_with_camera_labels-80.png 176 888 27
big_dataset_depth/000000003225-segment-13506499849906169066_120_000_140_000_with_camera_labels-80.png 184 920 27
big_dataset_depth/000000003225-segment-13506499849906169066_120_000_140_000_with_camera_labels-80.png 192 880 27
big_dataset_depth/000000003225-segment-13506499849906169066_120_000_140_000_with_camera_labels-80.png 200 872 28
big_dataset_depth/000000003225-segment-13506499849906169066_120_000_140_000_with_camera_labels-80.png 208 872 28
big_dataset_depth/000000003225-segment-13506499849906169066_120_000_140_000_with_camera_labels-80.png 216 904 28
big_dataset_depth/000000003225-segment-13506499849906169066_120_000_140_000_with_camera_labels-80.png 224 872 28
big_dataset_depth/000000003225-segment-13506499849906169066_120_000_140_000_with_camera_labels-80.png 232 888 29
big_dataset_depth/000000003225-segment-13506499849906169066_120_000_140_000_with_camera_labels-80.png 240 880 29
big_dataset_depth/000000003225-segment-13506499849906169066_120_000_140_000_with_camera_labels-80.png 248 888 29
big_dataset_depth/000000003225-segment-13506499849906169066_120_000_140_000_with_camera_labels-80.png 256 856 29
big_dataset_depth/000000003225-segment-13506499849906169066_120_000_140_000_with_camera_labels-80.png 264 856 34
big_dataset_depth/000000003225-segment-13506499849906169066_120_000_140_000_with_camera_labels-80.png 272 816 34
big_dataset_depth/000000003225-segment-13506499849906169066_120_000_140_000_with_camera_labels-80.png 280 856 34
big_dataset_depth/000000003225-segment-13506499849906169066_120_000_140_000_with_camera_labels-80.png 288 824 34
big_dataset_depth/000000003225-segment-13506499849906169066_120_000_140_000_with_camera_labels-80.png 296 856 34
big_dataset_depth/000000003225-segment-13506499849906169066_120_000_140_000_with_camera_labels-80.png 304 832 34
big_dataset_depth/000000003225-segment-13506499849906169066_120_000_140_000_with_camera_labels-80.png 312 856 33
big_dataset_depth/000000003225-segment-13506499849906169066_120_000_140_000_with_camera_labels-80.png 320 832 34
big_dataset_depth/000000003225-segment-13506499849906169066_120_000_140_000_with_camera_labels-80.png 328 840 33
big_dataset_depth/000000003225-segment-13506499849906169066_120_000_140_000_with_camera_labels-80.png 336 832 34
big_dataset_depth/000000003225-segment-13506499849906169066_120_000_140_000_with_camera_labels-80.png 344 816 34
big_dataset_depth/000000003225-segment-13506499849906169066_120_000_140_000_with_camera_labels-80.png 352 840 34
big_dataset_depth/000000003225-segment-13506499849906169066_120_000_140_000_with_camera_labels-80.png 360 840 34
big_dataset_depth/000000003225-segment-13506499849906169066_120_000_140_000_with_camera_labels-80.png 368 832 34
big_dataset_depth/000000003225-segment-13506499849906169066_120_000_140_000_with_camera_labels-80.png 376 832 35
big_dataset_depth/000000003225-segment-13506499849906169066_120_000_140_000_with_camera_labels-80.png 384 808 36
big_dataset_depth/000000003225-segment-13506499849906169066_120_000_140_000_with_camera_labels-80.png 392 816 36
big_dataset_depth/000000003225-segment-13506499849906169066_120_000_140_000_with_camera_labels-80.png 400 824 37
big_dataset_depth/000000003225-segment-13506499849906169066_120_000_140_000_with_camera_labels-80.png 408 832 37
big_dataset_depth/000000003225-segment-13506499849906169066_120_000_140_000_with_camera_labels-80.png 416 816 38
big_dataset_depth/000000003225-segment-13506499849906169066_120_000_140_000_with_camera_labels-80.png 424 792 40
big_dataset_depth/000000003225-segment-13506499849906169066_120_000_140_000_with_camera_labels-80.png 432 816 40
big_dataset_depth/000000003225-segment-13506499849906169066_120_000_140_000_with_camera_labels-80.png 440 792 41
big_dataset_depth/000000003225-segment-13506499849906169066_120_000_140_000_with_camera_labels-80.png 448 808 42
big_dataset_depth/000000003225-segment-13506499849906169066_120_000_140_000_with_camera_labels-80.png 456 792 41
big_dataset_depth/000000003225-segment-13506499849906169066_120_000_140_000_with_camera_labels-80.png 464 808 41
big_dataset_depth/000000003225-segment-13506499849906169066_120_000_140_000_with_camera_labels-80.png 472 800 41
big_dataset_depth/000000003225-segment-13506499849906169066_120_000_140_000_with_camera_labels-80.png 480 808 41
big_dataset_depth/000000003225-segment-13506499849906169066_120_000_140_000_with_camera_labels-80.png 488 792 43
big_dataset_depth/000000003225-segment-13506499849906169066_120_000_140_000_with_camera_labels-80.png 496 736 44
big_dataset_depth/000000003225-segment-13506499849906169066_120_000_140_000_with_camera_labels-80.png 504 744 44
big_dataset_depth/000000003225-segment-13506499849906169066_120_000_140_000_with_camera_labels-80.png 512 736 62
big_dataset_depth/000000003225-segment-13506499849906169066_120_000_140_000_with_camera_labels-80.png 520 744 62
big_dataset_depth/000000003225-segment-13506499849906169066_120_000_140_000_with_camera_labels-80.png 528 712 94
big_dataset_depth/000000003225-segment-13506499849906169066_120_000_140_000_with_camera_labels-80.png 568 704 70
big_dataset_depth/000000003225-segment-13506499849906169066_120_000_140_000_with_camera_labels-80.png 576 712 70
big_dataset_depth/000000003225-segment-13506499849906169066_120_000_140_000_with_camera_labels-80.png 584 752 65
big_dataset_depth/000000003225-segment-13506499849906169066_120_000_140_000_with_camera_labels-80.png 592 752 65
big_dataset_depth/000000003225-segment-13506499849906169066_120_000_140_000_with_camera_labels-80.png 608 744 64
big_dataset_depth/000000003225-segment-13506499849906169066_120_000_140_000_with_camera_labels-80.png 616 744 64
big_dataset_depth/000000003225-segment-13506499849906169066_120_000_140_000_with_camera_labels-80.png 624 744 64
big_dataset_depth/000000003225-segment-13506499849906169066_120_000_140_000_with_camera_labels-80.png 632 752 64
big_dataset_depth/000000003225-segment-13506499849906169066_120_000_140_000_with_camera_labels-80.png 640 752 64
big_dataset_depth/000000003225-segment-13506499849906169066_120_000_140_000_with_camera_labels-80.png 648 744 65
big_dataset_depth/000000003225-segment-13506499849906169066_120_000_140_000_with_camera_labels-80.png 656 744 65
big_dataset_depth/000000003225-segment-13506499849906169066_120_000_140_000_with_camera_labels-80.png 664 744 65
big_dataset_depth/000000003225-segment-13506499849906169066_120_000_140_000_with_camera_labels-80.png 672 672 94
big_dataset_depth/000000003225-segment-13506499849906169066_120_000_140_000_with_camera_labels-80.png 680 744 68
big_dataset_depth/000000003225-segment-13506499849906169066_120_000_140_000_with_camera_labels-80.png 688 736 72
big_dataset_depth/000000003225-segment-13506499849906169066_120_000_140_000_with_camera_labels-80.png 696 736 72
big_dataset_depth/000000003225-segment-13506499849906169066_120_000_140_000_with_camera_labels-80.png 704 736 75
big_dataset_depth/000000003225-segment-13506499849906169066_120_000_140_000_with_camera_labels-80.png 712 728 77
big_dataset_depth/000000003225-segment-13506499849906169066_120_000_140_000_with_camera_labels-80.png 720 728 80
big_dataset_depth/000000003225-segment-13506499849906169066_120_000_140_000_with_camera_labels-80.png 728 728 83
big_dataset_depth/000000003225-segment-13506499849906169066_120_000_140_000_with_camera_labels-80.png 1056 720 87
big_dataset_depth/000000003225-segment-13506499849906169066_120_000_140_000_with_camera_labels-80.png 1064 720 81
big_dataset_depth/000000003225-segment-13506499849906169066_120_000_140_000_with_camera_labels-80.png 1072 712 78
big_dataset_depth/000000003225-segment-13506499849906169066_120_000_140_000_with_camera_labels-80.png 1080 720 74
big_dataset_depth/000000003225-segment-13506499849906169066_120_000_140_000_with_camera_labels-80.png 1088 728 67
big_dataset_depth/000000003225-segment-13506499849906169066_120_000_140_000_with_camera_labels-80.png 1096 696 68
big_dataset_depth/000000003225-segment-13506499849906169066_120_000_140_000_with_camera_labels-80.png 1104 760 60
big_dataset_depth/000000003225-segment-13506499849906169066_120_000_140_000_with_camera_labels-80.png 1112 768 55
big_dataset_depth/000000003225-segment-13506499849906169066_120_000_140_000_with_camera_labels-80.png 1120 752 54
big_dataset_depth/000000003225-segment-13506499849906169066_120_000_140_000_with_camera_labels-80.png 1128 760 54
big_dataset_depth/000000003225-segment-13506499849906169066_120_000_140_000_with_camera_labels-80.png 1136 760 53
big_dataset_depth/000000003225-segment-13506499849906169066_120_000_140_000_with_camera_labels-80.png 1144 760 53
big_dataset_depth/000000003225-segment-13506499849906169066_120_000_140_000_with_camera_labels-80.png 1152 760 53
big_dataset_depth/000000003225-segment-13506499849906169066_120_000_140_000_with_camera_labels-80.png 1160 760 53
big_dataset_depth/000000003225-segment-13506499849906169066_120_000_140_000_with_camera_labels-80.png 1168 760 53
big_dataset_depth/000000003225-segment-13506499849906169066_120_000_140_000_with_camera_labels-80.png 1176 792 42
big_dataset_depth/000000003225-segment-13506499849906169066_120_000_140_000_with_camera_labels-80.png 1184 816 40
big_dataset_depth/000000003225-segment-13506499849906169066_120_000_140_000_with_camera_labels-80.png 1192 808 41
big_dataset_depth/000000003225-segment-13506499849906169066_120_000_140_000_with_camera_labels-80.png 1200 808 38
big_dataset_depth/000000003225-segment-13506499849906169066_120_000_140_000_with_camera_labels-80.png 1208 816 37
big_dataset_depth/000000003225-segment-13506499849906169066_120_000_140_000_with_camera_labels-80.png 1216 816 37
big_dataset_depth/000000003225-segment-13506499849906169066_120_000_140_000_with_camera_labels-80.png 1224 832 36
big_dataset_depth/000000003225-segment-13506499849906169066_120_000_140_000_with_camera_labels-80.png 1232 800 37
big_dataset_depth/000000003225-segment-13506499849906169066_120_000_140_000_with_camera_labels-80.png 1240 800 35
big_dataset_depth/000000003225-segment-13506499849906169066_120_000_140_000_with_camera_labels-80.png 1248 848 34
big_dataset_depth/000000003225-segment-13506499849906169066_120_000_140_000_with_camera_labels-80.png 1256 832 33
big_dataset_depth/000000003225-segment-13506499849906169066_120_000_140_000_with_camera_labels-80.png 1264 808 32
big_dataset_depth/000000003225-segment-13506499849906169066_120_000_140_000_with_camera_labels-80.png 1272 832 33
big_dataset_depth/000000003225-segment-13506499849906169066_120_000_140_000_with_camera_labels-80.png 1280 832 31
big_dataset_depth/000000003225-segment-13506499849906169066_120_000_140_000_with_camera_labels-80.png 1288 848 30
big_dataset_depth/000000003225-segment-13506499849906169066_120_000_140_000_with_camera_labels-80.png 1296 872 30
big_dataset_depth/000000003225-segment-13506499849906169066_120_000_140_000_with_camera_labels-80.png 1304 880 29
big_dataset_depth/000000003225-segment-13506499849906169066_120_000_140_000_with_camera_labels-80.png 1312 856 30
big_dataset_depth/000000003225-segment-13506499849906169066_120_000_140_000_with_camera_labels-80.png 1320 864 29
big_dataset_depth/000000003225-segment-13506499849906169066_120_000_140_000_with_camera_labels-80.png 1328 896 26
big_dataset_depth/000000003225-segment-13506499849906169066_120_000_140_000_with_camera_labels-80.png 1336 904 26
big_dataset_depth/000000003225-segment-13506499849906169066_120_000_140_000_with_camera_labels-80.png 1344 904 25
big_dataset_depth/000000003225-segment-13506499849906169066_120_000_140_000_with_camera_labels-80.png 1352 896 25
big_dataset_depth/000000003225-segment-13506499849906169066_120_000_140_000_with_camera_labels-80.png 1360 896 24
big_dataset_depth/000000003225-segment-13506499849906169066_120_000_140_000_with_camera_labels-80.png 1368 904 24
big_dataset_depth/000000003225-segment-13506499849906169066_120_000_140_000_with_camera_labels-80.png 1376 952 23
big_dataset_depth/000000003225-segment-13506499849906169066_120_000_140_000_with_camera_labels-80.png 1384 920 23
big_dataset_depth/000000003225-segment-13506499849906169066_120_000_140_000_with_camera_labels-80.png 1392 968 22
big_dataset_depth/000000003225-segment-13506499849906169066_120_000_140_000_with_camera_labels-80.png 1400 960 22
big_dataset_depth/000000003225-segment-13506499849906169066_120_000_140_000_with_camera_labels-80.png 1408 960 22
big_dataset_depth/000000003225-segment-13506499849906169066_120_000_140_000_with_camera_labels-80.png 1416 968 22
big_dataset_depth/000000003225-segment-13506499849906169066_120_000_140_000_with_camera_labels-80.png 1424 968 22
big_dataset_depth/000000003225-segment-13506499849906169066_120_000_140_000_with_camera_labels-80.png 1432 984 21
big_dataset_depth/000000003225-segment-13506499849906169066_120_000_140_000_with_camera_labels-80.png 1440 936 21
big_dataset_depth/000000003225-segment-13506499849906169066_120_000_140_000_with_camera_labels-80.png 1448 928 21
big_dataset_depth/000000003225-segment-13506499849906169066_120_000_140_000_with_camera_labels-80.png 1456 936 21
big_dataset_depth/000000003225-segment-13506499849906169066_120_000_140_000_with_camera_labels-80.png 1464 936 21
big_dataset_depth/000000003225-segment-13506499849906169066_120_000_140_000_with_camera_labels-80.png 1472 936 21
big_dataset_depth/000000003225-segment-13506499849906169066_120_000_140_000_with_camera_labels-80.png 1480 912 20
big_dataset_depth/000000003225-segment-13506499849906169066_120_000_140_000_with_camera_labels-80.png 1488 936 21
big_dataset_depth/000000003225-segment-13506499849906169066_120_000_140_000_with_camera_labels-80.png 1496 928 21
big_dataset_depth/000000003225-segment-13506499849906169066_120_000_140_000_with_camera_labels-80.png 1504 936 21
big_dataset_depth/000000003225-segment-13506499849906169066_120_000_140_000_with_camera_labels-80.png 1512 936 21
big_dataset_depth/000000003225-segment-13506499849906169066_120_000_140_000_with_camera_labels-80.png 1520 936 21
big_dataset_depth/000000003225-segment-13506499849906169066_120_000_140_000_with_camera_labels-80.png 1528 936 21
big_dataset_depth/000000003225-segment-13506499849906169066_120_000_140_000_with_camera_labels-80.png 1536 936 21
big_dataset_depth/000000003225-segment-13506499849906169066_120_000_140_000_with_camera_labels-80.png 1544 936 21
big_dataset_depth/000000003225-segment-13506499849906169066_120_000_140_000_with_camera_labels-80.png 1552 936 21
big_dataset_depth/000000003225-segment-13506499849906169066_120_000_140_000_with_camera_labels-80.png 1560 936 21
big_dataset_depth/000000003225-segment-13506499849906169066_120_000_140_000_with_camera_labels-80.png 1568 920 21
big_dataset_depth/000000003225-segment-13506499849906169066_120_000_140_000_with_camera_labels-80.png 1616 1208 14
big_dataset_depth/000000003225-segment-13506499849906169066_120_000_140_000_with_camera_labels-80.png 1624 1192 14
big_dataset_depth/000000003225-segment-13506499849906169066_120_000_140_000_with_camera_labels-80.png 1632 1216 14
big_dataset_depth/000000003225-segment-13506499849906169066_120_000_140_000_with_camera_labels-80.png 1640 1216 14
big_dataset_depth/000000003225-segment-13506499849906169066_120_000_140_000_with_camera_labels-80.png 1648 1216 14
big_dataset_depth/000000003225-segment-13506499849906169066_120_000_140_000_with_camera_labels-80.png 1664 1144 13
big_dataset_depth/000000003225-segment-13506499849906169066_120_000_140_000_with_camera_labels-80.png 1672 1264 13
big_dataset_depth/000000003225-segment-13506499849906169066_120_000_140_000_with_camera_labels-80.png 1680 1264 13
big_dataset_depth/000000003225-segment-13506499849906169066_120_000_140_000_with_camera_labels-80.png 1688 1264 13
big_dataset_depth/000000003225-segment-13506499849906169066_120_000_140_000_with_camera_labels-80.png 1696 1264 13
big_dataset_depth/000000003225-segment-13506499849906169066_120_000_140_000_with_camera_labels-80.png 1704 1256 13
big_dataset_depth/000000003225-segment-13506499849906169066_120_000_140_000_with_camera_labels-80.png 1712 1264 13
big_dataset_depth/000000003225-segment-13506499849906169066_120_000_140_000_with_camera_labels-80.png 1720 1264 13
big_dataset_depth/000000003225-segment-13506499849906169066_120_000_140_000_with_camera_labels-80.png 1728 1272 13
big_dataset_depth/000000003225-segment-13506499849906169066_120_000_140_000_with_camera_labels-80.png 1736 1256 13
big_dataset_depth/000000003225-segment-13506499849906169066_120_000_140_000_with_camera_labels-80.png 1744 1272 13
big_dataset_depth/000000003225-segment-13506499849906169066_120_000_140_000_with_camera_labels-80.png 1752 1272 13
big_dataset_depth/000000003225-segment-13506499849906169066_120_000_140_000_with_camera_labels-80.png 1760 1272 13
big_dataset_depth/000000003225-segment-13506499849906169066_120_000_140_000_with_camera_labels-80.png 1768 1272 13
big_dataset_depth/000000003225-segment-13506499849906169066_120_000_140_000_with_camera_labels-80.png 1776 1256 13
big_dataset_depth/000000003225-segment-13506499849906169066_120_000_140_000_with_camera_labels-80.png 1784 1272 13
big_dataset_depth/000000003225-segment-13506499849906169066_120_000_140_000_with_camera_labels-80.png 1792 1272 13
big_dataset_depth/000000003225-segment-13506499849906169066_120_000_140_000_with_camera_labels-80.png 1800 1000 23
big_dataset_depth/000000003225-segment-13506499849906169066_120_000_140_000_with_camera_labels-80.png 1808 1264 13
big_dataset_depth/000000003225-segment-13506499849906169066_120_000_140_000_with_camera_labels-80.png 1816 1104 20
big_dataset_depth/000000003225-segment-13506499849906169066_120_000_140_000_with_camera_labels-80.png 1824 1008 23
big_dataset_depth/000000003225-segment-13506499849906169066_120_000_140_000_with_camera_labels-80.png 1832 1280 13
big_dataset_depth/000000003225-segment-13506499849906169066_120_000_140_000_with_camera_labels-80.png 1840 1104 19
big_dataset_depth/000000003225-segment-13506499849906169066_120_000_140_000_with_camera_labels-80.png 1848 1264 13
big_dataset_depth/000000003225-segment-13506499849906169066_120_000_140_000_with_camera_labels-80.png 1856 912 26
big_dataset_depth/000000003225-segment-13506499849906169066_120_000_140_000_with_camera_labels-80.png 1864 1088 19
big_dataset_depth/000000003225-segment-13506499849906169066_120_000_140_000_with_camera_labels-80.png 1872 1256 13
big_dataset_depth/000000003225-segment-13506499849906169066_120_000_140_000_with_camera_labels-80.png 1880 1088 20
big_dataset_depth/000000003225-segment-13506499849906169066_120_000_140_000_with_camera_labels-80.png 1888 1256 13
big_dataset_depth/000000003225-segment-13506499849906169066_120_000_140_000_with_camera_labels-80.png 1896 1256 13
big_dataset_depth/000000003225-segment-13506499849906169066_120_000_140_000_with_camera_labels-80.png 1904 872 31
big_dataset_depth/000000003225-segment-13506499849906169066_120_000_140_000_with_camera_labels-80.png 1912 872 31
