big_dataset_depth/000000002399-segment-12581809607914381746_1219_547_1239_547_with_camera_labels-20.png 0 848 54
big_dataset_depth/000000002399-segment-12581809607914381746_1219_547_1239_547_with_camera_labels-20.png 8 824 63
big_dataset_depth/000000002399-segment-12581809607914381746_1219_547_1239_547_with_camera_labels-20.png 16 816 49
big_dataset_depth/000000002399-segment-12581809607914381746_1219_547_1239_547_with_camera_labels-20.png 24 1008 25
big_dataset_depth/000000002399-segment-12581809607914381746_1219_547_1239_547_with_camera_labels-20.png 32 1008 25
big_dataset_depth/000000002399-segment-12581809607914381746_1219_547_1239_547_with_camera_labels-20.png 40 1008 25
big_dataset_depth/000000002399-segment-12581809607914381746_1219_547_1239_547_with_camera_labels-20.png 48 896 59
big_dataset_depth/000000002399-segment-12581809607914381746_1219_547_1239_547_with_camera_labels-20.png 64 776 94
big_dataset_depth/000000002399-segment-12581809607914381746_1219_547_1239_547_with_camera_labels-20.png 72 928 30
big_dataset_depth/000000002399-segment-12581809607914381746_1219_547_1239_547_with_camera_labels-20.png 80 928 30
big_dataset_depth/000000002399-segment-12581809607914381746_1219_547_1239_547_with_camera_labels-20.png 88 920 31
big_dataset_depth/000000002399-segment-12581809607914381746_1219_547_1239_547_with_camera_labels-20.png 96 992 26
big_dataset_depth/000000002399-segment-12581809607914381746_1219_547_1239_547_with_camera_labels-20.png 104 992 26
big_dataset_depth/000000002399-segment-12581809607914381746_1219_547_1239_547_with_camera_labels-20.png 128 808 65
big_dataset_depth/000000002399-segment-12581809607914381746_1219_547_1239_547_with_camera_labels-20.png 136 816 63
big_dataset_depth/000000002399-segment-12581809607914381746_1219_547_1239_547_with_camera_labels-20.png 144 968 27
big_dataset_depth/000000002399-segment-12581809607914381746_1219_547_1239_547_with_camera_labels-20.png 152 968 27
big_dataset_depth/000000002399-segment-12581809607914381746_1219_547_1239_547_with_camera_labels-20.png 160 920 39
big_dataset_depth/000000002399-segment-12581809607914381746_1219_547_1239_547_with_camera_labels-20.png 168 968 28
big_dataset_depth/000000002399-segment-12581809607914381746_1219_547_1239_547_with_camera_labels-20.png 184 776 84
big_dataset_depth/000000002399-segment-12581809607914381746_1219_547_1239_547_with_camera_labels-20.png 192 776 84
big_dataset_depth/000000002399-segment-12581809607914381746_1219_547_1239_547_with_camera_labels-20.png 208 952 29
big_dataset_depth/000000002399-segment-12581809607914381746_1219_547_1239_547_with_camera_labels-20.png 216 952 29
big_dataset_depth/000000002399-segment-12581809607914381746_1219_547_1239_547_with_camera_labels-20.png 224 592 38
big_dataset_depth/000000002399-segment-12581809607914381746_1219_547_1239_547_with_camera_labels-20.png 232 784 83
big_dataset_depth/000000002399-segment-12581809607914381746_1219_547_1239_547_with_camera_labels-20.png 240 784 84
big_dataset_depth/000000002399-segment-12581809607914381746_1219_547_1239_547_with_camera_labels-20.png 248 728 59
big_dataset_depth/000000002399-segment-12581809607914381746_1219_547_1239_547_with_camera_labels-20.png 256 776 84
big_dataset_depth/000000002399-segment-12581809607914381746_1219_547_1239_547_with_camera_labels-20.png 264 936 31
big_dataset_depth/000000002399-segment-12581809607914381746_1219_547_1239_547_with_camera_labels-20.png 272 936 31
big_dataset_depth/000000002399-segment-12581809607914381746_1219_547_1239_547_with_camera_labels-20.png 280 936 31
big_dataset_depth/000000002399-segment-12581809607914381746_1219_547_1239_547_with_camera_labels-20.png 288 776 85
big_dataset_depth/000000002399-segment-12581809607914381746_1219_547_1239_547_with_camera_labels-20.png 296 776 85
big_dataset_depth/000000002399-segment-12581809607914381746_1219_547_1239_547_with_camera_labels-20.png 304 800 67
big_dataset_depth/000000002399-segment-12581809607914381746_1219_547_1239_547_with_camera_labels-20.png 312 808 58
big_dataset_depth/000000002399-segment-12581809607914381746_1219_547_1239_547_with_camera_labels-20.png 320 872 41
big_dataset_depth/000000002399-segment-12581809607914381746_1219_547_1239_547_with_camera_labels-20.png 328 816 50
big_dataset_depth/000000002399-segment-12581809607914381746_1219_547_1239_547_with_camera_labels-20.png 336 824 50
big_dataset_depth/000000002399-segment-12581809607914381746_1219_547_1239_547_with_camera_labels-20.png 344 832 49
big_dataset_depth/000000002399-segment-12581809607914381746_1219_547_1239_547_with_camera_labels-20.png 352 824 49
big_dataset_depth/000000002399-segment-12581809607914381746_1219_547_1239_547_with_camera_labels-20.png 360 800 50
big_dataset_depth/000000002399-segment-12581809607914381746_1219_547_1239_547_with_camera_labels-20.png 368 824 49
big_dataset_depth/000000002399-segment-12581809607914381746_1219_547_1239_547_with_camera_labels-20.png 376 824 50
big_dataset_depth/000000002399-segment-12581809607914381746_1219_547_1239_547_with_camera_labels-20.png 384 816 51
big_dataset_depth/000000002399-segment-12581809607914381746_1219_547_1239_547_with_camera_labels-20.png 392 800 50
big_dataset_depth/000000002399-segment-12581809607914381746_1219_547_1239_547_with_camera_labels-20.png 400 800 50
big_dataset_depth/000000002399-segment-12581809607914381746_1219_547_1239_547_with_camera_labels-20.png 408 800 62
big_dataset_depth/000000002399-segment-12581809607914381746_1219_547_1239_547_with_camera_labels-20.png 416 792 58
big_dataset_depth/000000002399-segment-12581809607914381746_1219_547_1239_547_with_camera_labels-20.png 424 800 61
big_dataset_depth/000000002399-segment-12581809607914381746_1219_547_1239_547_with_camera_labels-20.png 432 808 55
big_dataset_depth/000000002399-segment-12581809607914381746_1219_547_1239_547_with_camera_labels-20.png 440 784 50
big_dataset_depth/000000002399-segment-12581809607914381746_1219_547_1239_547_with_camera_labels-20.png 448 792 50
big_dataset_depth/000000002399-segment-12581809607914381746_1219_547_1239_547_with_camera_labels-20.png 456 808 62
big_dataset_depth/000000002399-segment-12581809607914381746_1219_547_1239_547_with_camera_labels-20.png 464 792 68
big_dataset_depth/000000002399-segment-12581809607914381746_1219_547_1239_547_with_camera_labels-20.png 472 824 50
big_dataset_depth/000000002399-segment-12581809607914381746_1219_547_1239_547_with_camera_labels-20.png 480 776 90
big_dataset_depth/000000002399-segment-12581809607914381746_1219_547_1239_547_with_camera_labels-20.png 488 776 76
big_dataset_depth/000000002399-segment-12581809607914381746_1219_547_1239_547_with_camera_labels-20.png 496 784 67
big_dataset_depth/000000002399-segment-12581809607914381746_1219_547_1239_547_with_camera_labels-20.png 504 792 66
big_dataset_depth/000000002399-segment-12581809607914381746_1219_547_1239_547_with_camera_labels-20.png 512 744 88
big_dataset_depth/000000002399-segment-12581809607914381746_1219_547_1239_547_with_camera_labels-20.png 520 784 66
big_dataset_depth/000000002399-segment-12581809607914381746_1219_547_1239_547_with_camera_labels-20.png 528 792 66
big_dataset_depth/000000002399-segment-12581809607914381746_1219_547_1239_547_with_camera_labels-20.png 536 792 66
big_dataset_depth/000000002399-segment-12581809607914381746_1219_547_1239_547_with_camera_labels-20.png 544 736 62
big_dataset_depth/000000002399-segment-12581809607914381746_1219_547_1239_547_with_camera_labels-20.png 552 600 52
big_dataset_depth/000000002399-segment-12581809607914381746_1219_547_1239_547_with_camera_labels-20.png 560 792 62
big_dataset_depth/000000002399-segment-12581809607914381746_1219_547_1239_547_with_camera_labels-20.png 568 696 57
big_dataset_depth/000000002399-segment-12581809607914381746_1219_547_1239_547_with_camera_labels-20.png 576 792 54
big_dataset_depth/000000002399-segment-12581809607914381746_1219_547_1239_547_with_camera_labels-20.png 584 760 91
big_dataset_depth/000000002399-segment-12581809607914381746_1219_547_1239_547_with_camera_labels-20.png 592 752 92
big_dataset_depth/000000002399-segment-12581809607914381746_1219_547_1239_547_with_camera_labels-20.png 600 632 86
big_dataset_depth/000000002399-segment-12581809607914381746_1219_547_1239_547_with_camera_labels-20.png 608 760 93
big_dataset_depth/000000002399-segment-12581809607914381746_1219_547_1239_547_with_camera_labels-20.png 616 760 94
big_dataset_depth/000000002399-segment-12581809607914381746_1219_547_1239_547_with_camera_labels-20.png 624 760 94
big_dataset_depth/000000002399-segment-12581809607914381746_1219_547_1239_547_with_camera_labels-20.png 632 744 104
big_dataset_depth/000000002399-segment-12581809607914381746_1219_547_1239_547_with_camera_labels-20.png 640 760 84
big_dataset_depth/000000002399-segment-12581809607914381746_1219_547_1239_547_with_camera_labels-20.png 648 640 87
big_dataset_depth/000000002399-segment-12581809607914381746_1219_547_1239_547_with_camera_labels-20.png 656 768 85
big_dataset_depth/000000002399-segment-12581809607914381746_1219_547_1239_547_with_camera_labels-20.png 664 760 86
big_dataset_depth/000000002399-segment-12581809607914381746_1219_547_1239_547_with_camera_labels-20.png 672 760 86
big_dataset_depth/000000002399-segment-12581809607914381746_1219_547_1239_547_with_camera_labels-20.png 680 760 86
big_dataset_depth/000000002399-segment-12581809607914381746_1219_547_1239_547_with_camera_labels-20.png 688 760 87
big_dataset_depth/000000002399-segment-12581809607914381746_1219_547_1239_547_with_camera_labels-20.png 696 760 87
big_dataset_depth/000000002399-segment-12581809607914381746_1219_547_1239_547_with_camera_labels-20.png 704 760 93
big_dataset_depth/000000002399-segment-12581809607914381746_1219_547_1239_547_with_camera_labels-20.png 712 624 86
big_dataset_depth/000000002399-segment-12581809607914381746_1219_547_1239_547_with_camera_labels-20.png 720 704 100
big_dataset_depth/000000002399-segment-12581809607914381746_1219_547_1239_547_with_camera_labels-20.png 728 752 88
big_dataset_depth/000000002399-segment-12581809607914381746_1219_547_1239_547_with_camera_labels-20.png 736 744 85
big_dataset_depth/000000002399-segment-12581809607914381746_1219_547_1239_547_with_camera_labels-20.png 744 744 100
big_dataset_depth/000000002399-segment-12581809607914381746_1219_547_1239_547_with_camera_labels-20.png 752 752 94
big_dataset_depth/000000002399-segment-12581809607914381746_1219_547_1239_547_with_camera_labels-20.png 760 760 94
big_dataset_depth/000000002399-segment-12581809607914381746_1219_547_1239_547_with_camera_labels-20.png 768 632 107
big_dataset_depth/000000002399-segment-12581809607914381746_1219_547_1239_547_with_camera_labels-20.png 776 752 95
big_dataset_depth/000000002399-segment-12581809607914381746_1219_547_1239_547_with_camera_labels-20.png 784 744 95
big_dataset_depth/000000002399-segment-12581809607914381746_1219_547_1239_547_with_camera_labels-20.png 792 752 104
big_dataset_depth/000000002399-segment-12581809607914381746_1219_547_1239_547_with_camera_labels-20.png 800 752 104
big_dataset_depth/000000002399-segment-12581809607914381746_1219_547_1239_547_with_camera_labels-20.png 1016 640 81
big_dataset_depth/000000002399-segment-12581809607914381746_1219_547_1239_547_with_camera_labels-20.png 1024 624 75
big_dataset_depth/000000002399-segment-12581809607914381746_1219_547_1239_547_with_camera_labels-20.png 1032 656 100
big_dataset_depth/000000002399-segment-12581809607914381746_1219_547_1239_547_with_camera_labels-20.png 1040 640 74
big_dataset_depth/000000002399-segment-12581809607914381746_1219_547_1239_547_with_camera_labels-20.png 1048 784 62
big_dataset_depth/000000002399-segment-12581809607914381746_1219_547_1239_547_with_camera_labels-20.png 1056 760 84
big_dataset_depth/000000002399-segment-12581809607914381746_1219_547_1239_547_with_camera_labels-20.png 1064 712 64
big_dataset_depth/000000002399-segment-12581809607914381746_1219_547_1239_547_with_camera_labels-20.png 1072 688 91
big_dataset_depth/000000002399-segment-12581809607914381746_1219_547_1239_547_with_camera_labels-20.png 1080 688 81
big_dataset_depth/000000002399-segment-12581809607914381746_1219_547_1239_547_with_camera_labels-20.png 1088 768 74
big_dataset_depth/000000002399-segment-12581809607914381746_1219_547_1239_547_with_camera_labels-20.png 1096 768 73
big_dataset_depth/000000002399-segment-12581809607914381746_1219_547_1239_547_with_camera_labels-20.png 1104 768 71
big_dataset_depth/000000002399-segment-12581809607914381746_1219_547_1239_547_with_camera_labels-20.png 1112 768 72
big_dataset_depth/000000002399-segment-12581809607914381746_1219_547_1239_547_with_camera_labels-20.png 1120 752 89
big_dataset_depth/000000002399-segment-12581809607914381746_1219_547_1239_547_with_camera_labels-20.png 1128 728 89
big_dataset_depth/000000002399-segment-12581809607914381746_1219_547_1239_547_with_camera_labels-20.png 1136 704 90
big_dataset_depth/000000002399-segment-12581809607914381746_1219_547_1239_547_with_camera_labels-20.png 1144 688 61
big_dataset_depth/000000002399-segment-12581809607914381746_1219_547_1239_547_with_camera_labels-20.png 1152 688 75
big_dataset_depth/000000002399-segment-12581809607914381746_1219_547_1239_547_with_camera_labels-20.png 1160 704 61
big_dataset_depth/000000002399-segment-12581809607914381746_1219_547_1239_547_with_camera_labels-20.png 1168 728 60
big_dataset_depth/000000002399-segment-12581809607914381746_1219_547_1239_547_with_camera_labels-20.png 1176 760 60
big_dataset_depth/000000002399-segment-12581809607914381746_1219_547_1239_547_with_camera_labels-20.png 1184 800 56
big_dataset_depth/000000002399-segment-12581809607914381746_1219_547_1239_547_with_camera_labels-20.png 1200 672 49
big_dataset_depth/000000002399-segment-12581809607914381746_1219_547_1239_547_with_camera_labels-20.png 1208 664 48
big_dataset_depth/000000002399-segment-12581809607914381746_1219_547_1239_547_with_camera_labels-20.png 1216 704 49
big_dataset_depth/000000002399-segment-12581809607914381746_1219_547_1239_547_with_camera_labels-20.png 1224 776 49
big_dataset_depth/000000002399-segment-12581809607914381746_1219_547_1239_547_with_camera_labels-20.png 1232 808 49
big_dataset_depth/000000002399-segment-12581809607914381746_1219_547_1239_547_with_camera_labels-20.png 1240 784 73
big_dataset_depth/000000002399-segment-12581809607914381746_1219_547_1239_547_with_camera_labels-20.png 1248 752 91
big_dataset_depth/000000002399-segment-12581809607914381746_1219_547_1239_547_with_camera_labels-20.png 1256 736 82
big_dataset_depth/000000002399-segment-12581809607914381746_1219_547_1239_547_with_camera_labels-20.png 1264 752 81
big_dataset_depth/000000002399-segment-12581809607914381746_1219_547_1239_547_with_camera_labels-20.png 1272 752 80
big_dataset_depth/000000002399-segment-12581809607914381746_1219_547_1239_547_with_camera_labels-20.png 1280 752 80
big_dataset_depth/000000002399-segment-12581809607914381746_1219_547_1239_547_with_camera_labels-20.png 1288 736 81
big_dataset_depth/000000002399-segment-12581809607914381746_1219_547_1239_547_with_camera_labels-20.png 1296 752 81
big_dataset_depth/000000002399-segment-12581809607914381746_1219_547_1239_547_with_camera_labels-20.png 1312 856 38
big_dataset_depth/000000002399-segment-12581809607914381746_1219_547_1239_547_with_camera_labels-20.png 1320 784 38
big_dataset_depth/000000002399-segment-12581809607914381746_1219_547_1239_547_with_camera_labels-20.png 1328 768 52
big_dataset_depth/000000002399-segment-12581809607914381746_1219_547_1239_547_with_camera_labels-20.png 1336 768 66
big_dataset_depth/000000002399-segment-12581809607914381746_1219_547_1239_547_with_camera_labels-20.png 1344 768 66
big_dataset_depth/000000002399-segment-12581809607914381746_1219_547_1239_547_with_camera_labels-20.png 1352 760 67
big_dataset_depth/000000002399-segment-12581809607914381746_1219_547_1239_547_with_camera_labels-20.png 1360 760 65
big_dataset_depth/000000002399-segment-12581809607914381746_1219_547_1239_547_with_camera_labels-20.png 1368 768 64
big_dataset_depth/000000002399-segment-12581809607914381746_1219_547_1239_547_with_camera_labels-20.png 1376 776 63
big_dataset_depth/000000002399-segment-12581809607914381746_1219_547_1239_547_with_camera_labels-20.png 1384 760 64
big_dataset_depth/000000002399-segment-12581809607914381746_1219_547_1239_547_with_camera_labels-20.png 1392 768 63
big_dataset_depth/000000002399-segment-12581809607914381746_1219_547_1239_547_with_camera_labels-20.png 1400 760 62
big_dataset_depth/000000002399-segment-12581809607914381746_1219_547_1239_547_with_camera_labels-20.png 1416 768 62
big_dataset_depth/000000002399-segment-12581809607914381746_1219_547_1239_547_with_camera_labels-20.png 1424 864 26
big_dataset_depth/000000002399-segment-12581809607914381746_1219_547_1239_547_with_camera_labels-20.png 1432 920 26
big_dataset_depth/000000002399-segment-12581809607914381746_1219_547_1239_547_with_camera_labels-20.png 1440 920 26
big_dataset_depth/000000002399-segment-12581809607914381746_1219_547_1239_547_with_camera_labels-20.png 1448 864 39
big_dataset_depth/000000002399-segment-12581809607914381746_1219_547_1239_547_with_camera_labels-20.png 1456 744 48
big_dataset_depth/000000002399-segment-12581809607914381746_1219_547_1239_547_with_camera_labels-20.png 1464 792 55
big_dataset_depth/000000002399-segment-12581809607914381746_1219_547_1239_547_with_camera_labels-20.png 1472 792 55
big_dataset_depth/000000002399-segment-12581809607914381746_1219_547_1239_547_with_camera_labels-20.png 1496 760 54
big_dataset_depth/000000002399-segment-12581809607914381746_1219_547_1239_547_with_camera_labels-20.png 1512 1024 21
big_dataset_depth/000000002399-segment-12581809607914381746_1219_547_1239_547_with_camera_labels-20.png 1520 904 36
big_dataset_depth/000000002399-segment-12581809607914381746_1219_547_1239_547_with_camera_labels-20.png 1528 1024 21
big_dataset_depth/000000002399-segment-12581809607914381746_1219_547_1239_547_with_camera_labels-20.png 1536 1024 21
big_dataset_depth/000000002399-segment-12581809607914381746_1219_547_1239_547_with_camera_labels-20.png 1544 1024 21
big_dataset_depth/000000002399-segment-12581809607914381746_1219_547_1239_547_with_camera_labels-20.png 1552 1024 21
big_dataset_depth/000000002399-segment-12581809607914381746_1219_547_1239_547_with_camera_labels-20.png 1560 1024 21
big_dataset_depth/000000002399-segment-12581809607914381746_1219_547_1239_547_with_camera_labels-20.png 1568 1024 21
big_dataset_depth/000000002399-segment-12581809607914381746_1219_547_1239_547_with_camera_labels-20.png 1576 1024 21
big_dataset_depth/000000002399-segment-12581809607914381746_1219_547_1239_547_with_camera_labels-20.png 1584 1024 21
big_dataset_depth/000000002399-segment-12581809607914381746_1219_547_1239_547_with_camera_labels-20.png 1592 1024 21
big_dataset_depth/000000002399-segment-12581809607914381746_1219_547_1239_547_with_camera_labels-20.png 1600 1024 20
big_dataset_depth/000000002399-segment-12581809607914381746_1219_547_1239_547_with_camera_labels-20.png 1616 1024 20
big_dataset_depth/000000002399-segment-12581809607914381746_1219_547_1239_547_with_camera_labels-20.png 1624 1024 20
big_dataset_depth/000000002399-segment-12581809607914381746_1219_547_1239_547_with_camera_labels-20.png 1632 1024 20
big_dataset_depth/000000002399-segment-12581809607914381746_1219_547_1239_547_with_camera_labels-20.png 1640 1024 20
big_dataset_depth/000000002399-segment-12581809607914381746_1219_547_1239_547_with_camera_labels-20.png 1648 1024 20
big_dataset_depth/000000002399-segment-12581809607914381746_1219_547_1239_547_with_camera_labels-20.png 1656 1024 20
big_dataset_depth/000000002399-segment-12581809607914381746_1219_547_1239_547_with_camera_labels-20.png 1664 1024 20
big_dataset_depth/000000002399-segment-12581809607914381746_1219_547_1239_547_with_camera_labels-20.png 1672 1024 20
big_dataset_depth/000000002399-segment-12581809607914381746_1219_547_1239_547_with_camera_labels-20.png 1680 1024 20
big_dataset_depth/000000002399-segment-12581809607914381746_1219_547_1239_547_with_camera_labels-20.png 1688 1024 20
big_dataset_depth/000000002399-segment-12581809607914381746_1219_547_1239_547_with_camera_labels-20.png 1704 1024 20
big_dataset_depth/000000002399-segment-12581809607914381746_1219_547_1239_547_with_camera_labels-20.png 1712 1024 20
big_dataset_depth/000000002399-segment-12581809607914381746_1219_547_1239_547_with_camera_labels-20.png 1720 1032 20
big_dataset_depth/000000002399-segment-12581809607914381746_1219_547_1239_547_with_camera_labels-20.png 1728 1032 20
big_dataset_depth/000000002399-segment-12581809607914381746_1219_547_1239_547_with_camera_labels-20.png 1736 1032 20
big_dataset_depth/000000002399-segment-12581809607914381746_1219_547_1239_547_with_camera_labels-20.png 1744 1032 20
big_dataset_depth/000000002399-segment-12581809607914381746_1219_547_1239_547_with_camera_labels-20.png 1752 1032 20
big_dataset_depth/000000002399-segment-12581809607914381746_1219_547_1239_547_with_camera_labels-20.png 1760 1032 20
big_dataset_depth/000000002399-segment-12581809607914381746_1219_547_1239_547_with_camera_labels-20.png 1768 1032 20
big_dataset_depth/000000002399-segment-12581809607914381746_1219_547_1239_547_with_camera_labels-20.png 1776 872 40
big_dataset_depth/000000002399-segment-12581809607914381746_1219_547_1239_547_with_camera_labels-20.png 1784 1032 20
big_dataset_depth/000000002399-segment-12581809607914381746_1219_547_1239_547_with_camera_labels-20.png 1792 1032 20
big_dataset_depth/000000002399-segment-12581809607914381746_1219_547_1239_547_with_camera_labels-20.png 1800 1032 20
big_dataset_depth/000000002399-segment-12581809607914381746_1219_547_1239_547_with_camera_labels-20.png 1808 1032 20
big_dataset_depth/000000002399-segment-12581809607914381746_1219_547_1239_547_with_camera_labels-20.png 1816 1032 20
big_dataset_depth/000000002399-segment-12581809607914381746_1219_547_1239_547_with_camera_labels-20.png 1824 1032 20
big_dataset_depth/000000002399-segment-12581809607914381746_1219_547_1239_547_with_camera_labels-20.png 1832 1032 20
big_dataset_depth/000000002399-segment-12581809607914381746_1219_547_1239_547_with_camera_labels-20.png 1840 1032 20
big_dataset_depth/000000002399-segment-12581809607914381746_1219_547_1239_547_with_camera_labels-20.png 1848 952 30
big_dataset_depth/000000002399-segment-12581809607914381746_1219_547_1239_547_with_camera_labels-20.png 1864 960 29
big_dataset_depth/000000002399-segment-12581809607914381746_1219_547_1239_547_with_camera_labels-20.png 1872 1032 20
big_dataset_depth/000000002399-segment-12581809607914381746_1219_547_1239_547_with_camera_labels-20.png 1880 944 30
big_dataset_depth/000000002399-segment-12581809607914381746_1219_547_1239_547_with_camera_labels-20.png 1888 904 35
big_dataset_depth/000000002399-segment-12581809607914381746_1219_547_1239_547_with_camera_labels-20.png 1896 1040 20
big_dataset_depth/000000002399-segment-12581809607914381746_1219_547_1239_547_with_camera_labels-20.png 1904 784 48
big_dataset_depth/000000002399-segment-12581809607914381746_1219_547_1239_547_with_camera_labels-20.png 1912 904 35
