big_dataset_depth/000000000313-segment-10226164909075980558_180_000_200_000_with_camera_labels-130.png 0 648 61
big_dataset_depth/000000000313-segment-10226164909075980558_180_000_200_000_with_camera_labels-130.png 8 712 56
big_dataset_depth/000000000313-segment-10226164909075980558_180_000_200_000_with_camera_labels-130.png 16 712 56
big_dataset_depth/000000000313-segment-10226164909075980558_180_000_200_000_with_camera_labels-130.png 24 712 56
big_dataset_depth/000000000313-segment-10226164909075980558_180_000_200_000_with_camera_labels-130.png 32 712 53
big_dataset_depth/000000000313-segment-10226164909075980558_180_000_200_000_with_camera_labels-130.png 40 720 53
big_dataset_depth/000000000313-segment-10226164909075980558_180_000_200_000_with_camera_labels-130.png 48 712 49
big_dataset_depth/000000000313-segment-10226164909075980558_180_000_200_000_with_camera_labels-130.png 56 712 49
big_dataset_depth/000000000313-segment-10226164909075980558_180_000_200_000_with_camera_labels-130.png 64 720 49
big_dataset_depth/000000000313-segment-10226164909075980558_180_000_200_000_with_camera_labels-130.png 72 728 49
big_dataset_depth/000000000313-segment-10226164909075980558_180_000_200_000_with_camera_labels-130.png 80 728 49
big_dataset_depth/000000000313-segment-10226164909075980558_180_000_200_000_with_camera_labels-130.png 88 736 49
big_dataset_depth/000000000313-segment-10226164909075980558_180_000_200_000_with_camera_labels-130.png 96 736 49
big_dataset_depth/000000000313-segment-10226164909075980558_180_000_200_000_with_camera_labels-130.png 104 736 49
big_dataset_depth/000000000313-segment-10226164909075980558_180_000_200_000_with_camera_labels-130.png 112 720 46
big_dataset_depth/000000000313-segment-10226164909075980558_180_000_200_000_with_camera_labels-130.png 120 728 45
big_dataset_depth/000000000313-segment-10226164909075980558_180_000_200_000_with_camera_labels-130.png 128 768 40
big_dataset_depth/000000000313-segment-10226164909075980558_180_000_200_000_with_camera_labels-130.png 136 752 40
big_dataset_depth/000000000313-segment-10226164909075980558_180_000_200_000_with_camera_labels-130.png 144 744 40
big_dataset_depth/000000000313-segment-10226164909075980558_180_000_200_000_with_camera_labels-130.png 152 752 40
big_dataset_depth/000000000313-segment-10226164909075980558_180_000_200_000_with_camera_labels-130.png 160 768 39
big_dataset_depth/000000000313-segment-10226164909075980558_180_000_200_000_with_camera_labels-130.png 168 752 40
big_dataset_depth/000000000313-segment-10226164909075980558_180_000_200_000_with_camera_labels-130.png 176 736 40
big_dataset_depth/000000000313-segment-10226164909075980558_180_000_200_000_with_camera_labels-130.png 184 760 39
big_dataset_depth/000000000313-segment-10226164909075980558_180_000_200_000_with_camera_labels-130.png 192 752 39
big_dataset_depth/000000000313-segment-10226164909075980558_180_000_200_000_with_camera_labels-130.png 200 760 39
big_dataset_depth/000000000313-segment-10226164909075980558_180_000_200_000_with_camera_labels-130.png 208 744 40
big_dataset_depth/000000000313-segment-10226164909075980558_180_000_200_000_with_camera_labels-130.png 216 760 39
big_dataset_depth/000000000313-segment-10226164909075980558_180_000_200_000_with_camera_labels-130.png 224 744 39
big_dataset_depth/000000000313-segment-10226164909075980558_180_000_200_000_with_camera_labels-130.png 232 760 39
big_dataset_depth/000000000313-segment-10226164909075980558_180_000_200_000_with_camera_labels-130.png 240 744 39
big_dataset_depth/000000000313-segment-10226164909075980558_180_000_200_000_with_camera_labels-130.png 248 760 39
big_dataset_depth/000000000313-segment-10226164909075980558_180_000_200_000_with_camera_labels-130.png 256 744 39
big_dataset_depth/000000000313-segment-10226164909075980558_180_000_200_000_with_camera_labels-130.png 264 760 39
big_dataset_depth/000000000313-segment-10226164909075980558_180_000_200_000_with_camera_labels-130.png 272 760 40
big_dataset_depth/000000000313-segment-10226164909075980558_180_000_200_000_with_camera_labels-130.png 280 744 39
big_dataset_depth/000000000313-segment-10226164909075980558_180_000_200_000_with_camera_labels-130.png 288 752 39
big_dataset_depth/000000000313-segment-10226164909075980558_180_000_200_000_with_camera_labels-130.png 296 744 39
big_dataset_depth/000000000313-segment-10226164909075980558_180_000_200_000_with_camera_labels-130.png 304 752 40
big_dataset_depth/000000000313-segment-10226164909075980558_180_000_200_000_with_camera_labels-130.png 312 768 39
big_dataset_depth/000000000313-segment-10226164909075980558_180_000_200_000_with_camera_labels-130.png 320 752 40
big_dataset_depth/000000000313-segment-10226164909075980558_180_000_200_000_with_camera_labels-130.png 328 768 38
big_dataset_depth/000000000313-segment-10226164909075980558_180_000_200_000_with_camera_labels-130.png 336 744 39
big_dataset_depth/000000000313-segment-10226164909075980558_180_000_200_000_with_camera_labels-130.png 344 768 38
big_dataset_depth/000000000313-segment-10226164909075980558_180_000_200_000_with_camera_labels-130.png 352 744 39
big_dataset_depth/000000000313-segment-10226164909075980558_180_000_200_000_with_camera_labels-130.png 360 752 39
big_dataset_depth/000000000313-segment-10226164909075980558_180_000_200_000_with_camera_labels-130.png 368 760 39
big_dataset_depth/000000000313-segment-10226164909075980558_180_000_200_000_with_camera_labels-130.png 376 752 38
big_dataset_depth/000000000313-segment-10226164909075980558_180_000_200_000_with_camera_labels-130.png 384 760 38
big_dataset_depth/000000000313-segment-10226164909075980558_180_000_200_000_with_camera_labels-130.png 392 768 38
big_dataset_depth/000000000313-segment-10226164909075980558_180_000_200_000_with_camera_labels-130.png 400 768 38
big_dataset_depth/000000000313-segment-10226164909075980558_180_000_200_000_with_camera_labels-130.png 408 752 38
big_dataset_depth/000000000313-segment-10226164909075980558_180_000_200_000_with_camera_labels-130.png 416 736 38
big_dataset_depth/000000000313-segment-10226164909075980558_180_000_200_000_with_camera_labels-130.png 424 736 38
big_dataset_depth/000000000313-segment-10226164909075980558_180_000_200_000_with_camera_labels-130.png 432 736 38
big_dataset_depth/000000000313-segment-10226164909075980558_180_000_200_000_with_camera_labels-130.png 440 736 39
big_dataset_depth/000000000313-segment-10226164909075980558_180_000_200_000_with_camera_labels-130.png 448 736 39
big_dataset_depth/000000000313-segment-10226164909075980558_180_000_200_000_with_camera_labels-130.png 456 736 39
big_dataset_depth/000000000313-segment-10226164909075980558_180_000_200_000_with_camera_labels-130.png 464 728 40
big_dataset_depth/000000000313-segment-10226164909075980558_180_000_200_000_with_camera_labels-130.png 488 664 85
big_dataset_depth/000000000313-segment-10226164909075980558_180_000_200_000_with_camera_labels-130.png 496 664 85
big_dataset_depth/000000000313-segment-10226164909075980558_180_000_200_000_with_camera_labels-130.png 504 664 85
big_dataset_depth/000000000313-segment-10226164909075980558_180_000_200_000_with_camera_labels-130.png 512 672 85
big_dataset_depth/000000000313-segment-10226164909075980558_180_000_200_000_with_camera_labels-130.png 520 672 86
big_dataset_depth/000000000313-segment-10226164909075980558_180_000_200_000_with_camera_labels-130.png 528 672 87
big_dataset_depth/000000000313-segment-10226164909075980558_180_000_200_000_with_camera_labels-130.png 536 664 89
big_dataset_depth/000000000313-segment-10226164909075980558_180_000_200_000_with_camera_labels-130.png 544 664 93
big_dataset_depth/000000000313-segment-10226164909075980558_180_000_200_000_with_camera_labels-130.png 552 656 94
big_dataset_depth/000000000313-segment-10226164909075980558_180_000_200_000_with_camera_labels-130.png 560 656 95
big_dataset_depth/000000000313-segment-10226164909075980558_180_000_200_000_with_camera_labels-130.png 568 664 97
big_dataset_depth/000000000313-segment-10226164909075980558_180_000_200_000_with_camera_labels-130.png 640 728 42
big_dataset_depth/000000000313-segment-10226164909075980558_180_000_200_000_with_camera_labels-130.png 648 720 42
big_dataset_depth/000000000313-segment-10226164909075980558_180_000_200_000_with_camera_labels-130.png 656 744 41
big_dataset_depth/000000000313-segment-10226164909075980558_180_000_200_000_with_camera_labels-130.png 664 728 42
big_dataset_depth/000000000313-segment-10226164909075980558_180_000_200_000_with_camera_labels-130.png 672 744 41
big_dataset_depth/000000000313-segment-10226164909075980558_180_000_200_000_with_camera_labels-130.png 680 728 42
big_dataset_depth/000000000313-segment-10226164909075980558_180_000_200_000_with_camera_labels-130.png 688 736 43
big_dataset_depth/000000000313-segment-10226164909075980558_180_000_200_000_with_camera_labels-130.png 696 744 41
big_dataset_depth/000000000313-segment-10226164909075980558_180_000_200_000_with_camera_labels-130.png 704 744 41
big_dataset_depth/000000000313-segment-10226164909075980558_180_000_200_000_with_camera_labels-130.png 712 744 41
big_dataset_depth/000000000313-segment-10226164909075980558_180_000_200_000_with_camera_labels-130.png 720 744 41
big_dataset_depth/000000000313-segment-10226164909075980558_180_000_200_000_with_camera_labels-130.png 728 744 41
big_dataset_depth/000000000313-segment-10226164909075980558_180_000_200_000_with_camera_labels-130.png 736 728 42
big_dataset_depth/000000000313-segment-10226164909075980558_180_000_200_000_with_camera_labels-130.png 744 728 41
big_dataset_depth/000000000313-segment-10226164909075980558_180_000_200_000_with_camera_labels-130.png 752 736 41
big_dataset_depth/000000000313-segment-10226164909075980558_180_000_200_000_with_camera_labels-130.png 760 728 41
big_dataset_depth/000000000313-segment-10226164909075980558_180_000_200_000_with_camera_labels-130.png 768 720 41
big_dataset_depth/000000000313-segment-10226164909075980558_180_000_200_000_with_camera_labels-130.png 776 728 41
big_dataset_depth/000000000313-segment-10226164909075980558_180_000_200_000_with_camera_labels-130.png 784 728 41
big_dataset_depth/000000000313-segment-10226164909075980558_180_000_200_000_with_camera_labels-130.png 792 728 41
big_dataset_depth/000000000313-segment-10226164909075980558_180_000_200_000_with_camera_labels-130.png 800 720 41
big_dataset_depth/000000000313-segment-10226164909075980558_180_000_200_000_with_camera_labels-130.png 808 728 41
big_dataset_depth/000000000313-segment-10226164909075980558_180_000_200_000_with_camera_labels-130.png 816 728 41
big_dataset_depth/000000000313-segment-10226164909075980558_180_000_200_000_with_camera_labels-130.png 824 728 41
big_dataset_depth/000000000313-segment-10226164909075980558_180_000_200_000_with_camera_labels-130.png 832 728 41
big_dataset_depth/000000000313-segment-10226164909075980558_180_000_200_000_with_camera_labels-130.png 840 744 41
big_dataset_depth/000000000313-segment-10226164909075980558_180_000_200_000_with_camera_labels-130.png 848 728 41
big_dataset_depth/000000000313-segment-10226164909075980558_180_000_200_000_with_camera_labels-130.png 856 728 41
big_dataset_depth/000000000313-segment-10226164909075980558_180_000_200_000_with_camera_labels-130.png 864 728 41
big_dataset_depth/000000000313-segment-10226164909075980558_180_000_200_000_with_camera_labels-130.png 872 728 41
big_dataset_depth/000000000313-segment-10226164909075980558_180_000_200_000_with_camera_labels-130.png 880 728 41
big_dataset_depth/000000000313-segment-10226164909075980558_180_000_200_000_with_camera_labels-130.png 888 728 41
big_dataset_depth/000000000313-segment-10226164909075980558_180_000_200_000_with_camera_labels-130.png 896 728 41
big_dataset_depth/000000000313-segment-10226164909075980558_180_000_200_000_with_camera_labels-130.png 904 744 33
big_dataset_depth/000000000313-segment-10226164909075980558_180_000_200_000_with_camera_labels-130.png 912 760 33
big_dataset_depth/000000000313-segment-10226164909075980558_180_000_200_000_with_camera_labels-130.png 920 768 32
big_dataset_depth/000000000313-segment-10226164909075980558_180_000_200_000_with_camera_labels-130.png 928 768 32
big_dataset_depth/000000000313-segment-10226164909075980558_180_000_200_000_with_camera_labels-130.png 936 768 32
big_dataset_depth/000000000313-segment-10226164909075980558_180_000_200_000_with_camera_labels-130.png 944 784 32
big_dataset_depth/000000000313-segment-10226164909075980558_180_000_200_000_with_camera_labels-130.png 952 768 32
big_dataset_depth/000000000313-segment-10226164909075980558_180_000_200_000_with_camera_labels-130.png 960 768 32
big_dataset_depth/000000000313-segment-10226164909075980558_180_000_200_000_with_camera_labels-130.png 968 768 32
big_dataset_depth/000000000313-segment-10226164909075980558_180_000_200_000_with_camera_labels-130.png 976 776 32
big_dataset_depth/000000000313-segment-10226164909075980558_180_000_200_000_with_camera_labels-130.png 984 792 32
big_dataset_depth/000000000313-segment-10226164909075980558_180_000_200_000_with_camera_labels-130.png 992 800 32
big_dataset_depth/000000000313-segment-10226164909075980558_180_000_200_000_with_camera_labels-130.png 1000 800 32
big_dataset_depth/000000000313-segment-10226164909075980558_180_000_200_000_with_camera_labels-130.png 1008 768 32
big_dataset_depth/000000000313-segment-10226164909075980558_180_000_200_000_with_camera_labels-130.png 1016 800 32
big_dataset_depth/000000000313-segment-10226164909075980558_180_000_200_000_with_camera_labels-130.png 1024 800 32
big_dataset_depth/000000000313-segment-10226164909075980558_180_000_200_000_with_camera_labels-130.png 1032 800 32
big_dataset_depth/000000000313-segment-10226164909075980558_180_000_200_000_with_camera_labels-130.png 1040 776 32
big_dataset_depth/000000000313-segment-10226164909075980558_180_000_200_000_with_camera_labels-130.png 1048 792 31
big_dataset_depth/000000000313-segment-10226164909075980558_180_000_200_000_with_camera_labels-130.png 1056 776 32
big_dataset_depth/000000000313-segment-10226164909075980558_180_000_200_000_with_camera_labels-130.png 1064 776 32
big_dataset_depth/000000000313-segment-10226164909075980558_180_000_200_000_with_camera_labels-130.png 1072 776 32
big_dataset_depth/000000000313-segment-10226164909075980558_180_000_200_000_with_camera_labels-130.png 1080 784 32
big_dataset_depth/000000000313-segment-10226164909075980558_180_000_200_000_with_camera_labels-130.png 1088 776 32
big_dataset_depth/000000000313-segment-10226164909075980558_180_000_200_000_with_camera_labels-130.png 1096 784 32
big_dataset_depth/000000000313-segment-10226164909075980558_180_000_200_000_with_camera_labels-130.png 1104 776 32
big_dataset_depth/000000000313-segment-10226164909075980558_180_000_200_000_with_camera_labels-130.png 1112 776 32
big_dataset_depth/000000000313-segment-10226164909075980558_180_000_200_000_with_camera_labels-130.png 1120 776 32
big_dataset_depth/000000000313-segment-10226164909075980558_180_000_200_000_with_camera_labels-130.png 1128 776 32
big_dataset_depth/000000000313-segment-10226164909075980558_180_000_200_000_with_camera_labels-130.png 1136 784 32
big_dataset_depth/000000000313-segment-10226164909075980558_180_000_200_000_with_camera_labels-130.png 1144 776 32
big_dataset_depth/000000000313-segment-10226164909075980558_180_000_200_000_with_camera_labels-130.png 1152 784 32
big_dataset_depth/000000000313-segment-10226164909075980558_180_000_200_000_with_camera_labels-130.png 1168 768 25
big_dataset_depth/000000000313-segment-10226164909075980558_180_000_200_000_with_camera_labels-130.png 1176 928 21
big_dataset_depth/000000000313-segment-10226164909075980558_180_000_200_000_with_camera_labels-130.png 1184 912 21
big_dataset_depth/000000000313-segment-10226164909075980558_180_000_200_000_with_camera_labels-130.png 1192 936 21
big_dataset_depth/000000000313-segment-10226164909075980558_180_000_200_000_with_camera_labels-130.png 1200 936 21
big_dataset_depth/000000000313-segment-10226164909075980558_180_000_200_000_with_camera_labels-130.png 1208 880 21
big_dataset_depth/000000000313-segment-10226164909075980558_180_000_200_000_with_camera_labels-130.png 1216 928 21
big_dataset_depth/000000000313-segment-10226164909075980558_180_000_200_000_with_camera_labels-130.png 1224 944 21
big_dataset_depth/000000000313-segment-10226164909075980558_180_000_200_000_with_camera_labels-130.png 1232 904 21
big_dataset_depth/000000000313-segment-10226164909075980558_180_000_200_000_with_camera_labels-130.png 1240 888 22
big_dataset_depth/000000000313-segment-10226164909075980558_180_000_200_000_with_camera_labels-130.png 1248 864 21
big_dataset_depth/000000000313-segment-10226164909075980558_180_000_200_000_with_camera_labels-130.png 1256 816 27
big_dataset_depth/000000000313-segment-10226164909075980558_180_000_200_000_with_camera_labels-130.png 1264 776 29
big_dataset_depth/000000000313-segment-10226164909075980558_180_000_200_000_with_camera_labels-130.png 1272 792 33
big_dataset_depth/000000000313-segment-10226164909075980558_180_000_200_000_with_camera_labels-130.png 1280 792 33
big_dataset_depth/000000000313-segment-10226164909075980558_180_000_200_000_with_camera_labels-130.png 1288 752 34
big_dataset_depth/000000000313-segment-10226164909075980558_180_000_200_000_with_camera_labels-130.png 1296 792 33
big_dataset_depth/000000000313-segment-10226164909075980558_180_000_200_000_with_camera_labels-130.png 1304 784 33
big_dataset_depth/000000000313-segment-10226164909075980558_180_000_200_000_with_camera_labels-130.png 1312 776 33
big_dataset_depth/000000000313-segment-10226164909075980558_180_000_200_000_with_camera_labels-130.png 1320 800 33
big_dataset_depth/000000000313-segment-10226164909075980558_180_000_200_000_with_camera_labels-130.png 1328 776 33
big_dataset_depth/000000000313-segment-10226164909075980558_180_000_200_000_with_camera_labels-130.png 1336 784 33
big_dataset_depth/000000000313-segment-10226164909075980558_180_000_200_000_with_camera_labels-130.png 1344 784 33
big_dataset_depth/000000000313-segment-10226164909075980558_180_000_200_000_with_camera_labels-130.png 1352 768 33
big_dataset_depth/000000000313-segment-10226164909075980558_180_000_200_000_with_camera_labels-130.png 1360 760 35
big_dataset_depth/000000000313-segment-10226164909075980558_180_000_200_000_with_camera_labels-130.png 1368 736 38
big_dataset_depth/000000000313-segment-10226164909075980558_180_000_200_000_with_camera_labels-130.png 1376 744 38
big_dataset_depth/000000000313-segment-10226164909075980558_180_000_200_000_with_camera_labels-130.png 1384 744 38
big_dataset_depth/000000000313-segment-10226164909075980558_180_000_200_000_with_camera_labels-130.png 1392 744 38
big_dataset_depth/000000000313-segment-10226164909075980558_180_000_200_000_with_camera_labels-130.png 1400 752 38
big_dataset_depth/000000000313-segment-10226164909075980558_180_000_200_000_with_camera_labels-130.png 1408 752 38
big_dataset_depth/000000000313-segment-10226164909075980558_180_000_200_000_with_camera_labels-130.png 1416 752 38
big_dataset_depth/000000000313-segment-10226164909075980558_180_000_200_000_with_camera_labels-130.png 1424 752 38
big_dataset_depth/000000000313-segment-10226164909075980558_180_000_200_000_with_camera_labels-130.png 1432 752 38
big_dataset_depth/000000000313-segment-10226164909075980558_180_000_200_000_with_camera_labels-130.png 1440 752 38
big_dataset_depth/000000000313-segment-10226164909075980558_180_000_200_000_with_camera_labels-130.png 1448 752 38
big_dataset_depth/000000000313-segment-10226164909075980558_180_000_200_000_with_camera_labels-130.png 1456 736 38
big_dataset_depth/000000000313-segment-10226164909075980558_180_000_200_000_with_camera_labels-130.png 1464 760 39
big_dataset_depth/000000000313-segment-10226164909075980558_180_000_200_000_with_camera_labels-130.png 1472 752 38
big_dataset_depth/000000000313-segment-10226164909075980558_180_000_200_000_with_camera_labels-130.png 1480 760 38
big_dataset_depth/000000000313-segment-10226164909075980558_180_000_200_000_with_camera_labels-130.png 1488 760 38
big_dataset_depth/000000000313-segment-10226164909075980558_180_000_200_000_with_camera_labels-130.png 1496 760 38
big_dataset_depth/000000000313-segment-10226164909075980558_180_000_200_000_with_camera_labels-130.png 1504 760 38
big_dataset_depth/000000000313-segment-10226164909075980558_180_000_200_000_with_camera_labels-130.png 1512 752 38
big_dataset_depth/000000000313-segment-10226164909075980558_180_000_200_000_with_camera_labels-130.png 1520 768 39
big_dataset_depth/000000000313-segment-10226164909075980558_180_000_200_000_with_camera_labels-130.png 1528 744 38
big_dataset_depth/000000000313-segment-10226164909075980558_180_000_200_000_with_camera_labels-130.png 1536 752 38
big_dataset_depth/000000000313-segment-10226164909075980558_180_000_200_000_with_camera_labels-130.png 1544 688 65
big_dataset_depth/000000000313-segment-10226164909075980558_180_000_200_000_with_camera_labels-130.png 1552 728 51
big_dataset_depth/000000000313-segment-10226164909075980558_180_000_200_000_with_camera_labels-130.png 1560 704 63
big_dataset_depth/000000000313-segment-10226164909075980558_180_000_200_000_with_camera_labels-130.png 1568 704 64
big_dataset_depth/000000000313-segment-10226164909075980558_180_000_200_000_with_camera_labels-130.png 1576 704 63
big_dataset_depth/000000000313-segment-10226164909075980558_180_000_200_000_with_camera_labels-130.png 1584 696 64
big_dataset_depth/000000000313-segment-10226164909075980558_180_000_200_000_with_camera_labels-130.png 1592 704 63
big_dataset_depth/000000000313-segment-10226164909075980558_180_000_200_000_with_camera_labels-130.png 1600 704 63
big_dataset_depth/000000000313-segment-10226164909075980558_180_000_200_000_with_camera_labels-130.png 1608 680 64
big_dataset_depth/000000000313-segment-10226164909075980558_180_000_200_000_with_camera_labels-130.png 1616 688 64
big_dataset_depth/000000000313-segment-10226164909075980558_180_000_200_000_with_camera_labels-130.png 1624 696 63
big_dataset_depth/000000000313-segment-10226164909075980558_180_000_200_000_with_camera_labels-130.png 1632 696 63
big_dataset_depth/000000000313-segment-10226164909075980558_180_000_200_000_with_camera_labels-130.png 1640 704 63
big_dataset_depth/000000000313-segment-10226164909075980558_180_000_200_000_with_camera_labels-130.png 1648 696 64
big_dataset_depth/000000000313-segment-10226164909075980558_180_000_200_000_with_camera_labels-130.png 1656 696 64
big_dataset_depth/000000000313-segment-10226164909075980558_180_000_200_000_with_camera_labels-130.png 1664 696 64
big_dataset_depth/000000000313-segment-10226164909075980558_180_000_200_000_with_camera_labels-130.png 1672 696 64
big_dataset_depth/000000000313-segment-10226164909075980558_180_000_200_000_with_camera_labels-130.png 1680 696 64
big_dataset_depth/000000000313-segment-10226164909075980558_180_000_200_000_with_camera_labels-130.png 1688 712 61
big_dataset_depth/000000000313-segment-10226164909075980558_180_000_200_000_with_camera_labels-130.png 1696 704 63
big_dataset_depth/000000000313-segment-10226164909075980558_180_000_200_000_with_camera_labels-130.png 1704 688 64
big_dataset_depth/000000000313-segment-10226164909075980558_180_000_200_000_with_camera_labels-130.png 1712 712 61
big_dataset_depth/000000000313-segment-10226164909075980558_180_000_200_000_with_camera_labels-130.png 1728 704 64
big_dataset_depth/000000000313-segment-10226164909075980558_180_000_200_000_with_camera_labels-130.png 1744 704 65
big_dataset_depth/000000000313-segment-10226164909075980558_180_000_200_000_with_camera_labels-130.png 1752 704 65
big_dataset_depth/000000000313-segment-10226164909075980558_180_000_200_000_with_camera_labels-130.png 1760 704 65
big_dataset_depth/000000000313-segment-10226164909075980558_180_000_200_000_with_camera_labels-130.png 1768 944 22
big_dataset_depth/000000000313-segment-10226164909075980558_180_000_200_000_with_camera_labels-130.png 1776 944 22
big_dataset_depth/000000000313-segment-10226164909075980558_180_000_200_000_with_camera_labels-130.png 1784 944 22
big_dataset_depth/000000000313-segment-10226164909075980558_180_000_200_000_with_camera_labels-130.png 1792 944 22
big_dataset_depth/000000000313-segment-10226164909075980558_180_000_200_000_with_camera_labels-130.png 1816 960 21
big_dataset_depth/000000000313-segment-10226164909075980558_180_000_200_000_with_camera_labels-130.png 1832 968 21
big_dataset_depth/000000000313-segment-10226164909075980558_180_000_200_000_with_camera_labels-130.png 1840 968 21
big_dataset_depth/000000000313-segment-10226164909075980558_180_000_200_000_with_camera_labels-130.png 1848 768 25
big_dataset_depth/000000000313-segment-10226164909075980558_180_000_200_000_with_camera_labels-130.png 1856 856 22
big_dataset_depth/000000000313-segment-10226164909075980558_180_000_200_000_with_camera_labels-130.png 1864 984 20
big_dataset_depth/000000000313-segment-10226164909075980558_180_000_200_000_with_camera_labels-130.png 1872 984 20
big_dataset_depth/000000000313-segment-10226164909075980558_180_000_200_000_with_camera_labels-130.png 1880 984 20
big_dataset_depth/000000000313-segment-10226164909075980558_180_000_200_000_with_camera_labels-130.png 1888 848 36
big_dataset_depth/000000000313-segment-10226164909075980558_180_000_200_000_with_camera_labels-130.png 1896 984 20
big_dataset_depth/000000000313-segment-10226164909075980558_180_000_200_000_with_camera_labels-130.png 1904 1000 20
big_dataset_depth/000000000313-segment-10226164909075980558_180_000_200_000_with_camera_labels-130.png 1912 856 25
