big_dataset_depth/000000003722-segment-14073491244121877213_4066_056_4086_056_with_camera_labels-50.png 0 736 67
big_dataset_depth/000000003722-segment-14073491244121877213_4066_056_4086_056_with_camera_labels-50.png 8 800 48
big_dataset_depth/000000003722-segment-14073491244121877213_4066_056_4086_056_with_camera_labels-50.png 16 728 68
big_dataset_depth/000000003722-segment-14073491244121877213_4066_056_4086_056_with_camera_labels-50.png 24 776 49
big_dataset_depth/000000003722-segment-14073491244121877213_4066_056_4086_056_with_camera_labels-50.png 32 776 50
big_dataset_depth/000000003722-segment-14073491244121877213_4066_056_4086_056_with_camera_labels-50.png 40 752 50
big_dataset_depth/000000003722-segment-14073491244121877213_4066_056_4086_056_with_camera_labels-50.png 48 776 50
big_dataset_depth/000000003722-segment-14073491244121877213_4066_056_4086_056_with_camera_labels-50.png 56 776 51
big_dataset_depth/000000003722-segment-14073491244121877213_4066_056_4086_056_with_camera_labels-50.png 64 768 51
big_dataset_depth/000000003722-segment-14073491244121877213_4066_056_4086_056_with_camera_labels-50.png 72 784 52
big_dataset_depth/000000003722-segment-14073491244121877213_4066_056_4086_056_with_camera_labels-50.png 80 784 52
big_dataset_depth/000000003722-segment-14073491244121877213_4066_056_4086_056_with_camera_labels-50.png 88 768 52
big_dataset_depth/000000003722-segment-14073491244121877213_4066_056_4086_056_with_camera_labels-50.png 96 784 52
big_dataset_depth/000000003722-segment-14073491244121877213_4066_056_4086_056_with_camera_labels-50.png 112 704 84
big_dataset_depth/000000003722-segment-14073491244121877213_4066_056_4086_056_with_camera_labels-50.png 128 704 105
big_dataset_depth/000000003722-segment-14073491244121877213_4066_056_4086_056_with_camera_labels-50.png 136 712 106
big_dataset_depth/000000003722-segment-14073491244121877213_4066_056_4086_056_with_camera_labels-50.png 144 712 107
big_dataset_depth/000000003722-segment-14073491244121877213_4066_056_4086_056_with_camera_labels-50.png 152 712 108
big_dataset_depth/000000003722-segment-14073491244121877213_4066_056_4086_056_with_camera_labels-50.png 160 728 101
big_dataset_depth/000000003722-segment-14073491244121877213_4066_056_4086_056_with_camera_labels-50.png 168 720 102
big_dataset_depth/000000003722-segment-14073491244121877213_4066_056_4086_056_with_camera_labels-50.png 176 664 107
big_dataset_depth/000000003722-segment-14073491244121877213_4066_056_4086_056_with_camera_labels-50.png 184 664 107
big_dataset_depth/000000003722-segment-14073491244121877213_4066_056_4086_056_with_camera_labels-50.png 192 656 107
big_dataset_depth/000000003722-segment-14073491244121877213_4066_056_4086_056_with_camera_labels-50.png 200 720 101
big_dataset_depth/000000003722-segment-14073491244121877213_4066_056_4086_056_with_camera_labels-50.png 208 720 100
big_dataset_depth/000000003722-segment-14073491244121877213_4066_056_4086_056_with_camera_labels-50.png 216 720 101
big_dataset_depth/000000003722-segment-14073491244121877213_4066_056_4086_056_with_camera_labels-50.png 224 720 101
big_dataset_depth/000000003722-segment-14073491244121877213_4066_056_4086_056_with_camera_labels-50.png 232 720 101
big_dataset_depth/000000003722-segment-14073491244121877213_4066_056_4086_056_with_camera_labels-50.png 1048 688 78
big_dataset_depth/000000003722-segment-14073491244121877213_4066_056_4086_056_with_camera_labels-50.png 1056 696 71
big_dataset_depth/000000003722-segment-14073491244121877213_4066_056_4086_056_with_camera_labels-50.png 1064 704 71
big_dataset_depth/000000003722-segment-14073491244121877213_4066_056_4086_056_with_camera_labels-50.png 1072 720 71
big_dataset_depth/000000003722-segment-14073491244121877213_4066_056_4086_056_with_camera_labels-50.png 1080 712 71
big_dataset_depth/000000003722-segment-14073491244121877213_4066_056_4086_056_with_camera_labels-50.png 1088 720 71
big_dataset_depth/000000003722-segment-14073491244121877213_4066_056_4086_056_with_camera_labels-50.png 1096 720 70
big_dataset_depth/000000003722-segment-14073491244121877213_4066_056_4086_056_with_camera_labels-50.png 1104 712 70
big_dataset_depth/000000003722-segment-14073491244121877213_4066_056_4086_056_with_camera_labels-50.png 1112 704 71
big_dataset_depth/000000003722-segment-14073491244121877213_4066_056_4086_056_with_camera_labels-50.png 1120 696 70
big_dataset_depth/000000003722-segment-14073491244121877213_4066_056_4086_056_with_camera_labels-50.png 1128 800 43
big_dataset_depth/000000003722-segment-14073491244121877213_4066_056_4086_056_with_camera_labels-50.png 1136 800 42
big_dataset_depth/000000003722-segment-14073491244121877213_4066_056_4086_056_with_camera_labels-50.png 1144 776 45
big_dataset_depth/000000003722-segment-14073491244121877213_4066_056_4086_056_with_camera_labels-50.png 1152 776 45
big_dataset_depth/000000003722-segment-14073491244121877213_4066_056_4086_056_with_camera_labels-50.png 1160 776 44
big_dataset_depth/000000003722-segment-14073491244121877213_4066_056_4086_056_with_camera_labels-50.png 1168 776 42
big_dataset_depth/000000003722-segment-14073491244121877213_4066_056_4086_056_with_camera_labels-50.png 1176 784 42
big_dataset_depth/000000003722-segment-14073491244121877213_4066_056_4086_056_with_camera_labels-50.png 1184 784 42
big_dataset_depth/000000003722-segment-14073491244121877213_4066_056_4086_056_with_camera_labels-50.png 1192 848 33
big_dataset_depth/000000003722-segment-14073491244121877213_4066_056_4086_056_with_camera_labels-50.png 1200 776 37
big_dataset_depth/000000003722-segment-14073491244121877213_4066_056_4086_056_with_camera_labels-50.png 1208 784 37
big_dataset_depth/000000003722-segment-14073491244121877213_4066_056_4086_056_with_camera_labels-50.png 1216 872 30
big_dataset_depth/000000003722-segment-14073491244121877213_4066_056_4086_056_with_camera_labels-50.png 1224 816 34
big_dataset_depth/000000003722-segment-14073491244121877213_4066_056_4086_056_with_camera_labels-50.png 1232 808 35
big_dataset_depth/000000003722-segment-14073491244121877213_4066_056_4086_056_with_camera_labels-50.png 1240 792 35
big_dataset_depth/000000003722-segment-14073491244121877213_4066_056_4086_056_with_camera_labels-50.png 1248 904 27
big_dataset_depth/000000003722-segment-14073491244121877213_4066_056_4086_056_with_camera_labels-50.png 1256 904 26
big_dataset_depth/000000003722-segment-14073491244121877213_4066_056_4086_056_with_camera_labels-50.png 1264 920 25
big_dataset_depth/000000003722-segment-14073491244121877213_4066_056_4086_056_with_camera_labels-50.png 1272 920 25
big_dataset_depth/000000003722-segment-14073491244121877213_4066_056_4086_056_with_camera_labels-50.png 1280 936 24
big_dataset_depth/000000003722-segment-14073491244121877213_4066_056_4086_056_with_camera_labels-50.png 1288 936 24
big_dataset_depth/000000003722-segment-14073491244121877213_4066_056_4086_056_with_camera_labels-50.png 1296 896 26
big_dataset_depth/000000003722-segment-14073491244121877213_4066_056_4086_056_with_camera_labels-50.png 1304 776 36
big_dataset_depth/000000003722-segment-14073491244121877213_4066_056_4086_056_with_camera_labels-50.png 1312 968 22
big_dataset_depth/000000003722-segment-14073491244121877213_4066_056_4086_056_with_camera_labels-50.png 1320 968 22
big_dataset_depth/000000003722-segment-14073491244121877213_4066_056_4086_056_with_camera_labels-50.png 1328 872 28
big_dataset_depth/000000003722-segment-14073491244121877213_4066_056_4086_056_with_camera_labels-50.png 1336 968 22
big_dataset_depth/000000003722-segment-14073491244121877213_4066_056_4086_056_with_camera_labels-50.png 1344 1000 20
big_dataset_depth/000000003722-segment-14073491244121877213_4066_056_4086_056_with_camera_labels-50.png 1352 1000 20
big_dataset_depth/000000003722-segment-14073491244121877213_4066_056_4086_056_with_camera_labels-50.png 1360 1000 20
big_dataset_depth/000000003722-segment-14073491244121877213_4066_056_4086_056_with_camera_labels-50.png 1368 928 25
big_dataset_depth/000000003722-segment-14073491244121877213_4066_056_4086_056_with_camera_labels-50.png 1384 1032 19
big_dataset_depth/000000003722-segment-14073491244121877213_4066_056_4086_056_with_camera_labels-50.png 1392 1032 19
big_dataset_depth/000000003722-segment-14073491244121877213_4066_056_4086_056_with_camera_labels-50.png 1400 1032 19
big_dataset_depth/000000003722-segment-14073491244121877213_4066_056_4086_056_with_camera_labels-50.png 1408 1048 18
big_dataset_depth/000000003722-segment-14073491244121877213_4066_056_4086_056_with_camera_labels-50.png 1416 1056 18
big_dataset_depth/000000003722-segment-14073491244121877213_4066_056_4086_056_with_camera_labels-50.png 1424 1072 18
big_dataset_depth/000000003722-segment-14073491244121877213_4066_056_4086_056_with_camera_labels-50.png 1432 1072 17
big_dataset_depth/000000003722-segment-14073491244121877213_4066_056_4086_056_with_camera_labels-50.png 1440 1080 17
big_dataset_depth/000000003722-segment-14073491244121877213_4066_056_4086_056_with_camera_labels-50.png 1448 1096 17
big_dataset_depth/000000003722-segment-14073491244121877213_4066_056_4086_056_with_camera_labels-50.png 1456 1096 17
big_dataset_depth/000000003722-segment-14073491244121877213_4066_056_4086_056_with_camera_labels-50.png 1464 1096 17
big_dataset_depth/000000003722-segment-14073491244121877213_4066_056_4086_056_with_camera_labels-50.png 1472 1112 16
big_dataset_depth/000000003722-segment-14073491244121877213_4066_056_4086_056_with_camera_labels-50.png 1480 1112 16
big_dataset_depth/000000003722-segment-14073491244121877213_4066_056_4086_056_with_camera_labels-50.png 1496 1136 16
big_dataset_depth/000000003722-segment-14073491244121877213_4066_056_4086_056_with_camera_labels-50.png 1504 1144 15
big_dataset_depth/000000003722-segment-14073491244121877213_4066_056_4086_056_with_camera_labels-50.png 1512 1152 15
big_dataset_depth/000000003722-segment-14073491244121877213_4066_056_4086_056_with_camera_labels-50.png 1520 1152 15
big_dataset_depth/000000003722-segment-14073491244121877213_4066_056_4086_056_with_camera_labels-50.png 1528 1152 15
big_dataset_depth/000000003722-segment-14073491244121877213_4066_056_4086_056_with_camera_labels-50.png 1536 1176 15
big_dataset_depth/000000003722-segment-14073491244121877213_4066_056_4086_056_with_camera_labels-50.png 1544 1176 15
big_dataset_depth/000000003722-segment-14073491244121877213_4066_056_4086_056_with_camera_labels-50.png 1552 1176 14
big_dataset_depth/000000003722-segment-14073491244121877213_4066_056_4086_056_with_camera_labels-50.png 1560 1200 14
big_dataset_depth/000000003722-segment-14073491244121877213_4066_056_4086_056_with_camera_labels-50.png 1568 1200 14
big_dataset_depth/000000003722-segment-14073491244121877213_4066_056_4086_056_with_camera_labels-50.png 1576 1208 14
big_dataset_depth/000000003722-segment-14073491244121877213_4066_056_4086_056_with_camera_labels-50.png 1584 1216 14
big_dataset_depth/000000003722-segment-14073491244121877213_4066_056_4086_056_with_camera_labels-50.png 1592 1216 14
big_dataset_depth/000000003722-segment-14073491244121877213_4066_056_4086_056_with_camera_labels-50.png 1600 1216 14
big_dataset_depth/000000003722-segment-14073491244121877213_4066_056_4086_056_with_camera_labels-50.png 1608 1216 13
big_dataset_depth/000000003722-segment-14073491244121877213_4066_056_4086_056_with_camera_labels-50.png 1616 1216 13
big_dataset_depth/000000003722-segment-14073491244121877213_4066_056_4086_056_with_camera_labels-50.png 1624 1264 13
big_dataset_depth/000000003722-segment-14073491244121877213_4066_056_4086_056_with_camera_labels-50.png 1632 1264 13
big_dataset_depth/000000003722-segment-14073491244121877213_4066_056_4086_056_with_camera_labels-50.png 1648 1264 13
big_dataset_depth/000000003722-segment-14073491244121877213_4066_056_4086_056_with_camera_labels-50.png 1656 1184 14
big_dataset_depth/000000003722-segment-14073491244121877213_4066_056_4086_056_with_camera_labels-50.png 1664 1264 13
big_dataset_depth/000000003722-segment-14073491244121877213_4066_056_4086_056_with_camera_labels-50.png 1672 1264 12
big_dataset_depth/000000003722-segment-14073491244121877213_4066_056_4086_056_with_camera_labels-50.png 1680 1088 15
big_dataset_depth/000000003722-segment-14073491244121877213_4066_056_4086_056_with_camera_labels-50.png 1688 992 17
big_dataset_depth/000000003722-segment-14073491244121877213_4066_056_4086_056_with_camera_labels-50.png 1696 1040 16
big_dataset_depth/000000003722-segment-14073491244121877213_4066_056_4086_056_with_camera_labels-50.png 1704 984 16
big_dataset_depth/000000003722-segment-14073491244121877213_4066_056_4086_056_with_camera_labels-50.png 1720 1008 17
big_dataset_depth/000000003722-segment-14073491244121877213_4066_056_4086_056_with_camera_labels-50.png 1728 968 16
big_dataset_depth/000000003722-segment-14073491244121877213_4066_056_4086_056_with_camera_labels-50.png 1736 992 16
big_dataset_depth/000000003722-segment-14073491244121877213_4066_056_4086_056_with_camera_labels-50.png 1744 1032 16
big_dataset_depth/000000003722-segment-14073491244121877213_4066_056_4086_056_with_camera_labels-50.png 1752 1016 16
big_dataset_depth/000000003722-segment-14073491244121877213_4066_056_4086_056_with_camera_labels-50.png 1760 1024 16
big_dataset_depth/000000003722-segment-14073491244121877213_4066_056_4086_056_with_camera_labels-50.png 1776 1040 16
big_dataset_depth/000000003722-segment-14073491244121877213_4066_056_4086_056_with_camera_labels-50.png 1784 1024 14
big_dataset_depth/000000003722-segment-14073491244121877213_4066_056_4086_056_with_camera_labels-50.png 1800 1064 15
big_dataset_depth/000000003722-segment-14073491244121877213_4066_056_4086_056_with_camera_labels-50.png 1808 1080 15
big_dataset_depth/000000003722-segment-14073491244121877213_4066_056_4086_056_with_camera_labels-50.png 1816 1016 14
big_dataset_depth/000000003722-segment-14073491244121877213_4066_056_4086_056_with_camera_labels-50.png 1824 784 51
big_dataset_depth/000000003722-segment-14073491244121877213_4066_056_4086_056_with_camera_labels-50.png 1832 1072 14
big_dataset_depth/000000003722-segment-14073491244121877213_4066_056_4086_056_with_camera_labels-50.png 1840 816 51
big_dataset_depth/000000003722-segment-14073491244121877213_4066_056_4086_056_with_camera_labels-50.png 1848 1096 14
big_dataset_depth/000000003722-segment-14073491244121877213_4066_056_4086_056_with_camera_labels-50.png 1856 1080 14
big_dataset_depth/000000003722-segment-14073491244121877213_4066_056_4086_056_with_camera_labels-50.png 1864 832 52
big_dataset_depth/000000003722-segment-14073491244121877213_4066_056_4086_056_with_camera_labels-50.png 1872 1072 14
big_dataset_depth/000000003722-segment-14073491244121877213_4066_056_4086_056_with_camera_labels-50.png 1880 1104 14
big_dataset_depth/000000003722-segment-14073491244121877213_4066_056_4086_056_with_camera_labels-50.png 1888 784 47
big_dataset_depth/000000003722-segment-14073491244121877213_4066_056_4086_056_with_camera_labels-50.png 1896 968 33
big_dataset_depth/000000003722-segment-14073491244121877213_4066_056_4086_056_with_camera_labels-50.png 1904 976 33
big_dataset_depth/000000003722-segment-14073491244121877213_4066_056_4086_056_with_camera_labels-50.png 1912 704 69
