big_dataset_depth/000000002216-segment-12304907743194762419_1522_000_1542_000_with_camera_labels-190.png 0 888 49
big_dataset_depth/000000002216-segment-12304907743194762419_1522_000_1542_000_with_camera_labels-190.png 8 848 61
big_dataset_depth/000000002216-segment-12304907743194762419_1522_000_1542_000_with_camera_labels-190.png 16 968 25
big_dataset_depth/000000002216-segment-12304907743194762419_1522_000_1542_000_with_camera_labels-190.png 24 960 25
big_dataset_depth/000000002216-segment-12304907743194762419_1522_000_1542_000_with_camera_labels-190.png 32 848 61
big_dataset_depth/000000002216-segment-12304907743194762419_1522_000_1542_000_with_camera_labels-190.png 40 920 26
big_dataset_depth/000000002216-segment-12304907743194762419_1522_000_1542_000_with_camera_labels-190.png 48 856 50
big_dataset_depth/000000002216-segment-12304907743194762419_1522_000_1542_000_with_camera_labels-190.png 56 912 26
big_dataset_depth/000000002216-segment-12304907743194762419_1522_000_1542_000_with_camera_labels-190.png 64 952 27
big_dataset_depth/000000002216-segment-12304907743194762419_1522_000_1542_000_with_camera_labels-190.png 72 936 26
big_dataset_depth/000000002216-segment-12304907743194762419_1522_000_1542_000_with_camera_labels-190.png 80 912 27
big_dataset_depth/000000002216-segment-12304907743194762419_1522_000_1542_000_with_camera_labels-190.png 88 944 27
big_dataset_depth/000000002216-segment-12304907743194762419_1522_000_1542_000_with_camera_labels-190.png 96 912 27
big_dataset_depth/000000002216-segment-12304907743194762419_1522_000_1542_000_with_camera_labels-190.png 104 904 28
big_dataset_depth/000000002216-segment-12304907743194762419_1522_000_1542_000_with_camera_labels-190.png 120 896 28
big_dataset_depth/000000002216-segment-12304907743194762419_1522_000_1542_000_with_camera_labels-190.png 128 896 28
big_dataset_depth/000000002216-segment-12304907743194762419_1522_000_1542_000_with_camera_labels-190.png 136 912 29
big_dataset_depth/000000002216-segment-12304907743194762419_1522_000_1542_000_with_camera_labels-190.png 144 920 29
big_dataset_depth/000000002216-segment-12304907743194762419_1522_000_1542_000_with_camera_labels-190.png 152 912 29
big_dataset_depth/000000002216-segment-12304907743194762419_1522_000_1542_000_with_camera_labels-190.png 160 912 29
big_dataset_depth/000000002216-segment-12304907743194762419_1522_000_1542_000_with_camera_labels-190.png 168 912 30
big_dataset_depth/000000002216-segment-12304907743194762419_1522_000_1542_000_with_camera_labels-190.png 176 824 30
big_dataset_depth/000000002216-segment-12304907743194762419_1522_000_1542_000_with_camera_labels-190.png 224 720 95
big_dataset_depth/000000002216-segment-12304907743194762419_1522_000_1542_000_with_camera_labels-190.png 232 800 45
big_dataset_depth/000000002216-segment-12304907743194762419_1522_000_1542_000_with_camera_labels-190.png 240 784 46
big_dataset_depth/000000002216-segment-12304907743194762419_1522_000_1542_000_with_camera_labels-190.png 248 864 35
big_dataset_depth/000000002216-segment-12304907743194762419_1522_000_1542_000_with_camera_labels-190.png 256 904 25
big_dataset_depth/000000002216-segment-12304907743194762419_1522_000_1542_000_with_camera_labels-190.png 264 888 32
big_dataset_depth/000000002216-segment-12304907743194762419_1522_000_1542_000_with_camera_labels-190.png 272 936 25
big_dataset_depth/000000002216-segment-12304907743194762419_1522_000_1542_000_with_camera_labels-190.png 280 864 35
big_dataset_depth/000000002216-segment-12304907743194762419_1522_000_1542_000_with_camera_labels-190.png 288 936 25
big_dataset_depth/000000002216-segment-12304907743194762419_1522_000_1542_000_with_camera_labels-190.png 296 920 25
big_dataset_depth/000000002216-segment-12304907743194762419_1522_000_1542_000_with_camera_labels-190.png 304 952 25
big_dataset_depth/000000002216-segment-12304907743194762419_1522_000_1542_000_with_camera_labels-190.png 312 928 26
big_dataset_depth/000000002216-segment-12304907743194762419_1522_000_1542_000_with_camera_labels-190.png 320 920 25
big_dataset_depth/000000002216-segment-12304907743194762419_1522_000_1542_000_with_camera_labels-190.png 328 952 25
big_dataset_depth/000000002216-segment-12304907743194762419_1522_000_1542_000_with_camera_labels-190.png 336 928 25
big_dataset_depth/000000002216-segment-12304907743194762419_1522_000_1542_000_with_camera_labels-190.png 344 904 25
big_dataset_depth/000000002216-segment-12304907743194762419_1522_000_1542_000_with_camera_labels-190.png 352 928 25
big_dataset_depth/000000002216-segment-12304907743194762419_1522_000_1542_000_with_camera_labels-190.png 360 920 25
big_dataset_depth/000000002216-segment-12304907743194762419_1522_000_1542_000_with_camera_labels-190.png 368 936 25
big_dataset_depth/000000002216-segment-12304907743194762419_1522_000_1542_000_with_camera_labels-190.png 376 912 25
big_dataset_depth/000000002216-segment-12304907743194762419_1522_000_1542_000_with_camera_labels-190.png 384 912 25
big_dataset_depth/000000002216-segment-12304907743194762419_1522_000_1542_000_with_camera_labels-190.png 392 952 25
big_dataset_depth/000000002216-segment-12304907743194762419_1522_000_1542_000_with_camera_labels-190.png 400 904 25
big_dataset_depth/000000002216-segment-12304907743194762419_1522_000_1542_000_with_camera_labels-190.png 408 952 25
big_dataset_depth/000000002216-segment-12304907743194762419_1522_000_1542_000_with_camera_labels-190.png 416 920 25
big_dataset_depth/000000002216-segment-12304907743194762419_1522_000_1542_000_with_camera_labels-190.png 424 920 25
big_dataset_depth/000000002216-segment-12304907743194762419_1522_000_1542_000_with_camera_labels-190.png 432 936 25
big_dataset_depth/000000002216-segment-12304907743194762419_1522_000_1542_000_with_camera_labels-190.png 440 912 25
big_dataset_depth/000000002216-segment-12304907743194762419_1522_000_1542_000_with_camera_labels-190.png 448 936 25
big_dataset_depth/000000002216-segment-12304907743194762419_1522_000_1542_000_with_camera_labels-190.png 456 912 25
big_dataset_depth/000000002216-segment-12304907743194762419_1522_000_1542_000_with_camera_labels-190.png 464 936 25
big_dataset_depth/000000002216-segment-12304907743194762419_1522_000_1542_000_with_camera_labels-190.png 472 944 25
big_dataset_depth/000000002216-segment-12304907743194762419_1522_000_1542_000_with_camera_labels-190.png 480 952 25
big_dataset_depth/000000002216-segment-12304907743194762419_1522_000_1542_000_with_camera_labels-190.png 488 944 25
big_dataset_depth/000000002216-segment-12304907743194762419_1522_000_1542_000_with_camera_labels-190.png 496 928 26
big_dataset_depth/000000002216-segment-12304907743194762419_1522_000_1542_000_with_camera_labels-190.png 504 928 26
big_dataset_depth/000000002216-segment-12304907743194762419_1522_000_1542_000_with_camera_labels-190.png 512 920 27
big_dataset_depth/000000002216-segment-12304907743194762419_1522_000_1542_000_with_camera_labels-190.png 520 896 28
big_dataset_depth/000000002216-segment-12304907743194762419_1522_000_1542_000_with_camera_labels-190.png 528 912 27
big_dataset_depth/000000002216-segment-12304907743194762419_1522_000_1542_000_with_camera_labels-190.png 536 896 29
big_dataset_depth/000000002216-segment-12304907743194762419_1522_000_1542_000_with_camera_labels-190.png 544 896 29
big_dataset_depth/000000002216-segment-12304907743194762419_1522_000_1542_000_with_camera_labels-190.png 552 872 29
big_dataset_depth/000000002216-segment-12304907743194762419_1522_000_1542_000_with_camera_labels-190.png 568 768 47
big_dataset_depth/000000002216-segment-12304907743194762419_1522_000_1542_000_with_camera_labels-190.png 576 784 47
big_dataset_depth/000000002216-segment-12304907743194762419_1522_000_1542_000_with_camera_labels-190.png 584 784 47
big_dataset_depth/000000002216-segment-12304907743194762419_1522_000_1542_000_with_camera_labels-190.png 592 784 47
big_dataset_depth/000000002216-segment-12304907743194762419_1522_000_1542_000_with_camera_labels-190.png 600 768 47
big_dataset_depth/000000002216-segment-12304907743194762419_1522_000_1542_000_with_camera_labels-190.png 608 784 47
big_dataset_depth/000000002216-segment-12304907743194762419_1522_000_1542_000_with_camera_labels-190.png 616 784 47
big_dataset_depth/000000002216-segment-12304907743194762419_1522_000_1542_000_with_camera_labels-190.png 624 776 47
big_dataset_depth/000000002216-segment-12304907743194762419_1522_000_1542_000_with_camera_labels-190.png 632 784 47
big_dataset_depth/000000002216-segment-12304907743194762419_1522_000_1542_000_with_camera_labels-190.png 640 776 47
big_dataset_depth/000000002216-segment-12304907743194762419_1522_000_1542_000_with_camera_labels-190.png 648 768 47
big_dataset_depth/000000002216-segment-12304907743194762419_1522_000_1542_000_with_camera_labels-190.png 656 784 47
big_dataset_depth/000000002216-segment-12304907743194762419_1522_000_1542_000_with_camera_labels-190.png 664 784 47
big_dataset_depth/000000002216-segment-12304907743194762419_1522_000_1542_000_with_camera_labels-190.png 672 736 47
big_dataset_depth/000000002216-segment-12304907743194762419_1522_000_1542_000_with_camera_labels-190.png 720 1040 19
big_dataset_depth/000000002216-segment-12304907743194762419_1522_000_1542_000_with_camera_labels-190.png 728 1024 18
big_dataset_depth/000000002216-segment-12304907743194762419_1522_000_1542_000_with_camera_labels-190.png 736 1032 18
big_dataset_depth/000000002216-segment-12304907743194762419_1522_000_1542_000_with_camera_labels-190.png 744 1064 18
big_dataset_depth/000000002216-segment-12304907743194762419_1522_000_1542_000_with_camera_labels-190.png 752 1064 18
big_dataset_depth/000000002216-segment-12304907743194762419_1522_000_1542_000_with_camera_labels-190.png 760 1064 18
big_dataset_depth/000000002216-segment-12304907743194762419_1522_000_1542_000_with_camera_labels-190.png 768 1064 18
big_dataset_depth/000000002216-segment-12304907743194762419_1522_000_1542_000_with_camera_labels-190.png 776 1032 18
big_dataset_depth/000000002216-segment-12304907743194762419_1522_000_1542_000_with_camera_labels-190.png 784 1080 18
big_dataset_depth/000000002216-segment-12304907743194762419_1522_000_1542_000_with_camera_labels-190.png 792 1024 17
big_dataset_depth/000000002216-segment-12304907743194762419_1522_000_1542_000_with_camera_labels-190.png 800 1032 18
big_dataset_depth/000000002216-segment-12304907743194762419_1522_000_1542_000_with_camera_labels-190.png 808 1080 18
big_dataset_depth/000000002216-segment-12304907743194762419_1522_000_1542_000_with_camera_labels-190.png 816 1024 17
big_dataset_depth/000000002216-segment-12304907743194762419_1522_000_1542_000_with_camera_labels-190.png 824 1024 17
big_dataset_depth/000000002216-segment-12304907743194762419_1522_000_1542_000_with_camera_labels-190.png 832 1032 18
big_dataset_depth/000000002216-segment-12304907743194762419_1522_000_1542_000_with_camera_labels-190.png 840 1024 17
big_dataset_depth/000000002216-segment-12304907743194762419_1522_000_1542_000_with_camera_labels-190.png 848 1024 17
big_dataset_depth/000000002216-segment-12304907743194762419_1522_000_1542_000_with_camera_labels-190.png 856 1024 17
big_dataset_depth/000000002216-segment-12304907743194762419_1522_000_1542_000_with_camera_labels-190.png 864 1024 17
big_dataset_depth/000000002216-segment-12304907743194762419_1522_000_1542_000_with_camera_labels-190.png 872 1024 17
big_dataset_depth/000000002216-segment-12304907743194762419_1522_000_1542_000_with_camera_labels-190.png 880 1024 17
big_dataset_depth/000000002216-segment-12304907743194762419_1522_000_1542_000_with_camera_labels-190.png 888 1080 18
big_dataset_depth/000000002216-segment-12304907743194762419_1522_000_1542_000_with_camera_labels-190.png 896 1024 17
big_dataset_depth/000000002216-segment-12304907743194762419_1522_000_1542_000_with_camera_labels-190.png 904 1024 17
big_dataset_depth/000000002216-segment-12304907743194762419_1522_000_1542_000_with_camera_labels-190.png 912 1024 17
big_dataset_depth/000000002216-segment-12304907743194762419_1522_000_1542_000_with_camera_labels-190.png 920 1024 17
big_dataset_depth/000000002216-segment-12304907743194762419_1522_000_1542_000_with_camera_labels-190.png 928 1104 16
big_dataset_depth/000000002216-segment-12304907743194762419_1522_000_1542_000_with_camera_labels-190.png 936 1024 17
big_dataset_depth/000000002216-segment-12304907743194762419_1522_000_1542_000_with_camera_labels-190.png 944 1024 17
big_dataset_depth/000000002216-segment-12304907743194762419_1522_000_1542_000_with_camera_labels-190.png 952 1016 17
big_dataset_depth/000000002216-segment-12304907743194762419_1522_000_1542_000_with_camera_labels-190.png 960 1136 16
big_dataset_depth/000000002216-segment-12304907743194762419_1522_000_1542_000_with_camera_labels-190.png 968 1000 17
big_dataset_depth/000000002216-segment-12304907743194762419_1522_000_1542_000_with_camera_labels-190.png 976 1000 17
big_dataset_depth/000000002216-segment-12304907743194762419_1522_000_1542_000_with_camera_labels-190.png 984 1096 17
big_dataset_depth/000000002216-segment-12304907743194762419_1522_000_1542_000_with_camera_labels-190.png 992 1000 17
big_dataset_depth/000000002216-segment-12304907743194762419_1522_000_1542_000_with_camera_labels-190.png 1000 1000 17
big_dataset_depth/000000002216-segment-12304907743194762419_1522_000_1542_000_with_camera_labels-190.png 1008 1040 17
big_dataset_depth/000000002216-segment-12304907743194762419_1522_000_1542_000_with_camera_labels-190.png 1016 1024 17
big_dataset_depth/000000002216-segment-12304907743194762419_1522_000_1542_000_with_camera_labels-190.png 1024 1024 17
big_dataset_depth/000000002216-segment-12304907743194762419_1522_000_1542_000_with_camera_labels-190.png 1032 1048 17
big_dataset_depth/000000002216-segment-12304907743194762419_1522_000_1542_000_with_camera_labels-190.png 1040 1024 17
big_dataset_depth/000000002216-segment-12304907743194762419_1522_000_1542_000_with_camera_labels-190.png 1048 1016 17
big_dataset_depth/000000002216-segment-12304907743194762419_1522_000_1542_000_with_camera_labels-190.png 1056 1048 18
big_dataset_depth/000000002216-segment-12304907743194762419_1522_000_1542_000_with_camera_labels-190.png 1064 1072 18
big_dataset_depth/000000002216-segment-12304907743194762419_1522_000_1542_000_with_camera_labels-190.png 1072 1080 18
big_dataset_depth/000000002216-segment-12304907743194762419_1522_000_1542_000_with_camera_labels-190.png 1080 1056 18
big_dataset_depth/000000002216-segment-12304907743194762419_1522_000_1542_000_with_camera_labels-190.png 1088 1064 18
big_dataset_depth/000000002216-segment-12304907743194762419_1522_000_1542_000_with_camera_labels-190.png 1096 1056 18
big_dataset_depth/000000002216-segment-12304907743194762419_1522_000_1542_000_with_camera_labels-190.png 1104 832 30
big_dataset_depth/000000002216-segment-12304907743194762419_1522_000_1542_000_with_camera_labels-190.png 1112 832 30
big_dataset_depth/000000002216-segment-12304907743194762419_1522_000_1542_000_with_camera_labels-190.png 1120 856 33
big_dataset_depth/000000002216-segment-12304907743194762419_1522_000_1542_000_with_camera_labels-190.png 1128 832 34
big_dataset_depth/000000002216-segment-12304907743194762419_1522_000_1542_000_with_camera_labels-190.png 1136 840 35
big_dataset_depth/000000002216-segment-12304907743194762419_1522_000_1542_000_with_camera_labels-190.png 1144 856 33
big_dataset_depth/000000002216-segment-12304907743194762419_1522_000_1542_000_with_camera_labels-190.png 1152 840 33
big_dataset_depth/000000002216-segment-12304907743194762419_1522_000_1542_000_with_camera_labels-190.png 1160 832 33
big_dataset_depth/000000002216-segment-12304907743194762419_1522_000_1542_000_with_camera_labels-190.png 1168 832 33
big_dataset_depth/000000002216-segment-12304907743194762419_1522_000_1542_000_with_camera_labels-190.png 1176 856 33
big_dataset_depth/000000002216-segment-12304907743194762419_1522_000_1542_000_with_camera_labels-190.png 1184 832 33
big_dataset_depth/000000002216-segment-12304907743194762419_1522_000_1542_000_with_camera_labels-190.png 1192 840 33
big_dataset_depth/000000002216-segment-12304907743194762419_1522_000_1542_000_with_camera_labels-190.png 1200 856 33
big_dataset_depth/000000002216-segment-12304907743194762419_1522_000_1542_000_with_camera_labels-190.png 1208 832 33
big_dataset_depth/000000002216-segment-12304907743194762419_1522_000_1542_000_with_camera_labels-190.png 1216 840 33
big_dataset_depth/000000002216-segment-12304907743194762419_1522_000_1542_000_with_camera_labels-190.png 1224 832 33
big_dataset_depth/000000002216-segment-12304907743194762419_1522_000_1542_000_with_camera_labels-190.png 1232 832 33
big_dataset_depth/000000002216-segment-12304907743194762419_1522_000_1542_000_with_camera_labels-190.png 1240 824 33
big_dataset_depth/000000002216-segment-12304907743194762419_1522_000_1542_000_with_camera_labels-190.png 1248 832 33
big_dataset_depth/000000002216-segment-12304907743194762419_1522_000_1542_000_with_camera_labels-190.png 1256 864 33
big_dataset_depth/000000002216-segment-12304907743194762419_1522_000_1542_000_with_camera_labels-190.png 1264 856 33
big_dataset_depth/000000002216-segment-12304907743194762419_1522_000_1542_000_with_camera_labels-190.png 1272 848 33
big_dataset_depth/000000002216-segment-12304907743194762419_1522_000_1542_000_with_camera_labels-190.png 1280 840 34
big_dataset_depth/000000002216-segment-12304907743194762419_1522_000_1542_000_with_camera_labels-190.png 1288 816 34
big_dataset_depth/000000002216-segment-12304907743194762419_1522_000_1542_000_with_camera_labels-190.png 1296 840 35
big_dataset_depth/000000002216-segment-12304907743194762419_1522_000_1542_000_with_camera_labels-190.png 1304 1048 19
big_dataset_depth/000000002216-segment-12304907743194762419_1522_000_1542_000_with_camera_labels-190.png 1312 1048 18
big_dataset_depth/000000002216-segment-12304907743194762419_1522_000_1542_000_with_camera_labels-190.png 1320 944 27
big_dataset_depth/000000002216-segment-12304907743194762419_1522_000_1542_000_with_camera_labels-190.png 1344 904 28
big_dataset_depth/000000002216-segment-12304907743194762419_1522_000_1542_000_with_camera_labels-190.png 1352 1104 17
big_dataset_depth/000000002216-segment-12304907743194762419_1522_000_1542_000_with_camera_labels-190.png 1360 1128 16
big_dataset_depth/000000002216-segment-12304907743194762419_1522_000_1542_000_with_camera_labels-190.png 1368 744 30
big_dataset_depth/000000002216-segment-12304907743194762419_1522_000_1542_000_with_camera_labels-190.png 1376 1000 21
big_dataset_depth/000000002216-segment-12304907743194762419_1522_000_1542_000_with_camera_labels-190.png 1384 1128 16
big_dataset_depth/000000002216-segment-12304907743194762419_1522_000_1542_000_with_camera_labels-190.png 1392 832 30
big_dataset_depth/000000002216-segment-12304907743194762419_1522_000_1542_000_with_camera_labels-190.png 1408 840 30
big_dataset_depth/000000002216-segment-12304907743194762419_1522_000_1542_000_with_camera_labels-190.png 1424 1192 15
big_dataset_depth/000000002216-segment-12304907743194762419_1522_000_1542_000_with_camera_labels-190.png 1432 1192 14
big_dataset_depth/000000002216-segment-12304907743194762419_1522_000_1542_000_with_camera_labels-190.png 1440 1184 14
big_dataset_depth/000000002216-segment-12304907743194762419_1522_000_1542_000_with_camera_labels-190.png 1448 1168 14
big_dataset_depth/000000002216-segment-12304907743194762419_1522_000_1542_000_with_camera_labels-190.png 1456 1192 14
big_dataset_depth/000000002216-segment-12304907743194762419_1522_000_1542_000_with_camera_labels-190.png 1464 1168 14
big_dataset_depth/000000002216-segment-12304907743194762419_1522_000_1542_000_with_camera_labels-190.png 1472 1048 22
big_dataset_depth/000000002216-segment-12304907743194762419_1522_000_1542_000_with_camera_labels-190.png 1480 984 24
big_dataset_depth/000000002216-segment-12304907743194762419_1522_000_1542_000_with_camera_labels-190.png 1488 1240 13
big_dataset_depth/000000002216-segment-12304907743194762419_1522_000_1542_000_with_camera_labels-190.png 1496 1240 13
big_dataset_depth/000000002216-segment-12304907743194762419_1522_000_1542_000_with_camera_labels-190.png 1504 1120 19
big_dataset_depth/000000002216-segment-12304907743194762419_1522_000_1542_000_with_camera_labels-190.png 1512 1240 13
big_dataset_depth/000000002216-segment-12304907743194762419_1522_000_1542_000_with_camera_labels-190.png 1520 840 30
big_dataset_depth/000000002216-segment-12304907743194762419_1522_000_1542_000_with_camera_labels-190.png 1528 824 30
big_dataset_depth/000000002216-segment-12304907743194762419_1522_000_1542_000_with_camera_labels-190.png 1536 768 30
big_dataset_depth/000000002216-segment-12304907743194762419_1522_000_1542_000_with_camera_labels-190.png 1544 688 30
big_dataset_depth/000000002216-segment-12304907743194762419_1522_000_1542_000_with_camera_labels-190.png 1568 872 27
big_dataset_depth/000000002216-segment-12304907743194762419_1522_000_1542_000_with_camera_labels-190.png 1576 864 29
big_dataset_depth/000000002216-segment-12304907743194762419_1522_000_1542_000_with_camera_labels-190.png 1584 800 30
big_dataset_depth/000000002216-segment-12304907743194762419_1522_000_1542_000_with_camera_labels-190.png 1600 904 25
big_dataset_depth/000000002216-segment-12304907743194762419_1522_000_1542_000_with_camera_labels-190.png 1608 904 25
big_dataset_depth/000000002216-segment-12304907743194762419_1522_000_1542_000_with_camera_labels-190.png 1616 904 25
big_dataset_depth/000000002216-segment-12304907743194762419_1522_000_1542_000_with_camera_labels-190.png 1624 904 25
big_dataset_depth/000000002216-segment-12304907743194762419_1522_000_1542_000_with_camera_labels-190.png 1632 904 25
big_dataset_depth/000000002216-segment-12304907743194762419_1522_000_1542_000_with_camera_labels-190.png 1640 904 25
big_dataset_depth/000000002216-segment-12304907743194762419_1522_000_1542_000_with_camera_labels-190.png 1648 904 25
big_dataset_depth/000000002216-segment-12304907743194762419_1522_000_1542_000_with_camera_labels-190.png 1656 824 44
big_dataset_depth/000000002216-segment-12304907743194762419_1522_000_1542_000_with_camera_labels-190.png 1664 880 27
big_dataset_depth/000000002216-segment-12304907743194762419_1522_000_1542_000_with_camera_labels-190.png 1672 784 53
big_dataset_depth/000000002216-segment-12304907743194762419_1522_000_1542_000_with_camera_labels-190.png 1680 872 27
big_dataset_depth/000000002216-segment-12304907743194762419_1522_000_1542_000_with_camera_labels-190.png 1688 880 27
big_dataset_depth/000000002216-segment-12304907743194762419_1522_000_1542_000_with_camera_labels-190.png 1696 696 80
big_dataset_depth/000000002216-segment-12304907743194762419_1522_000_1542_000_with_camera_labels-190.png 1704 696 80
big_dataset_depth/000000002216-segment-12304907743194762419_1522_000_1542_000_with_camera_labels-190.png 1712 696 81
big_dataset_depth/000000002216-segment-12304907743194762419_1522_000_1542_000_with_camera_labels-190.png 1720 696 81
big_dataset_depth/000000002216-segment-12304907743194762419_1522_000_1542_000_with_camera_labels-190.png 1752 864 29
big_dataset_depth/000000002216-segment-12304907743194762419_1522_000_1542_000_with_camera_labels-190.png 1760 864 29
big_dataset_depth/000000002216-segment-12304907743194762419_1522_000_1542_000_with_camera_labels-190.png 1768 864 28
big_dataset_depth/000000002216-segment-12304907743194762419_1522_000_1542_000_with_camera_labels-190.png 1776 864 28
big_dataset_depth/000000002216-segment-12304907743194762419_1522_000_1542_000_with_camera_labels-190.png 1784 848 29
big_dataset_depth/000000002216-segment-12304907743194762419_1522_000_1542_000_with_camera_labels-190.png 1792 864 28
big_dataset_depth/000000002216-segment-12304907743194762419_1522_000_1542_000_with_camera_labels-190.png 1800 856 28
big_dataset_depth/000000002216-segment-12304907743194762419_1522_000_1542_000_with_camera_labels-190.png 1808 856 29
big_dataset_depth/000000002216-segment-12304907743194762419_1522_000_1542_000_with_camera_labels-190.png 1824 896 26
big_dataset_depth/000000002216-segment-12304907743194762419_1522_000_1542_000_with_camera_labels-190.png 1832 880 27
big_dataset_depth/000000002216-segment-12304907743194762419_1522_000_1542_000_with_camera_labels-190.png 1840 880 27
big_dataset_depth/000000002216-segment-12304907743194762419_1522_000_1542_000_with_camera_labels-190.png 1848 896 26
big_dataset_depth/000000002216-segment-12304907743194762419_1522_000_1542_000_with_camera_labels-190.png 1856 896 26
big_dataset_depth/000000002216-segment-12304907743194762419_1522_000_1542_000_with_camera_labels-190.png 1864 896 26
big_dataset_depth/000000002216-segment-12304907743194762419_1522_000_1542_000_with_camera_labels-190.png 1872 896 26
big_dataset_depth/000000002216-segment-12304907743194762419_1522_000_1542_000_with_camera_labels-190.png 1880 848 36
big_dataset_depth/000000002216-segment-12304907743194762419_1522_000_1542_000_with_camera_labels-190.png 1888 904 25
big_dataset_depth/000000002216-segment-12304907743194762419_1522_000_1542_000_with_camera_labels-190.png 1896 832 36
big_dataset_depth/000000002216-segment-12304907743194762419_1522_000_1542_000_with_camera_labels-190.png 1904 848 36
big_dataset_depth/000000002216-segment-12304907743194762419_1522_000_1542_000_with_camera_labels-190.png 1912 832 41
