big_dataset_depth/000000001320-segment-11318901554551149504_520_000_540_000_with_camera_labels-10.png 0 1264 9
big_dataset_depth/000000001320-segment-11318901554551149504_520_000_540_000_with_camera_labels-10.png 8 656 100
big_dataset_depth/000000001320-segment-11318901554551149504_520_000_540_000_with_camera_labels-10.png 16 952 55
big_dataset_depth/000000001320-segment-11318901554551149504_520_000_540_000_with_camera_labels-10.png 24 656 101
big_dataset_depth/000000001320-segment-11318901554551149504_520_000_540_000_with_camera_labels-10.png 32 1024 40
big_dataset_depth/000000001320-segment-11318901554551149504_520_000_540_000_with_camera_labels-10.png 40 1208 10
big_dataset_depth/000000001320-segment-11318901554551149504_520_000_540_000_with_camera_labels-10.png 48 1240 10
big_dataset_depth/000000001320-segment-11318901554551149504_520_000_540_000_with_camera_labels-10.png 56 1208 10
big_dataset_depth/000000001320-segment-11318901554551149504_520_000_540_000_with_camera_labels-10.png 64 1256 10
big_dataset_depth/000000001320-segment-11318901554551149504_520_000_540_000_with_camera_labels-10.png 72 1256 10
big_dataset_depth/000000001320-segment-11318901554551149504_520_000_540_000_with_camera_labels-10.png 80 1256 10
big_dataset_depth/000000001320-segment-11318901554551149504_520_000_540_000_with_camera_labels-10.png 88 1248 10
big_dataset_depth/000000001320-segment-11318901554551149504_520_000_540_000_with_camera_labels-10.png 96 1256 10
big_dataset_depth/000000001320-segment-11318901554551149504_520_000_540_000_with_camera_labels-10.png 104 1248 10
big_dataset_depth/000000001320-segment-11318901554551149504_520_000_540_000_with_camera_labels-10.png 112 1280 10
big_dataset_depth/000000001320-segment-11318901554551149504_520_000_540_000_with_camera_labels-10.png 120 1256 10
big_dataset_depth/000000001320-segment-11318901554551149504_520_000_540_000_with_camera_labels-10.png 128 1256 10
big_dataset_depth/000000001320-segment-11318901554551149504_520_000_540_000_with_camera_labels-10.png 136 1232 10
big_dataset_depth/000000001320-segment-11318901554551149504_520_000_540_000_with_camera_labels-10.png 144 1256 10
big_dataset_depth/000000001320-segment-11318901554551149504_520_000_540_000_with_camera_labels-10.png 152 1256 10
big_dataset_depth/000000001320-segment-11318901554551149504_520_000_540_000_with_camera_labels-10.png 160 1224 10
big_dataset_depth/000000001320-segment-11318901554551149504_520_000_540_000_with_camera_labels-10.png 168 656 43
big_dataset_depth/000000001320-segment-11318901554551149504_520_000_540_000_with_camera_labels-10.png 176 1224 10
big_dataset_depth/000000001320-segment-11318901554551149504_520_000_540_000_with_camera_labels-10.png 184 1184 10
big_dataset_depth/000000001320-segment-11318901554551149504_520_000_540_000_with_camera_labels-10.png 192 648 43
big_dataset_depth/000000001320-segment-11318901554551149504_520_000_540_000_with_camera_labels-10.png 200 1184 11
big_dataset_depth/000000001320-segment-11318901554551149504_520_000_540_000_with_camera_labels-10.png 208 1176 11
big_dataset_depth/000000001320-segment-11318901554551149504_520_000_540_000_with_camera_labels-10.png 216 1176 11
big_dataset_depth/000000001320-segment-11318901554551149504_520_000_540_000_with_camera_labels-10.png 224 1176 11
big_dataset_depth/000000001320-segment-11318901554551149504_520_000_540_000_with_camera_labels-10.png 232 1176 11
big_dataset_depth/000000001320-segment-11318901554551149504_520_000_540_000_with_camera_labels-10.png 240 1176 11
big_dataset_depth/000000001320-segment-11318901554551149504_520_000_540_000_with_camera_labels-10.png 264 1072 12
big_dataset_depth/000000001320-segment-11318901554551149504_520_000_540_000_with_camera_labels-10.png 288 1160 14
big_dataset_depth/000000001320-segment-11318901554551149504_520_000_540_000_with_camera_labels-10.png 296 1192 14
big_dataset_depth/000000001320-segment-11318901554551149504_520_000_540_000_with_camera_labels-10.png 304 1176 14
big_dataset_depth/000000001320-segment-11318901554551149504_520_000_540_000_with_camera_labels-10.png 312 1184 14
big_dataset_depth/000000001320-segment-11318901554551149504_520_000_540_000_with_camera_labels-10.png 320 1184 14
big_dataset_depth/000000001320-segment-11318901554551149504_520_000_540_000_with_camera_labels-10.png 328 1184 14
big_dataset_depth/000000001320-segment-11318901554551149504_520_000_540_000_with_camera_labels-10.png 336 1192 14
big_dataset_depth/000000001320-segment-11318901554551149504_520_000_540_000_with_camera_labels-10.png 344 1192 14
big_dataset_depth/000000001320-segment-11318901554551149504_520_000_540_000_with_camera_labels-10.png 352 1176 14
big_dataset_depth/000000001320-segment-11318901554551149504_520_000_540_000_with_camera_labels-10.png 360 1176 14
big_dataset_depth/000000001320-segment-11318901554551149504_520_000_540_000_with_camera_labels-10.png 368 1176 14
big_dataset_depth/000000001320-segment-11318901554551149504_520_000_540_000_with_camera_labels-10.png 376 960 15
big_dataset_depth/000000001320-segment-11318901554551149504_520_000_540_000_with_camera_labels-10.png 384 976 15
big_dataset_depth/000000001320-segment-11318901554551149504_520_000_540_000_with_camera_labels-10.png 488 664 99
big_dataset_depth/000000001320-segment-11318901554551149504_520_000_540_000_with_camera_labels-10.png 496 664 99
big_dataset_depth/000000001320-segment-11318901554551149504_520_000_540_000_with_camera_labels-10.png 504 664 99
big_dataset_depth/000000001320-segment-11318901554551149504_520_000_540_000_with_camera_labels-10.png 512 672 94
big_dataset_depth/000000001320-segment-11318901554551149504_520_000_540_000_with_camera_labels-10.png 520 656 99
big_dataset_depth/000000001320-segment-11318901554551149504_520_000_540_000_with_camera_labels-10.png 528 680 86
big_dataset_depth/000000001320-segment-11318901554551149504_520_000_540_000_with_camera_labels-10.png 536 656 100
big_dataset_depth/000000001320-segment-11318901554551149504_520_000_540_000_with_camera_labels-10.png 544 664 94
big_dataset_depth/000000001320-segment-11318901554551149504_520_000_540_000_with_camera_labels-10.png 552 592 98
big_dataset_depth/000000001320-segment-11318901554551149504_520_000_540_000_with_camera_labels-10.png 560 568 98
big_dataset_depth/000000001320-segment-11318901554551149504_520_000_540_000_with_camera_labels-10.png 616 1264 12
big_dataset_depth/000000001320-segment-11318901554551149504_520_000_540_000_with_camera_labels-10.png 624 1272 12
big_dataset_depth/000000001320-segment-11318901554551149504_520_000_540_000_with_camera_labels-10.png 632 1256 12
big_dataset_depth/000000001320-segment-11318901554551149504_520_000_540_000_with_camera_labels-10.png 640 1272 12
big_dataset_depth/000000001320-segment-11318901554551149504_520_000_540_000_with_camera_labels-10.png 648 1272 12
big_dataset_depth/000000001320-segment-11318901554551149504_520_000_540_000_with_camera_labels-10.png 656 1264 12
big_dataset_depth/000000001320-segment-11318901554551149504_520_000_540_000_with_camera_labels-10.png 664 1248 11
big_dataset_depth/000000001320-segment-11318901554551149504_520_000_540_000_with_camera_labels-10.png 672 1272 12
big_dataset_depth/000000001320-segment-11318901554551149504_520_000_540_000_with_camera_labels-10.png 680 1272 12
big_dataset_depth/000000001320-segment-11318901554551149504_520_000_540_000_with_camera_labels-10.png 688 1248 12
big_dataset_depth/000000001320-segment-11318901554551149504_520_000_540_000_with_camera_labels-10.png 696 1272 12
big_dataset_depth/000000001320-segment-11318901554551149504_520_000_540_000_with_camera_labels-10.png 704 1272 12
big_dataset_depth/000000001320-segment-11318901554551149504_520_000_540_000_with_camera_labels-10.png 712 1256 12
big_dataset_depth/000000001320-segment-11318901554551149504_520_000_540_000_with_camera_labels-10.png 720 1272 12
big_dataset_depth/000000001320-segment-11318901554551149504_520_000_540_000_with_camera_labels-10.png 728 1248 12
big_dataset_depth/000000001320-segment-11318901554551149504_520_000_540_000_with_camera_labels-10.png 736 1240 11
big_dataset_depth/000000001320-segment-11318901554551149504_520_000_540_000_with_camera_labels-10.png 744 1232 11
big_dataset_depth/000000001320-segment-11318901554551149504_520_000_540_000_with_camera_labels-10.png 752 1240 11
big_dataset_depth/000000001320-segment-11318901554551149504_520_000_540_000_with_camera_labels-10.png 760 1240 11
big_dataset_depth/000000001320-segment-11318901554551149504_520_000_540_000_with_camera_labels-10.png 768 1240 11
big_dataset_depth/000000001320-segment-11318901554551149504_520_000_540_000_with_camera_labels-10.png 776 1240 11
big_dataset_depth/000000001320-segment-11318901554551149504_520_000_540_000_with_camera_labels-10.png 784 1240 11
big_dataset_depth/000000001320-segment-11318901554551149504_520_000_540_000_with_camera_labels-10.png 792 1232 11
big_dataset_depth/000000001320-segment-11318901554551149504_520_000_540_000_with_camera_labels-10.png 800 1240 11
big_dataset_depth/000000001320-segment-11318901554551149504_520_000_540_000_with_camera_labels-10.png 808 1240 11
big_dataset_depth/000000001320-segment-11318901554551149504_520_000_540_000_with_camera_labels-10.png 816 1240 11
big_dataset_depth/000000001320-segment-11318901554551149504_520_000_540_000_with_camera_labels-10.png 824 1240 11
big_dataset_depth/000000001320-segment-11318901554551149504_520_000_540_000_with_camera_labels-10.png 832 1240 11
big_dataset_depth/000000001320-segment-11318901554551149504_520_000_540_000_with_camera_labels-10.png 840 1232 11
big_dataset_depth/000000001320-segment-11318901554551149504_520_000_540_000_with_camera_labels-10.png 848 1240 11
big_dataset_depth/000000001320-segment-11318901554551149504_520_000_540_000_with_camera_labels-10.png 856 1240 11
big_dataset_depth/000000001320-segment-11318901554551149504_520_000_540_000_with_camera_labels-10.png 864 1240 11
big_dataset_depth/000000001320-segment-11318901554551149504_520_000_540_000_with_camera_labels-10.png 872 1240 11
big_dataset_depth/000000001320-segment-11318901554551149504_520_000_540_000_with_camera_labels-10.png 880 1240 11
big_dataset_depth/000000001320-segment-11318901554551149504_520_000_540_000_with_camera_labels-10.png 888 1240 11
big_dataset_depth/000000001320-segment-11318901554551149504_520_000_540_000_with_camera_labels-10.png 896 1256 12
big_dataset_depth/000000001320-segment-11318901554551149504_520_000_540_000_with_camera_labels-10.png 904 1240 11
big_dataset_depth/000000001320-segment-11318901554551149504_520_000_540_000_with_camera_labels-10.png 912 1240 11
big_dataset_depth/000000001320-segment-11318901554551149504_520_000_540_000_with_camera_labels-10.png 920 1240 11
big_dataset_depth/000000001320-segment-11318901554551149504_520_000_540_000_with_camera_labels-10.png 928 1240 11
big_dataset_depth/000000001320-segment-11318901554551149504_520_000_540_000_with_camera_labels-10.png 936 1240 11
big_dataset_depth/000000001320-segment-11318901554551149504_520_000_540_000_with_camera_labels-10.png 944 1240 11
big_dataset_depth/000000001320-segment-11318901554551149504_520_000_540_000_with_camera_labels-10.png 952 1240 11
big_dataset_depth/000000001320-segment-11318901554551149504_520_000_540_000_with_camera_labels-10.png 960 1240 11
big_dataset_depth/000000001320-segment-11318901554551149504_520_000_540_000_with_camera_labels-10.png 968 1240 11
big_dataset_depth/000000001320-segment-11318901554551149504_520_000_540_000_with_camera_labels-10.png 976 1240 11
big_dataset_depth/000000001320-segment-11318901554551149504_520_000_540_000_with_camera_labels-10.png 984 1240 11
big_dataset_depth/000000001320-segment-11318901554551149504_520_000_540_000_with_camera_labels-10.png 992 1232 11
big_dataset_depth/000000001320-segment-11318901554551149504_520_000_540_000_with_camera_labels-10.png 1000 1240 11
big_dataset_depth/000000001320-segment-11318901554551149504_520_000_540_000_with_camera_labels-10.png 1008 1256 12
big_dataset_depth/000000001320-segment-11318901554551149504_520_000_540_000_with_camera_labels-10.png 1016 1240 12
big_dataset_depth/000000001320-segment-11318901554551149504_520_000_540_000_with_camera_labels-10.png 1024 1216 11
big_dataset_depth/000000001320-segment-11318901554551149504_520_000_540_000_with_camera_labels-10.png 1032 1216 11
big_dataset_depth/000000001320-segment-11318901554551149504_520_000_540_000_with_camera_labels-10.png 1040 1216 11
big_dataset_depth/000000001320-segment-11318901554551149504_520_000_540_000_with_camera_labels-10.png 1048 1200 11
big_dataset_depth/000000001320-segment-11318901554551149504_520_000_540_000_with_camera_labels-10.png 1056 1216 11
big_dataset_depth/000000001320-segment-11318901554551149504_520_000_540_000_with_camera_labels-10.png 1064 1216 11
big_dataset_depth/000000001320-segment-11318901554551149504_520_000_540_000_with_camera_labels-10.png 1072 1216 11
big_dataset_depth/000000001320-segment-11318901554551149504_520_000_540_000_with_camera_labels-10.png 1080 1216 11
big_dataset_depth/000000001320-segment-11318901554551149504_520_000_540_000_with_camera_labels-10.png 1088 1248 12
big_dataset_depth/000000001320-segment-11318901554551149504_520_000_540_000_with_camera_labels-10.png 1096 1264 12
big_dataset_depth/000000001320-segment-11318901554551149504_520_000_540_000_with_camera_labels-10.png 1104 1264 12
big_dataset_depth/000000001320-segment-11318901554551149504_520_000_540_000_with_camera_labels-10.png 1112 1264 12
big_dataset_depth/000000001320-segment-11318901554551149504_520_000_540_000_with_camera_labels-10.png 1120 1264 12
big_dataset_depth/000000001320-segment-11318901554551149504_520_000_540_000_with_camera_labels-10.png 1128 1256 12
big_dataset_depth/000000001320-segment-11318901554551149504_520_000_540_000_with_camera_labels-10.png 1136 1264 12
big_dataset_depth/000000001320-segment-11318901554551149504_520_000_540_000_with_camera_labels-10.png 1144 1264 12
big_dataset_depth/000000001320-segment-11318901554551149504_520_000_540_000_with_camera_labels-10.png 1152 976 38
big_dataset_depth/000000001320-segment-11318901554551149504_520_000_540_000_with_camera_labels-10.png 1160 944 51
big_dataset_depth/000000001320-segment-11318901554551149504_520_000_540_000_with_camera_labels-10.png 1168 1008 30
big_dataset_depth/000000001320-segment-11318901554551149504_520_000_540_000_with_camera_labels-10.png 1176 656 80
big_dataset_depth/000000001320-segment-11318901554551149504_520_000_540_000_with_camera_labels-10.png 1184 664 75
big_dataset_depth/000000001320-segment-11318901554551149504_520_000_540_000_with_camera_labels-10.png 1192 672 77
big_dataset_depth/000000001320-segment-11318901554551149504_520_000_540_000_with_camera_labels-10.png 1200 672 89
big_dataset_depth/000000001320-segment-11318901554551149504_520_000_540_000_with_camera_labels-10.png 1208 672 89
big_dataset_depth/000000001320-segment-11318901554551149504_520_000_540_000_with_camera_labels-10.png 1216 664 86
big_dataset_depth/000000001320-segment-11318901554551149504_520_000_540_000_with_camera_labels-10.png 1224 664 90
big_dataset_depth/000000001320-segment-11318901554551149504_520_000_540_000_with_camera_labels-10.png 1232 672 89
big_dataset_depth/000000001320-segment-11318901554551149504_520_000_540_000_with_camera_labels-10.png 1240 672 90
big_dataset_depth/000000001320-segment-11318901554551149504_520_000_540_000_with_camera_labels-10.png 1248 672 89
big_dataset_depth/000000001320-segment-11318901554551149504_520_000_540_000_with_camera_labels-10.png 1256 672 90
big_dataset_depth/000000001320-segment-11318901554551149504_520_000_540_000_with_camera_labels-10.png 1264 672 90
big_dataset_depth/000000001320-segment-11318901554551149504_520_000_540_000_with_camera_labels-10.png 1288 672 91
big_dataset_depth/000000001320-segment-11318901554551149504_520_000_540_000_with_camera_labels-10.png 1296 672 92
big_dataset_depth/000000001320-segment-11318901554551149504_520_000_540_000_with_camera_labels-10.png 1304 672 92
big_dataset_depth/000000001320-segment-11318901554551149504_520_000_540_000_with_camera_labels-10.png 1312 616 91
big_dataset_depth/000000001320-segment-11318901554551149504_520_000_540_000_with_camera_labels-10.png 1320 648 91
big_dataset_depth/000000001320-segment-11318901554551149504_520_000_540_000_with_camera_labels-10.png 1360 664 90
big_dataset_depth/000000001320-segment-11318901554551149504_520_000_540_000_with_camera_labels-10.png 1368 672 89
big_dataset_depth/000000001320-segment-11318901554551149504_520_000_540_000_with_camera_labels-10.png 1376 672 89
big_dataset_depth/000000001320-segment-11318901554551149504_520_000_540_000_with_camera_labels-10.png 1384 672 89
big_dataset_depth/000000001320-segment-11318901554551149504_520_000_540_000_with_camera_labels-10.png 1392 672 90
big_dataset_depth/000000001320-segment-11318901554551149504_520_000_540_000_with_camera_labels-10.png 1400 704 61
big_dataset_depth/000000001320-segment-11318901554551149504_520_000_540_000_with_camera_labels-10.png 1408 648 107
big_dataset_depth/000000001320-segment-11318901554551149504_520_000_540_000_with_camera_labels-10.png 1416 648 106
big_dataset_depth/000000001320-segment-11318901554551149504_520_000_540_000_with_camera_labels-10.png 1424 656 104
big_dataset_depth/000000001320-segment-11318901554551149504_520_000_540_000_with_camera_labels-10.png 1432 712 58
big_dataset_depth/000000001320-segment-11318901554551149504_520_000_540_000_with_camera_labels-10.png 1440 712 58
big_dataset_depth/000000001320-segment-11318901554551149504_520_000_540_000_with_camera_labels-10.png 1448 688 59
big_dataset_depth/000000001320-segment-11318901554551149504_520_000_540_000_with_camera_labels-10.png 1456 712 59
big_dataset_depth/000000001320-segment-11318901554551149504_520_000_540_000_with_camera_labels-10.png 1464 720 57
big_dataset_depth/000000001320-segment-11318901554551149504_520_000_540_000_with_camera_labels-10.png 1472 712 59
big_dataset_depth/000000001320-segment-11318901554551149504_520_000_540_000_with_camera_labels-10.png 1488 720 56
big_dataset_depth/000000001320-segment-11318901554551149504_520_000_540_000_with_camera_labels-10.png 1504 880 25
big_dataset_depth/000000001320-segment-11318901554551149504_520_000_540_000_with_camera_labels-10.png 1512 880 25
big_dataset_depth/000000001320-segment-11318901554551149504_520_000_540_000_with_camera_labels-10.png 1520 632 95
big_dataset_depth/000000001320-segment-11318901554551149504_520_000_540_000_with_camera_labels-10.png 1528 880 25
big_dataset_depth/000000001320-segment-11318901554551149504_520_000_540_000_with_camera_labels-10.png 1536 880 25
big_dataset_depth/000000001320-segment-11318901554551149504_520_000_540_000_with_camera_labels-10.png 1544 880 25
big_dataset_depth/000000001320-segment-11318901554551149504_520_000_540_000_with_camera_labels-10.png 1552 776 48
big_dataset_depth/000000001320-segment-11318901554551149504_520_000_540_000_with_camera_labels-10.png 1560 880 25
big_dataset_depth/000000001320-segment-11318901554551149504_520_000_540_000_with_camera_labels-10.png 1576 880 25
big_dataset_depth/000000001320-segment-11318901554551149504_520_000_540_000_with_camera_labels-10.png 1584 880 25
big_dataset_depth/000000001320-segment-11318901554551149504_520_000_540_000_with_camera_labels-10.png 1600 880 25
big_dataset_depth/000000001320-segment-11318901554551149504_520_000_540_000_with_camera_labels-10.png 1608 880 25
big_dataset_depth/000000001320-segment-11318901554551149504_520_000_540_000_with_camera_labels-10.png 1616 928 22
big_dataset_depth/000000001320-segment-11318901554551149504_520_000_540_000_with_camera_labels-10.png 1624 928 22
big_dataset_depth/000000001320-segment-11318901554551149504_520_000_540_000_with_camera_labels-10.png 1632 928 22
big_dataset_depth/000000001320-segment-11318901554551149504_520_000_540_000_with_camera_labels-10.png 1640 944 22
big_dataset_depth/000000001320-segment-11318901554551149504_520_000_540_000_with_camera_labels-10.png 1648 944 21
big_dataset_depth/000000001320-segment-11318901554551149504_520_000_540_000_with_camera_labels-10.png 1656 944 21
big_dataset_depth/000000001320-segment-11318901554551149504_520_000_540_000_with_camera_labels-10.png 1664 944 21
big_dataset_depth/000000001320-segment-11318901554551149504_520_000_540_000_with_camera_labels-10.png 1672 952 21
big_dataset_depth/000000001320-segment-11318901554551149504_520_000_540_000_with_camera_labels-10.png 1680 960 21
big_dataset_depth/000000001320-segment-11318901554551149504_520_000_540_000_with_camera_labels-10.png 1688 960 21
big_dataset_depth/000000001320-segment-11318901554551149504_520_000_540_000_with_camera_labels-10.png 1696 960 21
big_dataset_depth/000000001320-segment-11318901554551149504_520_000_540_000_with_camera_labels-10.png 1704 960 20
big_dataset_depth/000000001320-segment-11318901554551149504_520_000_540_000_with_camera_labels-10.png 1712 984 20
big_dataset_depth/000000001320-segment-11318901554551149504_520_000_540_000_with_camera_labels-10.png 1720 984 20
big_dataset_depth/000000001320-segment-11318901554551149504_520_000_540_000_with_camera_labels-10.png 1728 984 20
big_dataset_depth/000000001320-segment-11318901554551149504_520_000_540_000_with_camera_labels-10.png 1736 984 20
big_dataset_depth/000000001320-segment-11318901554551149504_520_000_540_000_with_camera_labels-10.png 1744 984 20
big_dataset_depth/000000001320-segment-11318901554551149504_520_000_540_000_with_camera_labels-10.png 1752 1000 19
big_dataset_depth/000000001320-segment-11318901554551149504_520_000_540_000_with_camera_labels-10.png 1760 1000 19
big_dataset_depth/000000001320-segment-11318901554551149504_520_000_540_000_with_camera_labels-10.png 1768 1000 19
big_dataset_depth/000000001320-segment-11318901554551149504_520_000_540_000_with_camera_labels-10.png 1776 1000 19
big_dataset_depth/000000001320-segment-11318901554551149504_520_000_540_000_with_camera_labels-10.png 1784 1000 19
big_dataset_depth/000000001320-segment-11318901554551149504_520_000_540_000_with_camera_labels-10.png 1792 1000 19
big_dataset_depth/000000001320-segment-11318901554551149504_520_000_540_000_with_camera_labels-10.png 1800 1000 19
big_dataset_depth/000000001320-segment-11318901554551149504_520_000_540_000_with_camera_labels-10.png 1808 1024 19
big_dataset_depth/000000001320-segment-11318901554551149504_520_000_540_000_with_camera_labels-10.png 1816 1024 18
big_dataset_depth/000000001320-segment-11318901554551149504_520_000_540_000_with_camera_labels-10.png 1824 1024 18
big_dataset_depth/000000001320-segment-11318901554551149504_520_000_540_000_with_camera_labels-10.png 1840 1024 18
big_dataset_depth/000000001320-segment-11318901554551149504_520_000_540_000_with_camera_labels-10.png 1848 864 30
big_dataset_depth/000000001320-segment-11318901554551149504_520_000_540_000_with_camera_labels-10.png 1856 872 47
big_dataset_depth/000000001320-segment-11318901554551149504_520_000_540_000_with_camera_labels-10.png 1864 840 38
big_dataset_depth/000000001320-segment-11318901554551149504_520_000_540_000_with_camera_labels-10.png 1872 944 28
big_dataset_depth/000000001320-segment-11318901554551149504_520_000_540_000_with_camera_labels-10.png 1880 848 61
big_dataset_depth/000000001320-segment-11318901554551149504_520_000_540_000_with_camera_labels-10.png 1888 1048 17
big_dataset_depth/000000001320-segment-11318901554551149504_520_000_540_000_with_camera_labels-10.png 1896 1048 17
big_dataset_depth/000000001320-segment-11318901554551149504_520_000_540_000_with_camera_labels-10.png 1904 1056 17
big_dataset_depth/000000001320-segment-11318901554551149504_520_000_540_000_with_camera_labels-10.png 1912 1064 17
