big_dataset_depth/000000002111-segment-12251442326766052580_1840_000_1860_000_with_camera_labels-140.png 0 696 60
big_dataset_depth/000000002111-segment-12251442326766052580_1840_000_1860_000_with_camera_labels-140.png 8 720 58
big_dataset_depth/000000002111-segment-12251442326766052580_1840_000_1860_000_with_camera_labels-140.png 16 736 49
big_dataset_depth/000000002111-segment-12251442326766052580_1840_000_1860_000_with_camera_labels-140.png 24 736 50
big_dataset_depth/000000002111-segment-12251442326766052580_1840_000_1860_000_with_camera_labels-140.png 32 720 49
big_dataset_depth/000000002111-segment-12251442326766052580_1840_000_1860_000_with_camera_labels-140.png 40 728 50
big_dataset_depth/000000002111-segment-12251442326766052580_1840_000_1860_000_with_camera_labels-140.png 48 744 49
big_dataset_depth/000000002111-segment-12251442326766052580_1840_000_1860_000_with_camera_labels-140.png 56 712 56
big_dataset_depth/000000002111-segment-12251442326766052580_1840_000_1860_000_with_camera_labels-140.png 64 744 48
big_dataset_depth/000000002111-segment-12251442326766052580_1840_000_1860_000_with_camera_labels-140.png 72 736 50
big_dataset_depth/000000002111-segment-12251442326766052580_1840_000_1860_000_with_camera_labels-140.png 80 736 52
big_dataset_depth/000000002111-segment-12251442326766052580_1840_000_1860_000_with_camera_labels-140.png 88 736 53
big_dataset_depth/000000002111-segment-12251442326766052580_1840_000_1860_000_with_camera_labels-140.png 96 720 52
big_dataset_depth/000000002111-segment-12251442326766052580_1840_000_1860_000_with_camera_labels-140.png 104 704 53
big_dataset_depth/000000002111-segment-12251442326766052580_1840_000_1860_000_with_camera_labels-140.png 120 680 79
big_dataset_depth/000000002111-segment-12251442326766052580_1840_000_1860_000_with_camera_labels-140.png 128 656 50
big_dataset_depth/000000002111-segment-12251442326766052580_1840_000_1860_000_with_camera_labels-140.png 136 720 50
big_dataset_depth/000000002111-segment-12251442326766052580_1840_000_1860_000_with_camera_labels-140.png 144 728 50
big_dataset_depth/000000002111-segment-12251442326766052580_1840_000_1860_000_with_camera_labels-140.png 152 720 50
big_dataset_depth/000000002111-segment-12251442326766052580_1840_000_1860_000_with_camera_labels-140.png 160 728 51
big_dataset_depth/000000002111-segment-12251442326766052580_1840_000_1860_000_with_camera_labels-140.png 168 696 50
big_dataset_depth/000000002111-segment-12251442326766052580_1840_000_1860_000_with_camera_labels-140.png 176 712 52
big_dataset_depth/000000002111-segment-12251442326766052580_1840_000_1860_000_with_camera_labels-140.png 184 744 50
big_dataset_depth/000000002111-segment-12251442326766052580_1840_000_1860_000_with_camera_labels-140.png 192 728 52
big_dataset_depth/000000002111-segment-12251442326766052580_1840_000_1860_000_with_camera_labels-140.png 200 728 51
big_dataset_depth/000000002111-segment-12251442326766052580_1840_000_1860_000_with_camera_labels-140.png 208 736 53
big_dataset_depth/000000002111-segment-12251442326766052580_1840_000_1860_000_with_camera_labels-140.png 216 704 51
big_dataset_depth/000000002111-segment-12251442326766052580_1840_000_1860_000_with_camera_labels-140.png 224 728 52
big_dataset_depth/000000002111-segment-12251442326766052580_1840_000_1860_000_with_camera_labels-140.png 232 696 51
big_dataset_depth/000000002111-segment-12251442326766052580_1840_000_1860_000_with_camera_labels-140.png 240 736 52
big_dataset_depth/000000002111-segment-12251442326766052580_1840_000_1860_000_with_camera_labels-140.png 248 704 50
big_dataset_depth/000000002111-segment-12251442326766052580_1840_000_1860_000_with_camera_labels-140.png 256 688 50
big_dataset_depth/000000002111-segment-12251442326766052580_1840_000_1860_000_with_camera_labels-140.png 264 696 50
big_dataset_depth/000000002111-segment-12251442326766052580_1840_000_1860_000_with_camera_labels-140.png 272 720 51
big_dataset_depth/000000002111-segment-12251442326766052580_1840_000_1860_000_with_camera_labels-140.png 280 712 50
big_dataset_depth/000000002111-segment-12251442326766052580_1840_000_1860_000_with_camera_labels-140.png 288 720 52
big_dataset_depth/000000002111-segment-12251442326766052580_1840_000_1860_000_with_camera_labels-140.png 296 720 52
big_dataset_depth/000000002111-segment-12251442326766052580_1840_000_1860_000_with_camera_labels-140.png 304 720 52
big_dataset_depth/000000002111-segment-12251442326766052580_1840_000_1860_000_with_camera_labels-140.png 320 712 57
big_dataset_depth/000000002111-segment-12251442326766052580_1840_000_1860_000_with_camera_labels-140.png 328 712 57
big_dataset_depth/000000002111-segment-12251442326766052580_1840_000_1860_000_with_camera_labels-140.png 336 680 58
big_dataset_depth/000000002111-segment-12251442326766052580_1840_000_1860_000_with_camera_labels-140.png 344 664 83
big_dataset_depth/000000002111-segment-12251442326766052580_1840_000_1860_000_with_camera_labels-140.png 352 664 83
big_dataset_depth/000000002111-segment-12251442326766052580_1840_000_1860_000_with_camera_labels-140.png 360 664 83
big_dataset_depth/000000002111-segment-12251442326766052580_1840_000_1860_000_with_camera_labels-140.png 368 664 79
big_dataset_depth/000000002111-segment-12251442326766052580_1840_000_1860_000_with_camera_labels-140.png 376 664 79
big_dataset_depth/000000002111-segment-12251442326766052580_1840_000_1860_000_with_camera_labels-140.png 384 664 80
big_dataset_depth/000000002111-segment-12251442326766052580_1840_000_1860_000_with_camera_labels-140.png 392 656 73
big_dataset_depth/000000002111-segment-12251442326766052580_1840_000_1860_000_with_camera_labels-140.png 400 680 72
big_dataset_depth/000000002111-segment-12251442326766052580_1840_000_1860_000_with_camera_labels-140.png 408 680 72
big_dataset_depth/000000002111-segment-12251442326766052580_1840_000_1860_000_with_camera_labels-140.png 416 648 76
big_dataset_depth/000000002111-segment-12251442326766052580_1840_000_1860_000_with_camera_labels-140.png 424 648 76
big_dataset_depth/000000002111-segment-12251442326766052580_1840_000_1860_000_with_camera_labels-140.png 432 656 76
big_dataset_depth/000000002111-segment-12251442326766052580_1840_000_1860_000_with_camera_labels-140.png 440 672 76
big_dataset_depth/000000002111-segment-12251442326766052580_1840_000_1860_000_with_camera_labels-140.png 448 664 76
big_dataset_depth/000000002111-segment-12251442326766052580_1840_000_1860_000_with_camera_labels-140.png 456 672 75
big_dataset_depth/000000002111-segment-12251442326766052580_1840_000_1860_000_with_camera_labels-140.png 464 672 75
big_dataset_depth/000000002111-segment-12251442326766052580_1840_000_1860_000_with_camera_labels-140.png 472 664 80
big_dataset_depth/000000002111-segment-12251442326766052580_1840_000_1860_000_with_camera_labels-140.png 480 640 80
big_dataset_depth/000000002111-segment-12251442326766052580_1840_000_1860_000_with_camera_labels-140.png 488 640 88
big_dataset_depth/000000002111-segment-12251442326766052580_1840_000_1860_000_with_camera_labels-140.png 496 624 90
big_dataset_depth/000000002111-segment-12251442326766052580_1840_000_1860_000_with_camera_labels-140.png 504 672 46
big_dataset_depth/000000002111-segment-12251442326766052580_1840_000_1860_000_with_camera_labels-140.png 512 688 46
big_dataset_depth/000000002111-segment-12251442326766052580_1840_000_1860_000_with_camera_labels-140.png 520 728 45
big_dataset_depth/000000002111-segment-12251442326766052580_1840_000_1860_000_with_camera_labels-140.png 528 720 45
big_dataset_depth/000000002111-segment-12251442326766052580_1840_000_1860_000_with_camera_labels-140.png 536 728 45
big_dataset_depth/000000002111-segment-12251442326766052580_1840_000_1860_000_with_camera_labels-140.png 544 728 45
big_dataset_depth/000000002111-segment-12251442326766052580_1840_000_1860_000_with_camera_labels-140.png 600 736 40
big_dataset_depth/000000002111-segment-12251442326766052580_1840_000_1860_000_with_camera_labels-140.png 608 736 40
big_dataset_depth/000000002111-segment-12251442326766052580_1840_000_1860_000_with_camera_labels-140.png 616 704 40
big_dataset_depth/000000002111-segment-12251442326766052580_1840_000_1860_000_with_camera_labels-140.png 624 704 40
big_dataset_depth/000000002111-segment-12251442326766052580_1840_000_1860_000_with_camera_labels-140.png 632 736 40
big_dataset_depth/000000002111-segment-12251442326766052580_1840_000_1860_000_with_camera_labels-140.png 640 704 41
big_dataset_depth/000000002111-segment-12251442326766052580_1840_000_1860_000_with_camera_labels-140.png 648 736 41
big_dataset_depth/000000002111-segment-12251442326766052580_1840_000_1860_000_with_camera_labels-140.png 656 736 41
big_dataset_depth/000000002111-segment-12251442326766052580_1840_000_1860_000_with_camera_labels-140.png 712 664 40
big_dataset_depth/000000002111-segment-12251442326766052580_1840_000_1860_000_with_camera_labels-140.png 720 728 41
big_dataset_depth/000000002111-segment-12251442326766052580_1840_000_1860_000_with_camera_labels-140.png 728 736 40
big_dataset_depth/000000002111-segment-12251442326766052580_1840_000_1860_000_with_camera_labels-140.png 736 696 44
big_dataset_depth/000000002111-segment-12251442326766052580_1840_000_1860_000_with_camera_labels-140.png 744 704 40
big_dataset_depth/000000002111-segment-12251442326766052580_1840_000_1860_000_with_camera_labels-140.png 752 712 42
big_dataset_depth/000000002111-segment-12251442326766052580_1840_000_1860_000_with_camera_labels-140.png 760 712 40
big_dataset_depth/000000002111-segment-12251442326766052580_1840_000_1860_000_with_camera_labels-140.png 768 720 46
big_dataset_depth/000000002111-segment-12251442326766052580_1840_000_1860_000_with_camera_labels-140.png 776 744 40
big_dataset_depth/000000002111-segment-12251442326766052580_1840_000_1860_000_with_camera_labels-140.png 784 744 40
big_dataset_depth/000000002111-segment-12251442326766052580_1840_000_1860_000_with_camera_labels-140.png 792 712 45
big_dataset_depth/000000002111-segment-12251442326766052580_1840_000_1860_000_with_camera_labels-140.png 800 688 49
big_dataset_depth/000000002111-segment-12251442326766052580_1840_000_1860_000_with_camera_labels-140.png 808 712 49
big_dataset_depth/000000002111-segment-12251442326766052580_1840_000_1860_000_with_camera_labels-140.png 816 688 49
big_dataset_depth/000000002111-segment-12251442326766052580_1840_000_1860_000_with_camera_labels-140.png 824 688 49
big_dataset_depth/000000002111-segment-12251442326766052580_1840_000_1860_000_with_camera_labels-140.png 832 688 49
big_dataset_depth/000000002111-segment-12251442326766052580_1840_000_1860_000_with_camera_labels-140.png 840 688 50
big_dataset_depth/000000002111-segment-12251442326766052580_1840_000_1860_000_with_camera_labels-140.png 848 704 51
big_dataset_depth/000000002111-segment-12251442326766052580_1840_000_1860_000_with_camera_labels-140.png 856 704 48
big_dataset_depth/000000002111-segment-12251442326766052580_1840_000_1860_000_with_camera_labels-140.png 864 720 46
big_dataset_depth/000000002111-segment-12251442326766052580_1840_000_1860_000_with_camera_labels-140.png 872 688 51
big_dataset_depth/000000002111-segment-12251442326766052580_1840_000_1860_000_with_camera_labels-140.png 880 704 46
big_dataset_depth/000000002111-segment-12251442326766052580_1840_000_1860_000_with_camera_labels-140.png 888 680 55
big_dataset_depth/000000002111-segment-12251442326766052580_1840_000_1860_000_with_camera_labels-140.png 896 688 52
big_dataset_depth/000000002111-segment-12251442326766052580_1840_000_1860_000_with_camera_labels-140.png 904 680 55
big_dataset_depth/000000002111-segment-12251442326766052580_1840_000_1860_000_with_camera_labels-140.png 912 664 59
big_dataset_depth/000000002111-segment-12251442326766052580_1840_000_1860_000_with_camera_labels-140.png 920 640 77
big_dataset_depth/000000002111-segment-12251442326766052580_1840_000_1860_000_with_camera_labels-140.png 928 640 65
big_dataset_depth/000000002111-segment-12251442326766052580_1840_000_1860_000_with_camera_labels-140.png 936 704 43
big_dataset_depth/000000002111-segment-12251442326766052580_1840_000_1860_000_with_camera_labels-140.png 944 712 43
big_dataset_depth/000000002111-segment-12251442326766052580_1840_000_1860_000_with_camera_labels-140.png 952 728 43
big_dataset_depth/000000002111-segment-12251442326766052580_1840_000_1860_000_with_camera_labels-140.png 960 696 46
big_dataset_depth/000000002111-segment-12251442326766052580_1840_000_1860_000_with_camera_labels-140.png 968 704 46
big_dataset_depth/000000002111-segment-12251442326766052580_1840_000_1860_000_with_camera_labels-140.png 976 656 70
big_dataset_depth/000000002111-segment-12251442326766052580_1840_000_1860_000_with_camera_labels-140.png 984 704 53
big_dataset_depth/000000002111-segment-12251442326766052580_1840_000_1860_000_with_camera_labels-140.png 992 752 35
big_dataset_depth/000000002111-segment-12251442326766052580_1840_000_1860_000_with_camera_labels-140.png 1000 744 35
big_dataset_depth/000000002111-segment-12251442326766052580_1840_000_1860_000_with_camera_labels-140.png 1008 744 35
big_dataset_depth/000000002111-segment-12251442326766052580_1840_000_1860_000_with_camera_labels-140.png 1016 712 35
big_dataset_depth/000000002111-segment-12251442326766052580_1840_000_1860_000_with_camera_labels-140.png 1024 704 35
big_dataset_depth/000000002111-segment-12251442326766052580_1840_000_1860_000_with_camera_labels-140.png 1032 704 35
big_dataset_depth/000000002111-segment-12251442326766052580_1840_000_1860_000_with_camera_labels-140.png 1040 744 37
big_dataset_depth/000000002111-segment-12251442326766052580_1840_000_1860_000_with_camera_labels-140.png 1048 752 35
big_dataset_depth/000000002111-segment-12251442326766052580_1840_000_1860_000_with_camera_labels-140.png 1056 728 40
big_dataset_depth/000000002111-segment-12251442326766052580_1840_000_1860_000_with_camera_labels-140.png 1064 688 45
big_dataset_depth/000000002111-segment-12251442326766052580_1840_000_1860_000_with_camera_labels-140.png 1072 696 44
big_dataset_depth/000000002111-segment-12251442326766052580_1840_000_1860_000_with_camera_labels-140.png 1080 712 44
big_dataset_depth/000000002111-segment-12251442326766052580_1840_000_1860_000_with_camera_labels-140.png 1088 672 57
big_dataset_depth/000000002111-segment-12251442326766052580_1840_000_1860_000_with_camera_labels-140.png 1096 648 62
big_dataset_depth/000000002111-segment-12251442326766052580_1840_000_1860_000_with_camera_labels-140.png 1104 664 59
big_dataset_depth/000000002111-segment-12251442326766052580_1840_000_1860_000_with_camera_labels-140.png 1112 664 58
big_dataset_depth/000000002111-segment-12251442326766052580_1840_000_1860_000_with_camera_labels-140.png 1120 648 51
big_dataset_depth/000000002111-segment-12251442326766052580_1840_000_1860_000_with_camera_labels-140.png 1128 688 45
big_dataset_depth/000000002111-segment-12251442326766052580_1840_000_1860_000_with_camera_labels-140.png 1136 704 45
big_dataset_depth/000000002111-segment-12251442326766052580_1840_000_1860_000_with_camera_labels-140.png 1144 704 45
big_dataset_depth/000000002111-segment-12251442326766052580_1840_000_1860_000_with_camera_labels-140.png 1152 680 48
big_dataset_depth/000000002111-segment-12251442326766052580_1840_000_1860_000_with_camera_labels-140.png 1160 672 53
big_dataset_depth/000000002111-segment-12251442326766052580_1840_000_1860_000_with_camera_labels-140.png 1168 680 52
big_dataset_depth/000000002111-segment-12251442326766052580_1840_000_1860_000_with_camera_labels-140.png 1176 672 51
big_dataset_depth/000000002111-segment-12251442326766052580_1840_000_1860_000_with_camera_labels-140.png 1184 664 51
big_dataset_depth/000000002111-segment-12251442326766052580_1840_000_1860_000_with_camera_labels-140.png 1192 672 50
big_dataset_depth/000000002111-segment-12251442326766052580_1840_000_1860_000_with_camera_labels-140.png 1200 696 47
big_dataset_depth/000000002111-segment-12251442326766052580_1840_000_1860_000_with_camera_labels-140.png 1208 696 46
big_dataset_depth/000000002111-segment-12251442326766052580_1840_000_1860_000_with_camera_labels-140.png 1216 696 46
big_dataset_depth/000000002111-segment-12251442326766052580_1840_000_1860_000_with_camera_labels-140.png 1224 696 45
big_dataset_depth/000000002111-segment-12251442326766052580_1840_000_1860_000_with_camera_labels-140.png 1232 696 45
big_dataset_depth/000000002111-segment-12251442326766052580_1840_000_1860_000_with_camera_labels-140.png 1240 696 45
big_dataset_depth/000000002111-segment-12251442326766052580_1840_000_1860_000_with_camera_labels-140.png 1248 696 46
big_dataset_depth/000000002111-segment-12251442326766052580_1840_000_1860_000_with_camera_labels-140.png 1256 704 44
big_dataset_depth/000000002111-segment-12251442326766052580_1840_000_1860_000_with_camera_labels-140.png 1264 704 43
big_dataset_depth/000000002111-segment-12251442326766052580_1840_000_1860_000_with_camera_labels-140.png 1272 712 42
big_dataset_depth/000000002111-segment-12251442326766052580_1840_000_1860_000_with_camera_labels-140.png 1280 704 41
big_dataset_depth/000000002111-segment-12251442326766052580_1840_000_1860_000_with_camera_labels-140.png 1288 696 43
big_dataset_depth/000000002111-segment-12251442326766052580_1840_000_1860_000_with_camera_labels-140.png 1296 704 42
big_dataset_depth/000000002111-segment-12251442326766052580_1840_000_1860_000_with_camera_labels-140.png 1304 712 41
big_dataset_depth/000000002111-segment-12251442326766052580_1840_000_1860_000_with_camera_labels-140.png 1312 696 45
big_dataset_depth/000000002111-segment-12251442326766052580_1840_000_1860_000_with_camera_labels-140.png 1320 696 46
big_dataset_depth/000000002111-segment-12251442326766052580_1840_000_1860_000_with_camera_labels-140.png 1328 688 46
big_dataset_depth/000000002111-segment-12251442326766052580_1840_000_1860_000_with_camera_labels-140.png 1336 688 46
big_dataset_depth/000000002111-segment-12251442326766052580_1840_000_1860_000_with_camera_labels-140.png 1344 688 46
big_dataset_depth/000000002111-segment-12251442326766052580_1840_000_1860_000_with_camera_labels-140.png 1352 688 47
big_dataset_depth/000000002111-segment-12251442326766052580_1840_000_1860_000_with_camera_labels-140.png 1360 688 46
big_dataset_depth/000000002111-segment-12251442326766052580_1840_000_1860_000_with_camera_labels-140.png 1368 688 47
big_dataset_depth/000000002111-segment-12251442326766052580_1840_000_1860_000_with_camera_labels-140.png 1376 712 41
big_dataset_depth/000000002111-segment-12251442326766052580_1840_000_1860_000_with_camera_labels-140.png 1384 728 40
big_dataset_depth/000000002111-segment-12251442326766052580_1840_000_1860_000_with_camera_labels-140.png 1392 728 40
big_dataset_depth/000000002111-segment-12251442326766052580_1840_000_1860_000_with_camera_labels-140.png 1400 728 40
big_dataset_depth/000000002111-segment-12251442326766052580_1840_000_1860_000_with_camera_labels-140.png 1408 704 43
big_dataset_depth/000000002111-segment-12251442326766052580_1840_000_1860_000_with_camera_labels-140.png 1416 728 40
big_dataset_depth/000000002111-segment-12251442326766052580_1840_000_1860_000_with_camera_labels-140.png 1424 728 40
big_dataset_depth/000000002111-segment-12251442326766052580_1840_000_1860_000_with_camera_labels-140.png 1432 728 40
big_dataset_depth/000000002111-segment-12251442326766052580_1840_000_1860_000_with_camera_labels-140.png 1440 728 40
big_dataset_depth/000000002111-segment-12251442326766052580_1840_000_1860_000_with_camera_labels-140.png 1448 728 40
big_dataset_depth/000000002111-segment-12251442326766052580_1840_000_1860_000_with_camera_labels-140.png 1456 712 36
big_dataset_depth/000000002111-segment-12251442326766052580_1840_000_1860_000_with_camera_labels-140.png 1464 688 42
big_dataset_depth/000000002111-segment-12251442326766052580_1840_000_1860_000_with_camera_labels-140.png 1472 720 36
big_dataset_depth/000000002111-segment-12251442326766052580_1840_000_1860_000_with_camera_labels-140.png 1480 720 35
big_dataset_depth/000000002111-segment-12251442326766052580_1840_000_1860_000_with_camera_labels-140.png 1488 720 35
big_dataset_depth/000000002111-segment-12251442326766052580_1840_000_1860_000_with_camera_labels-140.png 1496 720 35
big_dataset_depth/000000002111-segment-12251442326766052580_1840_000_1860_000_with_camera_labels-140.png 1504 728 35
big_dataset_depth/000000002111-segment-12251442326766052580_1840_000_1860_000_with_camera_labels-140.png 1520 728 35
big_dataset_depth/000000002111-segment-12251442326766052580_1840_000_1860_000_with_camera_labels-140.png 1528 728 35
big_dataset_depth/000000002111-segment-12251442326766052580_1840_000_1860_000_with_camera_labels-140.png 1536 736 36
big_dataset_depth/000000002111-segment-12251442326766052580_1840_000_1860_000_with_camera_labels-140.png 1544 720 35
big_dataset_depth/000000002111-segment-12251442326766052580_1840_000_1860_000_with_camera_labels-140.png 1608 888 11
big_dataset_depth/000000002111-segment-12251442326766052580_1840_000_1860_000_with_camera_labels-140.png 1648 1136 11
big_dataset_depth/000000002111-segment-12251442326766052580_1840_000_1860_000_with_camera_labels-140.png 1664 1120 11
big_dataset_depth/000000002111-segment-12251442326766052580_1840_000_1860_000_with_camera_labels-140.png 1672 1120 11
big_dataset_depth/000000002111-segment-12251442326766052580_1840_000_1860_000_with_camera_labels-140.png 1680 1056 11
big_dataset_depth/000000002111-segment-12251442326766052580_1840_000_1860_000_with_camera_labels-140.png 1688 1224 11
big_dataset_depth/000000002111-segment-12251442326766052580_1840_000_1860_000_with_camera_labels-140.png 1696 1248 11
big_dataset_depth/000000002111-segment-12251442326766052580_1840_000_1860_000_with_camera_labels-140.png 1704 1256 11
big_dataset_depth/000000002111-segment-12251442326766052580_1840_000_1860_000_with_camera_labels-140.png 1712 1256 11
big_dataset_depth/000000002111-segment-12251442326766052580_1840_000_1860_000_with_camera_labels-140.png 1720 1256 11
big_dataset_depth/000000002111-segment-12251442326766052580_1840_000_1860_000_with_camera_labels-140.png 1728 1256 11
big_dataset_depth/000000002111-segment-12251442326766052580_1840_000_1860_000_with_camera_labels-140.png 1736 1224 11
big_dataset_depth/000000002111-segment-12251442326766052580_1840_000_1860_000_with_camera_labels-140.png 1744 1248 11
big_dataset_depth/000000002111-segment-12251442326766052580_1840_000_1860_000_with_camera_labels-140.png 1752 1264 11
big_dataset_depth/000000002111-segment-12251442326766052580_1840_000_1860_000_with_camera_labels-140.png 1760 1264 11
big_dataset_depth/000000002111-segment-12251442326766052580_1840_000_1860_000_with_camera_labels-140.png 1768 1216 12
big_dataset_depth/000000002111-segment-12251442326766052580_1840_000_1860_000_with_camera_labels-140.png 1776 1168 13
big_dataset_depth/000000002111-segment-12251442326766052580_1840_000_1860_000_with_camera_labels-140.png 1784 1168 13
big_dataset_depth/000000002111-segment-12251442326766052580_1840_000_1860_000_with_camera_labels-140.png 1792 1176 13
big_dataset_depth/000000002111-segment-12251442326766052580_1840_000_1860_000_with_camera_labels-140.png 1800 1152 13
big_dataset_depth/000000002111-segment-12251442326766052580_1840_000_1860_000_with_camera_labels-140.png 1808 992 18
big_dataset_depth/000000002111-segment-12251442326766052580_1840_000_1860_000_with_camera_labels-140.png 1816 1000 18
big_dataset_depth/000000002111-segment-12251442326766052580_1840_000_1860_000_with_camera_labels-140.png 1824 688 31
big_dataset_depth/000000002111-segment-12251442326766052580_1840_000_1860_000_with_camera_labels-140.png 1832 1000 18
big_dataset_depth/000000002111-segment-12251442326766052580_1840_000_1860_000_with_camera_labels-140.png 1840 856 24
big_dataset_depth/000000002111-segment-12251442326766052580_1840_000_1860_000_with_camera_labels-140.png 1848 928 19
big_dataset_depth/000000002111-segment-12251442326766052580_1840_000_1860_000_with_camera_labels-140.png 1856 768 33
big_dataset_depth/000000002111-segment-12251442326766052580_1840_000_1860_000_with_camera_labels-140.png 1864 848 22
big_dataset_depth/000000002111-segment-12251442326766052580_1840_000_1860_000_with_camera_labels-140.png 1872 920 14
big_dataset_depth/000000002111-segment-12251442326766052580_1840_000_1860_000_with_camera_labels-140.png 1880 856 24
big_dataset_depth/000000002111-segment-12251442326766052580_1840_000_1860_000_with_camera_labels-140.png 1888 1192 10
big_dataset_depth/000000002111-segment-12251442326766052580_1840_000_1860_000_with_camera_labels-140.png 1896 1200 10
big_dataset_depth/000000002111-segment-12251442326766052580_1840_000_1860_000_with_camera_labels-140.png 1912 1104 10
