big_dataset_depth/000000000975-segment-10940952441434390507_1888_710_1908_710_with_camera_labels-150.png 0 888 68
big_dataset_depth/000000000975-segment-10940952441434390507_1888_710_1908_710_with_camera_labels-150.png 8 864 47
big_dataset_depth/000000000975-segment-10940952441434390507_1888_710_1908_710_with_camera_labels-150.png 16 984 36
big_dataset_depth/000000000975-segment-10940952441434390507_1888_710_1908_710_with_camera_labels-150.png 24 888 52
big_dataset_depth/000000000975-segment-10940952441434390507_1888_710_1908_710_with_camera_labels-150.png 32 1136 17
big_dataset_depth/000000000975-segment-10940952441434390507_1888_710_1908_710_with_camera_labels-150.png 48 1136 17
big_dataset_depth/000000000975-segment-10940952441434390507_1888_710_1908_710_with_camera_labels-150.png 56 896 70
big_dataset_depth/000000000975-segment-10940952441434390507_1888_710_1908_710_with_camera_labels-150.png 64 952 57
big_dataset_depth/000000000975-segment-10940952441434390507_1888_710_1908_710_with_camera_labels-150.png 72 944 58
big_dataset_depth/000000000975-segment-10940952441434390507_1888_710_1908_710_with_camera_labels-150.png 80 1136 17
big_dataset_depth/000000000975-segment-10940952441434390507_1888_710_1908_710_with_camera_labels-150.png 88 736 100
big_dataset_depth/000000000975-segment-10940952441434390507_1888_710_1908_710_with_camera_labels-150.png 96 1112 18
big_dataset_depth/000000000975-segment-10940952441434390507_1888_710_1908_710_with_camera_labels-150.png 104 1112 18
big_dataset_depth/000000000975-segment-10940952441434390507_1888_710_1908_710_with_camera_labels-150.png 112 920 48
big_dataset_depth/000000000975-segment-10940952441434390507_1888_710_1908_710_with_camera_labels-150.png 120 1112 18
big_dataset_depth/000000000975-segment-10940952441434390507_1888_710_1908_710_with_camera_labels-150.png 128 1112 18
big_dataset_depth/000000000975-segment-10940952441434390507_1888_710_1908_710_with_camera_labels-150.png 136 952 24
big_dataset_depth/000000000975-segment-10940952441434390507_1888_710_1908_710_with_camera_labels-150.png 152 1088 19
big_dataset_depth/000000000975-segment-10940952441434390507_1888_710_1908_710_with_camera_labels-150.png 160 1088 19
big_dataset_depth/000000000975-segment-10940952441434390507_1888_710_1908_710_with_camera_labels-150.png 168 1024 21
big_dataset_depth/000000000975-segment-10940952441434390507_1888_710_1908_710_with_camera_labels-150.png 176 1088 19
big_dataset_depth/000000000975-segment-10940952441434390507_1888_710_1908_710_with_camera_labels-150.png 184 944 24
big_dataset_depth/000000000975-segment-10940952441434390507_1888_710_1908_710_with_camera_labels-150.png 200 1064 19
big_dataset_depth/000000000975-segment-10940952441434390507_1888_710_1908_710_with_camera_labels-150.png 208 1064 20
big_dataset_depth/000000000975-segment-10940952441434390507_1888_710_1908_710_with_camera_labels-150.png 216 1032 21
big_dataset_depth/000000000975-segment-10940952441434390507_1888_710_1908_710_with_camera_labels-150.png 224 1064 20
big_dataset_depth/000000000975-segment-10940952441434390507_1888_710_1908_710_with_camera_labels-150.png 232 1064 20
big_dataset_depth/000000000975-segment-10940952441434390507_1888_710_1908_710_with_camera_labels-150.png 256 984 22
big_dataset_depth/000000000975-segment-10940952441434390507_1888_710_1908_710_with_camera_labels-150.png 264 1048 21
big_dataset_depth/000000000975-segment-10940952441434390507_1888_710_1908_710_with_camera_labels-150.png 272 1040 21
big_dataset_depth/000000000975-segment-10940952441434390507_1888_710_1908_710_with_camera_labels-150.png 280 1040 21
big_dataset_depth/000000000975-segment-10940952441434390507_1888_710_1908_710_with_camera_labels-150.png 288 1040 21
big_dataset_depth/000000000975-segment-10940952441434390507_1888_710_1908_710_with_camera_labels-150.png 304 952 25
big_dataset_depth/000000000975-segment-10940952441434390507_1888_710_1908_710_with_camera_labels-150.png 312 992 23
big_dataset_depth/000000000975-segment-10940952441434390507_1888_710_1908_710_with_camera_labels-150.png 320 1024 22
big_dataset_depth/000000000975-segment-10940952441434390507_1888_710_1908_710_with_camera_labels-150.png 328 1024 22
big_dataset_depth/000000000975-segment-10940952441434390507_1888_710_1908_710_with_camera_labels-150.png 344 936 25
big_dataset_depth/000000000975-segment-10940952441434390507_1888_710_1908_710_with_camera_labels-150.png 352 920 25
big_dataset_depth/000000000975-segment-10940952441434390507_1888_710_1908_710_with_camera_labels-150.png 360 1000 23
big_dataset_depth/000000000975-segment-10940952441434390507_1888_710_1908_710_with_camera_labels-150.png 392 904 33
big_dataset_depth/000000000975-segment-10940952441434390507_1888_710_1908_710_with_camera_labels-150.png 400 880 31
big_dataset_depth/000000000975-segment-10940952441434390507_1888_710_1908_710_with_camera_labels-150.png 408 984 24
big_dataset_depth/000000000975-segment-10940952441434390507_1888_710_1908_710_with_camera_labels-150.png 416 728 37
big_dataset_depth/000000000975-segment-10940952441434390507_1888_710_1908_710_with_camera_labels-150.png 440 832 36
big_dataset_depth/000000000975-segment-10940952441434390507_1888_710_1908_710_with_camera_labels-150.png 448 832 36
big_dataset_depth/000000000975-segment-10940952441434390507_1888_710_1908_710_with_camera_labels-150.png 456 904 31
big_dataset_depth/000000000975-segment-10940952441434390507_1888_710_1908_710_with_camera_labels-150.png 472 728 36
big_dataset_depth/000000000975-segment-10940952441434390507_1888_710_1908_710_with_camera_labels-150.png 480 800 32
big_dataset_depth/000000000975-segment-10940952441434390507_1888_710_1908_710_with_camera_labels-150.png 488 952 26
big_dataset_depth/000000000975-segment-10940952441434390507_1888_710_1908_710_with_camera_labels-150.png 504 640 36
big_dataset_depth/000000000975-segment-10940952441434390507_1888_710_1908_710_with_camera_labels-150.png 512 640 36
big_dataset_depth/000000000975-segment-10940952441434390507_1888_710_1908_710_with_camera_labels-150.png 520 784 64
big_dataset_depth/000000000975-segment-10940952441434390507_1888_710_1908_710_with_camera_labels-150.png 528 624 36
big_dataset_depth/000000000975-segment-10940952441434390507_1888_710_1908_710_with_camera_labels-150.png 536 752 52
big_dataset_depth/000000000975-segment-10940952441434390507_1888_710_1908_710_with_camera_labels-150.png 544 760 52
big_dataset_depth/000000000975-segment-10940952441434390507_1888_710_1908_710_with_camera_labels-150.png 552 832 38
big_dataset_depth/000000000975-segment-10940952441434390507_1888_710_1908_710_with_camera_labels-150.png 560 920 29
big_dataset_depth/000000000975-segment-10940952441434390507_1888_710_1908_710_with_camera_labels-150.png 568 792 41
big_dataset_depth/000000000975-segment-10940952441434390507_1888_710_1908_710_with_camera_labels-150.png 576 800 41
big_dataset_depth/000000000975-segment-10940952441434390507_1888_710_1908_710_with_camera_labels-150.png 584 808 41
big_dataset_depth/000000000975-segment-10940952441434390507_1888_710_1908_710_with_camera_labels-150.png 592 808 41
big_dataset_depth/000000000975-segment-10940952441434390507_1888_710_1908_710_with_camera_labels-150.png 600 808 41
big_dataset_depth/000000000975-segment-10940952441434390507_1888_710_1908_710_with_camera_labels-150.png 608 784 41
big_dataset_depth/000000000975-segment-10940952441434390507_1888_710_1908_710_with_camera_labels-150.png 616 792 41
big_dataset_depth/000000000975-segment-10940952441434390507_1888_710_1908_710_with_camera_labels-150.png 624 888 33
big_dataset_depth/000000000975-segment-10940952441434390507_1888_710_1908_710_with_camera_labels-150.png 632 768 41
big_dataset_depth/000000000975-segment-10940952441434390507_1888_710_1908_710_with_camera_labels-150.png 640 736 79
big_dataset_depth/000000000975-segment-10940952441434390507_1888_710_1908_710_with_camera_labels-150.png 648 872 35
big_dataset_depth/000000000975-segment-10940952441434390507_1888_710_1908_710_with_camera_labels-150.png 656 728 95
big_dataset_depth/000000000975-segment-10940952441434390507_1888_710_1908_710_with_camera_labels-150.png 664 736 87
big_dataset_depth/000000000975-segment-10940952441434390507_1888_710_1908_710_with_camera_labels-150.png 672 728 94
big_dataset_depth/000000000975-segment-10940952441434390507_1888_710_1908_710_with_camera_labels-150.png 680 728 89
big_dataset_depth/000000000975-segment-10940952441434390507_1888_710_1908_710_with_camera_labels-150.png 688 728 94
big_dataset_depth/000000000975-segment-10940952441434390507_1888_710_1908_710_with_camera_labels-150.png 696 704 63
big_dataset_depth/000000000975-segment-10940952441434390507_1888_710_1908_710_with_camera_labels-150.png 704 736 55
big_dataset_depth/000000000975-segment-10940952441434390507_1888_710_1908_710_with_camera_labels-150.png 712 768 54
big_dataset_depth/000000000975-segment-10940952441434390507_1888_710_1908_710_with_camera_labels-150.png 720 768 55
big_dataset_depth/000000000975-segment-10940952441434390507_1888_710_1908_710_with_camera_labels-150.png 728 776 55
big_dataset_depth/000000000975-segment-10940952441434390507_1888_710_1908_710_with_camera_labels-150.png 736 776 54
big_dataset_depth/000000000975-segment-10940952441434390507_1888_710_1908_710_with_camera_labels-150.png 744 776 55
big_dataset_depth/000000000975-segment-10940952441434390507_1888_710_1908_710_with_camera_labels-150.png 752 752 55
big_dataset_depth/000000000975-segment-10940952441434390507_1888_710_1908_710_with_camera_labels-150.png 760 752 55
big_dataset_depth/000000000975-segment-10940952441434390507_1888_710_1908_710_with_camera_labels-150.png 768 720 81
big_dataset_depth/000000000975-segment-10940952441434390507_1888_710_1908_710_with_camera_labels-150.png 776 752 61
big_dataset_depth/000000000975-segment-10940952441434390507_1888_710_1908_710_with_camera_labels-150.png 784 752 67
big_dataset_depth/000000000975-segment-10940952441434390507_1888_710_1908_710_with_camera_labels-150.png 792 752 70
big_dataset_depth/000000000975-segment-10940952441434390507_1888_710_1908_710_with_camera_labels-150.png 800 752 70
big_dataset_depth/000000000975-segment-10940952441434390507_1888_710_1908_710_with_camera_labels-150.png 808 720 105
big_dataset_depth/000000000975-segment-10940952441434390507_1888_710_1908_710_with_camera_labels-150.png 816 736 88
big_dataset_depth/000000000975-segment-10940952441434390507_1888_710_1908_710_with_camera_labels-150.png 824 712 107
big_dataset_depth/000000000975-segment-10940952441434390507_1888_710_1908_710_with_camera_labels-150.png 832 800 50
big_dataset_depth/000000000975-segment-10940952441434390507_1888_710_1908_710_with_camera_labels-150.png 840 800 50
big_dataset_depth/000000000975-segment-10940952441434390507_1888_710_1908_710_with_camera_labels-150.png 848 792 49
big_dataset_depth/000000000975-segment-10940952441434390507_1888_710_1908_710_with_camera_labels-150.png 856 792 49
big_dataset_depth/000000000975-segment-10940952441434390507_1888_710_1908_710_with_camera_labels-150.png 864 784 49
big_dataset_depth/000000000975-segment-10940952441434390507_1888_710_1908_710_with_camera_labels-150.png 872 776 49
big_dataset_depth/000000000975-segment-10940952441434390507_1888_710_1908_710_with_camera_labels-150.png 880 776 49
big_dataset_depth/000000000975-segment-10940952441434390507_1888_710_1908_710_with_camera_labels-150.png 888 784 49
big_dataset_depth/000000000975-segment-10940952441434390507_1888_710_1908_710_with_camera_labels-150.png 896 776 48
big_dataset_depth/000000000975-segment-10940952441434390507_1888_710_1908_710_with_camera_labels-150.png 904 776 49
big_dataset_depth/000000000975-segment-10940952441434390507_1888_710_1908_710_with_camera_labels-150.png 912 784 49
big_dataset_depth/000000000975-segment-10940952441434390507_1888_710_1908_710_with_camera_labels-150.png 920 792 49
big_dataset_depth/000000000975-segment-10940952441434390507_1888_710_1908_710_with_camera_labels-150.png 928 792 49
big_dataset_depth/000000000975-segment-10940952441434390507_1888_710_1908_710_with_camera_labels-150.png 936 792 49
big_dataset_depth/000000000975-segment-10940952441434390507_1888_710_1908_710_with_camera_labels-150.png 944 800 50
big_dataset_depth/000000000975-segment-10940952441434390507_1888_710_1908_710_with_camera_labels-150.png 952 800 50
big_dataset_depth/000000000975-segment-10940952441434390507_1888_710_1908_710_with_camera_labels-150.png 960 768 61
big_dataset_depth/000000000975-segment-10940952441434390507_1888_710_1908_710_with_camera_labels-150.png 968 744 69
big_dataset_depth/000000000975-segment-10940952441434390507_1888_710_1908_710_with_camera_labels-150.png 976 760 69
big_dataset_depth/000000000975-segment-10940952441434390507_1888_710_1908_710_with_camera_labels-150.png 984 752 73
big_dataset_depth/000000000975-segment-10940952441434390507_1888_710_1908_710_with_camera_labels-150.png 1280 712 108
big_dataset_depth/000000000975-segment-10940952441434390507_1888_710_1908_710_with_camera_labels-150.png 1296 816 47
big_dataset_depth/000000000975-segment-10940952441434390507_1888_710_1908_710_with_camera_labels-150.png 1304 816 47
big_dataset_depth/000000000975-segment-10940952441434390507_1888_710_1908_710_with_camera_labels-150.png 1312 720 93
big_dataset_depth/000000000975-segment-10940952441434390507_1888_710_1908_710_with_camera_labels-150.png 1320 704 93
big_dataset_depth/000000000975-segment-10940952441434390507_1888_710_1908_710_with_camera_labels-150.png 1328 720 92
big_dataset_depth/000000000975-segment-10940952441434390507_1888_710_1908_710_with_camera_labels-150.png 1336 712 92
big_dataset_depth/000000000975-segment-10940952441434390507_1888_710_1908_710_with_camera_labels-150.png 1344 712 92
big_dataset_depth/000000000975-segment-10940952441434390507_1888_710_1908_710_with_camera_labels-150.png 1352 704 99
big_dataset_depth/000000000975-segment-10940952441434390507_1888_710_1908_710_with_camera_labels-150.png 1360 696 101
big_dataset_depth/000000000975-segment-10940952441434390507_1888_710_1908_710_with_camera_labels-150.png 1368 696 99
big_dataset_depth/000000000975-segment-10940952441434390507_1888_710_1908_710_with_camera_labels-150.png 1376 704 97
big_dataset_depth/000000000975-segment-10940952441434390507_1888_710_1908_710_with_camera_labels-150.png 1384 696 93
big_dataset_depth/000000000975-segment-10940952441434390507_1888_710_1908_710_with_camera_labels-150.png 1392 712 91
big_dataset_depth/000000000975-segment-10940952441434390507_1888_710_1908_710_with_camera_labels-150.png 1400 888 32
big_dataset_depth/000000000975-segment-10940952441434390507_1888_710_1908_710_with_camera_labels-150.png 1416 704 86
big_dataset_depth/000000000975-segment-10940952441434390507_1888_710_1908_710_with_camera_labels-150.png 1424 904 30
big_dataset_depth/000000000975-segment-10940952441434390507_1888_710_1908_710_with_camera_labels-150.png 1432 816 55
big_dataset_depth/000000000975-segment-10940952441434390507_1888_710_1908_710_with_camera_labels-150.png 1448 720 81
big_dataset_depth/000000000975-segment-10940952441434390507_1888_710_1908_710_with_camera_labels-150.png 1456 928 27
big_dataset_depth/000000000975-segment-10940952441434390507_1888_710_1908_710_with_camera_labels-150.png 1464 928 27
big_dataset_depth/000000000975-segment-10940952441434390507_1888_710_1908_710_with_camera_labels-150.png 1472 864 44
big_dataset_depth/000000000975-segment-10940952441434390507_1888_710_1908_710_with_camera_labels-150.png 1496 720 74
big_dataset_depth/000000000975-segment-10940952441434390507_1888_710_1908_710_with_camera_labels-150.png 1504 728 72
big_dataset_depth/000000000975-segment-10940952441434390507_1888_710_1908_710_with_camera_labels-150.png 1512 840 29
big_dataset_depth/000000000975-segment-10940952441434390507_1888_710_1908_710_with_camera_labels-150.png 1520 960 24
big_dataset_depth/000000000975-segment-10940952441434390507_1888_710_1908_710_with_camera_labels-150.png 1528 728 68
big_dataset_depth/000000000975-segment-10940952441434390507_1888_710_1908_710_with_camera_labels-150.png 1536 736 65
big_dataset_depth/000000000975-segment-10940952441434390507_1888_710_1908_710_with_camera_labels-150.png 1552 1000 22
big_dataset_depth/000000000975-segment-10940952441434390507_1888_710_1908_710_with_camera_labels-150.png 1560 1000 22
big_dataset_depth/000000000975-segment-10940952441434390507_1888_710_1908_710_with_camera_labels-150.png 1576 1016 21
big_dataset_depth/000000000975-segment-10940952441434390507_1888_710_1908_710_with_camera_labels-150.png 1584 1016 21
big_dataset_depth/000000000975-segment-10940952441434390507_1888_710_1908_710_with_camera_labels-150.png 1592 1016 21
big_dataset_depth/000000000975-segment-10940952441434390507_1888_710_1908_710_with_camera_labels-150.png 1600 896 31
big_dataset_depth/000000000975-segment-10940952441434390507_1888_710_1908_710_with_camera_labels-150.png 1608 1032 20
big_dataset_depth/000000000975-segment-10940952441434390507_1888_710_1908_710_with_camera_labels-150.png 1616 1032 20
big_dataset_depth/000000000975-segment-10940952441434390507_1888_710_1908_710_with_camera_labels-150.png 1624 1032 20
big_dataset_depth/000000000975-segment-10940952441434390507_1888_710_1908_710_with_camera_labels-150.png 1632 760 53
big_dataset_depth/000000000975-segment-10940952441434390507_1888_710_1908_710_with_camera_labels-150.png 1648 768 52
big_dataset_depth/000000000975-segment-10940952441434390507_1888_710_1908_710_with_camera_labels-150.png 1656 1072 19
big_dataset_depth/000000000975-segment-10940952441434390507_1888_710_1908_710_with_camera_labels-150.png 1664 1072 19
big_dataset_depth/000000000975-segment-10940952441434390507_1888_710_1908_710_with_camera_labels-150.png 1672 1072 19
big_dataset_depth/000000000975-segment-10940952441434390507_1888_710_1908_710_with_camera_labels-150.png 1680 1072 18
big_dataset_depth/000000000975-segment-10940952441434390507_1888_710_1908_710_with_camera_labels-150.png 1688 1088 18
big_dataset_depth/000000000975-segment-10940952441434390507_1888_710_1908_710_with_camera_labels-150.png 1696 1088 18
big_dataset_depth/000000000975-segment-10940952441434390507_1888_710_1908_710_with_camera_labels-150.png 1704 936 33
big_dataset_depth/000000000975-segment-10940952441434390507_1888_710_1908_710_with_camera_labels-150.png 1712 1088 18
big_dataset_depth/000000000975-segment-10940952441434390507_1888_710_1908_710_with_camera_labels-150.png 1728 1112 17
big_dataset_depth/000000000975-segment-10940952441434390507_1888_710_1908_710_with_camera_labels-150.png 1744 1136 17
big_dataset_depth/000000000975-segment-10940952441434390507_1888_710_1908_710_with_camera_labels-150.png 1752 1136 17
big_dataset_depth/000000000975-segment-10940952441434390507_1888_710_1908_710_with_camera_labels-150.png 1768 1136 16
big_dataset_depth/000000000975-segment-10940952441434390507_1888_710_1908_710_with_camera_labels-150.png 1776 1136 16
big_dataset_depth/000000000975-segment-10940952441434390507_1888_710_1908_710_with_camera_labels-150.png 1784 1152 16
big_dataset_depth/000000000975-segment-10940952441434390507_1888_710_1908_710_with_camera_labels-150.png 1792 1152 16
big_dataset_depth/000000000975-segment-10940952441434390507_1888_710_1908_710_with_camera_labels-150.png 1800 1168 16
big_dataset_depth/000000000975-segment-10940952441434390507_1888_710_1908_710_with_camera_labels-150.png 1808 1176 16
big_dataset_depth/000000000975-segment-10940952441434390507_1888_710_1908_710_with_camera_labels-150.png 1816 1176 16
big_dataset_depth/000000000975-segment-10940952441434390507_1888_710_1908_710_with_camera_labels-150.png 1824 1176 15
big_dataset_depth/000000000975-segment-10940952441434390507_1888_710_1908_710_with_camera_labels-150.png 1832 1056 24
big_dataset_depth/000000000975-segment-10940952441434390507_1888_710_1908_710_with_camera_labels-150.png 1840 1200 15
big_dataset_depth/000000000975-segment-10940952441434390507_1888_710_1908_710_with_camera_labels-150.png 1848 1000 27
big_dataset_depth/000000000975-segment-10940952441434390507_1888_710_1908_710_with_camera_labels-150.png 1856 1064 23
big_dataset_depth/000000000975-segment-10940952441434390507_1888_710_1908_710_with_camera_labels-150.png 1864 1200 15
big_dataset_depth/000000000975-segment-10940952441434390507_1888_710_1908_710_with_camera_labels-150.png 1872 1072 23
big_dataset_depth/000000000975-segment-10940952441434390507_1888_710_1908_710_with_camera_labels-150.png 1880 1016 26
big_dataset_depth/000000000975-segment-10940952441434390507_1888_710_1908_710_with_camera_labels-150.png 1888 1024 26
big_dataset_depth/000000000975-segment-10940952441434390507_1888_710_1908_710_with_camera_labels-150.png 1896 1024 26
big_dataset_depth/000000000975-segment-10940952441434390507_1888_710_1908_710_with_camera_labels-150.png 1904 880 49
big_dataset_depth/000000000975-segment-10940952441434390507_1888_710_1908_710_with_camera_labels-150.png 1912 944 29
