big_dataset_depth/000000000241-segment-10153695247769592104_787_000_807_000_with_camera_labels-10.png 0 800 42
big_dataset_depth/000000000241-segment-10153695247769592104_787_000_807_000_with_camera_labels-10.png 8 792 42
big_dataset_depth/000000000241-segment-10153695247769592104_787_000_807_000_with_camera_labels-10.png 16 800 43
big_dataset_depth/000000000241-segment-10153695247769592104_787_000_807_000_with_camera_labels-10.png 24 800 43
big_dataset_depth/000000000241-segment-10153695247769592104_787_000_807_000_with_camera_labels-10.png 32 816 44
big_dataset_depth/000000000241-segment-10153695247769592104_787_000_807_000_with_camera_labels-10.png 40 824 44
big_dataset_depth/000000000241-segment-10153695247769592104_787_000_807_000_with_camera_labels-10.png 48 816 44
big_dataset_depth/000000000241-segment-10153695247769592104_787_000_807_000_with_camera_labels-10.png 56 824 44
big_dataset_depth/000000000241-segment-10153695247769592104_787_000_807_000_with_camera_labels-10.png 64 824 44
big_dataset_depth/000000000241-segment-10153695247769592104_787_000_807_000_with_camera_labels-10.png 72 784 44
big_dataset_depth/000000000241-segment-10153695247769592104_787_000_807_000_with_camera_labels-10.png 104 752 69
big_dataset_depth/000000000241-segment-10153695247769592104_787_000_807_000_with_camera_labels-10.png 112 752 70
big_dataset_depth/000000000241-segment-10153695247769592104_787_000_807_000_with_camera_labels-10.png 120 752 70
big_dataset_depth/000000000241-segment-10153695247769592104_787_000_807_000_with_camera_labels-10.png 128 752 71
big_dataset_depth/000000000241-segment-10153695247769592104_787_000_807_000_with_camera_labels-10.png 136 752 71
big_dataset_depth/000000000241-segment-10153695247769592104_787_000_807_000_with_camera_labels-10.png 144 752 72
big_dataset_depth/000000000241-segment-10153695247769592104_787_000_807_000_with_camera_labels-10.png 152 752 73
big_dataset_depth/000000000241-segment-10153695247769592104_787_000_807_000_with_camera_labels-10.png 160 752 73
big_dataset_depth/000000000241-segment-10153695247769592104_787_000_807_000_with_camera_labels-10.png 168 752 74
big_dataset_depth/000000000241-segment-10153695247769592104_787_000_807_000_with_camera_labels-10.png 176 752 74
big_dataset_depth/000000000241-segment-10153695247769592104_787_000_807_000_with_camera_labels-10.png 184 752 75
big_dataset_depth/000000000241-segment-10153695247769592104_787_000_807_000_with_camera_labels-10.png 192 752 76
big_dataset_depth/000000000241-segment-10153695247769592104_787_000_807_000_with_camera_labels-10.png 200 752 76
big_dataset_depth/000000000241-segment-10153695247769592104_787_000_807_000_with_camera_labels-10.png 208 744 77
big_dataset_depth/000000000241-segment-10153695247769592104_787_000_807_000_with_camera_labels-10.png 216 752 77
big_dataset_depth/000000000241-segment-10153695247769592104_787_000_807_000_with_camera_labels-10.png 224 752 78
big_dataset_depth/000000000241-segment-10153695247769592104_787_000_807_000_with_camera_labels-10.png 232 744 80
big_dataset_depth/000000000241-segment-10153695247769592104_787_000_807_000_with_camera_labels-10.png 240 744 80
big_dataset_depth/000000000241-segment-10153695247769592104_787_000_807_000_with_camera_labels-10.png 248 744 81
big_dataset_depth/000000000241-segment-10153695247769592104_787_000_807_000_with_camera_labels-10.png 256 728 88
big_dataset_depth/000000000241-segment-10153695247769592104_787_000_807_000_with_camera_labels-10.png 264 744 82
big_dataset_depth/000000000241-segment-10153695247769592104_787_000_807_000_with_camera_labels-10.png 272 728 90
big_dataset_depth/000000000241-segment-10153695247769592104_787_000_807_000_with_camera_labels-10.png 280 744 84
big_dataset_depth/000000000241-segment-10153695247769592104_787_000_807_000_with_camera_labels-10.png 288 744 85
big_dataset_depth/000000000241-segment-10153695247769592104_787_000_807_000_with_camera_labels-10.png 296 744 86
big_dataset_depth/000000000241-segment-10153695247769592104_787_000_807_000_with_camera_labels-10.png 304 744 86
big_dataset_depth/000000000241-segment-10153695247769592104_787_000_807_000_with_camera_labels-10.png 312 736 87
big_dataset_depth/000000000241-segment-10153695247769592104_787_000_807_000_with_camera_labels-10.png 320 728 89
big_dataset_depth/000000000241-segment-10153695247769592104_787_000_807_000_with_camera_labels-10.png 328 736 90
big_dataset_depth/000000000241-segment-10153695247769592104_787_000_807_000_with_camera_labels-10.png 336 728 91
big_dataset_depth/000000000241-segment-10153695247769592104_787_000_807_000_with_camera_labels-10.png 344 728 92
big_dataset_depth/000000000241-segment-10153695247769592104_787_000_807_000_with_camera_labels-10.png 352 728 93
big_dataset_depth/000000000241-segment-10153695247769592104_787_000_807_000_with_camera_labels-10.png 360 728 94
big_dataset_depth/000000000241-segment-10153695247769592104_787_000_807_000_with_camera_labels-10.png 368 728 96
big_dataset_depth/000000000241-segment-10153695247769592104_787_000_807_000_with_camera_labels-10.png 376 728 97
big_dataset_depth/000000000241-segment-10153695247769592104_787_000_807_000_with_camera_labels-10.png 384 728 98
big_dataset_depth/000000000241-segment-10153695247769592104_787_000_807_000_with_camera_labels-10.png 392 720 99
big_dataset_depth/000000000241-segment-10153695247769592104_787_000_807_000_with_camera_labels-10.png 400 712 101
big_dataset_depth/000000000241-segment-10153695247769592104_787_000_807_000_with_camera_labels-10.png 408 712 102
big_dataset_depth/000000000241-segment-10153695247769592104_787_000_807_000_with_camera_labels-10.png 416 712 103
big_dataset_depth/000000000241-segment-10153695247769592104_787_000_807_000_with_camera_labels-10.png 424 712 105
big_dataset_depth/000000000241-segment-10153695247769592104_787_000_807_000_with_camera_labels-10.png 432 712 106
big_dataset_depth/000000000241-segment-10153695247769592104_787_000_807_000_with_camera_labels-10.png 440 712 108
big_dataset_depth/000000000241-segment-10153695247769592104_787_000_807_000_with_camera_labels-10.png 752 728 84
big_dataset_depth/000000000241-segment-10153695247769592104_787_000_807_000_with_camera_labels-10.png 824 776 52
big_dataset_depth/000000000241-segment-10153695247769592104_787_000_807_000_with_camera_labels-10.png 912 720 71
big_dataset_depth/000000000241-segment-10153695247769592104_787_000_807_000_with_camera_labels-10.png 920 720 71
big_dataset_depth/000000000241-segment-10153695247769592104_787_000_807_000_with_camera_labels-10.png 928 720 70
big_dataset_depth/000000000241-segment-10153695247769592104_787_000_807_000_with_camera_labels-10.png 936 720 70
big_dataset_depth/000000000241-segment-10153695247769592104_787_000_807_000_with_camera_labels-10.png 944 720 70
big_dataset_depth/000000000241-segment-10153695247769592104_787_000_807_000_with_camera_labels-10.png 952 720 70
big_dataset_depth/000000000241-segment-10153695247769592104_787_000_807_000_with_camera_labels-10.png 960 720 70
big_dataset_depth/000000000241-segment-10153695247769592104_787_000_807_000_with_camera_labels-10.png 968 720 70
big_dataset_depth/000000000241-segment-10153695247769592104_787_000_807_000_with_camera_labels-10.png 976 720 71
big_dataset_depth/000000000241-segment-10153695247769592104_787_000_807_000_with_camera_labels-10.png 984 720 71
big_dataset_depth/000000000241-segment-10153695247769592104_787_000_807_000_with_camera_labels-10.png 992 720 71
big_dataset_depth/000000000241-segment-10153695247769592104_787_000_807_000_with_camera_labels-10.png 1008 768 42
big_dataset_depth/000000000241-segment-10153695247769592104_787_000_807_000_with_camera_labels-10.png 1016 816 39
big_dataset_depth/000000000241-segment-10153695247769592104_787_000_807_000_with_camera_labels-10.png 1024 792 39
big_dataset_depth/000000000241-segment-10153695247769592104_787_000_807_000_with_camera_labels-10.png 1032 792 38
big_dataset_depth/000000000241-segment-10153695247769592104_787_000_807_000_with_camera_labels-10.png 1040 816 40
big_dataset_depth/000000000241-segment-10153695247769592104_787_000_807_000_with_camera_labels-10.png 1048 808 38
big_dataset_depth/000000000241-segment-10153695247769592104_787_000_807_000_with_camera_labels-10.png 1056 792 38
big_dataset_depth/000000000241-segment-10153695247769592104_787_000_807_000_with_camera_labels-10.png 1064 792 38
big_dataset_depth/000000000241-segment-10153695247769592104_787_000_807_000_with_camera_labels-10.png 1072 792 38
big_dataset_depth/000000000241-segment-10153695247769592104_787_000_807_000_with_camera_labels-10.png 1080 800 40
big_dataset_depth/000000000241-segment-10153695247769592104_787_000_807_000_with_camera_labels-10.png 1088 792 38
big_dataset_depth/000000000241-segment-10153695247769592104_787_000_807_000_with_camera_labels-10.png 1096 792 38
big_dataset_depth/000000000241-segment-10153695247769592104_787_000_807_000_with_camera_labels-10.png 1104 792 38
big_dataset_depth/000000000241-segment-10153695247769592104_787_000_807_000_with_camera_labels-10.png 1112 792 38
big_dataset_depth/000000000241-segment-10153695247769592104_787_000_807_000_with_camera_labels-10.png 1120 808 39
big_dataset_depth/000000000241-segment-10153695247769592104_787_000_807_000_with_camera_labels-10.png 1128 808 39
big_dataset_depth/000000000241-segment-10153695247769592104_787_000_807_000_with_camera_labels-10.png 1136 800 39
big_dataset_depth/000000000241-segment-10153695247769592104_787_000_807_000_with_camera_labels-10.png 1144 816 40
big_dataset_depth/000000000241-segment-10153695247769592104_787_000_807_000_with_camera_labels-10.png 1152 816 40
big_dataset_depth/000000000241-segment-10153695247769592104_787_000_807_000_with_camera_labels-10.png 1560 744 109
big_dataset_depth/000000000241-segment-10153695247769592104_787_000_807_000_with_camera_labels-10.png 1568 744 108
big_dataset_depth/000000000241-segment-10153695247769592104_787_000_807_000_with_camera_labels-10.png 1576 744 106
big_dataset_depth/000000000241-segment-10153695247769592104_787_000_807_000_with_camera_labels-10.png 1584 744 106
big_dataset_depth/000000000241-segment-10153695247769592104_787_000_807_000_with_camera_labels-10.png 1592 744 104
big_dataset_depth/000000000241-segment-10153695247769592104_787_000_807_000_with_camera_labels-10.png 1600 736 107
big_dataset_depth/000000000241-segment-10153695247769592104_787_000_807_000_with_camera_labels-10.png 1608 736 106
big_dataset_depth/000000000241-segment-10153695247769592104_787_000_807_000_with_camera_labels-10.png 1616 736 105
big_dataset_depth/000000000241-segment-10153695247769592104_787_000_807_000_with_camera_labels-10.png 1624 728 107
big_dataset_depth/000000000241-segment-10153695247769592104_787_000_807_000_with_camera_labels-10.png 1632 736 104
big_dataset_depth/000000000241-segment-10153695247769592104_787_000_807_000_with_camera_labels-10.png 1640 704 104
big_dataset_depth/000000000241-segment-10153695247769592104_787_000_807_000_with_camera_labels-10.png 1648 728 104
big_dataset_depth/000000000241-segment-10153695247769592104_787_000_807_000_with_camera_labels-10.png 1656 672 102
big_dataset_depth/000000000241-segment-10153695247769592104_787_000_807_000_with_camera_labels-10.png 1664 672 102
big_dataset_depth/000000000241-segment-10153695247769592104_787_000_807_000_with_camera_labels-10.png 1672 720 106
big_dataset_depth/000000000241-segment-10153695247769592104_787_000_807_000_with_camera_labels-10.png 1680 728 101
big_dataset_depth/000000000241-segment-10153695247769592104_787_000_807_000_with_camera_labels-10.png 1688 784 67
big_dataset_depth/000000000241-segment-10153695247769592104_787_000_807_000_with_camera_labels-10.png 1696 800 64
big_dataset_depth/000000000241-segment-10153695247769592104_787_000_807_000_with_camera_labels-10.png 1704 784 65
big_dataset_depth/000000000241-segment-10153695247769592104_787_000_807_000_with_camera_labels-10.png 1712 768 66
big_dataset_depth/000000000241-segment-10153695247769592104_787_000_807_000_with_camera_labels-10.png 1720 792 61
big_dataset_depth/000000000241-segment-10153695247769592104_787_000_807_000_with_camera_labels-10.png 1728 800 60
big_dataset_depth/000000000241-segment-10153695247769592104_787_000_807_000_with_camera_labels-10.png 1736 808 60
big_dataset_depth/000000000241-segment-10153695247769592104_787_000_807_000_with_camera_labels-10.png 1744 816 60
big_dataset_depth/000000000241-segment-10153695247769592104_787_000_807_000_with_camera_labels-10.png 1752 784 61
big_dataset_depth/000000000241-segment-10153695247769592104_787_000_807_000_with_camera_labels-10.png 1760 808 60
big_dataset_depth/000000000241-segment-10153695247769592104_787_000_807_000_with_camera_labels-10.png 1768 800 61
big_dataset_depth/000000000241-segment-10153695247769592104_787_000_807_000_with_camera_labels-10.png 1776 792 62
big_dataset_depth/000000000241-segment-10153695247769592104_787_000_807_000_with_camera_labels-10.png 1784 808 61
big_dataset_depth/000000000241-segment-10153695247769592104_787_000_807_000_with_camera_labels-10.png 1792 784 62
big_dataset_depth/000000000241-segment-10153695247769592104_787_000_807_000_with_camera_labels-10.png 1800 808 61
big_dataset_depth/000000000241-segment-10153695247769592104_787_000_807_000_with_camera_labels-10.png 1808 816 61
big_dataset_depth/000000000241-segment-10153695247769592104_787_000_807_000_with_camera_labels-10.png 1816 800 62
big_dataset_depth/000000000241-segment-10153695247769592104_787_000_807_000_with_camera_labels-10.png 1824 776 62
big_dataset_depth/000000000241-segment-10153695247769592104_787_000_807_000_with_camera_labels-10.png 1832 808 61
big_dataset_depth/000000000241-segment-10153695247769592104_787_000_807_000_with_camera_labels-10.png 1840 792 61
big_dataset_depth/000000000241-segment-10153695247769592104_787_000_807_000_with_camera_labels-10.png 1848 808 61
big_dataset_depth/000000000241-segment-10153695247769592104_787_000_807_000_with_camera_labels-10.png 1856 784 61
big_dataset_depth/000000000241-segment-10153695247769592104_787_000_807_000_with_camera_labels-10.png 1864 816 60
big_dataset_depth/000000000241-segment-10153695247769592104_787_000_807_000_with_camera_labels-10.png 1872 816 60
big_dataset_depth/000000000241-segment-10153695247769592104_787_000_807_000_with_camera_labels-10.png 1880 824 59
big_dataset_depth/000000000241-segment-10153695247769592104_787_000_807_000_with_camera_labels-10.png 1888 816 60
big_dataset_depth/000000000241-segment-10153695247769592104_787_000_807_000_with_camera_labels-10.png 1896 816 60
big_dataset_depth/000000000241-segment-10153695247769592104_787_000_807_000_with_camera_labels-10.png 1904 824 60
big_dataset_depth/000000000241-segment-10153695247769592104_787_000_807_000_with_camera_labels-10.png 1912 744 68
