big_dataset_depth/000000003366-segment-13667377240304615855_500_000_520_000_with_camera_labels-90.png 0 776 42
big_dataset_depth/000000003366-segment-13667377240304615855_500_000_520_000_with_camera_labels-90.png 8 784 41
big_dataset_depth/000000003366-segment-13667377240304615855_500_000_520_000_with_camera_labels-90.png 16 808 37
big_dataset_depth/000000003366-segment-13667377240304615855_500_000_520_000_with_camera_labels-90.png 24 760 44
big_dataset_depth/000000003366-segment-13667377240304615855_500_000_520_000_with_camera_labels-90.png 32 760 44
big_dataset_depth/000000003366-segment-13667377240304615855_500_000_520_000_with_camera_labels-90.png 40 816 37
big_dataset_depth/000000003366-segment-13667377240304615855_500_000_520_000_with_camera_labels-90.png 48 888 29
big_dataset_depth/000000003366-segment-13667377240304615855_500_000_520_000_with_camera_labels-90.png 56 872 29
big_dataset_depth/000000003366-segment-13667377240304615855_500_000_520_000_with_camera_labels-90.png 64 872 29
big_dataset_depth/000000003366-segment-13667377240304615855_500_000_520_000_with_camera_labels-90.png 72 872 29
big_dataset_depth/000000003366-segment-13667377240304615855_500_000_520_000_with_camera_labels-90.png 88 752 46
big_dataset_depth/000000003366-segment-13667377240304615855_500_000_520_000_with_camera_labels-90.png 96 792 39
big_dataset_depth/000000003366-segment-13667377240304615855_500_000_520_000_with_camera_labels-90.png 104 800 39
big_dataset_depth/000000003366-segment-13667377240304615855_500_000_520_000_with_camera_labels-90.png 112 872 30
big_dataset_depth/000000003366-segment-13667377240304615855_500_000_520_000_with_camera_labels-90.png 120 768 41
big_dataset_depth/000000003366-segment-13667377240304615855_500_000_520_000_with_camera_labels-90.png 128 768 41
big_dataset_depth/000000003366-segment-13667377240304615855_500_000_520_000_with_camera_labels-90.png 136 664 28
big_dataset_depth/000000003366-segment-13667377240304615855_500_000_520_000_with_camera_labels-90.png 152 744 51
big_dataset_depth/000000003366-segment-13667377240304615855_500_000_520_000_with_camera_labels-90.png 160 696 45
big_dataset_depth/000000003366-segment-13667377240304615855_500_000_520_000_with_camera_labels-90.png 168 712 60
big_dataset_depth/000000003366-segment-13667377240304615855_500_000_520_000_with_camera_labels-90.png 176 712 60
big_dataset_depth/000000003366-segment-13667377240304615855_500_000_520_000_with_camera_labels-90.png 184 712 60
big_dataset_depth/000000003366-segment-13667377240304615855_500_000_520_000_with_camera_labels-90.png 192 696 48
big_dataset_depth/000000003366-segment-13667377240304615855_500_000_520_000_with_camera_labels-90.png 200 720 60
big_dataset_depth/000000003366-segment-13667377240304615855_500_000_520_000_with_camera_labels-90.png 208 720 60
big_dataset_depth/000000003366-segment-13667377240304615855_500_000_520_000_with_camera_labels-90.png 216 720 60
big_dataset_depth/000000003366-segment-13667377240304615855_500_000_520_000_with_camera_labels-90.png 224 720 60
big_dataset_depth/000000003366-segment-13667377240304615855_500_000_520_000_with_camera_labels-90.png 232 712 60
big_dataset_depth/000000003366-segment-13667377240304615855_500_000_520_000_with_camera_labels-90.png 240 720 60
big_dataset_depth/000000003366-segment-13667377240304615855_500_000_520_000_with_camera_labels-90.png 248 744 48
big_dataset_depth/000000003366-segment-13667377240304615855_500_000_520_000_with_camera_labels-90.png 256 744 54
big_dataset_depth/000000003366-segment-13667377240304615855_500_000_520_000_with_camera_labels-90.png 264 800 37
big_dataset_depth/000000003366-segment-13667377240304615855_500_000_520_000_with_camera_labels-90.png 272 768 46
big_dataset_depth/000000003366-segment-13667377240304615855_500_000_520_000_with_camera_labels-90.png 280 808 37
big_dataset_depth/000000003366-segment-13667377240304615855_500_000_520_000_with_camera_labels-90.png 288 808 37
big_dataset_depth/000000003366-segment-13667377240304615855_500_000_520_000_with_camera_labels-90.png 296 800 37
big_dataset_depth/000000003366-segment-13667377240304615855_500_000_520_000_with_camera_labels-90.png 304 808 37
big_dataset_depth/000000003366-segment-13667377240304615855_500_000_520_000_with_camera_labels-90.png 312 808 37
big_dataset_depth/000000003366-segment-13667377240304615855_500_000_520_000_with_camera_labels-90.png 320 792 38
big_dataset_depth/000000003366-segment-13667377240304615855_500_000_520_000_with_camera_labels-90.png 328 792 39
big_dataset_depth/000000003366-segment-13667377240304615855_500_000_520_000_with_camera_labels-90.png 336 800 39
big_dataset_depth/000000003366-segment-13667377240304615855_500_000_520_000_with_camera_labels-90.png 344 712 64
big_dataset_depth/000000003366-segment-13667377240304615855_500_000_520_000_with_camera_labels-90.png 352 720 61
big_dataset_depth/000000003366-segment-13667377240304615855_500_000_520_000_with_camera_labels-90.png 360 712 64
big_dataset_depth/000000003366-segment-13667377240304615855_500_000_520_000_with_camera_labels-90.png 368 704 64
big_dataset_depth/000000003366-segment-13667377240304615855_500_000_520_000_with_camera_labels-90.png 376 712 64
big_dataset_depth/000000003366-segment-13667377240304615855_500_000_520_000_with_camera_labels-90.png 384 696 65
big_dataset_depth/000000003366-segment-13667377240304615855_500_000_520_000_with_camera_labels-90.png 392 688 71
big_dataset_depth/000000003366-segment-13667377240304615855_500_000_520_000_with_camera_labels-90.png 400 672 58
big_dataset_depth/000000003366-segment-13667377240304615855_500_000_520_000_with_camera_labels-90.png 408 696 72
big_dataset_depth/000000003366-segment-13667377240304615855_500_000_520_000_with_camera_labels-90.png 416 688 74
big_dataset_depth/000000003366-segment-13667377240304615855_500_000_520_000_with_camera_labels-90.png 424 688 76
big_dataset_depth/000000003366-segment-13667377240304615855_500_000_520_000_with_camera_labels-90.png 432 680 79
big_dataset_depth/000000003366-segment-13667377240304615855_500_000_520_000_with_camera_labels-90.png 440 680 79
big_dataset_depth/000000003366-segment-13667377240304615855_500_000_520_000_with_camera_labels-90.png 448 680 79
big_dataset_depth/000000003366-segment-13667377240304615855_500_000_520_000_with_camera_labels-90.png 456 656 80
big_dataset_depth/000000003366-segment-13667377240304615855_500_000_520_000_with_camera_labels-90.png 464 680 79
big_dataset_depth/000000003366-segment-13667377240304615855_500_000_520_000_with_camera_labels-90.png 472 672 79
big_dataset_depth/000000003366-segment-13667377240304615855_500_000_520_000_with_camera_labels-90.png 480 656 88
big_dataset_depth/000000003366-segment-13667377240304615855_500_000_520_000_with_camera_labels-90.png 488 680 83
big_dataset_depth/000000003366-segment-13667377240304615855_500_000_520_000_with_camera_labels-90.png 496 680 83
big_dataset_depth/000000003366-segment-13667377240304615855_500_000_520_000_with_camera_labels-90.png 504 664 87
big_dataset_depth/000000003366-segment-13667377240304615855_500_000_520_000_with_camera_labels-90.png 512 672 92
big_dataset_depth/000000003366-segment-13667377240304615855_500_000_520_000_with_camera_labels-90.png 520 672 92
big_dataset_depth/000000003366-segment-13667377240304615855_500_000_520_000_with_camera_labels-90.png 528 672 92
big_dataset_depth/000000003366-segment-13667377240304615855_500_000_520_000_with_camera_labels-90.png 536 664 76
big_dataset_depth/000000003366-segment-13667377240304615855_500_000_520_000_with_camera_labels-90.png 544 720 59
big_dataset_depth/000000003366-segment-13667377240304615855_500_000_520_000_with_camera_labels-90.png 552 712 60
big_dataset_depth/000000003366-segment-13667377240304615855_500_000_520_000_with_camera_labels-90.png 560 720 58
big_dataset_depth/000000003366-segment-13667377240304615855_500_000_520_000_with_camera_labels-90.png 568 712 55
big_dataset_depth/000000003366-segment-13667377240304615855_500_000_520_000_with_camera_labels-90.png 576 736 55
big_dataset_depth/000000003366-segment-13667377240304615855_500_000_520_000_with_camera_labels-90.png 584 736 55
big_dataset_depth/000000003366-segment-13667377240304615855_500_000_520_000_with_camera_labels-90.png 592 728 54
big_dataset_depth/000000003366-segment-13667377240304615855_500_000_520_000_with_camera_labels-90.png 600 728 54
big_dataset_depth/000000003366-segment-13667377240304615855_500_000_520_000_with_camera_labels-90.png 608 728 56
big_dataset_depth/000000003366-segment-13667377240304615855_500_000_520_000_with_camera_labels-90.png 616 728 54
big_dataset_depth/000000003366-segment-13667377240304615855_500_000_520_000_with_camera_labels-90.png 624 728 54
big_dataset_depth/000000003366-segment-13667377240304615855_500_000_520_000_with_camera_labels-90.png 632 728 54
big_dataset_depth/000000003366-segment-13667377240304615855_500_000_520_000_with_camera_labels-90.png 640 728 54
big_dataset_depth/000000003366-segment-13667377240304615855_500_000_520_000_with_camera_labels-90.png 648 728 54
big_dataset_depth/000000003366-segment-13667377240304615855_500_000_520_000_with_camera_labels-90.png 656 728 55
big_dataset_depth/000000003366-segment-13667377240304615855_500_000_520_000_with_camera_labels-90.png 664 744 55
big_dataset_depth/000000003366-segment-13667377240304615855_500_000_520_000_with_camera_labels-90.png 672 720 56
big_dataset_depth/000000003366-segment-13667377240304615855_500_000_520_000_with_camera_labels-90.png 680 720 58
big_dataset_depth/000000003366-segment-13667377240304615855_500_000_520_000_with_camera_labels-90.png 688 736 59
big_dataset_depth/000000003366-segment-13667377240304615855_500_000_520_000_with_camera_labels-90.png 696 720 65
big_dataset_depth/000000003366-segment-13667377240304615855_500_000_520_000_with_camera_labels-90.png 704 704 70
big_dataset_depth/000000003366-segment-13667377240304615855_500_000_520_000_with_camera_labels-90.png 712 704 70
big_dataset_depth/000000003366-segment-13667377240304615855_500_000_520_000_with_camera_labels-90.png 720 704 70
big_dataset_depth/000000003366-segment-13667377240304615855_500_000_520_000_with_camera_labels-90.png 728 688 72
big_dataset_depth/000000003366-segment-13667377240304615855_500_000_520_000_with_camera_labels-90.png 744 656 96
big_dataset_depth/000000003366-segment-13667377240304615855_500_000_520_000_with_camera_labels-90.png 752 664 90
big_dataset_depth/000000003366-segment-13667377240304615855_500_000_520_000_with_camera_labels-90.png 760 680 91
big_dataset_depth/000000003366-segment-13667377240304615855_500_000_520_000_with_camera_labels-90.png 768 568 104
big_dataset_depth/000000003366-segment-13667377240304615855_500_000_520_000_with_camera_labels-90.png 776 568 104
big_dataset_depth/000000003366-segment-13667377240304615855_500_000_520_000_with_camera_labels-90.png 784 560 106
big_dataset_depth/000000003366-segment-13667377240304615855_500_000_520_000_with_camera_labels-90.png 792 568 106
big_dataset_depth/000000003366-segment-13667377240304615855_500_000_520_000_with_camera_labels-90.png 800 560 105
big_dataset_depth/000000003366-segment-13667377240304615855_500_000_520_000_with_camera_labels-90.png 808 560 106
big_dataset_depth/000000003366-segment-13667377240304615855_500_000_520_000_with_camera_labels-90.png 816 576 107
big_dataset_depth/000000003366-segment-13667377240304615855_500_000_520_000_with_camera_labels-90.png 824 576 106
big_dataset_depth/000000003366-segment-13667377240304615855_500_000_520_000_with_camera_labels-90.png 832 568 107
big_dataset_depth/000000003366-segment-13667377240304615855_500_000_520_000_with_camera_labels-90.png 840 560 106
big_dataset_depth/000000003366-segment-13667377240304615855_500_000_520_000_with_camera_labels-90.png 1016 664 105
big_dataset_depth/000000003366-segment-13667377240304615855_500_000_520_000_with_camera_labels-90.png 1024 672 106
big_dataset_depth/000000003366-segment-13667377240304615855_500_000_520_000_with_camera_labels-90.png 1032 664 105
big_dataset_depth/000000003366-segment-13667377240304615855_500_000_520_000_with_camera_labels-90.png 1040 664 105
big_dataset_depth/000000003366-segment-13667377240304615855_500_000_520_000_with_camera_labels-90.png 1048 664 104
big_dataset_depth/000000003366-segment-13667377240304615855_500_000_520_000_with_camera_labels-90.png 1056 664 105
big_dataset_depth/000000003366-segment-13667377240304615855_500_000_520_000_with_camera_labels-90.png 1064 712 66
big_dataset_depth/000000003366-segment-13667377240304615855_500_000_520_000_with_camera_labels-90.png 1072 712 66
big_dataset_depth/000000003366-segment-13667377240304615855_500_000_520_000_with_camera_labels-90.png 1080 720 63
big_dataset_depth/000000003366-segment-13667377240304615855_500_000_520_000_with_camera_labels-90.png 1088 728 58
big_dataset_depth/000000003366-segment-13667377240304615855_500_000_520_000_with_camera_labels-90.png 1096 752 53
big_dataset_depth/000000003366-segment-13667377240304615855_500_000_520_000_with_camera_labels-90.png 1104 760 51
big_dataset_depth/000000003366-segment-13667377240304615855_500_000_520_000_with_camera_labels-90.png 1112 720 49
big_dataset_depth/000000003366-segment-13667377240304615855_500_000_520_000_with_camera_labels-90.png 1120 768 47
big_dataset_depth/000000003366-segment-13667377240304615855_500_000_520_000_with_camera_labels-90.png 1128 768 47
big_dataset_depth/000000003366-segment-13667377240304615855_500_000_520_000_with_camera_labels-90.png 1136 760 46
big_dataset_depth/000000003366-segment-13667377240304615855_500_000_520_000_with_camera_labels-90.png 1144 736 46
big_dataset_depth/000000003366-segment-13667377240304615855_500_000_520_000_with_camera_labels-90.png 1152 736 46
big_dataset_depth/000000003366-segment-13667377240304615855_500_000_520_000_with_camera_labels-90.png 1160 752 46
big_dataset_depth/000000003366-segment-13667377240304615855_500_000_520_000_with_camera_labels-90.png 1168 752 46
big_dataset_depth/000000003366-segment-13667377240304615855_500_000_520_000_with_camera_labels-90.png 1176 752 46
big_dataset_depth/000000003366-segment-13667377240304615855_500_000_520_000_with_camera_labels-90.png 1184 768 46
big_dataset_depth/000000003366-segment-13667377240304615855_500_000_520_000_with_camera_labels-90.png 1192 752 46
big_dataset_depth/000000003366-segment-13667377240304615855_500_000_520_000_with_camera_labels-90.png 1200 768 46
big_dataset_depth/000000003366-segment-13667377240304615855_500_000_520_000_with_camera_labels-90.png 1208 752 46
big_dataset_depth/000000003366-segment-13667377240304615855_500_000_520_000_with_camera_labels-90.png 1216 760 47
big_dataset_depth/000000003366-segment-13667377240304615855_500_000_520_000_with_camera_labels-90.png 1224 768 47
big_dataset_depth/000000003366-segment-13667377240304615855_500_000_520_000_with_camera_labels-90.png 1232 768 47
big_dataset_depth/000000003366-segment-13667377240304615855_500_000_520_000_with_camera_labels-90.png 1240 760 47
big_dataset_depth/000000003366-segment-13667377240304615855_500_000_520_000_with_camera_labels-90.png 1248 712 64
big_dataset_depth/000000003366-segment-13667377240304615855_500_000_520_000_with_camera_labels-90.png 1256 704 70
big_dataset_depth/000000003366-segment-13667377240304615855_500_000_520_000_with_camera_labels-90.png 1264 712 68
big_dataset_depth/000000003366-segment-13667377240304615855_500_000_520_000_with_camera_labels-90.png 1272 712 68
big_dataset_depth/000000003366-segment-13667377240304615855_500_000_520_000_with_camera_labels-90.png 1280 696 68
big_dataset_depth/000000003366-segment-13667377240304615855_500_000_520_000_with_camera_labels-90.png 1288 696 68
big_dataset_depth/000000003366-segment-13667377240304615855_500_000_520_000_with_camera_labels-90.png 1296 704 66
big_dataset_depth/000000003366-segment-13667377240304615855_500_000_520_000_with_camera_labels-90.png 1304 704 68
big_dataset_depth/000000003366-segment-13667377240304615855_500_000_520_000_with_camera_labels-90.png 1312 704 68
big_dataset_depth/000000003366-segment-13667377240304615855_500_000_520_000_with_camera_labels-90.png 1320 696 68
big_dataset_depth/000000003366-segment-13667377240304615855_500_000_520_000_with_camera_labels-90.png 1328 712 63
big_dataset_depth/000000003366-segment-13667377240304615855_500_000_520_000_with_camera_labels-90.png 1336 728 57
big_dataset_depth/000000003366-segment-13667377240304615855_500_000_520_000_with_camera_labels-90.png 1344 712 63
big_dataset_depth/000000003366-segment-13667377240304615855_500_000_520_000_with_camera_labels-90.png 1352 720 61
big_dataset_depth/000000003366-segment-13667377240304615855_500_000_520_000_with_camera_labels-90.png 1360 736 56
big_dataset_depth/000000003366-segment-13667377240304615855_500_000_520_000_with_camera_labels-90.png 1368 744 56
big_dataset_depth/000000003366-segment-13667377240304615855_500_000_520_000_with_camera_labels-90.png 1376 680 58
big_dataset_depth/000000003366-segment-13667377240304615855_500_000_520_000_with_camera_labels-90.png 1384 840 34
big_dataset_depth/000000003366-segment-13667377240304615855_500_000_520_000_with_camera_labels-90.png 1392 744 32
big_dataset_depth/000000003366-segment-13667377240304615855_500_000_520_000_with_camera_labels-90.png 1400 776 32
big_dataset_depth/000000003366-segment-13667377240304615855_500_000_520_000_with_camera_labels-90.png 1408 840 32
big_dataset_depth/000000003366-segment-13667377240304615855_500_000_520_000_with_camera_labels-90.png 1416 808 32
big_dataset_depth/000000003366-segment-13667377240304615855_500_000_520_000_with_camera_labels-90.png 1424 800 31
big_dataset_depth/000000003366-segment-13667377240304615855_500_000_520_000_with_camera_labels-90.png 1432 824 32
big_dataset_depth/000000003366-segment-13667377240304615855_500_000_520_000_with_camera_labels-90.png 1440 832 31
big_dataset_depth/000000003366-segment-13667377240304615855_500_000_520_000_with_camera_labels-90.png 1448 832 31
big_dataset_depth/000000003366-segment-13667377240304615855_500_000_520_000_with_camera_labels-90.png 1456 840 32
big_dataset_depth/000000003366-segment-13667377240304615855_500_000_520_000_with_camera_labels-90.png 1464 832 31
big_dataset_depth/000000003366-segment-13667377240304615855_500_000_520_000_with_camera_labels-90.png 1472 840 32
big_dataset_depth/000000003366-segment-13667377240304615855_500_000_520_000_with_camera_labels-90.png 1480 840 32
big_dataset_depth/000000003366-segment-13667377240304615855_500_000_520_000_with_camera_labels-90.png 1488 840 31
big_dataset_depth/000000003366-segment-13667377240304615855_500_000_520_000_with_camera_labels-90.png 1496 832 31
big_dataset_depth/000000003366-segment-13667377240304615855_500_000_520_000_with_camera_labels-90.png 1504 840 32
big_dataset_depth/000000003366-segment-13667377240304615855_500_000_520_000_with_camera_labels-90.png 1512 816 31
big_dataset_depth/000000003366-segment-13667377240304615855_500_000_520_000_with_camera_labels-90.png 1520 840 32
big_dataset_depth/000000003366-segment-13667377240304615855_500_000_520_000_with_camera_labels-90.png 1528 808 31
big_dataset_depth/000000003366-segment-13667377240304615855_500_000_520_000_with_camera_labels-90.png 1536 832 32
big_dataset_depth/000000003366-segment-13667377240304615855_500_000_520_000_with_camera_labels-90.png 1544 800 32
big_dataset_depth/000000003366-segment-13667377240304615855_500_000_520_000_with_camera_labels-90.png 1552 792 32
big_dataset_depth/000000003366-segment-13667377240304615855_500_000_520_000_with_camera_labels-90.png 1568 712 38
big_dataset_depth/000000003366-segment-13667377240304615855_500_000_520_000_with_camera_labels-90.png 1576 936 25
big_dataset_depth/000000003366-segment-13667377240304615855_500_000_520_000_with_camera_labels-90.png 1584 920 25
big_dataset_depth/000000003366-segment-13667377240304615855_500_000_520_000_with_camera_labels-90.png 1592 904 26
big_dataset_depth/000000003366-segment-13667377240304615855_500_000_520_000_with_camera_labels-90.png 1600 904 26
big_dataset_depth/000000003366-segment-13667377240304615855_500_000_520_000_with_camera_labels-90.png 1608 952 24
big_dataset_depth/000000003366-segment-13667377240304615855_500_000_520_000_with_camera_labels-90.png 1624 920 25
big_dataset_depth/000000003366-segment-13667377240304615855_500_000_520_000_with_camera_labels-90.png 1632 872 26
big_dataset_depth/000000003366-segment-13667377240304615855_500_000_520_000_with_camera_labels-90.png 1640 968 23
big_dataset_depth/000000003366-segment-13667377240304615855_500_000_520_000_with_camera_labels-90.png 1648 968 23
big_dataset_depth/000000003366-segment-13667377240304615855_500_000_520_000_with_camera_labels-90.png 1656 968 23
big_dataset_depth/000000003366-segment-13667377240304615855_500_000_520_000_with_camera_labels-90.png 1664 928 24
big_dataset_depth/000000003366-segment-13667377240304615855_500_000_520_000_with_camera_labels-90.png 1680 960 23
big_dataset_depth/000000003366-segment-13667377240304615855_500_000_520_000_with_camera_labels-90.png 1688 952 23
big_dataset_depth/000000003366-segment-13667377240304615855_500_000_520_000_with_camera_labels-90.png 1696 880 28
big_dataset_depth/000000003366-segment-13667377240304615855_500_000_520_000_with_camera_labels-90.png 1704 920 24
big_dataset_depth/000000003366-segment-13667377240304615855_500_000_520_000_with_camera_labels-90.png 1712 784 35
big_dataset_depth/000000003366-segment-13667377240304615855_500_000_520_000_with_camera_labels-90.png 1720 936 22
big_dataset_depth/000000003366-segment-13667377240304615855_500_000_520_000_with_camera_labels-90.png 1728 976 22
big_dataset_depth/000000003366-segment-13667377240304615855_500_000_520_000_with_camera_labels-90.png 1744 960 22
big_dataset_depth/000000003366-segment-13667377240304615855_500_000_520_000_with_camera_labels-90.png 1752 960 22
big_dataset_depth/000000003366-segment-13667377240304615855_500_000_520_000_with_camera_labels-90.png 1768 968 22
big_dataset_depth/000000003366-segment-13667377240304615855_500_000_520_000_with_camera_labels-90.png 1776 1000 21
big_dataset_depth/000000003366-segment-13667377240304615855_500_000_520_000_with_camera_labels-90.png 1784 976 21
big_dataset_depth/000000003366-segment-13667377240304615855_500_000_520_000_with_camera_labels-90.png 1792 976 21
big_dataset_depth/000000003366-segment-13667377240304615855_500_000_520_000_with_camera_labels-90.png 1800 960 22
big_dataset_depth/000000003366-segment-13667377240304615855_500_000_520_000_with_camera_labels-90.png 1808 1048 19
big_dataset_depth/000000003366-segment-13667377240304615855_500_000_520_000_with_camera_labels-90.png 1816 1056 19
big_dataset_depth/000000003366-segment-13667377240304615855_500_000_520_000_with_camera_labels-90.png 1824 1024 20
big_dataset_depth/000000003366-segment-13667377240304615855_500_000_520_000_with_camera_labels-90.png 1832 976 21
big_dataset_depth/000000003366-segment-13667377240304615855_500_000_520_000_with_camera_labels-90.png 1856 1072 18
big_dataset_depth/000000003366-segment-13667377240304615855_500_000_520_000_with_camera_labels-90.png 1864 992 24
big_dataset_depth/000000003366-segment-13667377240304615855_500_000_520_000_with_camera_labels-90.png 1872 1048 19
big_dataset_depth/000000003366-segment-13667377240304615855_500_000_520_000_with_camera_labels-90.png 1880 1048 19
big_dataset_depth/000000003366-segment-13667377240304615855_500_000_520_000_with_camera_labels-90.png 1888 1032 19
big_dataset_depth/000000003366-segment-13667377240304615855_500_000_520_000_with_camera_labels-90.png 1896 880 27
big_dataset_depth/000000003366-segment-13667377240304615855_500_000_520_000_with_camera_labels-90.png 1904 936 25
big_dataset_depth/000000003366-segment-13667377240304615855_500_000_520_000_with_camera_labels-90.png 1912 952 25
