big_dataset_depth/000000000610-segment-10526338824408452410_5714_660_5734_660_with_camera_labels-100.png 0 752 47
big_dataset_depth/000000000610-segment-10526338824408452410_5714_660_5734_660_with_camera_labels-100.png 8 744 54
big_dataset_depth/000000000610-segment-10526338824408452410_5714_660_5734_660_with_camera_labels-100.png 16 776 48
big_dataset_depth/000000000610-segment-10526338824408452410_5714_660_5734_660_with_camera_labels-100.png 24 776 48
big_dataset_depth/000000000610-segment-10526338824408452410_5714_660_5734_660_with_camera_labels-100.png 32 776 47
big_dataset_depth/000000000610-segment-10526338824408452410_5714_660_5734_660_with_camera_labels-100.png 40 776 46
big_dataset_depth/000000000610-segment-10526338824408452410_5714_660_5734_660_with_camera_labels-100.png 48 784 46
big_dataset_depth/000000000610-segment-10526338824408452410_5714_660_5734_660_with_camera_labels-100.png 56 792 45
big_dataset_depth/000000000610-segment-10526338824408452410_5714_660_5734_660_with_camera_labels-100.png 64 784 45
big_dataset_depth/000000000610-segment-10526338824408452410_5714_660_5734_660_with_camera_labels-100.png 72 784 45
big_dataset_depth/000000000610-segment-10526338824408452410_5714_660_5734_660_with_camera_labels-100.png 80 784 45
big_dataset_depth/000000000610-segment-10526338824408452410_5714_660_5734_660_with_camera_labels-100.png 88 784 45
big_dataset_depth/000000000610-segment-10526338824408452410_5714_660_5734_660_with_camera_labels-100.png 96 784 45
big_dataset_depth/000000000610-segment-10526338824408452410_5714_660_5734_660_with_camera_labels-100.png 104 784 45
big_dataset_depth/000000000610-segment-10526338824408452410_5714_660_5734_660_with_camera_labels-100.png 112 784 45
big_dataset_depth/000000000610-segment-10526338824408452410_5714_660_5734_660_with_camera_labels-100.png 120 784 45
big_dataset_depth/000000000610-segment-10526338824408452410_5714_660_5734_660_with_camera_labels-100.png 128 792 44
big_dataset_depth/000000000610-segment-10526338824408452410_5714_660_5734_660_with_camera_labels-100.png 136 760 46
big_dataset_depth/000000000610-segment-10526338824408452410_5714_660_5734_660_with_camera_labels-100.png 144 784 46
big_dataset_depth/000000000610-segment-10526338824408452410_5714_660_5734_660_with_camera_labels-100.png 152 784 46
big_dataset_depth/000000000610-segment-10526338824408452410_5714_660_5734_660_with_camera_labels-100.png 160 768 47
big_dataset_depth/000000000610-segment-10526338824408452410_5714_660_5734_660_with_camera_labels-100.png 176 776 48
big_dataset_depth/000000000610-segment-10526338824408452410_5714_660_5734_660_with_camera_labels-100.png 184 760 47
big_dataset_depth/000000000610-segment-10526338824408452410_5714_660_5734_660_with_camera_labels-100.png 192 736 49
big_dataset_depth/000000000610-segment-10526338824408452410_5714_660_5734_660_with_camera_labels-100.png 200 776 48
big_dataset_depth/000000000610-segment-10526338824408452410_5714_660_5734_660_with_camera_labels-100.png 208 752 49
big_dataset_depth/000000000610-segment-10526338824408452410_5714_660_5734_660_with_camera_labels-100.png 216 776 48
big_dataset_depth/000000000610-segment-10526338824408452410_5714_660_5734_660_with_camera_labels-100.png 224 768 47
big_dataset_depth/000000000610-segment-10526338824408452410_5714_660_5734_660_with_camera_labels-100.png 232 768 47
big_dataset_depth/000000000610-segment-10526338824408452410_5714_660_5734_660_with_camera_labels-100.png 240 736 49
big_dataset_depth/000000000610-segment-10526338824408452410_5714_660_5734_660_with_camera_labels-100.png 248 768 47
big_dataset_depth/000000000610-segment-10526338824408452410_5714_660_5734_660_with_camera_labels-100.png 256 760 48
big_dataset_depth/000000000610-segment-10526338824408452410_5714_660_5734_660_with_camera_labels-100.png 264 768 48
big_dataset_depth/000000000610-segment-10526338824408452410_5714_660_5734_660_with_camera_labels-100.png 272 776 48
big_dataset_depth/000000000610-segment-10526338824408452410_5714_660_5734_660_with_camera_labels-100.png 280 768 49
big_dataset_depth/000000000610-segment-10526338824408452410_5714_660_5734_660_with_camera_labels-100.png 288 760 49
big_dataset_depth/000000000610-segment-10526338824408452410_5714_660_5734_660_with_camera_labels-100.png 296 760 48
big_dataset_depth/000000000610-segment-10526338824408452410_5714_660_5734_660_with_camera_labels-100.png 304 744 48
big_dataset_depth/000000000610-segment-10526338824408452410_5714_660_5734_660_with_camera_labels-100.png 312 768 49
big_dataset_depth/000000000610-segment-10526338824408452410_5714_660_5734_660_with_camera_labels-100.png 320 760 49
big_dataset_depth/000000000610-segment-10526338824408452410_5714_660_5734_660_with_camera_labels-100.png 328 760 49
big_dataset_depth/000000000610-segment-10526338824408452410_5714_660_5734_660_with_camera_labels-100.png 336 760 49
big_dataset_depth/000000000610-segment-10526338824408452410_5714_660_5734_660_with_camera_labels-100.png 344 736 49
big_dataset_depth/000000000610-segment-10526338824408452410_5714_660_5734_660_with_camera_labels-100.png 352 736 49
big_dataset_depth/000000000610-segment-10526338824408452410_5714_660_5734_660_with_camera_labels-100.png 360 720 68
big_dataset_depth/000000000610-segment-10526338824408452410_5714_660_5734_660_with_camera_labels-100.png 368 720 67
big_dataset_depth/000000000610-segment-10526338824408452410_5714_660_5734_660_with_camera_labels-100.png 376 720 68
big_dataset_depth/000000000610-segment-10526338824408452410_5714_660_5734_660_with_camera_labels-100.png 384 720 67
big_dataset_depth/000000000610-segment-10526338824408452410_5714_660_5734_660_with_camera_labels-100.png 392 712 67
big_dataset_depth/000000000610-segment-10526338824408452410_5714_660_5734_660_with_camera_labels-100.png 400 728 67
big_dataset_depth/000000000610-segment-10526338824408452410_5714_660_5734_660_with_camera_labels-100.png 408 720 67
big_dataset_depth/000000000610-segment-10526338824408452410_5714_660_5734_660_with_camera_labels-100.png 416 720 67
big_dataset_depth/000000000610-segment-10526338824408452410_5714_660_5734_660_with_camera_labels-100.png 424 720 67
big_dataset_depth/000000000610-segment-10526338824408452410_5714_660_5734_660_with_camera_labels-100.png 432 704 69
big_dataset_depth/000000000610-segment-10526338824408452410_5714_660_5734_660_with_camera_labels-100.png 440 720 67
big_dataset_depth/000000000610-segment-10526338824408452410_5714_660_5734_660_with_camera_labels-100.png 448 728 67
big_dataset_depth/000000000610-segment-10526338824408452410_5714_660_5734_660_with_camera_labels-100.png 456 720 68
big_dataset_depth/000000000610-segment-10526338824408452410_5714_660_5734_660_with_camera_labels-100.png 464 696 75
big_dataset_depth/000000000610-segment-10526338824408452410_5714_660_5734_660_with_camera_labels-100.png 472 712 82
big_dataset_depth/000000000610-segment-10526338824408452410_5714_660_5734_660_with_camera_labels-100.png 480 712 75
big_dataset_depth/000000000610-segment-10526338824408452410_5714_660_5734_660_with_camera_labels-100.png 488 720 72
big_dataset_depth/000000000610-segment-10526338824408452410_5714_660_5734_660_with_camera_labels-100.png 496 728 69
big_dataset_depth/000000000610-segment-10526338824408452410_5714_660_5734_660_with_camera_labels-100.png 504 720 72
big_dataset_depth/000000000610-segment-10526338824408452410_5714_660_5734_660_with_camera_labels-100.png 512 704 81
big_dataset_depth/000000000610-segment-10526338824408452410_5714_660_5734_660_with_camera_labels-100.png 520 696 81
big_dataset_depth/000000000610-segment-10526338824408452410_5714_660_5734_660_with_camera_labels-100.png 528 696 81
big_dataset_depth/000000000610-segment-10526338824408452410_5714_660_5734_660_with_camera_labels-100.png 536 696 81
big_dataset_depth/000000000610-segment-10526338824408452410_5714_660_5734_660_with_camera_labels-100.png 544 712 81
big_dataset_depth/000000000610-segment-10526338824408452410_5714_660_5734_660_with_camera_labels-100.png 552 704 81
big_dataset_depth/000000000610-segment-10526338824408452410_5714_660_5734_660_with_camera_labels-100.png 560 704 81
big_dataset_depth/000000000610-segment-10526338824408452410_5714_660_5734_660_with_camera_labels-100.png 568 680 86
big_dataset_depth/000000000610-segment-10526338824408452410_5714_660_5734_660_with_camera_labels-100.png 576 696 81
big_dataset_depth/000000000610-segment-10526338824408452410_5714_660_5734_660_with_camera_labels-100.png 584 648 96
big_dataset_depth/000000000610-segment-10526338824408452410_5714_660_5734_660_with_camera_labels-100.png 592 688 101
big_dataset_depth/000000000610-segment-10526338824408452410_5714_660_5734_660_with_camera_labels-100.png 600 680 107
big_dataset_depth/000000000610-segment-10526338824408452410_5714_660_5734_660_with_camera_labels-100.png 608 688 103
big_dataset_depth/000000000610-segment-10526338824408452410_5714_660_5734_660_with_camera_labels-100.png 616 680 107
big_dataset_depth/000000000610-segment-10526338824408452410_5714_660_5734_660_with_camera_labels-100.png 624 680 107
big_dataset_depth/000000000610-segment-10526338824408452410_5714_660_5734_660_with_camera_labels-100.png 632 680 107
big_dataset_depth/000000000610-segment-10526338824408452410_5714_660_5734_660_with_camera_labels-100.png 640 680 107
big_dataset_depth/000000000610-segment-10526338824408452410_5714_660_5734_660_with_camera_labels-100.png 648 680 107
big_dataset_depth/000000000610-segment-10526338824408452410_5714_660_5734_660_with_camera_labels-100.png 656 680 107
big_dataset_depth/000000000610-segment-10526338824408452410_5714_660_5734_660_with_camera_labels-100.png 664 680 107
big_dataset_depth/000000000610-segment-10526338824408452410_5714_660_5734_660_with_camera_labels-100.png 672 680 107
big_dataset_depth/000000000610-segment-10526338824408452410_5714_660_5734_660_with_camera_labels-100.png 680 688 104
big_dataset_depth/000000000610-segment-10526338824408452410_5714_660_5734_660_with_camera_labels-100.png 696 680 107
big_dataset_depth/000000000610-segment-10526338824408452410_5714_660_5734_660_with_camera_labels-100.png 712 680 108
big_dataset_depth/000000000610-segment-10526338824408452410_5714_660_5734_660_with_camera_labels-100.png 720 680 109
big_dataset_depth/000000000610-segment-10526338824408452410_5714_660_5734_660_with_camera_labels-100.png 776 776 46
big_dataset_depth/000000000610-segment-10526338824408452410_5714_660_5734_660_with_camera_labels-100.png 784 776 46
big_dataset_depth/000000000610-segment-10526338824408452410_5714_660_5734_660_with_camera_labels-100.png 1048 696 80
big_dataset_depth/000000000610-segment-10526338824408452410_5714_660_5734_660_with_camera_labels-100.png 1064 712 80
big_dataset_depth/000000000610-segment-10526338824408452410_5714_660_5734_660_with_camera_labels-100.png 1072 696 87
big_dataset_depth/000000000610-segment-10526338824408452410_5714_660_5734_660_with_camera_labels-100.png 1080 688 101
big_dataset_depth/000000000610-segment-10526338824408452410_5714_660_5734_660_with_camera_labels-100.png 1088 680 101
big_dataset_depth/000000000610-segment-10526338824408452410_5714_660_5734_660_with_camera_labels-100.png 1120 704 87
big_dataset_depth/000000000610-segment-10526338824408452410_5714_660_5734_660_with_camera_labels-100.png 1128 696 91
big_dataset_depth/000000000610-segment-10526338824408452410_5714_660_5734_660_with_camera_labels-100.png 1136 608 84
big_dataset_depth/000000000610-segment-10526338824408452410_5714_660_5734_660_with_camera_labels-100.png 1144 688 82
big_dataset_depth/000000000610-segment-10526338824408452410_5714_660_5734_660_with_camera_labels-100.png 1152 672 82
big_dataset_depth/000000000610-segment-10526338824408452410_5714_660_5734_660_with_camera_labels-100.png 1160 704 81
big_dataset_depth/000000000610-segment-10526338824408452410_5714_660_5734_660_with_camera_labels-100.png 1168 608 46
big_dataset_depth/000000000610-segment-10526338824408452410_5714_660_5734_660_with_camera_labels-100.png 1176 640 47
big_dataset_depth/000000000610-segment-10526338824408452410_5714_660_5734_660_with_camera_labels-100.png 1184 656 74
big_dataset_depth/000000000610-segment-10526338824408452410_5714_660_5734_660_with_camera_labels-100.png 1192 664 63
big_dataset_depth/000000000610-segment-10526338824408452410_5714_660_5734_660_with_camera_labels-100.png 1200 680 100
big_dataset_depth/000000000610-segment-10526338824408452410_5714_660_5734_660_with_camera_labels-100.png 1208 680 100
big_dataset_depth/000000000610-segment-10526338824408452410_5714_660_5734_660_with_camera_labels-100.png 1216 680 102
big_dataset_depth/000000000610-segment-10526338824408452410_5714_660_5734_660_with_camera_labels-100.png 1224 672 102
big_dataset_depth/000000000610-segment-10526338824408452410_5714_660_5734_660_with_camera_labels-100.png 1232 664 72
big_dataset_depth/000000000610-segment-10526338824408452410_5714_660_5734_660_with_camera_labels-100.png 1240 688 90
big_dataset_depth/000000000610-segment-10526338824408452410_5714_660_5734_660_with_camera_labels-100.png 1248 696 85
big_dataset_depth/000000000610-segment-10526338824408452410_5714_660_5734_660_with_camera_labels-100.png 1256 744 46
big_dataset_depth/000000000610-segment-10526338824408452410_5714_660_5734_660_with_camera_labels-100.png 1264 752 47
big_dataset_depth/000000000610-segment-10526338824408452410_5714_660_5734_660_with_camera_labels-100.png 1272 760 47
big_dataset_depth/000000000610-segment-10526338824408452410_5714_660_5734_660_with_camera_labels-100.png 1280 760 46
big_dataset_depth/000000000610-segment-10526338824408452410_5714_660_5734_660_with_camera_labels-100.png 1288 760 46
big_dataset_depth/000000000610-segment-10526338824408452410_5714_660_5734_660_with_camera_labels-100.png 1296 760 46
big_dataset_depth/000000000610-segment-10526338824408452410_5714_660_5734_660_with_camera_labels-100.png 1304 760 46
big_dataset_depth/000000000610-segment-10526338824408452410_5714_660_5734_660_with_camera_labels-100.png 1312 752 46
big_dataset_depth/000000000610-segment-10526338824408452410_5714_660_5734_660_with_camera_labels-100.png 1320 752 46
big_dataset_depth/000000000610-segment-10526338824408452410_5714_660_5734_660_with_camera_labels-100.png 1328 752 46
big_dataset_depth/000000000610-segment-10526338824408452410_5714_660_5734_660_with_camera_labels-100.png 1336 752 46
big_dataset_depth/000000000610-segment-10526338824408452410_5714_660_5734_660_with_camera_labels-100.png 1344 752 46
big_dataset_depth/000000000610-segment-10526338824408452410_5714_660_5734_660_with_camera_labels-100.png 1352 728 54
big_dataset_depth/000000000610-segment-10526338824408452410_5714_660_5734_660_with_camera_labels-100.png 1360 728 48
big_dataset_depth/000000000610-segment-10526338824408452410_5714_660_5734_660_with_camera_labels-100.png 1368 720 55
big_dataset_depth/000000000610-segment-10526338824408452410_5714_660_5734_660_with_camera_labels-100.png 1376 736 48
big_dataset_depth/000000000610-segment-10526338824408452410_5714_660_5734_660_with_camera_labels-100.png 1384 752 47
big_dataset_depth/000000000610-segment-10526338824408452410_5714_660_5734_660_with_camera_labels-100.png 1392 736 46
big_dataset_depth/000000000610-segment-10526338824408452410_5714_660_5734_660_with_camera_labels-100.png 1400 752 45
big_dataset_depth/000000000610-segment-10526338824408452410_5714_660_5734_660_with_camera_labels-100.png 1408 760 44
big_dataset_depth/000000000610-segment-10526338824408452410_5714_660_5734_660_with_camera_labels-100.png 1416 760 45
big_dataset_depth/000000000610-segment-10526338824408452410_5714_660_5734_660_with_camera_labels-100.png 1424 752 45
big_dataset_depth/000000000610-segment-10526338824408452410_5714_660_5734_660_with_camera_labels-100.png 1432 760 46
big_dataset_depth/000000000610-segment-10526338824408452410_5714_660_5734_660_with_camera_labels-100.png 1440 752 47
big_dataset_depth/000000000610-segment-10526338824408452410_5714_660_5734_660_with_camera_labels-100.png 1448 752 46
big_dataset_depth/000000000610-segment-10526338824408452410_5714_660_5734_660_with_camera_labels-100.png 1456 752 47
big_dataset_depth/000000000610-segment-10526338824408452410_5714_660_5734_660_with_camera_labels-100.png 1464 736 51
big_dataset_depth/000000000610-segment-10526338824408452410_5714_660_5734_660_with_camera_labels-100.png 1472 752 45
big_dataset_depth/000000000610-segment-10526338824408452410_5714_660_5734_660_with_camera_labels-100.png 1480 736 50
big_dataset_depth/000000000610-segment-10526338824408452410_5714_660_5734_660_with_camera_labels-100.png 1488 752 46
big_dataset_depth/000000000610-segment-10526338824408452410_5714_660_5734_660_with_camera_labels-100.png 1496 760 43
big_dataset_depth/000000000610-segment-10526338824408452410_5714_660_5734_660_with_camera_labels-100.png 1504 776 43
big_dataset_depth/000000000610-segment-10526338824408452410_5714_660_5734_660_with_camera_labels-100.png 1512 776 42
big_dataset_depth/000000000610-segment-10526338824408452410_5714_660_5734_660_with_camera_labels-100.png 1520 776 42
big_dataset_depth/000000000610-segment-10526338824408452410_5714_660_5734_660_with_camera_labels-100.png 1528 776 42
big_dataset_depth/000000000610-segment-10526338824408452410_5714_660_5734_660_with_camera_labels-100.png 1536 776 42
big_dataset_depth/000000000610-segment-10526338824408452410_5714_660_5734_660_with_camera_labels-100.png 1544 776 42
big_dataset_depth/000000000610-segment-10526338824408452410_5714_660_5734_660_with_camera_labels-100.png 1552 776 42
big_dataset_depth/000000000610-segment-10526338824408452410_5714_660_5734_660_with_camera_labels-100.png 1560 768 43
big_dataset_depth/000000000610-segment-10526338824408452410_5714_660_5734_660_with_camera_labels-100.png 1568 736 49
big_dataset_depth/000000000610-segment-10526338824408452410_5714_660_5734_660_with_camera_labels-100.png 1576 752 46
big_dataset_depth/000000000610-segment-10526338824408452410_5714_660_5734_660_with_camera_labels-100.png 1584 736 48
big_dataset_depth/000000000610-segment-10526338824408452410_5714_660_5734_660_with_camera_labels-100.png 1592 752 45
big_dataset_depth/000000000610-segment-10526338824408452410_5714_660_5734_660_with_camera_labels-100.png 1600 736 46
big_dataset_depth/000000000610-segment-10526338824408452410_5714_660_5734_660_with_camera_labels-100.png 1608 760 45
big_dataset_depth/000000000610-segment-10526338824408452410_5714_660_5734_660_with_camera_labels-100.png 1616 760 45
big_dataset_depth/000000000610-segment-10526338824408452410_5714_660_5734_660_with_camera_labels-100.png 1624 744 46
big_dataset_depth/000000000610-segment-10526338824408452410_5714_660_5734_660_with_camera_labels-100.png 1632 688 55
big_dataset_depth/000000000610-segment-10526338824408452410_5714_660_5734_660_with_camera_labels-100.png 1640 760 42
big_dataset_depth/000000000610-segment-10526338824408452410_5714_660_5734_660_with_camera_labels-100.png 1648 760 44
big_dataset_depth/000000000610-segment-10526338824408452410_5714_660_5734_660_with_camera_labels-100.png 1656 744 48
big_dataset_depth/000000000610-segment-10526338824408452410_5714_660_5734_660_with_camera_labels-100.png 1664 760 45
big_dataset_depth/000000000610-segment-10526338824408452410_5714_660_5734_660_with_camera_labels-100.png 1672 760 45
big_dataset_depth/000000000610-segment-10526338824408452410_5714_660_5734_660_with_camera_labels-100.png 1680 760 45
big_dataset_depth/000000000610-segment-10526338824408452410_5714_660_5734_660_with_camera_labels-100.png 1688 760 45
big_dataset_depth/000000000610-segment-10526338824408452410_5714_660_5734_660_with_camera_labels-100.png 1704 776 42
big_dataset_depth/000000000610-segment-10526338824408452410_5714_660_5734_660_with_camera_labels-100.png 1712 800 40
big_dataset_depth/000000000610-segment-10526338824408452410_5714_660_5734_660_with_camera_labels-100.png 1720 776 42
big_dataset_depth/000000000610-segment-10526338824408452410_5714_660_5734_660_with_camera_labels-100.png 1728 800 40
big_dataset_depth/000000000610-segment-10526338824408452410_5714_660_5734_660_with_camera_labels-100.png 1736 800 40
big_dataset_depth/000000000610-segment-10526338824408452410_5714_660_5734_660_with_camera_labels-100.png 1744 800 40
big_dataset_depth/000000000610-segment-10526338824408452410_5714_660_5734_660_with_camera_labels-100.png 1752 800 40
big_dataset_depth/000000000610-segment-10526338824408452410_5714_660_5734_660_with_camera_labels-100.png 1760 784 43
big_dataset_depth/000000000610-segment-10526338824408452410_5714_660_5734_660_with_camera_labels-100.png 1768 752 48
big_dataset_depth/000000000610-segment-10526338824408452410_5714_660_5734_660_with_camera_labels-100.png 1776 760 45
big_dataset_depth/000000000610-segment-10526338824408452410_5714_660_5734_660_with_camera_labels-100.png 1784 744 48
big_dataset_depth/000000000610-segment-10526338824408452410_5714_660_5734_660_with_camera_labels-100.png 1792 752 45
big_dataset_depth/000000000610-segment-10526338824408452410_5714_660_5734_660_with_camera_labels-100.png 1800 744 49
big_dataset_depth/000000000610-segment-10526338824408452410_5714_660_5734_660_with_camera_labels-100.png 1808 752 45
big_dataset_depth/000000000610-segment-10526338824408452410_5714_660_5734_660_with_camera_labels-100.png 1816 752 45
big_dataset_depth/000000000610-segment-10526338824408452410_5714_660_5734_660_with_camera_labels-100.png 1824 760 44
big_dataset_depth/000000000610-segment-10526338824408452410_5714_660_5734_660_with_camera_labels-100.png 1832 760 44
big_dataset_depth/000000000610-segment-10526338824408452410_5714_660_5734_660_with_camera_labels-100.png 1840 760 44
big_dataset_depth/000000000610-segment-10526338824408452410_5714_660_5734_660_with_camera_labels-100.png 1856 848 26
big_dataset_depth/000000000610-segment-10526338824408452410_5714_660_5734_660_with_camera_labels-100.png 1872 712 55
big_dataset_depth/000000000610-segment-10526338824408452410_5714_660_5734_660_with_camera_labels-100.png 1880 832 32
big_dataset_depth/000000000610-segment-10526338824408452410_5714_660_5734_660_with_camera_labels-100.png 1888 816 35
big_dataset_depth/000000000610-segment-10526338824408452410_5714_660_5734_660_with_camera_labels-100.png 1896 880 24
big_dataset_depth/000000000610-segment-10526338824408452410_5714_660_5734_660_with_camera_labels-100.png 1904 824 32
big_dataset_depth/000000000610-segment-10526338824408452410_5714_660_5734_660_with_camera_labels-100.png 1912 784 38
