big_dataset_depth/000000000204-segment-10096619443888687526_2820_000_2840_000_with_camera_labels-40.png 0 808 36
big_dataset_depth/000000000204-segment-10096619443888687526_2820_000_2840_000_with_camera_labels-40.png 8 904 27
big_dataset_depth/000000000204-segment-10096619443888687526_2820_000_2840_000_with_camera_labels-40.png 16 920 27
big_dataset_depth/000000000204-segment-10096619443888687526_2820_000_2840_000_with_camera_labels-40.png 24 912 28
big_dataset_depth/000000000204-segment-10096619443888687526_2820_000_2840_000_with_camera_labels-40.png 32 904 27
big_dataset_depth/000000000204-segment-10096619443888687526_2820_000_2840_000_with_camera_labels-40.png 40 920 27
big_dataset_depth/000000000204-segment-10096619443888687526_2820_000_2840_000_with_camera_labels-40.png 48 896 27
big_dataset_depth/000000000204-segment-10096619443888687526_2820_000_2840_000_with_camera_labels-40.png 56 920 27
big_dataset_depth/000000000204-segment-10096619443888687526_2820_000_2840_000_with_camera_labels-40.png 64 912 27
big_dataset_depth/000000000204-segment-10096619443888687526_2820_000_2840_000_with_camera_labels-40.png 72 904 27
big_dataset_depth/000000000204-segment-10096619443888687526_2820_000_2840_000_with_camera_labels-40.png 80 896 27
big_dataset_depth/000000000204-segment-10096619443888687526_2820_000_2840_000_with_camera_labels-40.png 88 912 27
big_dataset_depth/000000000204-segment-10096619443888687526_2820_000_2840_000_with_camera_labels-40.png 96 912 27
big_dataset_depth/000000000204-segment-10096619443888687526_2820_000_2840_000_with_camera_labels-40.png 104 896 27
big_dataset_depth/000000000204-segment-10096619443888687526_2820_000_2840_000_with_camera_labels-40.png 112 904 27
big_dataset_depth/000000000204-segment-10096619443888687526_2820_000_2840_000_with_camera_labels-40.png 120 880 27
big_dataset_depth/000000000204-segment-10096619443888687526_2820_000_2840_000_with_camera_labels-40.png 128 888 28
big_dataset_depth/000000000204-segment-10096619443888687526_2820_000_2840_000_with_camera_labels-40.png 136 896 27
big_dataset_depth/000000000204-segment-10096619443888687526_2820_000_2840_000_with_camera_labels-40.png 144 880 27
big_dataset_depth/000000000204-segment-10096619443888687526_2820_000_2840_000_with_camera_labels-40.png 152 888 28
big_dataset_depth/000000000204-segment-10096619443888687526_2820_000_2840_000_with_camera_labels-40.png 160 896 27
big_dataset_depth/000000000204-segment-10096619443888687526_2820_000_2840_000_with_camera_labels-40.png 168 880 27
big_dataset_depth/000000000204-segment-10096619443888687526_2820_000_2840_000_with_camera_labels-40.png 176 888 27
big_dataset_depth/000000000204-segment-10096619443888687526_2820_000_2840_000_with_camera_labels-40.png 184 896 28
big_dataset_depth/000000000204-segment-10096619443888687526_2820_000_2840_000_with_camera_labels-40.png 192 896 28
big_dataset_depth/000000000204-segment-10096619443888687526_2820_000_2840_000_with_camera_labels-40.png 208 848 32
big_dataset_depth/000000000204-segment-10096619443888687526_2820_000_2840_000_with_camera_labels-40.png 264 712 65
big_dataset_depth/000000000204-segment-10096619443888687526_2820_000_2840_000_with_camera_labels-40.png 288 712 65
big_dataset_depth/000000000204-segment-10096619443888687526_2820_000_2840_000_with_camera_labels-40.png 296 712 65
big_dataset_depth/000000000204-segment-10096619443888687526_2820_000_2840_000_with_camera_labels-40.png 304 712 65
big_dataset_depth/000000000204-segment-10096619443888687526_2820_000_2840_000_with_camera_labels-40.png 320 712 65
big_dataset_depth/000000000204-segment-10096619443888687526_2820_000_2840_000_with_camera_labels-40.png 336 680 93
big_dataset_depth/000000000204-segment-10096619443888687526_2820_000_2840_000_with_camera_labels-40.png 344 672 95
big_dataset_depth/000000000204-segment-10096619443888687526_2820_000_2840_000_with_camera_labels-40.png 352 672 94
big_dataset_depth/000000000204-segment-10096619443888687526_2820_000_2840_000_with_camera_labels-40.png 360 664 90
big_dataset_depth/000000000204-segment-10096619443888687526_2820_000_2840_000_with_camera_labels-40.png 368 664 89
big_dataset_depth/000000000204-segment-10096619443888687526_2820_000_2840_000_with_camera_labels-40.png 376 672 87
big_dataset_depth/000000000204-segment-10096619443888687526_2820_000_2840_000_with_camera_labels-40.png 384 688 81
big_dataset_depth/000000000204-segment-10096619443888687526_2820_000_2840_000_with_camera_labels-40.png 392 704 75
big_dataset_depth/000000000204-segment-10096619443888687526_2820_000_2840_000_with_camera_labels-40.png 400 688 77
big_dataset_depth/000000000204-segment-10096619443888687526_2820_000_2840_000_with_camera_labels-40.png 408 680 79
big_dataset_depth/000000000204-segment-10096619443888687526_2820_000_2840_000_with_camera_labels-40.png 416 704 70
big_dataset_depth/000000000204-segment-10096619443888687526_2820_000_2840_000_with_camera_labels-40.png 424 704 70
big_dataset_depth/000000000204-segment-10096619443888687526_2820_000_2840_000_with_camera_labels-40.png 432 704 70
big_dataset_depth/000000000204-segment-10096619443888687526_2820_000_2840_000_with_camera_labels-40.png 440 696 69
big_dataset_depth/000000000204-segment-10096619443888687526_2820_000_2840_000_with_camera_labels-40.png 448 696 70
big_dataset_depth/000000000204-segment-10096619443888687526_2820_000_2840_000_with_camera_labels-40.png 456 696 69
big_dataset_depth/000000000204-segment-10096619443888687526_2820_000_2840_000_with_camera_labels-40.png 464 696 70
big_dataset_depth/000000000204-segment-10096619443888687526_2820_000_2840_000_with_camera_labels-40.png 472 696 70
big_dataset_depth/000000000204-segment-10096619443888687526_2820_000_2840_000_with_camera_labels-40.png 480 696 67
big_dataset_depth/000000000204-segment-10096619443888687526_2820_000_2840_000_with_camera_labels-40.png 488 720 61
big_dataset_depth/000000000204-segment-10096619443888687526_2820_000_2840_000_with_camera_labels-40.png 496 712 61
big_dataset_depth/000000000204-segment-10096619443888687526_2820_000_2840_000_with_camera_labels-40.png 504 720 59
big_dataset_depth/000000000204-segment-10096619443888687526_2820_000_2840_000_with_camera_labels-40.png 512 728 56
big_dataset_depth/000000000204-segment-10096619443888687526_2820_000_2840_000_with_camera_labels-40.png 520 712 57
big_dataset_depth/000000000204-segment-10096619443888687526_2820_000_2840_000_with_camera_labels-40.png 528 736 54
big_dataset_depth/000000000204-segment-10096619443888687526_2820_000_2840_000_with_camera_labels-40.png 536 736 53
big_dataset_depth/000000000204-segment-10096619443888687526_2820_000_2840_000_with_camera_labels-40.png 544 736 53
big_dataset_depth/000000000204-segment-10096619443888687526_2820_000_2840_000_with_camera_labels-40.png 552 736 53
big_dataset_depth/000000000204-segment-10096619443888687526_2820_000_2840_000_with_camera_labels-40.png 560 720 54
big_dataset_depth/000000000204-segment-10096619443888687526_2820_000_2840_000_with_camera_labels-40.png 568 736 53
big_dataset_depth/000000000204-segment-10096619443888687526_2820_000_2840_000_with_camera_labels-40.png 576 728 53
big_dataset_depth/000000000204-segment-10096619443888687526_2820_000_2840_000_with_camera_labels-40.png 584 728 53
big_dataset_depth/000000000204-segment-10096619443888687526_2820_000_2840_000_with_camera_labels-40.png 592 720 54
big_dataset_depth/000000000204-segment-10096619443888687526_2820_000_2840_000_with_camera_labels-40.png 600 728 53
big_dataset_depth/000000000204-segment-10096619443888687526_2820_000_2840_000_with_camera_labels-40.png 608 712 56
big_dataset_depth/000000000204-segment-10096619443888687526_2820_000_2840_000_with_camera_labels-40.png 616 960 42
big_dataset_depth/000000000204-segment-10096619443888687526_2820_000_2840_000_with_camera_labels-40.png 624 720 52
big_dataset_depth/000000000204-segment-10096619443888687526_2820_000_2840_000_with_camera_labels-40.png 632 728 50
big_dataset_depth/000000000204-segment-10096619443888687526_2820_000_2840_000_with_camera_labels-40.png 640 736 46
big_dataset_depth/000000000204-segment-10096619443888687526_2820_000_2840_000_with_camera_labels-40.png 648 752 46
big_dataset_depth/000000000204-segment-10096619443888687526_2820_000_2840_000_with_camera_labels-40.png 656 752 46
big_dataset_depth/000000000204-segment-10096619443888687526_2820_000_2840_000_with_camera_labels-40.png 664 680 64
big_dataset_depth/000000000204-segment-10096619443888687526_2820_000_2840_000_with_camera_labels-40.png 672 768 41
big_dataset_depth/000000000204-segment-10096619443888687526_2820_000_2840_000_with_camera_labels-40.png 680 776 40
big_dataset_depth/000000000204-segment-10096619443888687526_2820_000_2840_000_with_camera_labels-40.png 688 768 40
big_dataset_depth/000000000204-segment-10096619443888687526_2820_000_2840_000_with_camera_labels-40.png 696 768 39
big_dataset_depth/000000000204-segment-10096619443888687526_2820_000_2840_000_with_camera_labels-40.png 704 784 39
big_dataset_depth/000000000204-segment-10096619443888687526_2820_000_2840_000_with_camera_labels-40.png 712 776 39
big_dataset_depth/000000000204-segment-10096619443888687526_2820_000_2840_000_with_camera_labels-40.png 720 760 39
big_dataset_depth/000000000204-segment-10096619443888687526_2820_000_2840_000_with_camera_labels-40.png 728 768 39
big_dataset_depth/000000000204-segment-10096619443888687526_2820_000_2840_000_with_camera_labels-40.png 736 768 38
big_dataset_depth/000000000204-segment-10096619443888687526_2820_000_2840_000_with_camera_labels-40.png 744 784 38
big_dataset_depth/000000000204-segment-10096619443888687526_2820_000_2840_000_with_camera_labels-40.png 752 760 39
big_dataset_depth/000000000204-segment-10096619443888687526_2820_000_2840_000_with_camera_labels-40.png 760 784 37
big_dataset_depth/000000000204-segment-10096619443888687526_2820_000_2840_000_with_camera_labels-40.png 768 760 39
big_dataset_depth/000000000204-segment-10096619443888687526_2820_000_2840_000_with_camera_labels-40.png 776 816 35
big_dataset_depth/000000000204-segment-10096619443888687526_2820_000_2840_000_with_camera_labels-40.png 784 816 35
big_dataset_depth/000000000204-segment-10096619443888687526_2820_000_2840_000_with_camera_labels-40.png 792 752 37
big_dataset_depth/000000000204-segment-10096619443888687526_2820_000_2840_000_with_camera_labels-40.png 800 752 36
big_dataset_depth/000000000204-segment-10096619443888687526_2820_000_2840_000_with_camera_labels-40.png 808 752 36
big_dataset_depth/000000000204-segment-10096619443888687526_2820_000_2840_000_with_camera_labels-40.png 816 736 41
big_dataset_depth/000000000204-segment-10096619443888687526_2820_000_2840_000_with_camera_labels-40.png 824 752 36
big_dataset_depth/000000000204-segment-10096619443888687526_2820_000_2840_000_with_camera_labels-40.png 832 824 33
big_dataset_depth/000000000204-segment-10096619443888687526_2820_000_2840_000_with_camera_labels-40.png 840 744 36
big_dataset_depth/000000000204-segment-10096619443888687526_2820_000_2840_000_with_camera_labels-40.png 848 736 36
big_dataset_depth/000000000204-segment-10096619443888687526_2820_000_2840_000_with_camera_labels-40.png 856 752 36
big_dataset_depth/000000000204-segment-10096619443888687526_2820_000_2840_000_with_camera_labels-40.png 864 752 37
big_dataset_depth/000000000204-segment-10096619443888687526_2820_000_2840_000_with_camera_labels-40.png 872 760 37
big_dataset_depth/000000000204-segment-10096619443888687526_2820_000_2840_000_with_camera_labels-40.png 880 760 37
big_dataset_depth/000000000204-segment-10096619443888687526_2820_000_2840_000_with_camera_labels-40.png 888 752 37
big_dataset_depth/000000000204-segment-10096619443888687526_2820_000_2840_000_with_camera_labels-40.png 896 760 37
big_dataset_depth/000000000204-segment-10096619443888687526_2820_000_2840_000_with_camera_labels-40.png 904 760 37
big_dataset_depth/000000000204-segment-10096619443888687526_2820_000_2840_000_with_camera_labels-40.png 912 752 37
big_dataset_depth/000000000204-segment-10096619443888687526_2820_000_2840_000_with_camera_labels-40.png 920 744 36
big_dataset_depth/000000000204-segment-10096619443888687526_2820_000_2840_000_with_camera_labels-40.png 928 696 37
big_dataset_depth/000000000204-segment-10096619443888687526_2820_000_2840_000_with_camera_labels-40.png 936 696 37
big_dataset_depth/000000000204-segment-10096619443888687526_2820_000_2840_000_with_camera_labels-40.png 944 672 37
big_dataset_depth/000000000204-segment-10096619443888687526_2820_000_2840_000_with_camera_labels-40.png 952 664 49
big_dataset_depth/000000000204-segment-10096619443888687526_2820_000_2840_000_with_camera_labels-40.png 960 656 51
big_dataset_depth/000000000204-segment-10096619443888687526_2820_000_2840_000_with_camera_labels-40.png 968 688 51
big_dataset_depth/000000000204-segment-10096619443888687526_2820_000_2840_000_with_camera_labels-40.png 976 672 49
big_dataset_depth/000000000204-segment-10096619443888687526_2820_000_2840_000_with_camera_labels-40.png 984 712 48
big_dataset_depth/000000000204-segment-10096619443888687526_2820_000_2840_000_with_camera_labels-40.png 992 704 48
big_dataset_depth/000000000204-segment-10096619443888687526_2820_000_2840_000_with_camera_labels-40.png 1000 688 48
big_dataset_depth/000000000204-segment-10096619443888687526_2820_000_2840_000_with_camera_labels-40.png 1008 688 48
big_dataset_depth/000000000204-segment-10096619443888687526_2820_000_2840_000_with_camera_labels-40.png 1016 920 24
big_dataset_depth/000000000204-segment-10096619443888687526_2820_000_2840_000_with_camera_labels-40.png 1024 920 24
big_dataset_depth/000000000204-segment-10096619443888687526_2820_000_2840_000_with_camera_labels-40.png 1032 664 48
big_dataset_depth/000000000204-segment-10096619443888687526_2820_000_2840_000_with_camera_labels-40.png 1040 688 47
big_dataset_depth/000000000204-segment-10096619443888687526_2820_000_2840_000_with_camera_labels-40.png 1048 920 24
big_dataset_depth/000000000204-segment-10096619443888687526_2820_000_2840_000_with_camera_labels-40.png 1056 920 24
big_dataset_depth/000000000204-segment-10096619443888687526_2820_000_2840_000_with_camera_labels-40.png 1064 920 24
big_dataset_depth/000000000204-segment-10096619443888687526_2820_000_2840_000_with_camera_labels-40.png 1072 680 45
big_dataset_depth/000000000204-segment-10096619443888687526_2820_000_2840_000_with_camera_labels-40.png 1080 936 23
big_dataset_depth/000000000204-segment-10096619443888687526_2820_000_2840_000_with_camera_labels-40.png 1088 936 23
big_dataset_depth/000000000204-segment-10096619443888687526_2820_000_2840_000_with_camera_labels-40.png 1096 936 23
big_dataset_depth/000000000204-segment-10096619443888687526_2820_000_2840_000_with_camera_labels-40.png 1104 712 44
big_dataset_depth/000000000204-segment-10096619443888687526_2820_000_2840_000_with_camera_labels-40.png 1112 952 22
big_dataset_depth/000000000204-segment-10096619443888687526_2820_000_2840_000_with_camera_labels-40.png 1120 952 22
big_dataset_depth/000000000204-segment-10096619443888687526_2820_000_2840_000_with_camera_labels-40.png 1128 976 21
big_dataset_depth/000000000204-segment-10096619443888687526_2820_000_2840_000_with_camera_labels-40.png 1136 976 21
big_dataset_depth/000000000204-segment-10096619443888687526_2820_000_2840_000_with_camera_labels-40.png 1144 976 21
big_dataset_depth/000000000204-segment-10096619443888687526_2820_000_2840_000_with_camera_labels-40.png 1152 856 30
big_dataset_depth/000000000204-segment-10096619443888687526_2820_000_2840_000_with_camera_labels-40.png 1168 992 20
big_dataset_depth/000000000204-segment-10096619443888687526_2820_000_2840_000_with_camera_labels-40.png 1176 992 20
big_dataset_depth/000000000204-segment-10096619443888687526_2820_000_2840_000_with_camera_labels-40.png 1184 992 20
big_dataset_depth/000000000204-segment-10096619443888687526_2820_000_2840_000_with_camera_labels-40.png 1192 992 20
big_dataset_depth/000000000204-segment-10096619443888687526_2820_000_2840_000_with_camera_labels-40.png 1200 888 26
big_dataset_depth/000000000204-segment-10096619443888687526_2820_000_2840_000_with_camera_labels-40.png 1208 1008 20
big_dataset_depth/000000000204-segment-10096619443888687526_2820_000_2840_000_with_camera_labels-40.png 1216 1008 19
big_dataset_depth/000000000204-segment-10096619443888687526_2820_000_2840_000_with_camera_labels-40.png 1224 1008 19
big_dataset_depth/000000000204-segment-10096619443888687526_2820_000_2840_000_with_camera_labels-40.png 1232 968 21
big_dataset_depth/000000000204-segment-10096619443888687526_2820_000_2840_000_with_camera_labels-40.png 1240 1024 19
big_dataset_depth/000000000204-segment-10096619443888687526_2820_000_2840_000_with_camera_labels-40.png 1256 1032 18
big_dataset_depth/000000000204-segment-10096619443888687526_2820_000_2840_000_with_camera_labels-40.png 1264 1048 18
big_dataset_depth/000000000204-segment-10096619443888687526_2820_000_2840_000_with_camera_labels-40.png 1272 1048 18
big_dataset_depth/000000000204-segment-10096619443888687526_2820_000_2840_000_with_camera_labels-40.png 1280 1048 18
big_dataset_depth/000000000204-segment-10096619443888687526_2820_000_2840_000_with_camera_labels-40.png 1288 1056 18
big_dataset_depth/000000000204-segment-10096619443888687526_2820_000_2840_000_with_camera_labels-40.png 1296 1064 18
big_dataset_depth/000000000204-segment-10096619443888687526_2820_000_2840_000_with_camera_labels-40.png 1304 1064 18
big_dataset_depth/000000000204-segment-10096619443888687526_2820_000_2840_000_with_camera_labels-40.png 1312 1064 17
big_dataset_depth/000000000204-segment-10096619443888687526_2820_000_2840_000_with_camera_labels-40.png 1320 1064 17
big_dataset_depth/000000000204-segment-10096619443888687526_2820_000_2840_000_with_camera_labels-40.png 1328 1048 17
big_dataset_depth/000000000204-segment-10096619443888687526_2820_000_2840_000_with_camera_labels-40.png 1336 1088 17
big_dataset_depth/000000000204-segment-10096619443888687526_2820_000_2840_000_with_camera_labels-40.png 1344 1088 17
big_dataset_depth/000000000204-segment-10096619443888687526_2820_000_2840_000_with_camera_labels-40.png 1352 1088 17
big_dataset_depth/000000000204-segment-10096619443888687526_2820_000_2840_000_with_camera_labels-40.png 1360 1096 16
big_dataset_depth/000000000204-segment-10096619443888687526_2820_000_2840_000_with_camera_labels-40.png 1368 1112 16
big_dataset_depth/000000000204-segment-10096619443888687526_2820_000_2840_000_with_camera_labels-40.png 1376 1112 16
big_dataset_depth/000000000204-segment-10096619443888687526_2820_000_2840_000_with_camera_labels-40.png 1384 1112 16
big_dataset_depth/000000000204-segment-10096619443888687526_2820_000_2840_000_with_camera_labels-40.png 1392 1112 16
big_dataset_depth/000000000204-segment-10096619443888687526_2820_000_2840_000_with_camera_labels-40.png 1400 1112 16
big_dataset_depth/000000000204-segment-10096619443888687526_2820_000_2840_000_with_camera_labels-40.png 1408 1128 16
big_dataset_depth/000000000204-segment-10096619443888687526_2820_000_2840_000_with_camera_labels-40.png 1416 1136 16
big_dataset_depth/000000000204-segment-10096619443888687526_2820_000_2840_000_with_camera_labels-40.png 1424 1136 16
big_dataset_depth/000000000204-segment-10096619443888687526_2820_000_2840_000_with_camera_labels-40.png 1440 1144 15
big_dataset_depth/000000000204-segment-10096619443888687526_2820_000_2840_000_with_camera_labels-40.png 1448 1152 15
big_dataset_depth/000000000204-segment-10096619443888687526_2820_000_2840_000_with_camera_labels-40.png 1456 1152 15
big_dataset_depth/000000000204-segment-10096619443888687526_2820_000_2840_000_with_camera_labels-40.png 1464 1152 15
big_dataset_depth/000000000204-segment-10096619443888687526_2820_000_2840_000_with_camera_labels-40.png 1472 1168 15
big_dataset_depth/000000000204-segment-10096619443888687526_2820_000_2840_000_with_camera_labels-40.png 1480 1176 15
big_dataset_depth/000000000204-segment-10096619443888687526_2820_000_2840_000_with_camera_labels-40.png 1488 1176 15
big_dataset_depth/000000000204-segment-10096619443888687526_2820_000_2840_000_with_camera_labels-40.png 1496 1176 15
big_dataset_depth/000000000204-segment-10096619443888687526_2820_000_2840_000_with_camera_labels-40.png 1504 1184 14
big_dataset_depth/000000000204-segment-10096619443888687526_2820_000_2840_000_with_camera_labels-40.png 1512 1184 14
big_dataset_depth/000000000204-segment-10096619443888687526_2820_000_2840_000_with_camera_labels-40.png 1520 1120 15
big_dataset_depth/000000000204-segment-10096619443888687526_2820_000_2840_000_with_camera_labels-40.png 1528 1200 14
big_dataset_depth/000000000204-segment-10096619443888687526_2820_000_2840_000_with_camera_labels-40.png 1536 1056 17
big_dataset_depth/000000000204-segment-10096619443888687526_2820_000_2840_000_with_camera_labels-40.png 1544 1072 16
big_dataset_depth/000000000204-segment-10096619443888687526_2820_000_2840_000_with_camera_labels-40.png 1552 1120 15
big_dataset_depth/000000000204-segment-10096619443888687526_2820_000_2840_000_with_camera_labels-40.png 1560 1120 15
big_dataset_depth/000000000204-segment-10096619443888687526_2820_000_2840_000_with_camera_labels-40.png 1568 1048 17
big_dataset_depth/000000000204-segment-10096619443888687526_2820_000_2840_000_with_camera_labels-40.png 1576 1056 17
big_dataset_depth/000000000204-segment-10096619443888687526_2820_000_2840_000_with_camera_labels-40.png 1584 1056 17
big_dataset_depth/000000000204-segment-10096619443888687526_2820_000_2840_000_with_camera_labels-40.png 1592 1056 17
big_dataset_depth/000000000204-segment-10096619443888687526_2820_000_2840_000_with_camera_labels-40.png 1600 1056 17
big_dataset_depth/000000000204-segment-10096619443888687526_2820_000_2840_000_with_camera_labels-40.png 1608 1064 17
big_dataset_depth/000000000204-segment-10096619443888687526_2820_000_2840_000_with_camera_labels-40.png 1616 1064 17
big_dataset_depth/000000000204-segment-10096619443888687526_2820_000_2840_000_with_camera_labels-40.png 1624 1064 17
big_dataset_depth/000000000204-segment-10096619443888687526_2820_000_2840_000_with_camera_labels-40.png 1632 1048 17
big_dataset_depth/000000000204-segment-10096619443888687526_2820_000_2840_000_with_camera_labels-40.png 1640 1064 17
big_dataset_depth/000000000204-segment-10096619443888687526_2820_000_2840_000_with_camera_labels-40.png 1648 1064 17
big_dataset_depth/000000000204-segment-10096619443888687526_2820_000_2840_000_with_camera_labels-40.png 1656 1080 16
big_dataset_depth/000000000204-segment-10096619443888687526_2820_000_2840_000_with_camera_labels-40.png 1664 1104 16
big_dataset_depth/000000000204-segment-10096619443888687526_2820_000_2840_000_with_camera_labels-40.png 1672 1040 17
big_dataset_depth/000000000204-segment-10096619443888687526_2820_000_2840_000_with_camera_labels-40.png 1680 1104 15
big_dataset_depth/000000000204-segment-10096619443888687526_2820_000_2840_000_with_camera_labels-40.png 1688 1056 17
big_dataset_depth/000000000204-segment-10096619443888687526_2820_000_2840_000_with_camera_labels-40.png 1696 1040 17
big_dataset_depth/000000000204-segment-10096619443888687526_2820_000_2840_000_with_camera_labels-40.png 1704 960 20
big_dataset_depth/000000000204-segment-10096619443888687526_2820_000_2840_000_with_camera_labels-40.png 1712 872 19
big_dataset_depth/000000000204-segment-10096619443888687526_2820_000_2840_000_with_camera_labels-40.png 1720 872 19
big_dataset_depth/000000000204-segment-10096619443888687526_2820_000_2840_000_with_camera_labels-40.png 1728 872 23
big_dataset_depth/000000000204-segment-10096619443888687526_2820_000_2840_000_with_camera_labels-40.png 1736 848 24
big_dataset_depth/000000000204-segment-10096619443888687526_2820_000_2840_000_with_camera_labels-40.png 1744 864 24
big_dataset_depth/000000000204-segment-10096619443888687526_2820_000_2840_000_with_camera_labels-40.png 1752 832 24
big_dataset_depth/000000000204-segment-10096619443888687526_2820_000_2840_000_with_camera_labels-40.png 1768 832 23
big_dataset_depth/000000000204-segment-10096619443888687526_2820_000_2840_000_with_camera_labels-40.png 1776 840 23
big_dataset_depth/000000000204-segment-10096619443888687526_2820_000_2840_000_with_camera_labels-40.png 1784 1032 17
big_dataset_depth/000000000204-segment-10096619443888687526_2820_000_2840_000_with_camera_labels-40.png 1792 896 22
big_dataset_depth/000000000204-segment-10096619443888687526_2820_000_2840_000_with_camera_labels-40.png 1800 880 23
big_dataset_depth/000000000204-segment-10096619443888687526_2820_000_2840_000_with_camera_labels-40.png 1808 896 22
big_dataset_depth/000000000204-segment-10096619443888687526_2820_000_2840_000_with_camera_labels-40.png 1816 896 22
big_dataset_depth/000000000204-segment-10096619443888687526_2820_000_2840_000_with_camera_labels-40.png 1824 896 22
big_dataset_depth/000000000204-segment-10096619443888687526_2820_000_2840_000_with_camera_labels-40.png 1832 848 22
big_dataset_depth/000000000204-segment-10096619443888687526_2820_000_2840_000_with_camera_labels-40.png 1840 888 22
big_dataset_depth/000000000204-segment-10096619443888687526_2820_000_2840_000_with_camera_labels-40.png 1848 1048 16
big_dataset_depth/000000000204-segment-10096619443888687526_2820_000_2840_000_with_camera_labels-40.png 1856 888 22
big_dataset_depth/000000000204-segment-10096619443888687526_2820_000_2840_000_with_camera_labels-40.png 1864 880 22
big_dataset_depth/000000000204-segment-10096619443888687526_2820_000_2840_000_with_camera_labels-40.png 1872 816 27
big_dataset_depth/000000000204-segment-10096619443888687526_2820_000_2840_000_with_camera_labels-40.png 1880 896 22
big_dataset_depth/000000000204-segment-10096619443888687526_2820_000_2840_000_with_camera_labels-40.png 1888 760 32
big_dataset_depth/000000000204-segment-10096619443888687526_2820_000_2840_000_with_camera_labels-40.png 1896 896 21
big_dataset_depth/000000000204-segment-10096619443888687526_2820_000_2840_000_with_camera_labels-40.png 1904 896 21
big_dataset_depth/000000000204-segment-10096619443888687526_2820_000_2840_000_with_camera_labels-40.png 1912 784 29
