big_dataset_depth/000000002154-segment-12273083120751993429_7285_000_7305_000_with_camera_labels-170.png 0 768 47
big_dataset_depth/000000002154-segment-12273083120751993429_7285_000_7305_000_with_camera_labels-170.png 8 784 47
big_dataset_depth/000000002154-segment-12273083120751993429_7285_000_7305_000_with_camera_labels-170.png 16 792 46
big_dataset_depth/000000002154-segment-12273083120751993429_7285_000_7305_000_with_camera_labels-170.png 24 784 47
big_dataset_depth/000000002154-segment-12273083120751993429_7285_000_7305_000_with_camera_labels-170.png 32 784 48
big_dataset_depth/000000002154-segment-12273083120751993429_7285_000_7305_000_with_camera_labels-170.png 40 784 48
big_dataset_depth/000000002154-segment-12273083120751993429_7285_000_7305_000_with_camera_labels-170.png 48 784 48
big_dataset_depth/000000002154-segment-12273083120751993429_7285_000_7305_000_with_camera_labels-170.png 56 784 49
big_dataset_depth/000000002154-segment-12273083120751993429_7285_000_7305_000_with_camera_labels-170.png 64 768 49
big_dataset_depth/000000002154-segment-12273083120751993429_7285_000_7305_000_with_camera_labels-170.png 72 784 49
big_dataset_depth/000000002154-segment-12273083120751993429_7285_000_7305_000_with_camera_labels-170.png 80 776 50
big_dataset_depth/000000002154-segment-12273083120751993429_7285_000_7305_000_with_camera_labels-170.png 88 776 50
big_dataset_depth/000000002154-segment-12273083120751993429_7285_000_7305_000_with_camera_labels-170.png 96 776 51
big_dataset_depth/000000002154-segment-12273083120751993429_7285_000_7305_000_with_camera_labels-170.png 104 776 51
big_dataset_depth/000000002154-segment-12273083120751993429_7285_000_7305_000_with_camera_labels-170.png 112 776 51
big_dataset_depth/000000002154-segment-12273083120751993429_7285_000_7305_000_with_camera_labels-170.png 120 776 51
big_dataset_depth/000000002154-segment-12273083120751993429_7285_000_7305_000_with_camera_labels-170.png 128 768 52
big_dataset_depth/000000002154-segment-12273083120751993429_7285_000_7305_000_with_camera_labels-170.png 136 760 53
big_dataset_depth/000000002154-segment-12273083120751993429_7285_000_7305_000_with_camera_labels-170.png 144 768 53
big_dataset_depth/000000002154-segment-12273083120751993429_7285_000_7305_000_with_camera_labels-170.png 152 768 53
big_dataset_depth/000000002154-segment-12273083120751993429_7285_000_7305_000_with_camera_labels-170.png 160 768 53
big_dataset_depth/000000002154-segment-12273083120751993429_7285_000_7305_000_with_camera_labels-170.png 168 768 54
big_dataset_depth/000000002154-segment-12273083120751993429_7285_000_7305_000_with_camera_labels-170.png 176 760 55
big_dataset_depth/000000002154-segment-12273083120751993429_7285_000_7305_000_with_camera_labels-170.png 184 768 55
big_dataset_depth/000000002154-segment-12273083120751993429_7285_000_7305_000_with_camera_labels-170.png 192 768 55
big_dataset_depth/000000002154-segment-12273083120751993429_7285_000_7305_000_with_camera_labels-170.png 200 768 56
big_dataset_depth/000000002154-segment-12273083120751993429_7285_000_7305_000_with_camera_labels-170.png 208 760 57
big_dataset_depth/000000002154-segment-12273083120751993429_7285_000_7305_000_with_camera_labels-170.png 216 760 57
big_dataset_depth/000000002154-segment-12273083120751993429_7285_000_7305_000_with_camera_labels-170.png 224 768 57
big_dataset_depth/000000002154-segment-12273083120751993429_7285_000_7305_000_with_camera_labels-170.png 232 760 58
big_dataset_depth/000000002154-segment-12273083120751993429_7285_000_7305_000_with_camera_labels-170.png 240 760 58
big_dataset_depth/000000002154-segment-12273083120751993429_7285_000_7305_000_with_camera_labels-170.png 248 760 59
big_dataset_depth/000000002154-segment-12273083120751993429_7285_000_7305_000_with_camera_labels-170.png 256 792 45
big_dataset_depth/000000002154-segment-12273083120751993429_7285_000_7305_000_with_camera_labels-170.png 264 800 46
big_dataset_depth/000000002154-segment-12273083120751993429_7285_000_7305_000_with_camera_labels-170.png 272 824 46
big_dataset_depth/000000002154-segment-12273083120751993429_7285_000_7305_000_with_camera_labels-170.png 280 744 62
big_dataset_depth/000000002154-segment-12273083120751993429_7285_000_7305_000_with_camera_labels-170.png 288 744 62
big_dataset_depth/000000002154-segment-12273083120751993429_7285_000_7305_000_with_camera_labels-170.png 296 736 63
big_dataset_depth/000000002154-segment-12273083120751993429_7285_000_7305_000_with_camera_labels-170.png 320 728 65
big_dataset_depth/000000002154-segment-12273083120751993429_7285_000_7305_000_with_camera_labels-170.png 328 744 66
big_dataset_depth/000000002154-segment-12273083120751993429_7285_000_7305_000_with_camera_labels-170.png 336 744 67
big_dataset_depth/000000002154-segment-12273083120751993429_7285_000_7305_000_with_camera_labels-170.png 344 744 67
big_dataset_depth/000000002154-segment-12273083120751993429_7285_000_7305_000_with_camera_labels-170.png 352 736 68
big_dataset_depth/000000002154-segment-12273083120751993429_7285_000_7305_000_with_camera_labels-170.png 360 736 69
big_dataset_depth/000000002154-segment-12273083120751993429_7285_000_7305_000_with_camera_labels-170.png 368 800 47
big_dataset_depth/000000002154-segment-12273083120751993429_7285_000_7305_000_with_camera_labels-170.png 376 712 71
big_dataset_depth/000000002154-segment-12273083120751993429_7285_000_7305_000_with_camera_labels-170.png 384 728 72
big_dataset_depth/000000002154-segment-12273083120751993429_7285_000_7305_000_with_camera_labels-170.png 392 736 72
big_dataset_depth/000000002154-segment-12273083120751993429_7285_000_7305_000_with_camera_labels-170.png 400 720 74
big_dataset_depth/000000002154-segment-12273083120751993429_7285_000_7305_000_with_camera_labels-170.png 408 728 75
big_dataset_depth/000000002154-segment-12273083120751993429_7285_000_7305_000_with_camera_labels-170.png 416 736 75
big_dataset_depth/000000002154-segment-12273083120751993429_7285_000_7305_000_with_camera_labels-170.png 424 728 76
big_dataset_depth/000000002154-segment-12273083120751993429_7285_000_7305_000_with_camera_labels-170.png 432 728 77
big_dataset_depth/000000002154-segment-12273083120751993429_7285_000_7305_000_with_camera_labels-170.png 440 776 52
big_dataset_depth/000000002154-segment-12273083120751993429_7285_000_7305_000_with_camera_labels-170.png 448 768 59
big_dataset_depth/000000002154-segment-12273083120751993429_7285_000_7305_000_with_camera_labels-170.png 472 728 83
big_dataset_depth/000000002154-segment-12273083120751993429_7285_000_7305_000_with_camera_labels-170.png 480 728 84
big_dataset_depth/000000002154-segment-12273083120751993429_7285_000_7305_000_with_camera_labels-170.png 488 784 57
big_dataset_depth/000000002154-segment-12273083120751993429_7285_000_7305_000_with_camera_labels-170.png 496 744 65
big_dataset_depth/000000002154-segment-12273083120751993429_7285_000_7305_000_with_camera_labels-170.png 504 704 88
big_dataset_depth/000000002154-segment-12273083120751993429_7285_000_7305_000_with_camera_labels-170.png 520 720 91
big_dataset_depth/000000002154-segment-12273083120751993429_7285_000_7305_000_with_camera_labels-170.png 528 720 92
big_dataset_depth/000000002154-segment-12273083120751993429_7285_000_7305_000_with_camera_labels-170.png 536 728 79
big_dataset_depth/000000002154-segment-12273083120751993429_7285_000_7305_000_with_camera_labels-170.png 544 768 48
big_dataset_depth/000000002154-segment-12273083120751993429_7285_000_7305_000_with_camera_labels-170.png 552 696 98
big_dataset_depth/000000002154-segment-12273083120751993429_7285_000_7305_000_with_camera_labels-170.png 560 704 99
big_dataset_depth/000000002154-segment-12273083120751993429_7285_000_7305_000_with_camera_labels-170.png 568 704 102
big_dataset_depth/000000002154-segment-12273083120751993429_7285_000_7305_000_with_camera_labels-170.png 576 736 78
big_dataset_depth/000000002154-segment-12273083120751993429_7285_000_7305_000_with_camera_labels-170.png 584 768 52
big_dataset_depth/000000002154-segment-12273083120751993429_7285_000_7305_000_with_camera_labels-170.png 592 744 40
big_dataset_depth/000000002154-segment-12273083120751993429_7285_000_7305_000_with_camera_labels-170.png 600 776 40
big_dataset_depth/000000002154-segment-12273083120751993429_7285_000_7305_000_with_camera_labels-170.png 608 824 41
big_dataset_depth/000000002154-segment-12273083120751993429_7285_000_7305_000_with_camera_labels-170.png 616 816 41
big_dataset_depth/000000002154-segment-12273083120751993429_7285_000_7305_000_with_camera_labels-170.png 624 824 41
big_dataset_depth/000000002154-segment-12273083120751993429_7285_000_7305_000_with_camera_labels-170.png 632 824 41
big_dataset_depth/000000002154-segment-12273083120751993429_7285_000_7305_000_with_camera_labels-170.png 640 824 41
big_dataset_depth/000000002154-segment-12273083120751993429_7285_000_7305_000_with_camera_labels-170.png 648 800 41
big_dataset_depth/000000002154-segment-12273083120751993429_7285_000_7305_000_with_camera_labels-170.png 656 784 40
big_dataset_depth/000000002154-segment-12273083120751993429_7285_000_7305_000_with_camera_labels-170.png 664 776 39
big_dataset_depth/000000002154-segment-12273083120751993429_7285_000_7305_000_with_camera_labels-170.png 672 792 40
big_dataset_depth/000000002154-segment-12273083120751993429_7285_000_7305_000_with_camera_labels-170.png 680 808 41
big_dataset_depth/000000002154-segment-12273083120751993429_7285_000_7305_000_with_camera_labels-170.png 688 808 42
big_dataset_depth/000000002154-segment-12273083120751993429_7285_000_7305_000_with_camera_labels-170.png 696 808 41
big_dataset_depth/000000002154-segment-12273083120751993429_7285_000_7305_000_with_camera_labels-170.png 704 760 39
big_dataset_depth/000000002154-segment-12273083120751993429_7285_000_7305_000_with_camera_labels-170.png 712 768 40
big_dataset_depth/000000002154-segment-12273083120751993429_7285_000_7305_000_with_camera_labels-170.png 720 760 39
big_dataset_depth/000000002154-segment-12273083120751993429_7285_000_7305_000_with_camera_labels-170.png 728 808 44
big_dataset_depth/000000002154-segment-12273083120751993429_7285_000_7305_000_with_camera_labels-170.png 736 792 40
big_dataset_depth/000000002154-segment-12273083120751993429_7285_000_7305_000_with_camera_labels-170.png 744 824 41
big_dataset_depth/000000002154-segment-12273083120751993429_7285_000_7305_000_with_camera_labels-170.png 752 824 41
big_dataset_depth/000000002154-segment-12273083120751993429_7285_000_7305_000_with_camera_labels-170.png 760 808 41
big_dataset_depth/000000002154-segment-12273083120751993429_7285_000_7305_000_with_camera_labels-170.png 768 800 47
big_dataset_depth/000000002154-segment-12273083120751993429_7285_000_7305_000_with_camera_labels-170.png 776 800 46
big_dataset_depth/000000002154-segment-12273083120751993429_7285_000_7305_000_with_camera_labels-170.png 784 784 47
big_dataset_depth/000000002154-segment-12273083120751993429_7285_000_7305_000_with_camera_labels-170.png 800 704 45
big_dataset_depth/000000002154-segment-12273083120751993429_7285_000_7305_000_with_camera_labels-170.png 1264 744 88
big_dataset_depth/000000002154-segment-12273083120751993429_7285_000_7305_000_with_camera_labels-170.png 1272 744 88
big_dataset_depth/000000002154-segment-12273083120751993429_7285_000_7305_000_with_camera_labels-170.png 1304 752 78
big_dataset_depth/000000002154-segment-12273083120751993429_7285_000_7305_000_with_camera_labels-170.png 1400 1008 21
big_dataset_depth/000000002154-segment-12273083120751993429_7285_000_7305_000_with_camera_labels-170.png 1408 1024 20
big_dataset_depth/000000002154-segment-12273083120751993429_7285_000_7305_000_with_camera_labels-170.png 1416 1024 20
big_dataset_depth/000000002154-segment-12273083120751993429_7285_000_7305_000_with_camera_labels-170.png 1424 1016 20
big_dataset_depth/000000002154-segment-12273083120751993429_7285_000_7305_000_with_camera_labels-170.png 1432 1024 20
big_dataset_depth/000000002154-segment-12273083120751993429_7285_000_7305_000_with_camera_labels-170.png 1440 1008 19
big_dataset_depth/000000002154-segment-12273083120751993429_7285_000_7305_000_with_camera_labels-170.png 1448 1000 19
big_dataset_depth/000000002154-segment-12273083120751993429_7285_000_7305_000_with_camera_labels-170.png 1456 976 19
big_dataset_depth/000000002154-segment-12273083120751993429_7285_000_7305_000_with_camera_labels-170.png 1464 968 18
big_dataset_depth/000000002154-segment-12273083120751993429_7285_000_7305_000_with_camera_labels-170.png 1472 1064 19
big_dataset_depth/000000002154-segment-12273083120751993429_7285_000_7305_000_with_camera_labels-170.png 1480 1024 18
big_dataset_depth/000000002154-segment-12273083120751993429_7285_000_7305_000_with_camera_labels-170.png 1488 960 18
big_dataset_depth/000000002154-segment-12273083120751993429_7285_000_7305_000_with_camera_labels-170.png 1496 1008 18
big_dataset_depth/000000002154-segment-12273083120751993429_7285_000_7305_000_with_camera_labels-170.png 1504 1024 18
big_dataset_depth/000000002154-segment-12273083120751993429_7285_000_7305_000_with_camera_labels-170.png 1512 1056 17
big_dataset_depth/000000002154-segment-12273083120751993429_7285_000_7305_000_with_camera_labels-170.png 1520 1088 17
big_dataset_depth/000000002154-segment-12273083120751993429_7285_000_7305_000_with_camera_labels-170.png 1528 1120 17
big_dataset_depth/000000002154-segment-12273083120751993429_7285_000_7305_000_with_camera_labels-170.png 1536 1120 17
big_dataset_depth/000000002154-segment-12273083120751993429_7285_000_7305_000_with_camera_labels-170.png 1544 1112 17
big_dataset_depth/000000002154-segment-12273083120751993429_7285_000_7305_000_with_camera_labels-170.png 1552 1120 17
big_dataset_depth/000000002154-segment-12273083120751993429_7285_000_7305_000_with_camera_labels-170.png 1560 1120 17
big_dataset_depth/000000002154-segment-12273083120751993429_7285_000_7305_000_with_camera_labels-170.png 1568 1112 17
big_dataset_depth/000000002154-segment-12273083120751993429_7285_000_7305_000_with_camera_labels-170.png 1576 1120 17
big_dataset_depth/000000002154-segment-12273083120751993429_7285_000_7305_000_with_camera_labels-170.png 1592 1120 17
big_dataset_depth/000000002154-segment-12273083120751993429_7285_000_7305_000_with_camera_labels-170.png 1600 1072 16
big_dataset_depth/000000002154-segment-12273083120751993429_7285_000_7305_000_with_camera_labels-170.png 1608 1080 16
big_dataset_depth/000000002154-segment-12273083120751993429_7285_000_7305_000_with_camera_labels-170.png 1616 1080 16
big_dataset_depth/000000002154-segment-12273083120751993429_7285_000_7305_000_with_camera_labels-170.png 1624 1080 16
big_dataset_depth/000000002154-segment-12273083120751993429_7285_000_7305_000_with_camera_labels-170.png 1632 1072 16
big_dataset_depth/000000002154-segment-12273083120751993429_7285_000_7305_000_with_camera_labels-170.png 1640 1128 17
big_dataset_depth/000000002154-segment-12273083120751993429_7285_000_7305_000_with_camera_labels-170.png 1648 1080 16
big_dataset_depth/000000002154-segment-12273083120751993429_7285_000_7305_000_with_camera_labels-170.png 1656 1080 16
big_dataset_depth/000000002154-segment-12273083120751993429_7285_000_7305_000_with_camera_labels-170.png 1664 1104 16
big_dataset_depth/000000002154-segment-12273083120751993429_7285_000_7305_000_with_camera_labels-170.png 1672 1088 16
big_dataset_depth/000000002154-segment-12273083120751993429_7285_000_7305_000_with_camera_labels-170.png 1680 1080 16
big_dataset_depth/000000002154-segment-12273083120751993429_7285_000_7305_000_with_camera_labels-170.png 1696 1080 16
big_dataset_depth/000000002154-segment-12273083120751993429_7285_000_7305_000_with_camera_labels-170.png 1704 1088 16
big_dataset_depth/000000002154-segment-12273083120751993429_7285_000_7305_000_with_camera_labels-170.png 1712 1072 16
big_dataset_depth/000000002154-segment-12273083120751993429_7285_000_7305_000_with_camera_labels-170.png 1720 1080 16
big_dataset_depth/000000002154-segment-12273083120751993429_7285_000_7305_000_with_camera_labels-170.png 1728 1128 17
big_dataset_depth/000000002154-segment-12273083120751993429_7285_000_7305_000_with_camera_labels-170.png 1736 1080 16
big_dataset_depth/000000002154-segment-12273083120751993429_7285_000_7305_000_with_camera_labels-170.png 1744 1088 16
big_dataset_depth/000000002154-segment-12273083120751993429_7285_000_7305_000_with_camera_labels-170.png 1752 1096 16
big_dataset_depth/000000002154-segment-12273083120751993429_7285_000_7305_000_with_camera_labels-170.png 1760 1064 16
big_dataset_depth/000000002154-segment-12273083120751993429_7285_000_7305_000_with_camera_labels-170.png 1768 1088 17
big_dataset_depth/000000002154-segment-12273083120751993429_7285_000_7305_000_with_camera_labels-170.png 1776 1064 16
big_dataset_depth/000000002154-segment-12273083120751993429_7285_000_7305_000_with_camera_labels-170.png 1784 1064 16
big_dataset_depth/000000002154-segment-12273083120751993429_7285_000_7305_000_with_camera_labels-170.png 1792 1064 16
big_dataset_depth/000000002154-segment-12273083120751993429_7285_000_7305_000_with_camera_labels-170.png 1800 1072 16
big_dataset_depth/000000002154-segment-12273083120751993429_7285_000_7305_000_with_camera_labels-170.png 1808 1064 16
big_dataset_depth/000000002154-segment-12273083120751993429_7285_000_7305_000_with_camera_labels-170.png 1816 1104 16
big_dataset_depth/000000002154-segment-12273083120751993429_7285_000_7305_000_with_camera_labels-170.png 1824 1088 17
big_dataset_depth/000000002154-segment-12273083120751993429_7285_000_7305_000_with_camera_labels-170.png 1832 1096 17
big_dataset_depth/000000002154-segment-12273083120751993429_7285_000_7305_000_with_camera_labels-170.png 1848 1088 17
big_dataset_depth/000000002154-segment-12273083120751993429_7285_000_7305_000_with_camera_labels-170.png 1856 1088 17
big_dataset_depth/000000002154-segment-12273083120751993429_7285_000_7305_000_with_camera_labels-170.png 1864 992 31
big_dataset_depth/000000002154-segment-12273083120751993429_7285_000_7305_000_with_camera_labels-170.png 1872 1112 17
big_dataset_depth/000000002154-segment-12273083120751993429_7285_000_7305_000_with_camera_labels-170.png 1880 976 30
big_dataset_depth/000000002154-segment-12273083120751993429_7285_000_7305_000_with_camera_labels-170.png 1888 1072 16
big_dataset_depth/000000002154-segment-12273083120751993429_7285_000_7305_000_with_camera_labels-170.png 1896 984 30
big_dataset_depth/000000002154-segment-12273083120751993429_7285_000_7305_000_with_camera_labels-170.png 1904 968 30
big_dataset_depth/000000002154-segment-12273083120751993429_7285_000_7305_000_with_camera_labels-170.png 1912 928 36
