big_dataset_depth/000000003305-segment-13619063687271391084_1519_680_1539_680_with_camera_labels-80.png 0 1032 21
big_dataset_depth/000000003305-segment-13619063687271391084_1519_680_1539_680_with_camera_labels-80.png 8 1048 20
big_dataset_depth/000000003305-segment-13619063687271391084_1519_680_1539_680_with_camera_labels-80.png 16 1040 20
big_dataset_depth/000000003305-segment-13619063687271391084_1519_680_1539_680_with_camera_labels-80.png 24 1040 20
big_dataset_depth/000000003305-segment-13619063687271391084_1519_680_1539_680_with_camera_labels-80.png 32 1040 20
big_dataset_depth/000000003305-segment-13619063687271391084_1519_680_1539_680_with_camera_labels-80.png 40 1048 20
big_dataset_depth/000000003305-segment-13619063687271391084_1519_680_1539_680_with_camera_labels-80.png 48 1136 17
big_dataset_depth/000000003305-segment-13619063687271391084_1519_680_1539_680_with_camera_labels-80.png 56 1088 19
big_dataset_depth/000000003305-segment-13619063687271391084_1519_680_1539_680_with_camera_labels-80.png 64 1096 18
big_dataset_depth/000000003305-segment-13619063687271391084_1519_680_1539_680_with_camera_labels-80.png 88 1072 19
big_dataset_depth/000000003305-segment-13619063687271391084_1519_680_1539_680_with_camera_labels-80.png 96 1112 18
big_dataset_depth/000000003305-segment-13619063687271391084_1519_680_1539_680_with_camera_labels-80.png 104 1112 18
big_dataset_depth/000000003305-segment-13619063687271391084_1519_680_1539_680_with_camera_labels-80.png 112 1032 20
big_dataset_depth/000000003305-segment-13619063687271391084_1519_680_1539_680_with_camera_labels-80.png 120 1032 21
big_dataset_depth/000000003305-segment-13619063687271391084_1519_680_1539_680_with_camera_labels-80.png 128 1032 21
big_dataset_depth/000000003305-segment-13619063687271391084_1519_680_1539_680_with_camera_labels-80.png 136 976 21
big_dataset_depth/000000003305-segment-13619063687271391084_1519_680_1539_680_with_camera_labels-80.png 160 960 25
big_dataset_depth/000000003305-segment-13619063687271391084_1519_680_1539_680_with_camera_labels-80.png 168 960 25
big_dataset_depth/000000003305-segment-13619063687271391084_1519_680_1539_680_with_camera_labels-80.png 176 920 25
big_dataset_depth/000000003305-segment-13619063687271391084_1519_680_1539_680_with_camera_labels-80.png 184 1000 22
big_dataset_depth/000000003305-segment-13619063687271391084_1519_680_1539_680_with_camera_labels-80.png 200 944 26
big_dataset_depth/000000003305-segment-13619063687271391084_1519_680_1539_680_with_camera_labels-80.png 208 928 26
big_dataset_depth/000000003305-segment-13619063687271391084_1519_680_1539_680_with_camera_labels-80.png 216 944 26
big_dataset_depth/000000003305-segment-13619063687271391084_1519_680_1539_680_with_camera_labels-80.png 224 944 26
big_dataset_depth/000000003305-segment-13619063687271391084_1519_680_1539_680_with_camera_labels-80.png 232 936 26
big_dataset_depth/000000003305-segment-13619063687271391084_1519_680_1539_680_with_camera_labels-80.png 240 928 26
big_dataset_depth/000000003305-segment-13619063687271391084_1519_680_1539_680_with_camera_labels-80.png 248 928 26
big_dataset_depth/000000003305-segment-13619063687271391084_1519_680_1539_680_with_camera_labels-80.png 256 928 26
big_dataset_depth/000000003305-segment-13619063687271391084_1519_680_1539_680_with_camera_labels-80.png 264 904 26
big_dataset_depth/000000003305-segment-13619063687271391084_1519_680_1539_680_with_camera_labels-80.png 272 912 26
big_dataset_depth/000000003305-segment-13619063687271391084_1519_680_1539_680_with_camera_labels-80.png 296 864 33
big_dataset_depth/000000003305-segment-13619063687271391084_1519_680_1539_680_with_camera_labels-80.png 304 904 29
big_dataset_depth/000000003305-segment-13619063687271391084_1519_680_1539_680_with_camera_labels-80.png 312 880 30
big_dataset_depth/000000003305-segment-13619063687271391084_1519_680_1539_680_with_camera_labels-80.png 320 904 30
big_dataset_depth/000000003305-segment-13619063687271391084_1519_680_1539_680_with_camera_labels-80.png 328 896 30
big_dataset_depth/000000003305-segment-13619063687271391084_1519_680_1539_680_with_camera_labels-80.png 336 880 30
big_dataset_depth/000000003305-segment-13619063687271391084_1519_680_1539_680_with_camera_labels-80.png 344 888 30
big_dataset_depth/000000003305-segment-13619063687271391084_1519_680_1539_680_with_camera_labels-80.png 352 896 30
big_dataset_depth/000000003305-segment-13619063687271391084_1519_680_1539_680_with_camera_labels-80.png 360 880 31
big_dataset_depth/000000003305-segment-13619063687271391084_1519_680_1539_680_with_camera_labels-80.png 368 880 31
big_dataset_depth/000000003305-segment-13619063687271391084_1519_680_1539_680_with_camera_labels-80.png 376 880 31
big_dataset_depth/000000003305-segment-13619063687271391084_1519_680_1539_680_with_camera_labels-80.png 384 816 38
big_dataset_depth/000000003305-segment-13619063687271391084_1519_680_1539_680_with_camera_labels-80.png 392 848 33
big_dataset_depth/000000003305-segment-13619063687271391084_1519_680_1539_680_with_camera_labels-80.png 400 864 33
big_dataset_depth/000000003305-segment-13619063687271391084_1519_680_1539_680_with_camera_labels-80.png 408 872 33
big_dataset_depth/000000003305-segment-13619063687271391084_1519_680_1539_680_with_camera_labels-80.png 416 880 33
big_dataset_depth/000000003305-segment-13619063687271391084_1519_680_1539_680_with_camera_labels-80.png 424 864 33
big_dataset_depth/000000003305-segment-13619063687271391084_1519_680_1539_680_with_camera_labels-80.png 432 848 33
big_dataset_depth/000000003305-segment-13619063687271391084_1519_680_1539_680_with_camera_labels-80.png 440 848 36
big_dataset_depth/000000003305-segment-13619063687271391084_1519_680_1539_680_with_camera_labels-80.png 448 848 36
big_dataset_depth/000000003305-segment-13619063687271391084_1519_680_1539_680_with_camera_labels-80.png 456 840 36
big_dataset_depth/000000003305-segment-13619063687271391084_1519_680_1539_680_with_camera_labels-80.png 464 848 36
big_dataset_depth/000000003305-segment-13619063687271391084_1519_680_1539_680_with_camera_labels-80.png 472 824 37
big_dataset_depth/000000003305-segment-13619063687271391084_1519_680_1539_680_with_camera_labels-80.png 480 832 37
big_dataset_depth/000000003305-segment-13619063687271391084_1519_680_1539_680_with_camera_labels-80.png 488 832 36
big_dataset_depth/000000003305-segment-13619063687271391084_1519_680_1539_680_with_camera_labels-80.png 496 824 36
big_dataset_depth/000000003305-segment-13619063687271391084_1519_680_1539_680_with_camera_labels-80.png 504 824 36
big_dataset_depth/000000003305-segment-13619063687271391084_1519_680_1539_680_with_camera_labels-80.png 512 848 36
big_dataset_depth/000000003305-segment-13619063687271391084_1519_680_1539_680_with_camera_labels-80.png 520 848 36
big_dataset_depth/000000003305-segment-13619063687271391084_1519_680_1539_680_with_camera_labels-80.png 528 840 36
big_dataset_depth/000000003305-segment-13619063687271391084_1519_680_1539_680_with_camera_labels-80.png 536 848 36
big_dataset_depth/000000003305-segment-13619063687271391084_1519_680_1539_680_with_camera_labels-80.png 544 832 36
big_dataset_depth/000000003305-segment-13619063687271391084_1519_680_1539_680_with_camera_labels-80.png 552 848 37
big_dataset_depth/000000003305-segment-13619063687271391084_1519_680_1539_680_with_camera_labels-80.png 560 808 37
big_dataset_depth/000000003305-segment-13619063687271391084_1519_680_1539_680_with_camera_labels-80.png 568 824 38
big_dataset_depth/000000003305-segment-13619063687271391084_1519_680_1539_680_with_camera_labels-80.png 576 832 39
big_dataset_depth/000000003305-segment-13619063687271391084_1519_680_1539_680_with_camera_labels-80.png 584 832 39
big_dataset_depth/000000003305-segment-13619063687271391084_1519_680_1539_680_with_camera_labels-80.png 592 824 41
big_dataset_depth/000000003305-segment-13619063687271391084_1519_680_1539_680_with_camera_labels-80.png 600 824 41
big_dataset_depth/000000003305-segment-13619063687271391084_1519_680_1539_680_with_camera_labels-80.png 608 800 49
big_dataset_depth/000000003305-segment-13619063687271391084_1519_680_1539_680_with_camera_labels-80.png 616 776 56
big_dataset_depth/000000003305-segment-13619063687271391084_1519_680_1539_680_with_camera_labels-80.png 624 776 57
big_dataset_depth/000000003305-segment-13619063687271391084_1519_680_1539_680_with_camera_labels-80.png 632 768 63
big_dataset_depth/000000003305-segment-13619063687271391084_1519_680_1539_680_with_camera_labels-80.png 640 752 72
big_dataset_depth/000000003305-segment-13619063687271391084_1519_680_1539_680_with_camera_labels-80.png 648 760 66
big_dataset_depth/000000003305-segment-13619063687271391084_1519_680_1539_680_with_camera_labels-80.png 656 752 77
big_dataset_depth/000000003305-segment-13619063687271391084_1519_680_1539_680_with_camera_labels-80.png 664 752 67
big_dataset_depth/000000003305-segment-13619063687271391084_1519_680_1539_680_with_camera_labels-80.png 672 728 93
big_dataset_depth/000000003305-segment-13619063687271391084_1519_680_1539_680_with_camera_labels-80.png 680 728 93
big_dataset_depth/000000003305-segment-13619063687271391084_1519_680_1539_680_with_camera_labels-80.png 688 728 93
big_dataset_depth/000000003305-segment-13619063687271391084_1519_680_1539_680_with_camera_labels-80.png 696 736 92
big_dataset_depth/000000003305-segment-13619063687271391084_1519_680_1539_680_with_camera_labels-80.png 704 704 104
big_dataset_depth/000000003305-segment-13619063687271391084_1519_680_1539_680_with_camera_labels-80.png 712 728 103
big_dataset_depth/000000003305-segment-13619063687271391084_1519_680_1539_680_with_camera_labels-80.png 744 856 32
big_dataset_depth/000000003305-segment-13619063687271391084_1519_680_1539_680_with_camera_labels-80.png 752 856 32
big_dataset_depth/000000003305-segment-13619063687271391084_1519_680_1539_680_with_camera_labels-80.png 760 864 32
big_dataset_depth/000000003305-segment-13619063687271391084_1519_680_1539_680_with_camera_labels-80.png 768 848 32
big_dataset_depth/000000003305-segment-13619063687271391084_1519_680_1539_680_with_camera_labels-80.png 776 864 32
big_dataset_depth/000000003305-segment-13619063687271391084_1519_680_1539_680_with_camera_labels-80.png 784 840 31
big_dataset_depth/000000003305-segment-13619063687271391084_1519_680_1539_680_with_camera_labels-80.png 792 840 31
big_dataset_depth/000000003305-segment-13619063687271391084_1519_680_1539_680_with_camera_labels-80.png 800 840 31
big_dataset_depth/000000003305-segment-13619063687271391084_1519_680_1539_680_with_camera_labels-80.png 808 872 31
big_dataset_depth/000000003305-segment-13619063687271391084_1519_680_1539_680_with_camera_labels-80.png 816 856 31
big_dataset_depth/000000003305-segment-13619063687271391084_1519_680_1539_680_with_camera_labels-80.png 824 856 31
big_dataset_depth/000000003305-segment-13619063687271391084_1519_680_1539_680_with_camera_labels-80.png 832 872 32
big_dataset_depth/000000003305-segment-13619063687271391084_1519_680_1539_680_with_camera_labels-80.png 840 856 31
big_dataset_depth/000000003305-segment-13619063687271391084_1519_680_1539_680_with_camera_labels-80.png 848 856 31
big_dataset_depth/000000003305-segment-13619063687271391084_1519_680_1539_680_with_camera_labels-80.png 856 848 31
big_dataset_depth/000000003305-segment-13619063687271391084_1519_680_1539_680_with_camera_labels-80.png 864 840 31
big_dataset_depth/000000003305-segment-13619063687271391084_1519_680_1539_680_with_camera_labels-80.png 872 856 31
big_dataset_depth/000000003305-segment-13619063687271391084_1519_680_1539_680_with_camera_labels-80.png 880 856 31
big_dataset_depth/000000003305-segment-13619063687271391084_1519_680_1539_680_with_camera_labels-80.png 888 872 31
big_dataset_depth/000000003305-segment-13619063687271391084_1519_680_1539_680_with_camera_labels-80.png 896 856 32
big_dataset_depth/000000003305-segment-13619063687271391084_1519_680_1539_680_with_camera_labels-80.png 904 848 31
big_dataset_depth/000000003305-segment-13619063687271391084_1519_680_1539_680_with_camera_labels-80.png 912 856 32
big_dataset_depth/000000003305-segment-13619063687271391084_1519_680_1539_680_with_camera_labels-80.png 920 856 32
big_dataset_depth/000000003305-segment-13619063687271391084_1519_680_1539_680_with_camera_labels-80.png 928 872 32
big_dataset_depth/000000003305-segment-13619063687271391084_1519_680_1539_680_with_camera_labels-80.png 936 768 36
big_dataset_depth/000000003305-segment-13619063687271391084_1519_680_1539_680_with_camera_labels-80.png 1192 720 107
big_dataset_depth/000000003305-segment-13619063687271391084_1519_680_1539_680_with_camera_labels-80.png 1208 720 104
big_dataset_depth/000000003305-segment-13619063687271391084_1519_680_1539_680_with_camera_labels-80.png 1216 720 103
big_dataset_depth/000000003305-segment-13619063687271391084_1519_680_1539_680_with_camera_labels-80.png 1224 720 102
big_dataset_depth/000000003305-segment-13619063687271391084_1519_680_1539_680_with_camera_labels-80.png 1232 720 98
big_dataset_depth/000000003305-segment-13619063687271391084_1519_680_1539_680_with_camera_labels-80.png 1240 728 94
big_dataset_depth/000000003305-segment-13619063687271391084_1519_680_1539_680_with_camera_labels-80.png 1248 728 93
big_dataset_depth/000000003305-segment-13619063687271391084_1519_680_1539_680_with_camera_labels-80.png 1256 720 92
big_dataset_depth/000000003305-segment-13619063687271391084_1519_680_1539_680_with_camera_labels-80.png 1264 728 88
big_dataset_depth/000000003305-segment-13619063687271391084_1519_680_1539_680_with_camera_labels-80.png 1272 728 86
big_dataset_depth/000000003305-segment-13619063687271391084_1519_680_1539_680_with_camera_labels-80.png 1280 728 86
big_dataset_depth/000000003305-segment-13619063687271391084_1519_680_1539_680_with_camera_labels-80.png 1288 728 83
big_dataset_depth/000000003305-segment-13619063687271391084_1519_680_1539_680_with_camera_labels-80.png 1296 712 92
big_dataset_depth/000000003305-segment-13619063687271391084_1519_680_1539_680_with_camera_labels-80.png 1304 736 81
big_dataset_depth/000000003305-segment-13619063687271391084_1519_680_1539_680_with_camera_labels-80.png 1312 744 74
big_dataset_depth/000000003305-segment-13619063687271391084_1519_680_1539_680_with_camera_labels-80.png 1320 744 74
big_dataset_depth/000000003305-segment-13619063687271391084_1519_680_1539_680_with_camera_labels-80.png 1328 744 74
big_dataset_depth/000000003305-segment-13619063687271391084_1519_680_1539_680_with_camera_labels-80.png 1336 752 73
big_dataset_depth/000000003305-segment-13619063687271391084_1519_680_1539_680_with_camera_labels-80.png 1344 736 72
big_dataset_depth/000000003305-segment-13619063687271391084_1519_680_1539_680_with_camera_labels-80.png 1352 704 79
big_dataset_depth/000000003305-segment-13619063687271391084_1519_680_1539_680_with_camera_labels-80.png 1360 704 79
big_dataset_depth/000000003305-segment-13619063687271391084_1519_680_1539_680_with_camera_labels-80.png 1368 752 68
big_dataset_depth/000000003305-segment-13619063687271391084_1519_680_1539_680_with_camera_labels-80.png 1376 760 67
big_dataset_depth/000000003305-segment-13619063687271391084_1519_680_1539_680_with_camera_labels-80.png 1384 760 65
big_dataset_depth/000000003305-segment-13619063687271391084_1519_680_1539_680_with_camera_labels-80.png 1392 760 64
big_dataset_depth/000000003305-segment-13619063687271391084_1519_680_1539_680_with_camera_labels-80.png 1400 760 63
big_dataset_depth/000000003305-segment-13619063687271391084_1519_680_1539_680_with_camera_labels-80.png 1408 760 62
big_dataset_depth/000000003305-segment-13619063687271391084_1519_680_1539_680_with_camera_labels-80.png 1416 760 62
big_dataset_depth/000000003305-segment-13619063687271391084_1519_680_1539_680_with_camera_labels-80.png 1424 760 62
big_dataset_depth/000000003305-segment-13619063687271391084_1519_680_1539_680_with_camera_labels-80.png 1440 760 62
big_dataset_depth/000000003305-segment-13619063687271391084_1519_680_1539_680_with_camera_labels-80.png 1448 760 62
big_dataset_depth/000000003305-segment-13619063687271391084_1519_680_1539_680_with_camera_labels-80.png 1456 760 62
big_dataset_depth/000000003305-segment-13619063687271391084_1519_680_1539_680_with_camera_labels-80.png 1464 752 63
big_dataset_depth/000000003305-segment-13619063687271391084_1519_680_1539_680_with_camera_labels-80.png 1472 760 62
big_dataset_depth/000000003305-segment-13619063687271391084_1519_680_1539_680_with_camera_labels-80.png 1480 744 63
big_dataset_depth/000000003305-segment-13619063687271391084_1519_680_1539_680_with_camera_labels-80.png 1488 760 62
big_dataset_depth/000000003305-segment-13619063687271391084_1519_680_1539_680_with_camera_labels-80.png 1496 760 62
big_dataset_depth/000000003305-segment-13619063687271391084_1519_680_1539_680_with_camera_labels-80.png 1512 832 45
big_dataset_depth/000000003305-segment-13619063687271391084_1519_680_1539_680_with_camera_labels-80.png 1520 816 49
big_dataset_depth/000000003305-segment-13619063687271391084_1519_680_1539_680_with_camera_labels-80.png 1528 760 62
big_dataset_depth/000000003305-segment-13619063687271391084_1519_680_1539_680_with_camera_labels-80.png 1536 760 62
big_dataset_depth/000000003305-segment-13619063687271391084_1519_680_1539_680_with_camera_labels-80.png 1552 816 48
big_dataset_depth/000000003305-segment-13619063687271391084_1519_680_1539_680_with_camera_labels-80.png 1560 752 62
big_dataset_depth/000000003305-segment-13619063687271391084_1519_680_1539_680_with_camera_labels-80.png 1568 752 63
big_dataset_depth/000000003305-segment-13619063687271391084_1519_680_1539_680_with_camera_labels-80.png 1576 712 69
big_dataset_depth/000000003305-segment-13619063687271391084_1519_680_1539_680_with_camera_labels-80.png 1592 888 33
big_dataset_depth/000000003305-segment-13619063687271391084_1519_680_1539_680_with_camera_labels-80.png 1600 888 33
big_dataset_depth/000000003305-segment-13619063687271391084_1519_680_1539_680_with_camera_labels-80.png 1608 800 53
big_dataset_depth/000000003305-segment-13619063687271391084_1519_680_1539_680_with_camera_labels-80.png 1616 888 33
big_dataset_depth/000000003305-segment-13619063687271391084_1519_680_1539_680_with_camera_labels-80.png 1632 728 47
big_dataset_depth/000000003305-segment-13619063687271391084_1519_680_1539_680_with_camera_labels-80.png 1640 904 31
big_dataset_depth/000000003305-segment-13619063687271391084_1519_680_1539_680_with_camera_labels-80.png 1648 904 31
big_dataset_depth/000000003305-segment-13619063687271391084_1519_680_1539_680_with_camera_labels-80.png 1656 840 39
big_dataset_depth/000000003305-segment-13619063687271391084_1519_680_1539_680_with_camera_labels-80.png 1664 904 31
big_dataset_depth/000000003305-segment-13619063687271391084_1519_680_1539_680_with_camera_labels-80.png 1672 768 47
big_dataset_depth/000000003305-segment-13619063687271391084_1519_680_1539_680_with_camera_labels-80.png 1680 792 48
big_dataset_depth/000000003305-segment-13619063687271391084_1519_680_1539_680_with_camera_labels-80.png 1688 768 55
big_dataset_depth/000000003305-segment-13619063687271391084_1519_680_1539_680_with_camera_labels-80.png 1696 840 46
big_dataset_depth/000000003305-segment-13619063687271391084_1519_680_1539_680_with_camera_labels-80.png 1704 760 63
big_dataset_depth/000000003305-segment-13619063687271391084_1519_680_1539_680_with_camera_labels-80.png 1720 784 52
big_dataset_depth/000000003305-segment-13619063687271391084_1519_680_1539_680_with_camera_labels-80.png 1728 792 47
big_dataset_depth/000000003305-segment-13619063687271391084_1519_680_1539_680_with_camera_labels-80.png 1752 864 37
big_dataset_depth/000000003305-segment-13619063687271391084_1519_680_1539_680_with_camera_labels-80.png 1760 872 37
big_dataset_depth/000000003305-segment-13619063687271391084_1519_680_1539_680_with_camera_labels-80.png 1768 936 28
big_dataset_depth/000000003305-segment-13619063687271391084_1519_680_1539_680_with_camera_labels-80.png 1776 760 63
big_dataset_depth/000000003305-segment-13619063687271391084_1519_680_1539_680_with_camera_labels-80.png 1792 768 62
big_dataset_depth/000000003305-segment-13619063687271391084_1519_680_1539_680_with_camera_labels-80.png 1800 768 62
big_dataset_depth/000000003305-segment-13619063687271391084_1519_680_1539_680_with_camera_labels-80.png 1808 896 38
big_dataset_depth/000000003305-segment-13619063687271391084_1519_680_1539_680_with_camera_labels-80.png 1824 960 26
big_dataset_depth/000000003305-segment-13619063687271391084_1519_680_1539_680_with_camera_labels-80.png 1832 960 26
big_dataset_depth/000000003305-segment-13619063687271391084_1519_680_1539_680_with_camera_labels-80.png 1840 784 55
big_dataset_depth/000000003305-segment-13619063687271391084_1519_680_1539_680_with_camera_labels-80.png 1848 816 37
big_dataset_depth/000000003305-segment-13619063687271391084_1519_680_1539_680_with_camera_labels-80.png 1856 760 63
big_dataset_depth/000000003305-segment-13619063687271391084_1519_680_1539_680_with_camera_labels-80.png 1864 976 25
big_dataset_depth/000000003305-segment-13619063687271391084_1519_680_1539_680_with_camera_labels-80.png 1872 904 38
big_dataset_depth/000000003305-segment-13619063687271391084_1519_680_1539_680_with_camera_labels-80.png 1880 744 65
big_dataset_depth/000000003305-segment-13619063687271391084_1519_680_1539_680_with_camera_labels-80.png 1888 784 47
big_dataset_depth/000000003305-segment-13619063687271391084_1519_680_1539_680_with_camera_labels-80.png 1896 800 47
big_dataset_depth/000000003305-segment-13619063687271391084_1519_680_1539_680_with_camera_labels-80.png 1904 800 46
big_dataset_depth/000000003305-segment-13619063687271391084_1519_680_1539_680_with_camera_labels-80.png 1912 792 47
