big_dataset_depth/000000000248-segment-10153695247769592104_787_000_807_000_with_camera_labels-80.png 0 768 63
big_dataset_depth/000000000248-segment-10153695247769592104_787_000_807_000_with_camera_labels-80.png 8 776 63
big_dataset_depth/000000000248-segment-10153695247769592104_787_000_807_000_with_camera_labels-80.png 16 768 64
big_dataset_depth/000000000248-segment-10153695247769592104_787_000_807_000_with_camera_labels-80.png 24 776 64
big_dataset_depth/000000000248-segment-10153695247769592104_787_000_807_000_with_camera_labels-80.png 32 776 65
big_dataset_depth/000000000248-segment-10153695247769592104_787_000_807_000_with_camera_labels-80.png 40 776 65
big_dataset_depth/000000000248-segment-10153695247769592104_787_000_807_000_with_camera_labels-80.png 48 768 66
big_dataset_depth/000000000248-segment-10153695247769592104_787_000_807_000_with_camera_labels-80.png 56 752 67
big_dataset_depth/000000000248-segment-10153695247769592104_787_000_807_000_with_camera_labels-80.png 64 768 67
big_dataset_depth/000000000248-segment-10153695247769592104_787_000_807_000_with_camera_labels-80.png 72 752 68
big_dataset_depth/000000000248-segment-10153695247769592104_787_000_807_000_with_camera_labels-80.png 80 752 68
big_dataset_depth/000000000248-segment-10153695247769592104_787_000_807_000_with_camera_labels-80.png 88 736 86
big_dataset_depth/000000000248-segment-10153695247769592104_787_000_807_000_with_camera_labels-80.png 96 752 69
big_dataset_depth/000000000248-segment-10153695247769592104_787_000_807_000_with_camera_labels-80.png 104 752 70
big_dataset_depth/000000000248-segment-10153695247769592104_787_000_807_000_with_camera_labels-80.png 112 752 70
big_dataset_depth/000000000248-segment-10153695247769592104_787_000_807_000_with_camera_labels-80.png 120 752 71
big_dataset_depth/000000000248-segment-10153695247769592104_787_000_807_000_with_camera_labels-80.png 128 752 71
big_dataset_depth/000000000248-segment-10153695247769592104_787_000_807_000_with_camera_labels-80.png 136 752 72
big_dataset_depth/000000000248-segment-10153695247769592104_787_000_807_000_with_camera_labels-80.png 144 752 73
big_dataset_depth/000000000248-segment-10153695247769592104_787_000_807_000_with_camera_labels-80.png 152 752 73
big_dataset_depth/000000000248-segment-10153695247769592104_787_000_807_000_with_camera_labels-80.png 160 752 74
big_dataset_depth/000000000248-segment-10153695247769592104_787_000_807_000_with_camera_labels-80.png 168 752 74
big_dataset_depth/000000000248-segment-10153695247769592104_787_000_807_000_with_camera_labels-80.png 176 752 75
big_dataset_depth/000000000248-segment-10153695247769592104_787_000_807_000_with_camera_labels-80.png 184 744 76
big_dataset_depth/000000000248-segment-10153695247769592104_787_000_807_000_with_camera_labels-80.png 192 752 76
big_dataset_depth/000000000248-segment-10153695247769592104_787_000_807_000_with_camera_labels-80.png 200 752 77
big_dataset_depth/000000000248-segment-10153695247769592104_787_000_807_000_with_camera_labels-80.png 208 744 78
big_dataset_depth/000000000248-segment-10153695247769592104_787_000_807_000_with_camera_labels-80.png 216 744 79
big_dataset_depth/000000000248-segment-10153695247769592104_787_000_807_000_with_camera_labels-80.png 224 744 79
big_dataset_depth/000000000248-segment-10153695247769592104_787_000_807_000_with_camera_labels-80.png 232 744 80
big_dataset_depth/000000000248-segment-10153695247769592104_787_000_807_000_with_camera_labels-80.png 240 744 81
big_dataset_depth/000000000248-segment-10153695247769592104_787_000_807_000_with_camera_labels-80.png 248 744 81
big_dataset_depth/000000000248-segment-10153695247769592104_787_000_807_000_with_camera_labels-80.png 256 744 82
big_dataset_depth/000000000248-segment-10153695247769592104_787_000_807_000_with_camera_labels-80.png 264 744 83
big_dataset_depth/000000000248-segment-10153695247769592104_787_000_807_000_with_camera_labels-80.png 272 736 84
big_dataset_depth/000000000248-segment-10153695247769592104_787_000_807_000_with_camera_labels-80.png 280 744 85
big_dataset_depth/000000000248-segment-10153695247769592104_787_000_807_000_with_camera_labels-80.png 288 728 86
big_dataset_depth/000000000248-segment-10153695247769592104_787_000_807_000_with_camera_labels-80.png 296 728 87
big_dataset_depth/000000000248-segment-10153695247769592104_787_000_807_000_with_camera_labels-80.png 304 728 88
big_dataset_depth/000000000248-segment-10153695247769592104_787_000_807_000_with_camera_labels-80.png 312 728 89
big_dataset_depth/000000000248-segment-10153695247769592104_787_000_807_000_with_camera_labels-80.png 320 728 90
big_dataset_depth/000000000248-segment-10153695247769592104_787_000_807_000_with_camera_labels-80.png 328 728 91
big_dataset_depth/000000000248-segment-10153695247769592104_787_000_807_000_with_camera_labels-80.png 336 728 92
big_dataset_depth/000000000248-segment-10153695247769592104_787_000_807_000_with_camera_labels-80.png 344 728 93
big_dataset_depth/000000000248-segment-10153695247769592104_787_000_807_000_with_camera_labels-80.png 352 728 94
big_dataset_depth/000000000248-segment-10153695247769592104_787_000_807_000_with_camera_labels-80.png 360 720 95
big_dataset_depth/000000000248-segment-10153695247769592104_787_000_807_000_with_camera_labels-80.png 368 720 96
big_dataset_depth/000000000248-segment-10153695247769592104_787_000_807_000_with_camera_labels-80.png 376 720 97
big_dataset_depth/000000000248-segment-10153695247769592104_787_000_807_000_with_camera_labels-80.png 384 712 99
big_dataset_depth/000000000248-segment-10153695247769592104_787_000_807_000_with_camera_labels-80.png 392 712 100
big_dataset_depth/000000000248-segment-10153695247769592104_787_000_807_000_with_camera_labels-80.png 400 720 101
big_dataset_depth/000000000248-segment-10153695247769592104_787_000_807_000_with_camera_labels-80.png 408 712 102
big_dataset_depth/000000000248-segment-10153695247769592104_787_000_807_000_with_camera_labels-80.png 416 712 104
big_dataset_depth/000000000248-segment-10153695247769592104_787_000_807_000_with_camera_labels-80.png 424 712 105
big_dataset_depth/000000000248-segment-10153695247769592104_787_000_807_000_with_camera_labels-80.png 432 712 106
big_dataset_depth/000000000248-segment-10153695247769592104_787_000_807_000_with_camera_labels-80.png 440 712 108
big_dataset_depth/000000000248-segment-10153695247769592104_787_000_807_000_with_camera_labels-80.png 936 784 44
big_dataset_depth/000000000248-segment-10153695247769592104_787_000_807_000_with_camera_labels-80.png 944 776 44
big_dataset_depth/000000000248-segment-10153695247769592104_787_000_807_000_with_camera_labels-80.png 952 784 44
big_dataset_depth/000000000248-segment-10153695247769592104_787_000_807_000_with_camera_labels-80.png 960 776 44
big_dataset_depth/000000000248-segment-10153695247769592104_787_000_807_000_with_camera_labels-80.png 968 776 44
big_dataset_depth/000000000248-segment-10153695247769592104_787_000_807_000_with_camera_labels-80.png 976 776 44
big_dataset_depth/000000000248-segment-10153695247769592104_787_000_807_000_with_camera_labels-80.png 984 776 44
big_dataset_depth/000000000248-segment-10153695247769592104_787_000_807_000_with_camera_labels-80.png 992 776 44
big_dataset_depth/000000000248-segment-10153695247769592104_787_000_807_000_with_camera_labels-80.png 1000 776 44
big_dataset_depth/000000000248-segment-10153695247769592104_787_000_807_000_with_camera_labels-80.png 1008 768 44
big_dataset_depth/000000000248-segment-10153695247769592104_787_000_807_000_with_camera_labels-80.png 1016 776 44
big_dataset_depth/000000000248-segment-10153695247769592104_787_000_807_000_with_camera_labels-80.png 1024 768 44
big_dataset_depth/000000000248-segment-10153695247769592104_787_000_807_000_with_camera_labels-80.png 1032 792 44
big_dataset_depth/000000000248-segment-10153695247769592104_787_000_807_000_with_camera_labels-80.png 1040 776 44
big_dataset_depth/000000000248-segment-10153695247769592104_787_000_807_000_with_camera_labels-80.png 1048 792 44
big_dataset_depth/000000000248-segment-10153695247769592104_787_000_807_000_with_camera_labels-80.png 1840 760 49
big_dataset_depth/000000000248-segment-10153695247769592104_787_000_807_000_with_camera_labels-80.png 1848 760 49
big_dataset_depth/000000000248-segment-10153695247769592104_787_000_807_000_with_camera_labels-80.png 1888 736 50
big_dataset_depth/000000000248-segment-10153695247769592104_787_000_807_000_with_camera_labels-80.png 1912 712 51
