big_dataset_depth/000000002239-segment-12337317986514501583_5346_260_5366_260_with_camera_labels-20.png 0 808 53
big_dataset_depth/000000002239-segment-12337317986514501583_5346_260_5366_260_with_camera_labels-20.png 8 752 78
big_dataset_depth/000000002239-segment-12337317986514501583_5346_260_5366_260_with_camera_labels-20.png 16 808 53
big_dataset_depth/000000002239-segment-12337317986514501583_5346_260_5366_260_with_camera_labels-20.png 24 808 53
big_dataset_depth/000000002239-segment-12337317986514501583_5346_260_5366_260_with_camera_labels-20.png 32 576 92
big_dataset_depth/000000002239-segment-12337317986514501583_5346_260_5366_260_with_camera_labels-20.png 56 736 100
big_dataset_depth/000000002239-segment-12337317986514501583_5346_260_5366_260_with_camera_labels-20.png 64 584 74
big_dataset_depth/000000002239-segment-12337317986514501583_5346_260_5366_260_with_camera_labels-20.png 72 624 73
big_dataset_depth/000000002239-segment-12337317986514501583_5346_260_5366_260_with_camera_labels-20.png 80 592 69
big_dataset_depth/000000002239-segment-12337317986514501583_5346_260_5366_260_with_camera_labels-20.png 88 624 73
big_dataset_depth/000000002239-segment-12337317986514501583_5346_260_5366_260_with_camera_labels-20.png 96 592 68
big_dataset_depth/000000002239-segment-12337317986514501583_5346_260_5366_260_with_camera_labels-20.png 104 592 67
big_dataset_depth/000000002239-segment-12337317986514501583_5346_260_5366_260_with_camera_labels-20.png 112 608 71
big_dataset_depth/000000002239-segment-12337317986514501583_5346_260_5366_260_with_camera_labels-20.png 120 616 74
big_dataset_depth/000000002239-segment-12337317986514501583_5346_260_5366_260_with_camera_labels-20.png 128 760 73
big_dataset_depth/000000002239-segment-12337317986514501583_5346_260_5366_260_with_camera_labels-20.png 136 760 73
big_dataset_depth/000000002239-segment-12337317986514501583_5346_260_5366_260_with_camera_labels-20.png 144 760 73
big_dataset_depth/000000002239-segment-12337317986514501583_5346_260_5366_260_with_camera_labels-20.png 152 760 73
big_dataset_depth/000000002239-segment-12337317986514501583_5346_260_5366_260_with_camera_labels-20.png 160 728 73
big_dataset_depth/000000002239-segment-12337317986514501583_5346_260_5366_260_with_camera_labels-20.png 168 648 68
big_dataset_depth/000000002239-segment-12337317986514501583_5346_260_5366_260_with_camera_labels-20.png 176 656 72
big_dataset_depth/000000002239-segment-12337317986514501583_5346_260_5366_260_with_camera_labels-20.png 184 648 72
big_dataset_depth/000000002239-segment-12337317986514501583_5346_260_5366_260_with_camera_labels-20.png 192 632 70
big_dataset_depth/000000002239-segment-12337317986514501583_5346_260_5366_260_with_camera_labels-20.png 200 648 72
big_dataset_depth/000000002239-segment-12337317986514501583_5346_260_5366_260_with_camera_labels-20.png 208 624 70
big_dataset_depth/000000002239-segment-12337317986514501583_5346_260_5366_260_with_camera_labels-20.png 216 600 67
big_dataset_depth/000000002239-segment-12337317986514501583_5346_260_5366_260_with_camera_labels-20.png 224 736 102
big_dataset_depth/000000002239-segment-12337317986514501583_5346_260_5366_260_with_camera_labels-20.png 232 736 97
big_dataset_depth/000000002239-segment-12337317986514501583_5346_260_5366_260_with_camera_labels-20.png 240 736 95
big_dataset_depth/000000002239-segment-12337317986514501583_5346_260_5366_260_with_camera_labels-20.png 248 728 95
big_dataset_depth/000000002239-segment-12337317986514501583_5346_260_5366_260_with_camera_labels-20.png 256 736 95
big_dataset_depth/000000002239-segment-12337317986514501583_5346_260_5366_260_with_camera_labels-20.png 264 968 14
big_dataset_depth/000000002239-segment-12337317986514501583_5346_260_5366_260_with_camera_labels-20.png 272 608 73
big_dataset_depth/000000002239-segment-12337317986514501583_5346_260_5366_260_with_camera_labels-20.png 280 1000 14
big_dataset_depth/000000002239-segment-12337317986514501583_5346_260_5366_260_with_camera_labels-20.png 288 808 59
big_dataset_depth/000000002239-segment-12337317986514501583_5346_260_5366_260_with_camera_labels-20.png 296 856 47
big_dataset_depth/000000002239-segment-12337317986514501583_5346_260_5366_260_with_camera_labels-20.png 304 1056 14
big_dataset_depth/000000002239-segment-12337317986514501583_5346_260_5366_260_with_camera_labels-20.png 312 880 55
big_dataset_depth/000000002239-segment-12337317986514501583_5346_260_5366_260_with_camera_labels-20.png 320 936 38
big_dataset_depth/000000002239-segment-12337317986514501583_5346_260_5366_260_with_camera_labels-20.png 328 832 69
big_dataset_depth/000000002239-segment-12337317986514501583_5346_260_5366_260_with_camera_labels-20.png 336 1016 14
big_dataset_depth/000000002239-segment-12337317986514501583_5346_260_5366_260_with_camera_labels-20.png 344 992 61
big_dataset_depth/000000002239-segment-12337317986514501583_5346_260_5366_260_with_camera_labels-20.png 352 952 43
big_dataset_depth/000000002239-segment-12337317986514501583_5346_260_5366_260_with_camera_labels-20.png 360 1056 14
big_dataset_depth/000000002239-segment-12337317986514501583_5346_260_5366_260_with_camera_labels-20.png 368 1080 43
big_dataset_depth/000000002239-segment-12337317986514501583_5346_260_5366_260_with_camera_labels-20.png 376 1184 15
big_dataset_depth/000000002239-segment-12337317986514501583_5346_260_5366_260_with_camera_labels-20.png 384 1200 14
big_dataset_depth/000000002239-segment-12337317986514501583_5346_260_5366_260_with_camera_labels-20.png 392 1248 13
big_dataset_depth/000000002239-segment-12337317986514501583_5346_260_5366_260_with_camera_labels-20.png 400 1248 13
big_dataset_depth/000000002239-segment-12337317986514501583_5346_260_5366_260_with_camera_labels-20.png 408 1248 13
big_dataset_depth/000000002239-segment-12337317986514501583_5346_260_5366_260_with_camera_labels-20.png 416 1248 13
big_dataset_depth/000000002239-segment-12337317986514501583_5346_260_5366_260_with_camera_labels-20.png 424 1248 13
big_dataset_depth/000000002239-segment-12337317986514501583_5346_260_5366_260_with_camera_labels-20.png 432 1072 14
big_dataset_depth/000000002239-segment-12337317986514501583_5346_260_5366_260_with_camera_labels-20.png 440 1248 13
big_dataset_depth/000000002239-segment-12337317986514501583_5346_260_5366_260_with_camera_labels-20.png 448 1056 14
big_dataset_depth/000000002239-segment-12337317986514501583_5346_260_5366_260_with_camera_labels-20.png 456 1024 14
big_dataset_depth/000000002239-segment-12337317986514501583_5346_260_5366_260_with_camera_labels-20.png 464 960 14
big_dataset_depth/000000002239-segment-12337317986514501583_5346_260_5366_260_with_camera_labels-20.png 472 944 14
big_dataset_depth/000000002239-segment-12337317986514501583_5346_260_5366_260_with_camera_labels-20.png 480 992 14
big_dataset_depth/000000002239-segment-12337317986514501583_5346_260_5366_260_with_camera_labels-20.png 488 816 14
big_dataset_depth/000000002239-segment-12337317986514501583_5346_260_5366_260_with_camera_labels-20.png 568 728 89
big_dataset_depth/000000002239-segment-12337317986514501583_5346_260_5366_260_with_camera_labels-20.png 576 728 89
big_dataset_depth/000000002239-segment-12337317986514501583_5346_260_5366_260_with_camera_labels-20.png 584 712 98
big_dataset_depth/000000002239-segment-12337317986514501583_5346_260_5366_260_with_camera_labels-20.png 592 704 89
big_dataset_depth/000000002239-segment-12337317986514501583_5346_260_5366_260_with_camera_labels-20.png 600 728 90
big_dataset_depth/000000002239-segment-12337317986514501583_5346_260_5366_260_with_camera_labels-20.png 608 720 89
big_dataset_depth/000000002239-segment-12337317986514501583_5346_260_5366_260_with_camera_labels-20.png 744 720 96
big_dataset_depth/000000002239-segment-12337317986514501583_5346_260_5366_260_with_camera_labels-20.png 768 696 95
big_dataset_depth/000000002239-segment-12337317986514501583_5346_260_5366_260_with_camera_labels-20.png 792 688 95
big_dataset_depth/000000002239-segment-12337317986514501583_5346_260_5366_260_with_camera_labels-20.png 800 704 95
big_dataset_depth/000000002239-segment-12337317986514501583_5346_260_5366_260_with_camera_labels-20.png 832 728 68
big_dataset_depth/000000002239-segment-12337317986514501583_5346_260_5366_260_with_camera_labels-20.png 840 744 67
big_dataset_depth/000000002239-segment-12337317986514501583_5346_260_5366_260_with_camera_labels-20.png 848 712 68
big_dataset_depth/000000002239-segment-12337317986514501583_5346_260_5366_260_with_camera_labels-20.png 856 712 68
big_dataset_depth/000000002239-segment-12337317986514501583_5346_260_5366_260_with_camera_labels-20.png 1016 696 104
big_dataset_depth/000000002239-segment-12337317986514501583_5346_260_5366_260_with_camera_labels-20.png 1024 696 104
big_dataset_depth/000000002239-segment-12337317986514501583_5346_260_5366_260_with_camera_labels-20.png 1032 696 104
big_dataset_depth/000000002239-segment-12337317986514501583_5346_260_5366_260_with_camera_labels-20.png 1040 696 104
big_dataset_depth/000000002239-segment-12337317986514501583_5346_260_5366_260_with_camera_labels-20.png 1048 712 86
big_dataset_depth/000000002239-segment-12337317986514501583_5346_260_5366_260_with_camera_labels-20.png 1056 712 86
big_dataset_depth/000000002239-segment-12337317986514501583_5346_260_5366_260_with_camera_labels-20.png 1064 736 56
big_dataset_depth/000000002239-segment-12337317986514501583_5346_260_5366_260_with_camera_labels-20.png 1072 760 56
big_dataset_depth/000000002239-segment-12337317986514501583_5346_260_5366_260_with_camera_labels-20.png 1080 760 56
big_dataset_depth/000000002239-segment-12337317986514501583_5346_260_5366_260_with_camera_labels-20.png 1088 760 56
big_dataset_depth/000000002239-segment-12337317986514501583_5346_260_5366_260_with_camera_labels-20.png 1096 752 56
big_dataset_depth/000000002239-segment-12337317986514501583_5346_260_5366_260_with_camera_labels-20.png 1104 720 56
big_dataset_depth/000000002239-segment-12337317986514501583_5346_260_5366_260_with_camera_labels-20.png 1120 720 89
big_dataset_depth/000000002239-segment-12337317986514501583_5346_260_5366_260_with_camera_labels-20.png 1128 648 87
big_dataset_depth/000000002239-segment-12337317986514501583_5346_260_5366_260_with_camera_labels-20.png 1136 696 82
big_dataset_depth/000000002239-segment-12337317986514501583_5346_260_5366_260_with_camera_labels-20.png 1144 704 103
big_dataset_depth/000000002239-segment-12337317986514501583_5346_260_5366_260_with_camera_labels-20.png 1152 720 93
big_dataset_depth/000000002239-segment-12337317986514501583_5346_260_5366_260_with_camera_labels-20.png 1160 648 88
big_dataset_depth/000000002239-segment-12337317986514501583_5346_260_5366_260_with_camera_labels-20.png 1168 640 88
big_dataset_depth/000000002239-segment-12337317986514501583_5346_260_5366_260_with_camera_labels-20.png 1176 720 86
big_dataset_depth/000000002239-segment-12337317986514501583_5346_260_5366_260_with_camera_labels-20.png 1184 640 88
big_dataset_depth/000000002239-segment-12337317986514501583_5346_260_5366_260_with_camera_labels-20.png 1192 672 81
big_dataset_depth/000000002239-segment-12337317986514501583_5346_260_5366_260_with_camera_labels-20.png 1200 696 80
big_dataset_depth/000000002239-segment-12337317986514501583_5346_260_5366_260_with_camera_labels-20.png 1208 704 79
big_dataset_depth/000000002239-segment-12337317986514501583_5346_260_5366_260_with_camera_labels-20.png 1224 848 34
big_dataset_depth/000000002239-segment-12337317986514501583_5346_260_5366_260_with_camera_labels-20.png 1232 800 33
big_dataset_depth/000000002239-segment-12337317986514501583_5346_260_5366_260_with_camera_labels-20.png 1240 848 32
big_dataset_depth/000000002239-segment-12337317986514501583_5346_260_5366_260_with_camera_labels-20.png 1248 848 31
big_dataset_depth/000000002239-segment-12337317986514501583_5346_260_5366_260_with_camera_labels-20.png 1256 872 31
big_dataset_depth/000000002239-segment-12337317986514501583_5346_260_5366_260_with_camera_labels-20.png 1264 864 30
big_dataset_depth/000000002239-segment-12337317986514501583_5346_260_5366_260_with_camera_labels-20.png 1272 848 30
big_dataset_depth/000000002239-segment-12337317986514501583_5346_260_5366_260_with_camera_labels-20.png 1280 848 30
big_dataset_depth/000000002239-segment-12337317986514501583_5346_260_5366_260_with_camera_labels-20.png 1288 848 30
big_dataset_depth/000000002239-segment-12337317986514501583_5346_260_5366_260_with_camera_labels-20.png 1296 864 30
big_dataset_depth/000000002239-segment-12337317986514501583_5346_260_5366_260_with_camera_labels-20.png 1304 856 30
big_dataset_depth/000000002239-segment-12337317986514501583_5346_260_5366_260_with_camera_labels-20.png 1312 848 30
big_dataset_depth/000000002239-segment-12337317986514501583_5346_260_5366_260_with_camera_labels-20.png 1320 848 30
big_dataset_depth/000000002239-segment-12337317986514501583_5346_260_5366_260_with_camera_labels-20.png 1328 848 30
big_dataset_depth/000000002239-segment-12337317986514501583_5346_260_5366_260_with_camera_labels-20.png 1336 848 30
big_dataset_depth/000000002239-segment-12337317986514501583_5346_260_5366_260_with_camera_labels-20.png 1344 856 31
big_dataset_depth/000000002239-segment-12337317986514501583_5346_260_5366_260_with_camera_labels-20.png 1352 848 30
big_dataset_depth/000000002239-segment-12337317986514501583_5346_260_5366_260_with_camera_labels-20.png 1360 848 30
big_dataset_depth/000000002239-segment-12337317986514501583_5346_260_5366_260_with_camera_labels-20.png 1368 848 30
big_dataset_depth/000000002239-segment-12337317986514501583_5346_260_5366_260_with_camera_labels-20.png 1376 848 30
big_dataset_depth/000000002239-segment-12337317986514501583_5346_260_5366_260_with_camera_labels-20.png 1384 848 30
big_dataset_depth/000000002239-segment-12337317986514501583_5346_260_5366_260_with_camera_labels-20.png 1392 840 30
big_dataset_depth/000000002239-segment-12337317986514501583_5346_260_5366_260_with_camera_labels-20.png 1400 856 31
big_dataset_depth/000000002239-segment-12337317986514501583_5346_260_5366_260_with_camera_labels-20.png 1408 848 30
big_dataset_depth/000000002239-segment-12337317986514501583_5346_260_5366_260_with_camera_labels-20.png 1416 880 31
big_dataset_depth/000000002239-segment-12337317986514501583_5346_260_5366_260_with_camera_labels-20.png 1424 824 37
big_dataset_depth/000000002239-segment-12337317986514501583_5346_260_5366_260_with_camera_labels-20.png 1432 848 30
big_dataset_depth/000000002239-segment-12337317986514501583_5346_260_5366_260_with_camera_labels-20.png 1440 736 59
big_dataset_depth/000000002239-segment-12337317986514501583_5346_260_5366_260_with_camera_labels-20.png 1448 736 59
big_dataset_depth/000000002239-segment-12337317986514501583_5346_260_5366_260_with_camera_labels-20.png 1456 800 46
big_dataset_depth/000000002239-segment-12337317986514501583_5346_260_5366_260_with_camera_labels-20.png 1464 736 60
big_dataset_depth/000000002239-segment-12337317986514501583_5346_260_5366_260_with_camera_labels-20.png 1480 736 60
big_dataset_depth/000000002239-segment-12337317986514501583_5346_260_5366_260_with_camera_labels-20.png 1488 880 31
big_dataset_depth/000000002239-segment-12337317986514501583_5346_260_5366_260_with_camera_labels-20.png 1496 808 37
big_dataset_depth/000000002239-segment-12337317986514501583_5346_260_5366_260_with_camera_labels-20.png 1504 752 41
big_dataset_depth/000000002239-segment-12337317986514501583_5346_260_5366_260_with_camera_labels-20.png 1512 896 30
big_dataset_depth/000000002239-segment-12337317986514501583_5346_260_5366_260_with_camera_labels-20.png 1520 832 35
big_dataset_depth/000000002239-segment-12337317986514501583_5346_260_5366_260_with_camera_labels-20.png 1528 744 41
big_dataset_depth/000000002239-segment-12337317986514501583_5346_260_5366_260_with_camera_labels-20.png 1536 752 40
big_dataset_depth/000000002239-segment-12337317986514501583_5346_260_5366_260_with_camera_labels-20.png 1544 752 40
big_dataset_depth/000000002239-segment-12337317986514501583_5346_260_5366_260_with_camera_labels-20.png 1552 752 40
big_dataset_depth/000000002239-segment-12337317986514501583_5346_260_5366_260_with_camera_labels-20.png 1560 768 40
big_dataset_depth/000000002239-segment-12337317986514501583_5346_260_5366_260_with_camera_labels-20.png 1568 776 41
big_dataset_depth/000000002239-segment-12337317986514501583_5346_260_5366_260_with_camera_labels-20.png 1576 784 43
big_dataset_depth/000000002239-segment-12337317986514501583_5346_260_5366_260_with_camera_labels-20.png 1584 792 42
big_dataset_depth/000000002239-segment-12337317986514501583_5346_260_5366_260_with_camera_labels-20.png 1592 784 43
big_dataset_depth/000000002239-segment-12337317986514501583_5346_260_5366_260_with_camera_labels-20.png 1600 784 41
big_dataset_depth/000000002239-segment-12337317986514501583_5346_260_5366_260_with_camera_labels-20.png 1608 784 40
big_dataset_depth/000000002239-segment-12337317986514501583_5346_260_5366_260_with_camera_labels-20.png 1616 776 40
big_dataset_depth/000000002239-segment-12337317986514501583_5346_260_5366_260_with_camera_labels-20.png 1624 736 40
big_dataset_depth/000000002239-segment-12337317986514501583_5346_260_5366_260_with_camera_labels-20.png 1648 928 26
big_dataset_depth/000000002239-segment-12337317986514501583_5346_260_5366_260_with_camera_labels-20.png 1656 928 26
big_dataset_depth/000000002239-segment-12337317986514501583_5346_260_5366_260_with_camera_labels-20.png 1664 888 26
big_dataset_depth/000000002239-segment-12337317986514501583_5346_260_5366_260_with_camera_labels-20.png 1672 888 26
big_dataset_depth/000000002239-segment-12337317986514501583_5346_260_5366_260_with_camera_labels-20.png 1680 808 34
big_dataset_depth/000000002239-segment-12337317986514501583_5346_260_5366_260_with_camera_labels-20.png 1688 928 26
big_dataset_depth/000000002239-segment-12337317986514501583_5346_260_5366_260_with_camera_labels-20.png 1696 800 26
big_dataset_depth/000000002239-segment-12337317986514501583_5346_260_5366_260_with_camera_labels-20.png 1704 816 26
big_dataset_depth/000000002239-segment-12337317986514501583_5346_260_5366_260_with_camera_labels-20.png 1712 832 26
big_dataset_depth/000000002239-segment-12337317986514501583_5346_260_5366_260_with_camera_labels-20.png 1720 872 26
big_dataset_depth/000000002239-segment-12337317986514501583_5346_260_5366_260_with_camera_labels-20.png 1728 912 26
big_dataset_depth/000000002239-segment-12337317986514501583_5346_260_5366_260_with_camera_labels-20.png 1736 920 26
big_dataset_depth/000000002239-segment-12337317986514501583_5346_260_5366_260_with_camera_labels-20.png 1744 920 26
big_dataset_depth/000000002239-segment-12337317986514501583_5346_260_5366_260_with_camera_labels-20.png 1752 872 26
big_dataset_depth/000000002239-segment-12337317986514501583_5346_260_5366_260_with_camera_labels-20.png 1760 816 30
big_dataset_depth/000000002239-segment-12337317986514501583_5346_260_5366_260_with_camera_labels-20.png 1768 800 30
big_dataset_depth/000000002239-segment-12337317986514501583_5346_260_5366_260_with_camera_labels-20.png 1776 792 34
big_dataset_depth/000000002239-segment-12337317986514501583_5346_260_5366_260_with_camera_labels-20.png 1784 800 38
big_dataset_depth/000000002239-segment-12337317986514501583_5346_260_5366_260_with_camera_labels-20.png 1792 800 38
big_dataset_depth/000000002239-segment-12337317986514501583_5346_260_5366_260_with_camera_labels-20.png 1800 848 30
big_dataset_depth/000000002239-segment-12337317986514501583_5346_260_5366_260_with_camera_labels-20.png 1808 848 30
big_dataset_depth/000000002239-segment-12337317986514501583_5346_260_5366_260_with_camera_labels-20.png 1816 848 30
big_dataset_depth/000000002239-segment-12337317986514501583_5346_260_5366_260_with_camera_labels-20.png 1824 848 30
big_dataset_depth/000000002239-segment-12337317986514501583_5346_260_5366_260_with_camera_labels-20.png 1832 848 30
big_dataset_depth/000000002239-segment-12337317986514501583_5346_260_5366_260_with_camera_labels-20.png 1840 832 30
big_dataset_depth/000000002239-segment-12337317986514501583_5346_260_5366_260_with_camera_labels-20.png 1864 848 29
big_dataset_depth/000000002239-segment-12337317986514501583_5346_260_5366_260_with_camera_labels-20.png 1872 848 29
big_dataset_depth/000000002239-segment-12337317986514501583_5346_260_5366_260_with_camera_labels-20.png 1880 1056 19
big_dataset_depth/000000002239-segment-12337317986514501583_5346_260_5366_260_with_camera_labels-20.png 1888 952 24
big_dataset_depth/000000002239-segment-12337317986514501583_5346_260_5366_260_with_camera_labels-20.png 1896 904 27
big_dataset_depth/000000002239-segment-12337317986514501583_5346_260_5366_260_with_camera_labels-20.png 1904 856 30
big_dataset_depth/000000002239-segment-12337317986514501583_5346_260_5366_260_with_camera_labels-20.png 1912 864 32
