big_dataset_depth/000000002472-segment-1306458236359471795_2524_330_2544_330_with_camera_labels-150.png 0 728 76
big_dataset_depth/000000002472-segment-1306458236359471795_2524_330_2544_330_with_camera_labels-150.png 8 736 76
big_dataset_depth/000000002472-segment-1306458236359471795_2524_330_2544_330_with_camera_labels-150.png 16 744 64
big_dataset_depth/000000002472-segment-1306458236359471795_2524_330_2544_330_with_camera_labels-150.png 24 752 52
big_dataset_depth/000000002472-segment-1306458236359471795_2524_330_2544_330_with_camera_labels-150.png 32 776 58
big_dataset_depth/000000002472-segment-1306458236359471795_2524_330_2544_330_with_camera_labels-150.png 40 800 40
big_dataset_depth/000000002472-segment-1306458236359471795_2524_330_2544_330_with_camera_labels-150.png 48 816 39
big_dataset_depth/000000002472-segment-1306458236359471795_2524_330_2544_330_with_camera_labels-150.png 56 800 40
big_dataset_depth/000000002472-segment-1306458236359471795_2524_330_2544_330_with_camera_labels-150.png 64 792 40
big_dataset_depth/000000002472-segment-1306458236359471795_2524_330_2544_330_with_camera_labels-150.png 72 808 40
big_dataset_depth/000000002472-segment-1306458236359471795_2524_330_2544_330_with_camera_labels-150.png 80 792 40
big_dataset_depth/000000002472-segment-1306458236359471795_2524_330_2544_330_with_camera_labels-150.png 88 776 39
big_dataset_depth/000000002472-segment-1306458236359471795_2524_330_2544_330_with_camera_labels-150.png 96 768 38
big_dataset_depth/000000002472-segment-1306458236359471795_2524_330_2544_330_with_camera_labels-150.png 104 768 38
big_dataset_depth/000000002472-segment-1306458236359471795_2524_330_2544_330_with_camera_labels-150.png 112 792 40
big_dataset_depth/000000002472-segment-1306458236359471795_2524_330_2544_330_with_camera_labels-150.png 120 768 38
big_dataset_depth/000000002472-segment-1306458236359471795_2524_330_2544_330_with_camera_labels-150.png 128 776 39
big_dataset_depth/000000002472-segment-1306458236359471795_2524_330_2544_330_with_camera_labels-150.png 136 792 40
big_dataset_depth/000000002472-segment-1306458236359471795_2524_330_2544_330_with_camera_labels-150.png 144 760 38
big_dataset_depth/000000002472-segment-1306458236359471795_2524_330_2544_330_with_camera_labels-150.png 152 752 38
big_dataset_depth/000000002472-segment-1306458236359471795_2524_330_2544_330_with_camera_labels-150.png 160 768 38
big_dataset_depth/000000002472-segment-1306458236359471795_2524_330_2544_330_with_camera_labels-150.png 168 768 38
big_dataset_depth/000000002472-segment-1306458236359471795_2524_330_2544_330_with_camera_labels-150.png 176 792 39
big_dataset_depth/000000002472-segment-1306458236359471795_2524_330_2544_330_with_camera_labels-150.png 184 800 39
big_dataset_depth/000000002472-segment-1306458236359471795_2524_330_2544_330_with_camera_labels-150.png 192 808 39
big_dataset_depth/000000002472-segment-1306458236359471795_2524_330_2544_330_with_camera_labels-150.png 200 816 39
big_dataset_depth/000000002472-segment-1306458236359471795_2524_330_2544_330_with_camera_labels-150.png 208 808 39
big_dataset_depth/000000002472-segment-1306458236359471795_2524_330_2544_330_with_camera_labels-150.png 216 808 39
big_dataset_depth/000000002472-segment-1306458236359471795_2524_330_2544_330_with_camera_labels-150.png 224 792 40
big_dataset_depth/000000002472-segment-1306458236359471795_2524_330_2544_330_with_camera_labels-150.png 232 760 40
big_dataset_depth/000000002472-segment-1306458236359471795_2524_330_2544_330_with_camera_labels-150.png 264 672 42
big_dataset_depth/000000002472-segment-1306458236359471795_2524_330_2544_330_with_camera_labels-150.png 272 768 42
big_dataset_depth/000000002472-segment-1306458236359471795_2524_330_2544_330_with_camera_labels-150.png 280 752 42
big_dataset_depth/000000002472-segment-1306458236359471795_2524_330_2544_330_with_camera_labels-150.png 288 768 43
big_dataset_depth/000000002472-segment-1306458236359471795_2524_330_2544_330_with_camera_labels-150.png 296 768 44
big_dataset_depth/000000002472-segment-1306458236359471795_2524_330_2544_330_with_camera_labels-150.png 304 784 44
big_dataset_depth/000000002472-segment-1306458236359471795_2524_330_2544_330_with_camera_labels-150.png 312 792 44
big_dataset_depth/000000002472-segment-1306458236359471795_2524_330_2544_330_with_camera_labels-150.png 320 784 44
big_dataset_depth/000000002472-segment-1306458236359471795_2524_330_2544_330_with_camera_labels-150.png 328 768 45
big_dataset_depth/000000002472-segment-1306458236359471795_2524_330_2544_330_with_camera_labels-150.png 440 704 78
big_dataset_depth/000000002472-segment-1306458236359471795_2524_330_2544_330_with_camera_labels-150.png 448 696 78
big_dataset_depth/000000002472-segment-1306458236359471795_2524_330_2544_330_with_camera_labels-150.png 456 704 77
big_dataset_depth/000000002472-segment-1306458236359471795_2524_330_2544_330_with_camera_labels-150.png 464 704 78
big_dataset_depth/000000002472-segment-1306458236359471795_2524_330_2544_330_with_camera_labels-150.png 472 704 77
big_dataset_depth/000000002472-segment-1306458236359471795_2524_330_2544_330_with_camera_labels-150.png 480 712 68
big_dataset_depth/000000002472-segment-1306458236359471795_2524_330_2544_330_with_camera_labels-150.png 488 728 59
big_dataset_depth/000000002472-segment-1306458236359471795_2524_330_2544_330_with_camera_labels-150.png 496 728 59
big_dataset_depth/000000002472-segment-1306458236359471795_2524_330_2544_330_with_camera_labels-150.png 504 728 59
big_dataset_depth/000000002472-segment-1306458236359471795_2524_330_2544_330_with_camera_labels-150.png 512 728 58
big_dataset_depth/000000002472-segment-1306458236359471795_2524_330_2544_330_with_camera_labels-150.png 520 736 59
big_dataset_depth/000000002472-segment-1306458236359471795_2524_330_2544_330_with_camera_labels-150.png 528 728 59
big_dataset_depth/000000002472-segment-1306458236359471795_2524_330_2544_330_with_camera_labels-150.png 536 736 58
big_dataset_depth/000000002472-segment-1306458236359471795_2524_330_2544_330_with_camera_labels-150.png 544 728 59
big_dataset_depth/000000002472-segment-1306458236359471795_2524_330_2544_330_with_camera_labels-150.png 552 728 59
big_dataset_depth/000000002472-segment-1306458236359471795_2524_330_2544_330_with_camera_labels-150.png 560 728 59
big_dataset_depth/000000002472-segment-1306458236359471795_2524_330_2544_330_with_camera_labels-150.png 568 736 59
big_dataset_depth/000000002472-segment-1306458236359471795_2524_330_2544_330_with_camera_labels-150.png 576 736 60
big_dataset_depth/000000002472-segment-1306458236359471795_2524_330_2544_330_with_camera_labels-150.png 584 728 62
big_dataset_depth/000000002472-segment-1306458236359471795_2524_330_2544_330_with_camera_labels-150.png 592 736 63
big_dataset_depth/000000002472-segment-1306458236359471795_2524_330_2544_330_with_camera_labels-150.png 600 736 64
big_dataset_depth/000000002472-segment-1306458236359471795_2524_330_2544_330_with_camera_labels-150.png 656 744 51
big_dataset_depth/000000002472-segment-1306458236359471795_2524_330_2544_330_with_camera_labels-150.png 664 768 51
big_dataset_depth/000000002472-segment-1306458236359471795_2524_330_2544_330_with_camera_labels-150.png 672 768 51
big_dataset_depth/000000002472-segment-1306458236359471795_2524_330_2544_330_with_camera_labels-150.png 680 752 50
big_dataset_depth/000000002472-segment-1306458236359471795_2524_330_2544_330_with_camera_labels-150.png 688 744 50
big_dataset_depth/000000002472-segment-1306458236359471795_2524_330_2544_330_with_camera_labels-150.png 696 744 50
big_dataset_depth/000000002472-segment-1306458236359471795_2524_330_2544_330_with_camera_labels-150.png 704 744 50
big_dataset_depth/000000002472-segment-1306458236359471795_2524_330_2544_330_with_camera_labels-150.png 712 768 51
big_dataset_depth/000000002472-segment-1306458236359471795_2524_330_2544_330_with_camera_labels-150.png 720 768 51
big_dataset_depth/000000002472-segment-1306458236359471795_2524_330_2544_330_with_camera_labels-150.png 728 752 50
big_dataset_depth/000000002472-segment-1306458236359471795_2524_330_2544_330_with_camera_labels-150.png 736 744 50
big_dataset_depth/000000002472-segment-1306458236359471795_2524_330_2544_330_with_camera_labels-150.png 744 752 50
big_dataset_depth/000000002472-segment-1306458236359471795_2524_330_2544_330_with_camera_labels-150.png 752 744 50
big_dataset_depth/000000002472-segment-1306458236359471795_2524_330_2544_330_with_camera_labels-150.png 760 768 51
big_dataset_depth/000000002472-segment-1306458236359471795_2524_330_2544_330_with_camera_labels-150.png 768 760 51
big_dataset_depth/000000002472-segment-1306458236359471795_2524_330_2544_330_with_camera_labels-150.png 776 760 54
big_dataset_depth/000000002472-segment-1306458236359471795_2524_330_2544_330_with_camera_labels-150.png 816 688 103
big_dataset_depth/000000002472-segment-1306458236359471795_2524_330_2544_330_with_camera_labels-150.png 824 688 103
big_dataset_depth/000000002472-segment-1306458236359471795_2524_330_2544_330_with_camera_labels-150.png 832 688 103
big_dataset_depth/000000002472-segment-1306458236359471795_2524_330_2544_330_with_camera_labels-150.png 840 688 103
big_dataset_depth/000000002472-segment-1306458236359471795_2524_330_2544_330_with_camera_labels-150.png 848 688 103
big_dataset_depth/000000002472-segment-1306458236359471795_2524_330_2544_330_with_camera_labels-150.png 936 736 48
big_dataset_depth/000000002472-segment-1306458236359471795_2524_330_2544_330_with_camera_labels-150.png 944 768 48
big_dataset_depth/000000002472-segment-1306458236359471795_2524_330_2544_330_with_camera_labels-150.png 952 760 48
big_dataset_depth/000000002472-segment-1306458236359471795_2524_330_2544_330_with_camera_labels-150.png 960 752 47
big_dataset_depth/000000002472-segment-1306458236359471795_2524_330_2544_330_with_camera_labels-150.png 968 744 47
big_dataset_depth/000000002472-segment-1306458236359471795_2524_330_2544_330_with_camera_labels-150.png 976 752 47
big_dataset_depth/000000002472-segment-1306458236359471795_2524_330_2544_330_with_camera_labels-150.png 984 752 47
big_dataset_depth/000000002472-segment-1306458236359471795_2524_330_2544_330_with_camera_labels-150.png 992 752 47
big_dataset_depth/000000002472-segment-1306458236359471795_2524_330_2544_330_with_camera_labels-150.png 1000 744 47
big_dataset_depth/000000002472-segment-1306458236359471795_2524_330_2544_330_with_camera_labels-150.png 1008 752 47
big_dataset_depth/000000002472-segment-1306458236359471795_2524_330_2544_330_with_camera_labels-150.png 1016 744 47
big_dataset_depth/000000002472-segment-1306458236359471795_2524_330_2544_330_with_camera_labels-150.png 1024 752 47
big_dataset_depth/000000002472-segment-1306458236359471795_2524_330_2544_330_with_camera_labels-150.png 1032 752 47
big_dataset_depth/000000002472-segment-1306458236359471795_2524_330_2544_330_with_camera_labels-150.png 1040 768 48
big_dataset_depth/000000002472-segment-1306458236359471795_2524_330_2544_330_with_camera_labels-150.png 1048 760 48
big_dataset_depth/000000002472-segment-1306458236359471795_2524_330_2544_330_with_camera_labels-150.png 1280 712 106
big_dataset_depth/000000002472-segment-1306458236359471795_2524_330_2544_330_with_camera_labels-150.png 1288 712 105
big_dataset_depth/000000002472-segment-1306458236359471795_2524_330_2544_330_with_camera_labels-150.png 1296 712 106
big_dataset_depth/000000002472-segment-1306458236359471795_2524_330_2544_330_with_camera_labels-150.png 1304 712 105
big_dataset_depth/000000002472-segment-1306458236359471795_2524_330_2544_330_with_camera_labels-150.png 1312 712 105
big_dataset_depth/000000002472-segment-1306458236359471795_2524_330_2544_330_with_camera_labels-150.png 1320 712 105
big_dataset_depth/000000002472-segment-1306458236359471795_2524_330_2544_330_with_camera_labels-150.png 1328 712 105
big_dataset_depth/000000002472-segment-1306458236359471795_2524_330_2544_330_with_camera_labels-150.png 1336 712 105
big_dataset_depth/000000002472-segment-1306458236359471795_2524_330_2544_330_with_camera_labels-150.png 1344 720 104
big_dataset_depth/000000002472-segment-1306458236359471795_2524_330_2544_330_with_camera_labels-150.png 1352 720 104
big_dataset_depth/000000002472-segment-1306458236359471795_2524_330_2544_330_with_camera_labels-150.png 1360 720 105
big_dataset_depth/000000002472-segment-1306458236359471795_2524_330_2544_330_with_camera_labels-150.png 1368 720 105
big_dataset_depth/000000002472-segment-1306458236359471795_2524_330_2544_330_with_camera_labels-150.png 1376 720 106
big_dataset_depth/000000002472-segment-1306458236359471795_2524_330_2544_330_with_camera_labels-150.png 1384 728 106
big_dataset_depth/000000002472-segment-1306458236359471795_2524_330_2544_330_with_camera_labels-150.png 1392 728 106
big_dataset_depth/000000002472-segment-1306458236359471795_2524_330_2544_330_with_camera_labels-150.png 1400 728 108
big_dataset_depth/000000002472-segment-1306458236359471795_2524_330_2544_330_with_camera_labels-150.png 1408 624 106
big_dataset_depth/000000002472-segment-1306458236359471795_2524_330_2544_330_with_camera_labels-150.png 1416 728 81
big_dataset_depth/000000002472-segment-1306458236359471795_2524_330_2544_330_with_camera_labels-150.png 1424 736 80
big_dataset_depth/000000002472-segment-1306458236359471795_2524_330_2544_330_with_camera_labels-150.png 1432 728 79
big_dataset_depth/000000002472-segment-1306458236359471795_2524_330_2544_330_with_camera_labels-150.png 1440 736 78
big_dataset_depth/000000002472-segment-1306458236359471795_2524_330_2544_330_with_camera_labels-150.png 1448 736 78
big_dataset_depth/000000002472-segment-1306458236359471795_2524_330_2544_330_with_camera_labels-150.png 1456 752 77
big_dataset_depth/000000002472-segment-1306458236359471795_2524_330_2544_330_with_camera_labels-150.png 1464 752 77
big_dataset_depth/000000002472-segment-1306458236359471795_2524_330_2544_330_with_camera_labels-150.png 1472 752 77
big_dataset_depth/000000002472-segment-1306458236359471795_2524_330_2544_330_with_camera_labels-150.png 1480 736 77
big_dataset_depth/000000002472-segment-1306458236359471795_2524_330_2544_330_with_camera_labels-150.png 1488 744 77
big_dataset_depth/000000002472-segment-1306458236359471795_2524_330_2544_330_with_camera_labels-150.png 1496 744 76
big_dataset_depth/000000002472-segment-1306458236359471795_2524_330_2544_330_with_camera_labels-150.png 1504 744 76
big_dataset_depth/000000002472-segment-1306458236359471795_2524_330_2544_330_with_camera_labels-150.png 1512 752 75
big_dataset_depth/000000002472-segment-1306458236359471795_2524_330_2544_330_with_camera_labels-150.png 1520 752 68
big_dataset_depth/000000002472-segment-1306458236359471795_2524_330_2544_330_with_camera_labels-150.png 1528 760 69
big_dataset_depth/000000002472-segment-1306458236359471795_2524_330_2544_330_with_camera_labels-150.png 1536 760 68
big_dataset_depth/000000002472-segment-1306458236359471795_2524_330_2544_330_with_camera_labels-150.png 1544 760 68
big_dataset_depth/000000002472-segment-1306458236359471795_2524_330_2544_330_with_camera_labels-150.png 1552 760 68
big_dataset_depth/000000002472-segment-1306458236359471795_2524_330_2544_330_with_camera_labels-150.png 1560 768 68
big_dataset_depth/000000002472-segment-1306458236359471795_2524_330_2544_330_with_camera_labels-150.png 1568 768 68
big_dataset_depth/000000002472-segment-1306458236359471795_2524_330_2544_330_with_camera_labels-150.png 1576 752 68
big_dataset_depth/000000002472-segment-1306458236359471795_2524_330_2544_330_with_camera_labels-150.png 1584 760 67
big_dataset_depth/000000002472-segment-1306458236359471795_2524_330_2544_330_with_camera_labels-150.png 1592 760 67
big_dataset_depth/000000002472-segment-1306458236359471795_2524_330_2544_330_with_camera_labels-150.png 1600 760 65
big_dataset_depth/000000002472-segment-1306458236359471795_2524_330_2544_330_with_camera_labels-150.png 1608 768 65
big_dataset_depth/000000002472-segment-1306458236359471795_2524_330_2544_330_with_camera_labels-150.png 1616 784 64
big_dataset_depth/000000002472-segment-1306458236359471795_2524_330_2544_330_with_camera_labels-150.png 1624 784 64
big_dataset_depth/000000002472-segment-1306458236359471795_2524_330_2544_330_with_camera_labels-150.png 1632 784 64
big_dataset_depth/000000002472-segment-1306458236359471795_2524_330_2544_330_with_camera_labels-150.png 1640 784 64
big_dataset_depth/000000002472-segment-1306458236359471795_2524_330_2544_330_with_camera_labels-150.png 1648 768 64
big_dataset_depth/000000002472-segment-1306458236359471795_2524_330_2544_330_with_camera_labels-150.png 1656 784 63
big_dataset_depth/000000002472-segment-1306458236359471795_2524_330_2544_330_with_camera_labels-150.png 1664 784 63
big_dataset_depth/000000002472-segment-1306458236359471795_2524_330_2544_330_with_camera_labels-150.png 1672 784 63
big_dataset_depth/000000002472-segment-1306458236359471795_2524_330_2544_330_with_camera_labels-150.png 1688 776 51
big_dataset_depth/000000002472-segment-1306458236359471795_2524_330_2544_330_with_camera_labels-150.png 1696 800 51
big_dataset_depth/000000002472-segment-1306458236359471795_2524_330_2544_330_with_camera_labels-150.png 1704 824 50
big_dataset_depth/000000002472-segment-1306458236359471795_2524_330_2544_330_with_camera_labels-150.png 1712 808 51
big_dataset_depth/000000002472-segment-1306458236359471795_2524_330_2544_330_with_camera_labels-150.png 1720 808 51
big_dataset_depth/000000002472-segment-1306458236359471795_2524_330_2544_330_with_camera_labels-150.png 1728 800 51
big_dataset_depth/000000002472-segment-1306458236359471795_2524_330_2544_330_with_camera_labels-150.png 1736 792 51
big_dataset_depth/000000002472-segment-1306458236359471795_2524_330_2544_330_with_camera_labels-150.png 1744 824 49
big_dataset_depth/000000002472-segment-1306458236359471795_2524_330_2544_330_with_camera_labels-150.png 1752 800 50
big_dataset_depth/000000002472-segment-1306458236359471795_2524_330_2544_330_with_camera_labels-150.png 1760 808 50
big_dataset_depth/000000002472-segment-1306458236359471795_2524_330_2544_330_with_camera_labels-150.png 1768 816 50
big_dataset_depth/000000002472-segment-1306458236359471795_2524_330_2544_330_with_camera_labels-150.png 1776 816 50
big_dataset_depth/000000002472-segment-1306458236359471795_2524_330_2544_330_with_camera_labels-150.png 1784 832 49
big_dataset_depth/000000002472-segment-1306458236359471795_2524_330_2544_330_with_camera_labels-150.png 1792 816 50
big_dataset_depth/000000002472-segment-1306458236359471795_2524_330_2544_330_with_camera_labels-150.png 1800 824 49
big_dataset_depth/000000002472-segment-1306458236359471795_2524_330_2544_330_with_camera_labels-150.png 1808 832 49
big_dataset_depth/000000002472-segment-1306458236359471795_2524_330_2544_330_with_camera_labels-150.png 1816 816 50
big_dataset_depth/000000002472-segment-1306458236359471795_2524_330_2544_330_with_camera_labels-150.png 1824 816 50
big_dataset_depth/000000002472-segment-1306458236359471795_2524_330_2544_330_with_camera_labels-150.png 1832 816 50
big_dataset_depth/000000002472-segment-1306458236359471795_2524_330_2544_330_with_camera_labels-150.png 1840 824 49
big_dataset_depth/000000002472-segment-1306458236359471795_2524_330_2544_330_with_camera_labels-150.png 1848 824 49
big_dataset_depth/000000002472-segment-1306458236359471795_2524_330_2544_330_with_camera_labels-150.png 1856 832 49
big_dataset_depth/000000002472-segment-1306458236359471795_2524_330_2544_330_with_camera_labels-150.png 1864 824 50
big_dataset_depth/000000002472-segment-1306458236359471795_2524_330_2544_330_with_camera_labels-150.png 1872 832 49
big_dataset_depth/000000002472-segment-1306458236359471795_2524_330_2544_330_with_camera_labels-150.png 1880 832 50
big_dataset_depth/000000002472-segment-1306458236359471795_2524_330_2544_330_with_camera_labels-150.png 1888 840 50
big_dataset_depth/000000002472-segment-1306458236359471795_2524_330_2544_330_with_camera_labels-150.png 1896 848 50
big_dataset_depth/000000002472-segment-1306458236359471795_2524_330_2544_330_with_camera_labels-150.png 1904 840 50
big_dataset_depth/000000002472-segment-1306458236359471795_2524_330_2544_330_with_camera_labels-150.png 1912 800 50
