big_dataset_depth/000000002569-segment-12879640240483815315_5852_605_5872_605_with_camera_labels-120.png 0 760 37
big_dataset_depth/000000002569-segment-12879640240483815315_5852_605_5872_605_with_camera_labels-120.png 8 792 37
big_dataset_depth/000000002569-segment-12879640240483815315_5852_605_5872_605_with_camera_labels-120.png 16 808 45
big_dataset_depth/000000002569-segment-12879640240483815315_5852_605_5872_605_with_camera_labels-120.png 24 784 37
big_dataset_depth/000000002569-segment-12879640240483815315_5852_605_5872_605_with_camera_labels-120.png 32 784 39
big_dataset_depth/000000002569-segment-12879640240483815315_5852_605_5872_605_with_camera_labels-120.png 40 784 39
big_dataset_depth/000000002569-segment-12879640240483815315_5852_605_5872_605_with_camera_labels-120.png 48 792 39
big_dataset_depth/000000002569-segment-12879640240483815315_5852_605_5872_605_with_camera_labels-120.png 56 800 39
big_dataset_depth/000000002569-segment-12879640240483815315_5852_605_5872_605_with_camera_labels-120.png 64 824 40
big_dataset_depth/000000002569-segment-12879640240483815315_5852_605_5872_605_with_camera_labels-120.png 72 832 40
big_dataset_depth/000000002569-segment-12879640240483815315_5852_605_5872_605_with_camera_labels-120.png 80 816 40
big_dataset_depth/000000002569-segment-12879640240483815315_5852_605_5872_605_with_camera_labels-120.png 88 808 39
big_dataset_depth/000000002569-segment-12879640240483815315_5852_605_5872_605_with_camera_labels-120.png 96 792 39
big_dataset_depth/000000002569-segment-12879640240483815315_5852_605_5872_605_with_camera_labels-120.png 104 816 40
big_dataset_depth/000000002569-segment-12879640240483815315_5852_605_5872_605_with_camera_labels-120.png 112 816 40
big_dataset_depth/000000002569-segment-12879640240483815315_5852_605_5872_605_with_camera_labels-120.png 120 824 41
big_dataset_depth/000000002569-segment-12879640240483815315_5852_605_5872_605_with_camera_labels-120.png 128 816 40
big_dataset_depth/000000002569-segment-12879640240483815315_5852_605_5872_605_with_camera_labels-120.png 136 832 39
big_dataset_depth/000000002569-segment-12879640240483815315_5852_605_5872_605_with_camera_labels-120.png 144 776 39
big_dataset_depth/000000002569-segment-12879640240483815315_5852_605_5872_605_with_camera_labels-120.png 152 824 40
big_dataset_depth/000000002569-segment-12879640240483815315_5852_605_5872_605_with_camera_labels-120.png 160 832 40
big_dataset_depth/000000002569-segment-12879640240483815315_5852_605_5872_605_with_camera_labels-120.png 168 832 40
big_dataset_depth/000000002569-segment-12879640240483815315_5852_605_5872_605_with_camera_labels-120.png 176 912 30
big_dataset_depth/000000002569-segment-12879640240483815315_5852_605_5872_605_with_camera_labels-120.png 184 808 40
big_dataset_depth/000000002569-segment-12879640240483815315_5852_605_5872_605_with_camera_labels-120.png 192 888 34
big_dataset_depth/000000002569-segment-12879640240483815315_5852_605_5872_605_with_camera_labels-120.png 200 976 26
big_dataset_depth/000000002569-segment-12879640240483815315_5852_605_5872_605_with_camera_labels-120.png 208 784 39
big_dataset_depth/000000002569-segment-12879640240483815315_5852_605_5872_605_with_camera_labels-120.png 216 880 33
big_dataset_depth/000000002569-segment-12879640240483815315_5852_605_5872_605_with_camera_labels-120.png 224 896 32
big_dataset_depth/000000002569-segment-12879640240483815315_5852_605_5872_605_with_camera_labels-120.png 232 896 31
big_dataset_depth/000000002569-segment-12879640240483815315_5852_605_5872_605_with_camera_labels-120.png 240 864 31
big_dataset_depth/000000002569-segment-12879640240483815315_5852_605_5872_605_with_camera_labels-120.png 264 896 34
big_dataset_depth/000000002569-segment-12879640240483815315_5852_605_5872_605_with_camera_labels-120.png 272 872 38
big_dataset_depth/000000002569-segment-12879640240483815315_5852_605_5872_605_with_camera_labels-120.png 280 952 27
big_dataset_depth/000000002569-segment-12879640240483815315_5852_605_5872_605_with_camera_labels-120.png 288 952 28
big_dataset_depth/000000002569-segment-12879640240483815315_5852_605_5872_605_with_camera_labels-120.png 296 952 28
big_dataset_depth/000000002569-segment-12879640240483815315_5852_605_5872_605_with_camera_labels-120.png 312 792 49
big_dataset_depth/000000002569-segment-12879640240483815315_5852_605_5872_605_with_camera_labels-120.png 336 784 50
big_dataset_depth/000000002569-segment-12879640240483815315_5852_605_5872_605_with_camera_labels-120.png 344 784 50
big_dataset_depth/000000002569-segment-12879640240483815315_5852_605_5872_605_with_camera_labels-120.png 352 936 29
big_dataset_depth/000000002569-segment-12879640240483815315_5852_605_5872_605_with_camera_labels-120.png 360 784 51
big_dataset_depth/000000002569-segment-12879640240483815315_5852_605_5872_605_with_camera_labels-120.png 376 776 51
big_dataset_depth/000000002569-segment-12879640240483815315_5852_605_5872_605_with_camera_labels-120.png 392 752 61
big_dataset_depth/000000002569-segment-12879640240483815315_5852_605_5872_605_with_camera_labels-120.png 400 744 64
big_dataset_depth/000000002569-segment-12879640240483815315_5852_605_5872_605_with_camera_labels-120.png 408 920 30
big_dataset_depth/000000002569-segment-12879640240483815315_5852_605_5872_605_with_camera_labels-120.png 416 808 52
big_dataset_depth/000000002569-segment-12879640240483815315_5852_605_5872_605_with_camera_labels-120.png 424 920 31
big_dataset_depth/000000002569-segment-12879640240483815315_5852_605_5872_605_with_camera_labels-120.png 432 736 66
big_dataset_depth/000000002569-segment-12879640240483815315_5852_605_5872_605_with_camera_labels-120.png 456 776 59
big_dataset_depth/000000002569-segment-12879640240483815315_5852_605_5872_605_with_camera_labels-120.png 464 776 58
big_dataset_depth/000000002569-segment-12879640240483815315_5852_605_5872_605_with_camera_labels-120.png 472 840 45
big_dataset_depth/000000002569-segment-12879640240483815315_5852_605_5872_605_with_camera_labels-120.png 480 840 45
big_dataset_depth/000000002569-segment-12879640240483815315_5852_605_5872_605_with_camera_labels-120.png 488 776 58
big_dataset_depth/000000002569-segment-12879640240483815315_5852_605_5872_605_with_camera_labels-120.png 496 760 58
big_dataset_depth/000000002569-segment-12879640240483815315_5852_605_5872_605_with_camera_labels-120.png 504 760 58
big_dataset_depth/000000002569-segment-12879640240483815315_5852_605_5872_605_with_camera_labels-120.png 512 752 61
big_dataset_depth/000000002569-segment-12879640240483815315_5852_605_5872_605_with_camera_labels-120.png 520 888 34
big_dataset_depth/000000002569-segment-12879640240483815315_5852_605_5872_605_with_camera_labels-120.png 528 776 52
big_dataset_depth/000000002569-segment-12879640240483815315_5852_605_5872_605_with_camera_labels-120.png 536 760 57
big_dataset_depth/000000002569-segment-12879640240483815315_5852_605_5872_605_with_camera_labels-120.png 544 704 64
big_dataset_depth/000000002569-segment-12879640240483815315_5852_605_5872_605_with_camera_labels-120.png 552 768 56
big_dataset_depth/000000002569-segment-12879640240483815315_5852_605_5872_605_with_camera_labels-120.png 560 760 57
big_dataset_depth/000000002569-segment-12879640240483815315_5852_605_5872_605_with_camera_labels-120.png 568 768 57
big_dataset_depth/000000002569-segment-12879640240483815315_5852_605_5872_605_with_camera_labels-120.png 576 840 43
big_dataset_depth/000000002569-segment-12879640240483815315_5852_605_5872_605_with_camera_labels-120.png 584 744 64
big_dataset_depth/000000002569-segment-12879640240483815315_5852_605_5872_605_with_camera_labels-120.png 592 768 58
big_dataset_depth/000000002569-segment-12879640240483815315_5852_605_5872_605_with_camera_labels-120.png 600 752 63
big_dataset_depth/000000002569-segment-12879640240483815315_5852_605_5872_605_with_camera_labels-120.png 608 760 60
big_dataset_depth/000000002569-segment-12879640240483815315_5852_605_5872_605_with_camera_labels-120.png 616 760 60
big_dataset_depth/000000002569-segment-12879640240483815315_5852_605_5872_605_with_camera_labels-120.png 624 768 55
big_dataset_depth/000000002569-segment-12879640240483815315_5852_605_5872_605_with_camera_labels-120.png 632 776 51
big_dataset_depth/000000002569-segment-12879640240483815315_5852_605_5872_605_with_camera_labels-120.png 640 760 60
big_dataset_depth/000000002569-segment-12879640240483815315_5852_605_5872_605_with_camera_labels-120.png 648 760 56
big_dataset_depth/000000002569-segment-12879640240483815315_5852_605_5872_605_with_camera_labels-120.png 656 760 62
big_dataset_depth/000000002569-segment-12879640240483815315_5852_605_5872_605_with_camera_labels-120.png 664 760 61
big_dataset_depth/000000002569-segment-12879640240483815315_5852_605_5872_605_with_camera_labels-120.png 672 768 57
big_dataset_depth/000000002569-segment-12879640240483815315_5852_605_5872_605_with_camera_labels-120.png 680 744 67
big_dataset_depth/000000002569-segment-12879640240483815315_5852_605_5872_605_with_camera_labels-120.png 688 728 67
big_dataset_depth/000000002569-segment-12879640240483815315_5852_605_5872_605_with_camera_labels-120.png 696 744 67
big_dataset_depth/000000002569-segment-12879640240483815315_5852_605_5872_605_with_camera_labels-120.png 704 760 62
big_dataset_depth/000000002569-segment-12879640240483815315_5852_605_5872_605_with_camera_labels-120.png 712 752 64
big_dataset_depth/000000002569-segment-12879640240483815315_5852_605_5872_605_with_camera_labels-120.png 720 760 62
big_dataset_depth/000000002569-segment-12879640240483815315_5852_605_5872_605_with_camera_labels-120.png 728 760 63
big_dataset_depth/000000002569-segment-12879640240483815315_5852_605_5872_605_with_camera_labels-120.png 736 760 62
big_dataset_depth/000000002569-segment-12879640240483815315_5852_605_5872_605_with_camera_labels-120.png 744 760 62
big_dataset_depth/000000002569-segment-12879640240483815315_5852_605_5872_605_with_camera_labels-120.png 752 752 65
big_dataset_depth/000000002569-segment-12879640240483815315_5852_605_5872_605_with_camera_labels-120.png 760 752 65
big_dataset_depth/000000002569-segment-12879640240483815315_5852_605_5872_605_with_camera_labels-120.png 768 760 62
big_dataset_depth/000000002569-segment-12879640240483815315_5852_605_5872_605_with_camera_labels-120.png 776 776 57
big_dataset_depth/000000002569-segment-12879640240483815315_5852_605_5872_605_with_camera_labels-120.png 784 760 62
big_dataset_depth/000000002569-segment-12879640240483815315_5852_605_5872_605_with_camera_labels-120.png 792 752 68
big_dataset_depth/000000002569-segment-12879640240483815315_5852_605_5872_605_with_camera_labels-120.png 800 776 57
big_dataset_depth/000000002569-segment-12879640240483815315_5852_605_5872_605_with_camera_labels-120.png 808 760 64
big_dataset_depth/000000002569-segment-12879640240483815315_5852_605_5872_605_with_camera_labels-120.png 816 776 57
big_dataset_depth/000000002569-segment-12879640240483815315_5852_605_5872_605_with_camera_labels-120.png 824 752 67
big_dataset_depth/000000002569-segment-12879640240483815315_5852_605_5872_605_with_camera_labels-120.png 832 712 80
big_dataset_depth/000000002569-segment-12879640240483815315_5852_605_5872_605_with_camera_labels-120.png 840 712 80
big_dataset_depth/000000002569-segment-12879640240483815315_5852_605_5872_605_with_camera_labels-120.png 848 760 61
big_dataset_depth/000000002569-segment-12879640240483815315_5852_605_5872_605_with_camera_labels-120.png 856 712 81
big_dataset_depth/000000002569-segment-12879640240483815315_5852_605_5872_605_with_camera_labels-120.png 864 712 81
big_dataset_depth/000000002569-segment-12879640240483815315_5852_605_5872_605_with_camera_labels-120.png 872 704 85
big_dataset_depth/000000002569-segment-12879640240483815315_5852_605_5872_605_with_camera_labels-120.png 880 736 79
big_dataset_depth/000000002569-segment-12879640240483815315_5852_605_5872_605_with_camera_labels-120.png 888 728 82
big_dataset_depth/000000002569-segment-12879640240483815315_5852_605_5872_605_with_camera_labels-120.png 896 720 80
big_dataset_depth/000000002569-segment-12879640240483815315_5852_605_5872_605_with_camera_labels-120.png 904 736 79
big_dataset_depth/000000002569-segment-12879640240483815315_5852_605_5872_605_with_camera_labels-120.png 912 744 73
big_dataset_depth/000000002569-segment-12879640240483815315_5852_605_5872_605_with_camera_labels-120.png 920 736 78
big_dataset_depth/000000002569-segment-12879640240483815315_5852_605_5872_605_with_camera_labels-120.png 928 744 72
big_dataset_depth/000000002569-segment-12879640240483815315_5852_605_5872_605_with_camera_labels-120.png 936 728 80
big_dataset_depth/000000002569-segment-12879640240483815315_5852_605_5872_605_with_camera_labels-120.png 944 744 72
big_dataset_depth/000000002569-segment-12879640240483815315_5852_605_5872_605_with_camera_labels-120.png 952 736 73
big_dataset_depth/000000002569-segment-12879640240483815315_5852_605_5872_605_with_camera_labels-120.png 960 720 86
big_dataset_depth/000000002569-segment-12879640240483815315_5852_605_5872_605_with_camera_labels-120.png 968 728 86
big_dataset_depth/000000002569-segment-12879640240483815315_5852_605_5872_605_with_camera_labels-120.png 976 728 89
big_dataset_depth/000000002569-segment-12879640240483815315_5852_605_5872_605_with_camera_labels-120.png 984 712 83
big_dataset_depth/000000002569-segment-12879640240483815315_5852_605_5872_605_with_camera_labels-120.png 992 736 76
big_dataset_depth/000000002569-segment-12879640240483815315_5852_605_5872_605_with_camera_labels-120.png 1000 728 78
big_dataset_depth/000000002569-segment-12879640240483815315_5852_605_5872_605_with_camera_labels-120.png 1008 744 73
big_dataset_depth/000000002569-segment-12879640240483815315_5852_605_5872_605_with_camera_labels-120.png 1016 744 73
big_dataset_depth/000000002569-segment-12879640240483815315_5852_605_5872_605_with_camera_labels-120.png 1024 696 76
big_dataset_depth/000000002569-segment-12879640240483815315_5852_605_5872_605_with_camera_labels-120.png 1032 744 72
big_dataset_depth/000000002569-segment-12879640240483815315_5852_605_5872_605_with_camera_labels-120.png 1040 744 72
big_dataset_depth/000000002569-segment-12879640240483815315_5852_605_5872_605_with_camera_labels-120.png 1048 712 86
big_dataset_depth/000000002569-segment-12879640240483815315_5852_605_5872_605_with_camera_labels-120.png 1056 720 91
big_dataset_depth/000000002569-segment-12879640240483815315_5852_605_5872_605_with_camera_labels-120.png 1064 728 91
big_dataset_depth/000000002569-segment-12879640240483815315_5852_605_5872_605_with_camera_labels-120.png 1072 720 91
big_dataset_depth/000000002569-segment-12879640240483815315_5852_605_5872_605_with_camera_labels-120.png 1080 720 91
big_dataset_depth/000000002569-segment-12879640240483815315_5852_605_5872_605_with_camera_labels-120.png 1088 720 91
big_dataset_depth/000000002569-segment-12879640240483815315_5852_605_5872_605_with_camera_labels-120.png 1096 736 84
big_dataset_depth/000000002569-segment-12879640240483815315_5852_605_5872_605_with_camera_labels-120.png 1104 736 84
big_dataset_depth/000000002569-segment-12879640240483815315_5852_605_5872_605_with_camera_labels-120.png 1112 736 84
big_dataset_depth/000000002569-segment-12879640240483815315_5852_605_5872_605_with_camera_labels-120.png 1120 736 83
big_dataset_depth/000000002569-segment-12879640240483815315_5852_605_5872_605_with_camera_labels-120.png 1128 736 78
big_dataset_depth/000000002569-segment-12879640240483815315_5852_605_5872_605_with_camera_labels-120.png 1136 760 74
big_dataset_depth/000000002569-segment-12879640240483815315_5852_605_5872_605_with_camera_labels-120.png 1144 752 74
big_dataset_depth/000000002569-segment-12879640240483815315_5852_605_5872_605_with_camera_labels-120.png 1152 744 73
big_dataset_depth/000000002569-segment-12879640240483815315_5852_605_5872_605_with_camera_labels-120.png 1160 736 73
big_dataset_depth/000000002569-segment-12879640240483815315_5852_605_5872_605_with_camera_labels-120.png 1168 736 73
big_dataset_depth/000000002569-segment-12879640240483815315_5852_605_5872_605_with_camera_labels-120.png 1176 736 73
big_dataset_depth/000000002569-segment-12879640240483815315_5852_605_5872_605_with_camera_labels-120.png 1184 736 73
big_dataset_depth/000000002569-segment-12879640240483815315_5852_605_5872_605_with_camera_labels-120.png 1192 736 73
big_dataset_depth/000000002569-segment-12879640240483815315_5852_605_5872_605_with_camera_labels-120.png 1200 752 73
big_dataset_depth/000000002569-segment-12879640240483815315_5852_605_5872_605_with_camera_labels-120.png 1208 752 74
big_dataset_depth/000000002569-segment-12879640240483815315_5852_605_5872_605_with_camera_labels-120.png 1216 736 75
big_dataset_depth/000000002569-segment-12879640240483815315_5852_605_5872_605_with_camera_labels-120.png 1224 728 75
big_dataset_depth/000000002569-segment-12879640240483815315_5852_605_5872_605_with_camera_labels-120.png 1232 704 85
big_dataset_depth/000000002569-segment-12879640240483815315_5852_605_5872_605_with_camera_labels-120.png 1240 728 77
big_dataset_depth/000000002569-segment-12879640240483815315_5852_605_5872_605_with_camera_labels-120.png 1248 744 79
big_dataset_depth/000000002569-segment-12879640240483815315_5852_605_5872_605_with_camera_labels-120.png 1256 744 79
big_dataset_depth/000000002569-segment-12879640240483815315_5852_605_5872_605_with_camera_labels-120.png 1264 736 79
big_dataset_depth/000000002569-segment-12879640240483815315_5852_605_5872_605_with_camera_labels-120.png 1360 728 103
big_dataset_depth/000000002569-segment-12879640240483815315_5852_605_5872_605_with_camera_labels-120.png 1384 808 45
big_dataset_depth/000000002569-segment-12879640240483815315_5852_605_5872_605_with_camera_labels-120.png 1392 808 45
big_dataset_depth/000000002569-segment-12879640240483815315_5852_605_5872_605_with_camera_labels-120.png 1400 784 44
big_dataset_depth/000000002569-segment-12879640240483815315_5852_605_5872_605_with_camera_labels-120.png 1408 776 44
big_dataset_depth/000000002569-segment-12879640240483815315_5852_605_5872_605_with_camera_labels-120.png 1416 776 44
big_dataset_depth/000000002569-segment-12879640240483815315_5852_605_5872_605_with_camera_labels-120.png 1424 792 44
big_dataset_depth/000000002569-segment-12879640240483815315_5852_605_5872_605_with_camera_labels-120.png 1432 792 44
big_dataset_depth/000000002569-segment-12879640240483815315_5852_605_5872_605_with_camera_labels-120.png 1440 792 44
big_dataset_depth/000000002569-segment-12879640240483815315_5852_605_5872_605_with_camera_labels-120.png 1448 824 44
big_dataset_depth/000000002569-segment-12879640240483815315_5852_605_5872_605_with_camera_labels-120.png 1456 792 44
big_dataset_depth/000000002569-segment-12879640240483815315_5852_605_5872_605_with_camera_labels-120.png 1464 808 44
big_dataset_depth/000000002569-segment-12879640240483815315_5852_605_5872_605_with_camera_labels-120.png 1472 784 44
big_dataset_depth/000000002569-segment-12879640240483815315_5852_605_5872_605_with_camera_labels-120.png 1480 824 45
big_dataset_depth/000000002569-segment-12879640240483815315_5852_605_5872_605_with_camera_labels-120.png 1488 800 44
big_dataset_depth/000000002569-segment-12879640240483815315_5852_605_5872_605_with_camera_labels-120.png 1496 824 45
big_dataset_depth/000000002569-segment-12879640240483815315_5852_605_5872_605_with_camera_labels-120.png 1504 824 45
big_dataset_depth/000000002569-segment-12879640240483815315_5852_605_5872_605_with_camera_labels-120.png 1512 824 45
big_dataset_depth/000000002569-segment-12879640240483815315_5852_605_5872_605_with_camera_labels-120.png 1520 656 46
big_dataset_depth/000000002569-segment-12879640240483815315_5852_605_5872_605_with_camera_labels-120.png 1528 664 46
big_dataset_depth/000000002569-segment-12879640240483815315_5852_605_5872_605_with_camera_labels-120.png 1536 656 46
big_dataset_depth/000000002569-segment-12879640240483815315_5852_605_5872_605_with_camera_labels-120.png 1544 664 46
big_dataset_depth/000000002569-segment-12879640240483815315_5852_605_5872_605_with_camera_labels-120.png 1552 656 46
big_dataset_depth/000000002569-segment-12879640240483815315_5852_605_5872_605_with_camera_labels-120.png 1560 720 46
big_dataset_depth/000000002569-segment-12879640240483815315_5852_605_5872_605_with_camera_labels-120.png 1568 720 45
big_dataset_depth/000000002569-segment-12879640240483815315_5852_605_5872_605_with_camera_labels-120.png 1576 720 45
big_dataset_depth/000000002569-segment-12879640240483815315_5852_605_5872_605_with_camera_labels-120.png 1584 720 45
big_dataset_depth/000000002569-segment-12879640240483815315_5852_605_5872_605_with_camera_labels-120.png 1592 720 45
big_dataset_depth/000000002569-segment-12879640240483815315_5852_605_5872_605_with_camera_labels-120.png 1600 944 26
big_dataset_depth/000000002569-segment-12879640240483815315_5852_605_5872_605_with_camera_labels-120.png 1608 712 45
big_dataset_depth/000000002569-segment-12879640240483815315_5852_605_5872_605_with_camera_labels-120.png 1616 960 25
big_dataset_depth/000000002569-segment-12879640240483815315_5852_605_5872_605_with_camera_labels-120.png 1624 968 25
big_dataset_depth/000000002569-segment-12879640240483815315_5852_605_5872_605_with_camera_labels-120.png 1632 728 45
big_dataset_depth/000000002569-segment-12879640240483815315_5852_605_5872_605_with_camera_labels-120.png 1640 984 24
big_dataset_depth/000000002569-segment-12879640240483815315_5852_605_5872_605_with_camera_labels-120.png 1648 704 45
big_dataset_depth/000000002569-segment-12879640240483815315_5852_605_5872_605_with_camera_labels-120.png 1656 872 41
big_dataset_depth/000000002569-segment-12879640240483815315_5852_605_5872_605_with_camera_labels-120.png 1664 1000 23
big_dataset_depth/000000002569-segment-12879640240483815315_5852_605_5872_605_with_camera_labels-120.png 1672 1016 22
big_dataset_depth/000000002569-segment-12879640240483815315_5852_605_5872_605_with_camera_labels-120.png 1680 1016 22
big_dataset_depth/000000002569-segment-12879640240483815315_5852_605_5872_605_with_camera_labels-120.png 1696 1032 21
big_dataset_depth/000000002569-segment-12879640240483815315_5852_605_5872_605_with_camera_labels-120.png 1704 1032 21
big_dataset_depth/000000002569-segment-12879640240483815315_5852_605_5872_605_with_camera_labels-120.png 1720 1056 20
big_dataset_depth/000000002569-segment-12879640240483815315_5852_605_5872_605_with_camera_labels-120.png 1728 1056 20
big_dataset_depth/000000002569-segment-12879640240483815315_5852_605_5872_605_with_camera_labels-120.png 1736 1072 19
big_dataset_depth/000000002569-segment-12879640240483815315_5852_605_5872_605_with_camera_labels-120.png 1744 1072 19
big_dataset_depth/000000002569-segment-12879640240483815315_5852_605_5872_605_with_camera_labels-120.png 1752 1072 19
big_dataset_depth/000000002569-segment-12879640240483815315_5852_605_5872_605_with_camera_labels-120.png 1760 1080 19
big_dataset_depth/000000002569-segment-12879640240483815315_5852_605_5872_605_with_camera_labels-120.png 1768 1096 19
big_dataset_depth/000000002569-segment-12879640240483815315_5852_605_5872_605_with_camera_labels-120.png 1776 1096 18
big_dataset_depth/000000002569-segment-12879640240483815315_5852_605_5872_605_with_camera_labels-120.png 1784 1120 18
big_dataset_depth/000000002569-segment-12879640240483815315_5852_605_5872_605_with_camera_labels-120.png 1792 1120 18
big_dataset_depth/000000002569-segment-12879640240483815315_5852_605_5872_605_with_camera_labels-120.png 1800 1120 18
big_dataset_depth/000000002569-segment-12879640240483815315_5852_605_5872_605_with_camera_labels-120.png 1808 1120 18
big_dataset_depth/000000002569-segment-12879640240483815315_5852_605_5872_605_with_camera_labels-120.png 1816 1136 17
big_dataset_depth/000000002569-segment-12879640240483815315_5852_605_5872_605_with_camera_labels-120.png 1824 1136 17
big_dataset_depth/000000002569-segment-12879640240483815315_5852_605_5872_605_with_camera_labels-120.png 1832 1160 17
big_dataset_depth/000000002569-segment-12879640240483815315_5852_605_5872_605_with_camera_labels-120.png 1840 1048 25
big_dataset_depth/000000002569-segment-12879640240483815315_5852_605_5872_605_with_camera_labels-120.png 1848 992 29
big_dataset_depth/000000002569-segment-12879640240483815315_5852_605_5872_605_with_camera_labels-120.png 1856 992 29
big_dataset_depth/000000002569-segment-12879640240483815315_5852_605_5872_605_with_camera_labels-120.png 1864 1184 16
big_dataset_depth/000000002569-segment-12879640240483815315_5852_605_5872_605_with_camera_labels-120.png 1872 976 33
big_dataset_depth/000000002569-segment-12879640240483815315_5852_605_5872_605_with_camera_labels-120.png 1880 992 29
big_dataset_depth/000000002569-segment-12879640240483815315_5852_605_5872_605_with_camera_labels-120.png 1888 1200 16
big_dataset_depth/000000002569-segment-12879640240483815315_5852_605_5872_605_with_camera_labels-120.png 1896 1080 24
big_dataset_depth/000000002569-segment-12879640240483815315_5852_605_5872_605_with_camera_labels-120.png 1904 1008 28
big_dataset_depth/000000002569-segment-12879640240483815315_5852_605_5872_605_with_camera_labels-120.png 1912 832 48
