big_dataset_depth/000000002714-segment-12988666890418932775_5516_730_5536_730_with_camera_labels-170.png 0 1048 21
big_dataset_depth/000000002714-segment-12988666890418932775_5516_730_5536_730_with_camera_labels-170.png 8 744 67
big_dataset_depth/000000002714-segment-12988666890418932775_5516_730_5536_730_with_camera_labels-170.png 16 904 50
big_dataset_depth/000000002714-segment-12988666890418932775_5516_730_5536_730_with_camera_labels-170.png 24 848 62
big_dataset_depth/000000002714-segment-12988666890418932775_5516_730_5536_730_with_camera_labels-170.png 32 712 85
big_dataset_depth/000000002714-segment-12988666890418932775_5516_730_5536_730_with_camera_labels-170.png 40 936 37
big_dataset_depth/000000002714-segment-12988666890418932775_5516_730_5536_730_with_camera_labels-170.png 48 1024 21
big_dataset_depth/000000002714-segment-12988666890418932775_5516_730_5536_730_with_camera_labels-170.png 56 1024 22
big_dataset_depth/000000002714-segment-12988666890418932775_5516_730_5536_730_with_camera_labels-170.png 72 1024 22
big_dataset_depth/000000002714-segment-12988666890418932775_5516_730_5536_730_with_camera_labels-170.png 88 1016 22
big_dataset_depth/000000002714-segment-12988666890418932775_5516_730_5536_730_with_camera_labels-170.png 96 1008 22
big_dataset_depth/000000002714-segment-12988666890418932775_5516_730_5536_730_with_camera_labels-170.png 112 1008 23
big_dataset_depth/000000002714-segment-12988666890418932775_5516_730_5536_730_with_camera_labels-170.png 120 1000 23
big_dataset_depth/000000002714-segment-12988666890418932775_5516_730_5536_730_with_camera_labels-170.png 128 1000 23
big_dataset_depth/000000002714-segment-12988666890418932775_5516_730_5536_730_with_camera_labels-170.png 160 984 24
big_dataset_depth/000000002714-segment-12988666890418932775_5516_730_5536_730_with_camera_labels-170.png 168 984 24
big_dataset_depth/000000002714-segment-12988666890418932775_5516_730_5536_730_with_camera_labels-170.png 176 984 24
big_dataset_depth/000000002714-segment-12988666890418932775_5516_730_5536_730_with_camera_labels-170.png 488 736 88
big_dataset_depth/000000002714-segment-12988666890418932775_5516_730_5536_730_with_camera_labels-170.png 496 744 88
big_dataset_depth/000000002714-segment-12988666890418932775_5516_730_5536_730_with_camera_labels-170.png 504 736 87
big_dataset_depth/000000002714-segment-12988666890418932775_5516_730_5536_730_with_camera_labels-170.png 512 736 87
big_dataset_depth/000000002714-segment-12988666890418932775_5516_730_5536_730_with_camera_labels-170.png 520 736 87
big_dataset_depth/000000002714-segment-12988666890418932775_5516_730_5536_730_with_camera_labels-170.png 528 736 87
big_dataset_depth/000000002714-segment-12988666890418932775_5516_730_5536_730_with_camera_labels-170.png 536 736 87
big_dataset_depth/000000002714-segment-12988666890418932775_5516_730_5536_730_with_camera_labels-170.png 544 736 87
big_dataset_depth/000000002714-segment-12988666890418932775_5516_730_5536_730_with_camera_labels-170.png 552 744 88
big_dataset_depth/000000002714-segment-12988666890418932775_5516_730_5536_730_with_camera_labels-170.png 560 736 90
big_dataset_depth/000000002714-segment-12988666890418932775_5516_730_5536_730_with_camera_labels-170.png 712 744 77
big_dataset_depth/000000002714-segment-12988666890418932775_5516_730_5536_730_with_camera_labels-170.png 720 744 77
big_dataset_depth/000000002714-segment-12988666890418932775_5516_730_5536_730_with_camera_labels-170.png 728 744 77
big_dataset_depth/000000002714-segment-12988666890418932775_5516_730_5536_730_with_camera_labels-170.png 736 744 76
big_dataset_depth/000000002714-segment-12988666890418932775_5516_730_5536_730_with_camera_labels-170.png 744 744 76
big_dataset_depth/000000002714-segment-12988666890418932775_5516_730_5536_730_with_camera_labels-170.png 752 744 77
big_dataset_depth/000000002714-segment-12988666890418932775_5516_730_5536_730_with_camera_labels-170.png 760 744 76
big_dataset_depth/000000002714-segment-12988666890418932775_5516_730_5536_730_with_camera_labels-170.png 768 744 77
big_dataset_depth/000000002714-segment-12988666890418932775_5516_730_5536_730_with_camera_labels-170.png 776 744 77
big_dataset_depth/000000002714-segment-12988666890418932775_5516_730_5536_730_with_camera_labels-170.png 816 744 80
big_dataset_depth/000000002714-segment-12988666890418932775_5516_730_5536_730_with_camera_labels-170.png 824 744 79
big_dataset_depth/000000002714-segment-12988666890418932775_5516_730_5536_730_with_camera_labels-170.png 832 736 79
big_dataset_depth/000000002714-segment-12988666890418932775_5516_730_5536_730_with_camera_labels-170.png 840 736 81
big_dataset_depth/000000002714-segment-12988666890418932775_5516_730_5536_730_with_camera_labels-170.png 848 720 80
big_dataset_depth/000000002714-segment-12988666890418932775_5516_730_5536_730_with_camera_labels-170.png 856 736 80
big_dataset_depth/000000002714-segment-12988666890418932775_5516_730_5536_730_with_camera_labels-170.png 864 704 80
big_dataset_depth/000000002714-segment-12988666890418932775_5516_730_5536_730_with_camera_labels-170.png 872 648 80
big_dataset_depth/000000002714-segment-12988666890418932775_5516_730_5536_730_with_camera_labels-170.png 880 720 103
big_dataset_depth/000000002714-segment-12988666890418932775_5516_730_5536_730_with_camera_labels-170.png 888 720 105
big_dataset_depth/000000002714-segment-12988666890418932775_5516_730_5536_730_with_camera_labels-170.png 1248 728 108
big_dataset_depth/000000002714-segment-12988666890418932775_5516_730_5536_730_with_camera_labels-170.png 1328 664 87
big_dataset_depth/000000002714-segment-12988666890418932775_5516_730_5536_730_with_camera_labels-170.png 1336 672 87
big_dataset_depth/000000002714-segment-12988666890418932775_5516_730_5536_730_with_camera_labels-170.png 1344 736 87
big_dataset_depth/000000002714-segment-12988666890418932775_5516_730_5536_730_with_camera_labels-170.png 1352 744 86
big_dataset_depth/000000002714-segment-12988666890418932775_5516_730_5536_730_with_camera_labels-170.png 1360 720 107
big_dataset_depth/000000002714-segment-12988666890418932775_5516_730_5536_730_with_camera_labels-170.png 1368 720 107
big_dataset_depth/000000002714-segment-12988666890418932775_5516_730_5536_730_with_camera_labels-170.png 1376 720 107
big_dataset_depth/000000002714-segment-12988666890418932775_5516_730_5536_730_with_camera_labels-170.png 1384 712 107
big_dataset_depth/000000002714-segment-12988666890418932775_5516_730_5536_730_with_camera_labels-170.png 1392 712 106
big_dataset_depth/000000002714-segment-12988666890418932775_5516_730_5536_730_with_camera_labels-170.png 1400 720 106
big_dataset_depth/000000002714-segment-12988666890418932775_5516_730_5536_730_with_camera_labels-170.png 1408 712 103
big_dataset_depth/000000002714-segment-12988666890418932775_5516_730_5536_730_with_camera_labels-170.png 1416 720 103
big_dataset_depth/000000002714-segment-12988666890418932775_5516_730_5536_730_with_camera_labels-170.png 1424 720 103
big_dataset_depth/000000002714-segment-12988666890418932775_5516_730_5536_730_with_camera_labels-170.png 1432 720 103
big_dataset_depth/000000002714-segment-12988666890418932775_5516_730_5536_730_with_camera_labels-170.png 1440 720 103
big_dataset_depth/000000002714-segment-12988666890418932775_5516_730_5536_730_with_camera_labels-170.png 1448 720 103
big_dataset_depth/000000002714-segment-12988666890418932775_5516_730_5536_730_with_camera_labels-170.png 1456 720 104
big_dataset_depth/000000002714-segment-12988666890418932775_5516_730_5536_730_with_camera_labels-170.png 1464 728 79
big_dataset_depth/000000002714-segment-12988666890418932775_5516_730_5536_730_with_camera_labels-170.png 1472 736 91
big_dataset_depth/000000002714-segment-12988666890418932775_5516_730_5536_730_with_camera_labels-170.png 1480 720 105
big_dataset_depth/000000002714-segment-12988666890418932775_5516_730_5536_730_with_camera_labels-170.png 1488 720 106
big_dataset_depth/000000002714-segment-12988666890418932775_5516_730_5536_730_with_camera_labels-170.png 1496 720 104
big_dataset_depth/000000002714-segment-12988666890418932775_5516_730_5536_730_with_camera_labels-170.png 1504 720 104
big_dataset_depth/000000002714-segment-12988666890418932775_5516_730_5536_730_with_camera_labels-170.png 1512 696 107
big_dataset_depth/000000002714-segment-12988666890418932775_5516_730_5536_730_with_camera_labels-170.png 1520 728 103
big_dataset_depth/000000002714-segment-12988666890418932775_5516_730_5536_730_with_camera_labels-170.png 1528 728 101
big_dataset_depth/000000002714-segment-12988666890418932775_5516_730_5536_730_with_camera_labels-170.png 1536 720 101
big_dataset_depth/000000002714-segment-12988666890418932775_5516_730_5536_730_with_camera_labels-170.png 1544 720 104
big_dataset_depth/000000002714-segment-12988666890418932775_5516_730_5536_730_with_camera_labels-170.png 1560 720 104
big_dataset_depth/000000002714-segment-12988666890418932775_5516_730_5536_730_with_camera_labels-170.png 1568 720 106
big_dataset_depth/000000002714-segment-12988666890418932775_5516_730_5536_730_with_camera_labels-170.png 1576 720 107
big_dataset_depth/000000002714-segment-12988666890418932775_5516_730_5536_730_with_camera_labels-170.png 1584 720 105
big_dataset_depth/000000002714-segment-12988666890418932775_5516_730_5536_730_with_camera_labels-170.png 1592 712 105
big_dataset_depth/000000002714-segment-12988666890418932775_5516_730_5536_730_with_camera_labels-170.png 1600 720 108
big_dataset_depth/000000002714-segment-12988666890418932775_5516_730_5536_730_with_camera_labels-170.png 1624 728 77
big_dataset_depth/000000002714-segment-12988666890418932775_5516_730_5536_730_with_camera_labels-170.png 1632 744 77
big_dataset_depth/000000002714-segment-12988666890418932775_5516_730_5536_730_with_camera_labels-170.png 1640 752 76
big_dataset_depth/000000002714-segment-12988666890418932775_5516_730_5536_730_with_camera_labels-170.png 1648 744 77
big_dataset_depth/000000002714-segment-12988666890418932775_5516_730_5536_730_with_camera_labels-170.png 1656 744 77
big_dataset_depth/000000002714-segment-12988666890418932775_5516_730_5536_730_with_camera_labels-170.png 1664 744 77
big_dataset_depth/000000002714-segment-12988666890418932775_5516_730_5536_730_with_camera_labels-170.png 1672 744 77
big_dataset_depth/000000002714-segment-12988666890418932775_5516_730_5536_730_with_camera_labels-170.png 1680 744 77
big_dataset_depth/000000002714-segment-12988666890418932775_5516_730_5536_730_with_camera_labels-170.png 1688 728 89
big_dataset_depth/000000002714-segment-12988666890418932775_5516_730_5536_730_with_camera_labels-170.png 1696 736 83
big_dataset_depth/000000002714-segment-12988666890418932775_5516_730_5536_730_with_camera_labels-170.png 1704 728 90
big_dataset_depth/000000002714-segment-12988666890418932775_5516_730_5536_730_with_camera_labels-170.png 1712 728 90
big_dataset_depth/000000002714-segment-12988666890418932775_5516_730_5536_730_with_camera_labels-170.png 1720 728 90
big_dataset_depth/000000002714-segment-12988666890418932775_5516_730_5536_730_with_camera_labels-170.png 1728 728 90
big_dataset_depth/000000002714-segment-12988666890418932775_5516_730_5536_730_with_camera_labels-170.png 1736 720 88
big_dataset_depth/000000002714-segment-12988666890418932775_5516_730_5536_730_with_camera_labels-170.png 1744 712 88
big_dataset_depth/000000002714-segment-12988666890418932775_5516_730_5536_730_with_camera_labels-170.png 1752 736 85
big_dataset_depth/000000002714-segment-12988666890418932775_5516_730_5536_730_with_camera_labels-170.png 1760 720 86
big_dataset_depth/000000002714-segment-12988666890418932775_5516_730_5536_730_with_camera_labels-170.png 1768 728 87
big_dataset_depth/000000002714-segment-12988666890418932775_5516_730_5536_730_with_camera_labels-170.png 1776 736 83
big_dataset_depth/000000002714-segment-12988666890418932775_5516_730_5536_730_with_camera_labels-170.png 1784 728 84
big_dataset_depth/000000002714-segment-12988666890418932775_5516_730_5536_730_with_camera_labels-170.png 1792 744 82
big_dataset_depth/000000002714-segment-12988666890418932775_5516_730_5536_730_with_camera_labels-170.png 1800 744 83
big_dataset_depth/000000002714-segment-12988666890418932775_5516_730_5536_730_with_camera_labels-170.png 1808 736 83
big_dataset_depth/000000002714-segment-12988666890418932775_5516_730_5536_730_with_camera_labels-170.png 1816 736 83
big_dataset_depth/000000002714-segment-12988666890418932775_5516_730_5536_730_with_camera_labels-170.png 1824 736 83
big_dataset_depth/000000002714-segment-12988666890418932775_5516_730_5536_730_with_camera_labels-170.png 1832 736 83
big_dataset_depth/000000002714-segment-12988666890418932775_5516_730_5536_730_with_camera_labels-170.png 1840 744 83
big_dataset_depth/000000002714-segment-12988666890418932775_5516_730_5536_730_with_camera_labels-170.png 1848 744 83
big_dataset_depth/000000002714-segment-12988666890418932775_5516_730_5536_730_with_camera_labels-170.png 1856 728 84
big_dataset_depth/000000002714-segment-12988666890418932775_5516_730_5536_730_with_camera_labels-170.png 1864 736 83
big_dataset_depth/000000002714-segment-12988666890418932775_5516_730_5536_730_with_camera_labels-170.png 1872 728 84
big_dataset_depth/000000002714-segment-12988666890418932775_5516_730_5536_730_with_camera_labels-170.png 1880 736 83
big_dataset_depth/000000002714-segment-12988666890418932775_5516_730_5536_730_with_camera_labels-170.png 1888 728 84
big_dataset_depth/000000002714-segment-12988666890418932775_5516_730_5536_730_with_camera_labels-170.png 1896 744 83
big_dataset_depth/000000002714-segment-12988666890418932775_5516_730_5536_730_with_camera_labels-170.png 1904 744 82
big_dataset_depth/000000002714-segment-12988666890418932775_5516_730_5536_730_with_camera_labels-170.png 1912 720 83
