big_dataset_depth/000000002701-segment-12988666890418932775_5516_730_5536_730_with_camera_labels-40.png 0 712 68
big_dataset_depth/000000002701-segment-12988666890418932775_5516_730_5536_730_with_camera_labels-40.png 8 808 54
big_dataset_depth/000000002701-segment-12988666890418932775_5516_730_5536_730_with_camera_labels-40.png 16 816 54
big_dataset_depth/000000002701-segment-12988666890418932775_5516_730_5536_730_with_camera_labels-40.png 24 816 54
big_dataset_depth/000000002701-segment-12988666890418932775_5516_730_5536_730_with_camera_labels-40.png 32 816 54
big_dataset_depth/000000002701-segment-12988666890418932775_5516_730_5536_730_with_camera_labels-40.png 40 816 54
big_dataset_depth/000000002701-segment-12988666890418932775_5516_730_5536_730_with_camera_labels-40.png 48 816 55
big_dataset_depth/000000002701-segment-12988666890418932775_5516_730_5536_730_with_camera_labels-40.png 56 816 55
big_dataset_depth/000000002701-segment-12988666890418932775_5516_730_5536_730_with_camera_labels-40.png 64 816 55
big_dataset_depth/000000002701-segment-12988666890418932775_5516_730_5536_730_with_camera_labels-40.png 72 800 55
big_dataset_depth/000000002701-segment-12988666890418932775_5516_730_5536_730_with_camera_labels-40.png 80 800 56
big_dataset_depth/000000002701-segment-12988666890418932775_5516_730_5536_730_with_camera_labels-40.png 88 816 57
big_dataset_depth/000000002701-segment-12988666890418932775_5516_730_5536_730_with_camera_labels-40.png 96 816 57
big_dataset_depth/000000002701-segment-12988666890418932775_5516_730_5536_730_with_camera_labels-40.png 104 808 57
big_dataset_depth/000000002701-segment-12988666890418932775_5516_730_5536_730_with_camera_labels-40.png 112 800 58
big_dataset_depth/000000002701-segment-12988666890418932775_5516_730_5536_730_with_camera_labels-40.png 120 800 58
big_dataset_depth/000000002701-segment-12988666890418932775_5516_730_5536_730_with_camera_labels-40.png 128 800 58
big_dataset_depth/000000002701-segment-12988666890418932775_5516_730_5536_730_with_camera_labels-40.png 136 800 59
big_dataset_depth/000000002701-segment-12988666890418932775_5516_730_5536_730_with_camera_labels-40.png 576 792 53
big_dataset_depth/000000002701-segment-12988666890418932775_5516_730_5536_730_with_camera_labels-40.png 672 752 67
big_dataset_depth/000000002701-segment-12988666890418932775_5516_730_5536_730_with_camera_labels-40.png 680 608 70
big_dataset_depth/000000002701-segment-12988666890418932775_5516_730_5536_730_with_camera_labels-40.png 688 752 60
big_dataset_depth/000000002701-segment-12988666890418932775_5516_730_5536_730_with_camera_labels-40.png 696 776 57
big_dataset_depth/000000002701-segment-12988666890418932775_5516_730_5536_730_with_camera_labels-40.png 704 752 59
big_dataset_depth/000000002701-segment-12988666890418932775_5516_730_5536_730_with_camera_labels-40.png 712 776 55
big_dataset_depth/000000002701-segment-12988666890418932775_5516_730_5536_730_with_camera_labels-40.png 720 760 56
big_dataset_depth/000000002701-segment-12988666890418932775_5516_730_5536_730_with_camera_labels-40.png 728 760 57
big_dataset_depth/000000002701-segment-12988666890418932775_5516_730_5536_730_with_camera_labels-40.png 736 760 57
big_dataset_depth/000000002701-segment-12988666890418932775_5516_730_5536_730_with_camera_labels-40.png 744 768 57
big_dataset_depth/000000002701-segment-12988666890418932775_5516_730_5536_730_with_camera_labels-40.png 752 752 62
big_dataset_depth/000000002701-segment-12988666890418932775_5516_730_5536_730_with_camera_labels-40.png 760 744 67
big_dataset_depth/000000002701-segment-12988666890418932775_5516_730_5536_730_with_camera_labels-40.png 768 744 67
big_dataset_depth/000000002701-segment-12988666890418932775_5516_730_5536_730_with_camera_labels-40.png 776 760 59
big_dataset_depth/000000002701-segment-12988666890418932775_5516_730_5536_730_with_camera_labels-40.png 784 744 69
big_dataset_depth/000000002701-segment-12988666890418932775_5516_730_5536_730_with_camera_labels-40.png 792 744 69
big_dataset_depth/000000002701-segment-12988666890418932775_5516_730_5536_730_with_camera_labels-40.png 800 744 69
big_dataset_depth/000000002701-segment-12988666890418932775_5516_730_5536_730_with_camera_labels-40.png 808 744 72
big_dataset_depth/000000002701-segment-12988666890418932775_5516_730_5536_730_with_camera_labels-40.png 816 744 72
big_dataset_depth/000000002701-segment-12988666890418932775_5516_730_5536_730_with_camera_labels-40.png 824 736 79
big_dataset_depth/000000002701-segment-12988666890418932775_5516_730_5536_730_with_camera_labels-40.png 832 744 72
big_dataset_depth/000000002701-segment-12988666890418932775_5516_730_5536_730_with_camera_labels-40.png 840 728 84
big_dataset_depth/000000002701-segment-12988666890418932775_5516_730_5536_730_with_camera_labels-40.png 848 728 84
big_dataset_depth/000000002701-segment-12988666890418932775_5516_730_5536_730_with_camera_labels-40.png 856 736 83
big_dataset_depth/000000002701-segment-12988666890418932775_5516_730_5536_730_with_camera_labels-40.png 864 720 92
big_dataset_depth/000000002701-segment-12988666890418932775_5516_730_5536_730_with_camera_labels-40.png 872 720 105
big_dataset_depth/000000002701-segment-12988666890418932775_5516_730_5536_730_with_camera_labels-40.png 960 752 68
big_dataset_depth/000000002701-segment-12988666890418932775_5516_730_5536_730_with_camera_labels-40.png 968 752 62
big_dataset_depth/000000002701-segment-12988666890418932775_5516_730_5536_730_with_camera_labels-40.png 976 760 62
big_dataset_depth/000000002701-segment-12988666890418932775_5516_730_5536_730_with_camera_labels-40.png 984 752 62
big_dataset_depth/000000002701-segment-12988666890418932775_5516_730_5536_730_with_camera_labels-40.png 992 736 61
big_dataset_depth/000000002701-segment-12988666890418932775_5516_730_5536_730_with_camera_labels-40.png 1000 744 61
big_dataset_depth/000000002701-segment-12988666890418932775_5516_730_5536_730_with_camera_labels-40.png 1008 744 61
big_dataset_depth/000000002701-segment-12988666890418932775_5516_730_5536_730_with_camera_labels-40.png 1016 744 61
big_dataset_depth/000000002701-segment-12988666890418932775_5516_730_5536_730_with_camera_labels-40.png 1024 752 61
big_dataset_depth/000000002701-segment-12988666890418932775_5516_730_5536_730_with_camera_labels-40.png 1032 744 61
big_dataset_depth/000000002701-segment-12988666890418932775_5516_730_5536_730_with_camera_labels-40.png 1040 744 61
big_dataset_depth/000000002701-segment-12988666890418932775_5516_730_5536_730_with_camera_labels-40.png 1048 752 62
big_dataset_depth/000000002701-segment-12988666890418932775_5516_730_5536_730_with_camera_labels-40.png 1056 760 62
big_dataset_depth/000000002701-segment-12988666890418932775_5516_730_5536_730_with_camera_labels-40.png 1064 760 62
big_dataset_depth/000000002701-segment-12988666890418932775_5516_730_5536_730_with_camera_labels-40.png 1168 712 96
big_dataset_depth/000000002701-segment-12988666890418932775_5516_730_5536_730_with_camera_labels-40.png 1176 720 95
big_dataset_depth/000000002701-segment-12988666890418932775_5516_730_5536_730_with_camera_labels-40.png 1184 720 95
big_dataset_depth/000000002701-segment-12988666890418932775_5516_730_5536_730_with_camera_labels-40.png 1192 712 95
big_dataset_depth/000000002701-segment-12988666890418932775_5516_730_5536_730_with_camera_labels-40.png 1200 720 95
big_dataset_depth/000000002701-segment-12988666890418932775_5516_730_5536_730_with_camera_labels-40.png 1208 720 95
big_dataset_depth/000000002701-segment-12988666890418932775_5516_730_5536_730_with_camera_labels-40.png 1216 720 95
big_dataset_depth/000000002701-segment-12988666890418932775_5516_730_5536_730_with_camera_labels-40.png 1224 720 95
big_dataset_depth/000000002701-segment-12988666890418932775_5516_730_5536_730_with_camera_labels-40.png 1296 720 99
big_dataset_depth/000000002701-segment-12988666890418932775_5516_730_5536_730_with_camera_labels-40.png 1304 720 99
big_dataset_depth/000000002701-segment-12988666890418932775_5516_730_5536_730_with_camera_labels-40.png 1416 712 106
big_dataset_depth/000000002701-segment-12988666890418932775_5516_730_5536_730_with_camera_labels-40.png 1424 720 97
big_dataset_depth/000000002701-segment-12988666890418932775_5516_730_5536_730_with_camera_labels-40.png 1432 744 68
big_dataset_depth/000000002701-segment-12988666890418932775_5516_730_5536_730_with_camera_labels-40.png 1440 728 80
big_dataset_depth/000000002701-segment-12988666890418932775_5516_730_5536_730_with_camera_labels-40.png 1448 744 69
big_dataset_depth/000000002701-segment-12988666890418932775_5516_730_5536_730_with_camera_labels-40.png 1456 736 81
big_dataset_depth/000000002701-segment-12988666890418932775_5516_730_5536_730_with_camera_labels-40.png 1464 752 69
big_dataset_depth/000000002701-segment-12988666890418932775_5516_730_5536_730_with_camera_labels-40.png 1472 752 69
big_dataset_depth/000000002701-segment-12988666890418932775_5516_730_5536_730_with_camera_labels-40.png 1480 736 79
big_dataset_depth/000000002701-segment-12988666890418932775_5516_730_5536_730_with_camera_labels-40.png 1488 760 65
big_dataset_depth/000000002701-segment-12988666890418932775_5516_730_5536_730_with_camera_labels-40.png 1496 760 64
big_dataset_depth/000000002701-segment-12988666890418932775_5516_730_5536_730_with_camera_labels-40.png 1504 752 64
big_dataset_depth/000000002701-segment-12988666890418932775_5516_730_5536_730_with_camera_labels-40.png 1512 744 73
big_dataset_depth/000000002701-segment-12988666890418932775_5516_730_5536_730_with_camera_labels-40.png 1520 760 64
big_dataset_depth/000000002701-segment-12988666890418932775_5516_730_5536_730_with_camera_labels-40.png 1528 760 64
big_dataset_depth/000000002701-segment-12988666890418932775_5516_730_5536_730_with_camera_labels-40.png 1536 760 64
big_dataset_depth/000000002701-segment-12988666890418932775_5516_730_5536_730_with_camera_labels-40.png 1544 728 77
big_dataset_depth/000000002701-segment-12988666890418932775_5516_730_5536_730_with_camera_labels-40.png 1552 728 77
big_dataset_depth/000000002701-segment-12988666890418932775_5516_730_5536_730_with_camera_labels-40.png 1560 744 62
big_dataset_depth/000000002701-segment-12988666890418932775_5516_730_5536_730_with_camera_labels-40.png 1568 736 69
big_dataset_depth/000000002701-segment-12988666890418932775_5516_730_5536_730_with_camera_labels-40.png 1576 760 62
big_dataset_depth/000000002701-segment-12988666890418932775_5516_730_5536_730_with_camera_labels-40.png 1584 760 62
big_dataset_depth/000000002701-segment-12988666890418932775_5516_730_5536_730_with_camera_labels-40.png 1592 760 62
big_dataset_depth/000000002701-segment-12988666890418932775_5516_730_5536_730_with_camera_labels-40.png 1600 760 62
big_dataset_depth/000000002701-segment-12988666890418932775_5516_730_5536_730_with_camera_labels-40.png 1608 760 62
big_dataset_depth/000000002701-segment-12988666890418932775_5516_730_5536_730_with_camera_labels-40.png 1616 744 67
big_dataset_depth/000000002701-segment-12988666890418932775_5516_730_5536_730_with_camera_labels-40.png 1624 744 72
big_dataset_depth/000000002701-segment-12988666890418932775_5516_730_5536_730_with_camera_labels-40.png 1632 736 73
big_dataset_depth/000000002701-segment-12988666890418932775_5516_730_5536_730_with_camera_labels-40.png 1640 736 70
big_dataset_depth/000000002701-segment-12988666890418932775_5516_730_5536_730_with_camera_labels-40.png 1648 744 69
big_dataset_depth/000000002701-segment-12988666890418932775_5516_730_5536_730_with_camera_labels-40.png 1656 744 69
big_dataset_depth/000000002701-segment-12988666890418932775_5516_730_5536_730_with_camera_labels-40.png 1672 744 69
big_dataset_depth/000000002701-segment-12988666890418932775_5516_730_5536_730_with_camera_labels-40.png 1680 784 51
big_dataset_depth/000000002701-segment-12988666890418932775_5516_730_5536_730_with_camera_labels-40.png 1688 784 51
big_dataset_depth/000000002701-segment-12988666890418932775_5516_730_5536_730_with_camera_labels-40.png 1696 792 51
big_dataset_depth/000000002701-segment-12988666890418932775_5516_730_5536_730_with_camera_labels-40.png 1704 776 51
big_dataset_depth/000000002701-segment-12988666890418932775_5516_730_5536_730_with_camera_labels-40.png 1712 792 50
big_dataset_depth/000000002701-segment-12988666890418932775_5516_730_5536_730_with_camera_labels-40.png 1720 784 51
big_dataset_depth/000000002701-segment-12988666890418932775_5516_730_5536_730_with_camera_labels-40.png 1728 792 51
big_dataset_depth/000000002701-segment-12988666890418932775_5516_730_5536_730_with_camera_labels-40.png 1736 768 61
big_dataset_depth/000000002701-segment-12988666890418932775_5516_730_5536_730_with_camera_labels-40.png 1744 744 70
big_dataset_depth/000000002701-segment-12988666890418932775_5516_730_5536_730_with_camera_labels-40.png 1752 744 69
big_dataset_depth/000000002701-segment-12988666890418932775_5516_730_5536_730_with_camera_labels-40.png 1760 744 69
big_dataset_depth/000000002701-segment-12988666890418932775_5516_730_5536_730_with_camera_labels-40.png 1768 736 69
big_dataset_depth/000000002701-segment-12988666890418932775_5516_730_5536_730_with_camera_labels-40.png 1776 736 68
big_dataset_depth/000000002701-segment-12988666890418932775_5516_730_5536_730_with_camera_labels-40.png 1784 744 67
big_dataset_depth/000000002701-segment-12988666890418932775_5516_730_5536_730_with_camera_labels-40.png 1792 744 67
big_dataset_depth/000000002701-segment-12988666890418932775_5516_730_5536_730_with_camera_labels-40.png 1800 744 66
big_dataset_depth/000000002701-segment-12988666890418932775_5516_730_5536_730_with_camera_labels-40.png 1808 744 66
big_dataset_depth/000000002701-segment-12988666890418932775_5516_730_5536_730_with_camera_labels-40.png 1816 752 65
big_dataset_depth/000000002701-segment-12988666890418932775_5516_730_5536_730_with_camera_labels-40.png 1824 744 65
big_dataset_depth/000000002701-segment-12988666890418932775_5516_730_5536_730_with_camera_labels-40.png 1832 744 64
big_dataset_depth/000000002701-segment-12988666890418932775_5516_730_5536_730_with_camera_labels-40.png 1840 744 64
big_dataset_depth/000000002701-segment-12988666890418932775_5516_730_5536_730_with_camera_labels-40.png 1848 768 58
big_dataset_depth/000000002701-segment-12988666890418932775_5516_730_5536_730_with_camera_labels-40.png 1856 864 38
big_dataset_depth/000000002701-segment-12988666890418932775_5516_730_5536_730_with_camera_labels-40.png 1864 752 63
big_dataset_depth/000000002701-segment-12988666890418932775_5516_730_5536_730_with_camera_labels-40.png 1872 744 62
big_dataset_depth/000000002701-segment-12988666890418932775_5516_730_5536_730_with_camera_labels-40.png 1880 752 62
big_dataset_depth/000000002701-segment-12988666890418932775_5516_730_5536_730_with_camera_labels-40.png 1888 760 61
big_dataset_depth/000000002701-segment-12988666890418932775_5516_730_5536_730_with_camera_labels-40.png 1896 768 50
big_dataset_depth/000000002701-segment-12988666890418932775_5516_730_5536_730_with_camera_labels-40.png 1904 776 50
big_dataset_depth/000000002701-segment-12988666890418932775_5516_730_5536_730_with_camera_labels-40.png 1912 736 59
