big_dataset_depth/000000003700-segment-14018515129165961775_483_260_503_260_with_camera_labels-30.png 0 776 92
big_dataset_depth/000000003700-segment-14018515129165961775_483_260_503_260_with_camera_labels-30.png 8 736 105
big_dataset_depth/000000003700-segment-14018515129165961775_483_260_503_260_with_camera_labels-30.png 16 768 94
big_dataset_depth/000000003700-segment-14018515129165961775_483_260_503_260_with_camera_labels-30.png 24 768 97
big_dataset_depth/000000003700-segment-14018515129165961775_483_260_503_260_with_camera_labels-30.png 32 760 92
big_dataset_depth/000000003700-segment-14018515129165961775_483_260_503_260_with_camera_labels-30.png 40 768 97
big_dataset_depth/000000003700-segment-14018515129165961775_483_260_503_260_with_camera_labels-30.png 48 760 103
big_dataset_depth/000000003700-segment-14018515129165961775_483_260_503_260_with_camera_labels-30.png 56 752 108
big_dataset_depth/000000003700-segment-14018515129165961775_483_260_503_260_with_camera_labels-30.png 64 768 101
big_dataset_depth/000000003700-segment-14018515129165961775_483_260_503_260_with_camera_labels-30.png 72 768 96
big_dataset_depth/000000003700-segment-14018515129165961775_483_260_503_260_with_camera_labels-30.png 80 784 84
big_dataset_depth/000000003700-segment-14018515129165961775_483_260_503_260_with_camera_labels-30.png 96 752 92
big_dataset_depth/000000003700-segment-14018515129165961775_483_260_503_260_with_camera_labels-30.png 104 712 84
big_dataset_depth/000000003700-segment-14018515129165961775_483_260_503_260_with_camera_labels-30.png 112 760 104
big_dataset_depth/000000003700-segment-14018515129165961775_483_260_503_260_with_camera_labels-30.png 120 728 104
big_dataset_depth/000000003700-segment-14018515129165961775_483_260_503_260_with_camera_labels-30.png 128 776 91
big_dataset_depth/000000003700-segment-14018515129165961775_483_260_503_260_with_camera_labels-30.png 136 776 91
big_dataset_depth/000000003700-segment-14018515129165961775_483_260_503_260_with_camera_labels-30.png 144 776 90
big_dataset_depth/000000003700-segment-14018515129165961775_483_260_503_260_with_camera_labels-30.png 152 776 90
big_dataset_depth/000000003700-segment-14018515129165961775_483_260_503_260_with_camera_labels-30.png 160 744 101
big_dataset_depth/000000003700-segment-14018515129165961775_483_260_503_260_with_camera_labels-30.png 168 784 85
big_dataset_depth/000000003700-segment-14018515129165961775_483_260_503_260_with_camera_labels-30.png 176 784 85
big_dataset_depth/000000003700-segment-14018515129165961775_483_260_503_260_with_camera_labels-30.png 184 776 86
big_dataset_depth/000000003700-segment-14018515129165961775_483_260_503_260_with_camera_labels-30.png 192 784 70
big_dataset_depth/000000003700-segment-14018515129165961775_483_260_503_260_with_camera_labels-30.png 200 808 61
big_dataset_depth/000000003700-segment-14018515129165961775_483_260_503_260_with_camera_labels-30.png 208 816 62
big_dataset_depth/000000003700-segment-14018515129165961775_483_260_503_260_with_camera_labels-30.png 216 808 62
big_dataset_depth/000000003700-segment-14018515129165961775_483_260_503_260_with_camera_labels-30.png 224 816 62
big_dataset_depth/000000003700-segment-14018515129165961775_483_260_503_260_with_camera_labels-30.png 232 792 63
big_dataset_depth/000000003700-segment-14018515129165961775_483_260_503_260_with_camera_labels-30.png 240 808 64
big_dataset_depth/000000003700-segment-14018515129165961775_483_260_503_260_with_camera_labels-30.png 256 768 99
big_dataset_depth/000000003700-segment-14018515129165961775_483_260_503_260_with_camera_labels-30.png 264 768 99
big_dataset_depth/000000003700-segment-14018515129165961775_483_260_503_260_with_camera_labels-30.png 272 768 99
big_dataset_depth/000000003700-segment-14018515129165961775_483_260_503_260_with_camera_labels-30.png 280 760 99
big_dataset_depth/000000003700-segment-14018515129165961775_483_260_503_260_with_camera_labels-30.png 288 752 98
big_dataset_depth/000000003700-segment-14018515129165961775_483_260_503_260_with_camera_labels-30.png 296 752 104
big_dataset_depth/000000003700-segment-14018515129165961775_483_260_503_260_with_camera_labels-30.png 304 752 103
big_dataset_depth/000000003700-segment-14018515129165961775_483_260_503_260_with_camera_labels-30.png 312 704 108
big_dataset_depth/000000003700-segment-14018515129165961775_483_260_503_260_with_camera_labels-30.png 320 760 103
big_dataset_depth/000000003700-segment-14018515129165961775_483_260_503_260_with_camera_labels-30.png 496 800 57
big_dataset_depth/000000003700-segment-14018515129165961775_483_260_503_260_with_camera_labels-30.png 512 800 56
big_dataset_depth/000000003700-segment-14018515129165961775_483_260_503_260_with_camera_labels-30.png 528 792 61
big_dataset_depth/000000003700-segment-14018515129165961775_483_260_503_260_with_camera_labels-30.png 536 784 56
big_dataset_depth/000000003700-segment-14018515129165961775_483_260_503_260_with_camera_labels-30.png 544 768 56
big_dataset_depth/000000003700-segment-14018515129165961775_483_260_503_260_with_camera_labels-30.png 552 768 56
big_dataset_depth/000000003700-segment-14018515129165961775_483_260_503_260_with_camera_labels-30.png 560 792 56
big_dataset_depth/000000003700-segment-14018515129165961775_483_260_503_260_with_camera_labels-30.png 568 792 59
big_dataset_depth/000000003700-segment-14018515129165961775_483_260_503_260_with_camera_labels-30.png 576 752 57
big_dataset_depth/000000003700-segment-14018515129165961775_483_260_503_260_with_camera_labels-30.png 584 784 62
big_dataset_depth/000000003700-segment-14018515129165961775_483_260_503_260_with_camera_labels-30.png 592 768 64
big_dataset_depth/000000003700-segment-14018515129165961775_483_260_503_260_with_camera_labels-30.png 600 776 63
big_dataset_depth/000000003700-segment-14018515129165961775_483_260_503_260_with_camera_labels-30.png 608 792 60
big_dataset_depth/000000003700-segment-14018515129165961775_483_260_503_260_with_camera_labels-30.png 616 784 63
big_dataset_depth/000000003700-segment-14018515129165961775_483_260_503_260_with_camera_labels-30.png 624 760 70
big_dataset_depth/000000003700-segment-14018515129165961775_483_260_503_260_with_camera_labels-30.png 640 800 56
big_dataset_depth/000000003700-segment-14018515129165961775_483_260_503_260_with_camera_labels-30.png 648 792 57
big_dataset_depth/000000003700-segment-14018515129165961775_483_260_503_260_with_camera_labels-30.png 656 616 76
big_dataset_depth/000000003700-segment-14018515129165961775_483_260_503_260_with_camera_labels-30.png 664 768 73
big_dataset_depth/000000003700-segment-14018515129165961775_483_260_503_260_with_camera_labels-30.png 672 752 78
big_dataset_depth/000000003700-segment-14018515129165961775_483_260_503_260_with_camera_labels-30.png 680 752 79
big_dataset_depth/000000003700-segment-14018515129165961775_483_260_503_260_with_camera_labels-30.png 688 752 75
big_dataset_depth/000000003700-segment-14018515129165961775_483_260_503_260_with_camera_labels-30.png 696 744 79
big_dataset_depth/000000003700-segment-14018515129165961775_483_260_503_260_with_camera_labels-30.png 704 760 75
big_dataset_depth/000000003700-segment-14018515129165961775_483_260_503_260_with_camera_labels-30.png 736 768 79
big_dataset_depth/000000003700-segment-14018515129165961775_483_260_503_260_with_camera_labels-30.png 872 776 73
big_dataset_depth/000000003700-segment-14018515129165961775_483_260_503_260_with_camera_labels-30.png 888 760 91
big_dataset_depth/000000003700-segment-14018515129165961775_483_260_503_260_with_camera_labels-30.png 1128 736 103
big_dataset_depth/000000003700-segment-14018515129165961775_483_260_503_260_with_camera_labels-30.png 1136 744 102
big_dataset_depth/000000003700-segment-14018515129165961775_483_260_503_260_with_camera_labels-30.png 1144 744 96
big_dataset_depth/000000003700-segment-14018515129165961775_483_260_503_260_with_camera_labels-30.png 1152 744 96
big_dataset_depth/000000003700-segment-14018515129165961775_483_260_503_260_with_camera_labels-30.png 1160 744 95
big_dataset_depth/000000003700-segment-14018515129165961775_483_260_503_260_with_camera_labels-30.png 1168 728 92
big_dataset_depth/000000003700-segment-14018515129165961775_483_260_503_260_with_camera_labels-30.png 1176 744 92
big_dataset_depth/000000003700-segment-14018515129165961775_483_260_503_260_with_camera_labels-30.png 1184 744 92
big_dataset_depth/000000003700-segment-14018515129165961775_483_260_503_260_with_camera_labels-30.png 1192 736 92
big_dataset_depth/000000003700-segment-14018515129165961775_483_260_503_260_with_camera_labels-30.png 1200 744 92
big_dataset_depth/000000003700-segment-14018515129165961775_483_260_503_260_with_camera_labels-30.png 1208 736 92
big_dataset_depth/000000003700-segment-14018515129165961775_483_260_503_260_with_camera_labels-30.png 1216 744 85
big_dataset_depth/000000003700-segment-14018515129165961775_483_260_503_260_with_camera_labels-30.png 1224 784 70
big_dataset_depth/000000003700-segment-14018515129165961775_483_260_503_260_with_camera_labels-30.png 1232 752 84
big_dataset_depth/000000003700-segment-14018515129165961775_483_260_503_260_with_camera_labels-30.png 1240 872 38
big_dataset_depth/000000003700-segment-14018515129165961775_483_260_503_260_with_camera_labels-30.png 1248 728 85
big_dataset_depth/000000003700-segment-14018515129165961775_483_260_503_260_with_camera_labels-30.png 1256 736 85
big_dataset_depth/000000003700-segment-14018515129165961775_483_260_503_260_with_camera_labels-30.png 1264 744 85
big_dataset_depth/000000003700-segment-14018515129165961775_483_260_503_260_with_camera_labels-30.png 1272 744 86
big_dataset_depth/000000003700-segment-14018515129165961775_483_260_503_260_with_camera_labels-30.png 1280 776 65
big_dataset_depth/000000003700-segment-14018515129165961775_483_260_503_260_with_camera_labels-30.png 1288 768 72
big_dataset_depth/000000003700-segment-14018515129165961775_483_260_503_260_with_camera_labels-30.png 1296 776 65
big_dataset_depth/000000003700-segment-14018515129165961775_483_260_503_260_with_camera_labels-30.png 1304 760 79
big_dataset_depth/000000003700-segment-14018515129165961775_483_260_503_260_with_camera_labels-30.png 1312 744 86
big_dataset_depth/000000003700-segment-14018515129165961775_483_260_503_260_with_camera_labels-30.png 1320 728 93
big_dataset_depth/000000003700-segment-14018515129165961775_483_260_503_260_with_camera_labels-30.png 1328 744 92
big_dataset_depth/000000003700-segment-14018515129165961775_483_260_503_260_with_camera_labels-30.png 1336 744 93
big_dataset_depth/000000003700-segment-14018515129165961775_483_260_503_260_with_camera_labels-30.png 1344 736 90
big_dataset_depth/000000003700-segment-14018515129165961775_483_260_503_260_with_camera_labels-30.png 1360 768 69
big_dataset_depth/000000003700-segment-14018515129165961775_483_260_503_260_with_camera_labels-30.png 1368 784 60
big_dataset_depth/000000003700-segment-14018515129165961775_483_260_503_260_with_camera_labels-30.png 1376 784 60
big_dataset_depth/000000003700-segment-14018515129165961775_483_260_503_260_with_camera_labels-30.png 1384 784 52
big_dataset_depth/000000003700-segment-14018515129165961775_483_260_503_260_with_camera_labels-30.png 1392 800 53
big_dataset_depth/000000003700-segment-14018515129165961775_483_260_503_260_with_camera_labels-30.png 1400 800 53
big_dataset_depth/000000003700-segment-14018515129165961775_483_260_503_260_with_camera_labels-30.png 1408 800 52
big_dataset_depth/000000003700-segment-14018515129165961775_483_260_503_260_with_camera_labels-30.png 1416 752 52
big_dataset_depth/000000003700-segment-14018515129165961775_483_260_503_260_with_camera_labels-30.png 1424 752 52
big_dataset_depth/000000003700-segment-14018515129165961775_483_260_503_260_with_camera_labels-30.png 1432 816 46
big_dataset_depth/000000003700-segment-14018515129165961775_483_260_503_260_with_camera_labels-30.png 1440 816 46
big_dataset_depth/000000003700-segment-14018515129165961775_483_260_503_260_with_camera_labels-30.png 1448 816 46
big_dataset_depth/000000003700-segment-14018515129165961775_483_260_503_260_with_camera_labels-30.png 1456 816 46
big_dataset_depth/000000003700-segment-14018515129165961775_483_260_503_260_with_camera_labels-30.png 1464 800 45
big_dataset_depth/000000003700-segment-14018515129165961775_483_260_503_260_with_camera_labels-30.png 1472 816 46
big_dataset_depth/000000003700-segment-14018515129165961775_483_260_503_260_with_camera_labels-30.png 1480 816 46
big_dataset_depth/000000003700-segment-14018515129165961775_483_260_503_260_with_camera_labels-30.png 1488 816 46
big_dataset_depth/000000003700-segment-14018515129165961775_483_260_503_260_with_camera_labels-30.png 1496 816 46
big_dataset_depth/000000003700-segment-14018515129165961775_483_260_503_260_with_camera_labels-30.png 1504 816 46
big_dataset_depth/000000003700-segment-14018515129165961775_483_260_503_260_with_camera_labels-30.png 1512 816 46
big_dataset_depth/000000003700-segment-14018515129165961775_483_260_503_260_with_camera_labels-30.png 1520 800 46
big_dataset_depth/000000003700-segment-14018515129165961775_483_260_503_260_with_camera_labels-30.png 1528 800 46
big_dataset_depth/000000003700-segment-14018515129165961775_483_260_503_260_with_camera_labels-30.png 1536 800 46
big_dataset_depth/000000003700-segment-14018515129165961775_483_260_503_260_with_camera_labels-30.png 1544 816 45
big_dataset_depth/000000003700-segment-14018515129165961775_483_260_503_260_with_camera_labels-30.png 1552 768 55
big_dataset_depth/000000003700-segment-14018515129165961775_483_260_503_260_with_camera_labels-30.png 1560 752 63
big_dataset_depth/000000003700-segment-14018515129165961775_483_260_503_260_with_camera_labels-30.png 1568 800 38
big_dataset_depth/000000003700-segment-14018515129165961775_483_260_503_260_with_camera_labels-30.png 1576 832 38
big_dataset_depth/000000003700-segment-14018515129165961775_483_260_503_260_with_camera_labels-30.png 1584 832 38
big_dataset_depth/000000003700-segment-14018515129165961775_483_260_503_260_with_camera_labels-30.png 1592 840 38
big_dataset_depth/000000003700-segment-14018515129165961775_483_260_503_260_with_camera_labels-30.png 1600 832 38
big_dataset_depth/000000003700-segment-14018515129165961775_483_260_503_260_with_camera_labels-30.png 1608 840 38
big_dataset_depth/000000003700-segment-14018515129165961775_483_260_503_260_with_camera_labels-30.png 1616 832 38
big_dataset_depth/000000003700-segment-14018515129165961775_483_260_503_260_with_camera_labels-30.png 1624 840 38
big_dataset_depth/000000003700-segment-14018515129165961775_483_260_503_260_with_camera_labels-30.png 1632 840 38
big_dataset_depth/000000003700-segment-14018515129165961775_483_260_503_260_with_camera_labels-30.png 1640 840 38
big_dataset_depth/000000003700-segment-14018515129165961775_483_260_503_260_with_camera_labels-30.png 1648 840 38
big_dataset_depth/000000003700-segment-14018515129165961775_483_260_503_260_with_camera_labels-30.png 1656 832 38
big_dataset_depth/000000003700-segment-14018515129165961775_483_260_503_260_with_camera_labels-30.png 1664 832 38
big_dataset_depth/000000003700-segment-14018515129165961775_483_260_503_260_with_camera_labels-30.png 1672 832 37
big_dataset_depth/000000003700-segment-14018515129165961775_483_260_503_260_with_camera_labels-30.png 1728 1176 16
big_dataset_depth/000000003700-segment-14018515129165961775_483_260_503_260_with_camera_labels-30.png 1736 1176 16
big_dataset_depth/000000003700-segment-14018515129165961775_483_260_503_260_with_camera_labels-30.png 1744 1176 16
big_dataset_depth/000000003700-segment-14018515129165961775_483_260_503_260_with_camera_labels-30.png 1752 1176 16
big_dataset_depth/000000003700-segment-14018515129165961775_483_260_503_260_with_camera_labels-30.png 1760 1176 16
big_dataset_depth/000000003700-segment-14018515129165961775_483_260_503_260_with_camera_labels-30.png 1768 1192 16
big_dataset_depth/000000003700-segment-14018515129165961775_483_260_503_260_with_camera_labels-30.png 1776 1192 16
big_dataset_depth/000000003700-segment-14018515129165961775_483_260_503_260_with_camera_labels-30.png 1784 1192 16
big_dataset_depth/000000003700-segment-14018515129165961775_483_260_503_260_with_camera_labels-30.png 1792 1192 15
big_dataset_depth/000000003700-segment-14018515129165961775_483_260_503_260_with_camera_labels-30.png 1800 1208 15
big_dataset_depth/000000003700-segment-14018515129165961775_483_260_503_260_with_camera_labels-30.png 1808 1208 15
big_dataset_depth/000000003700-segment-14018515129165961775_483_260_503_260_with_camera_labels-30.png 1816 1216 15
big_dataset_depth/000000003700-segment-14018515129165961775_483_260_503_260_with_camera_labels-30.png 1824 1216 15
big_dataset_depth/000000003700-segment-14018515129165961775_483_260_503_260_with_camera_labels-30.png 1832 1240 15
big_dataset_depth/000000003700-segment-14018515129165961775_483_260_503_260_with_camera_labels-30.png 1840 1104 23
big_dataset_depth/000000003700-segment-14018515129165961775_483_260_503_260_with_camera_labels-30.png 1848 960 32
big_dataset_depth/000000003700-segment-14018515129165961775_483_260_503_260_with_camera_labels-30.png 1856 1096 27
big_dataset_depth/000000003700-segment-14018515129165961775_483_260_503_260_with_camera_labels-30.png 1864 1024 34
big_dataset_depth/000000003700-segment-14018515129165961775_483_260_503_260_with_camera_labels-30.png 1872 1112 27
big_dataset_depth/000000003700-segment-14018515129165961775_483_260_503_260_with_camera_labels-30.png 1880 1112 27
big_dataset_depth/000000003700-segment-14018515129165961775_483_260_503_260_with_camera_labels-30.png 1888 1256 14
big_dataset_depth/000000003700-segment-14018515129165961775_483_260_503_260_with_camera_labels-30.png 1896 1104 27
big_dataset_depth/000000003700-segment-14018515129165961775_483_260_503_260_with_camera_labels-30.png 1904 1104 27
big_dataset_depth/000000003700-segment-14018515129165961775_483_260_503_260_with_camera_labels-30.png 1912 800 48
