big_dataset_depth/000000002431-segment-12681651284932598380_3585_280_3605_280_with_camera_labels-140.png 0 728 75
big_dataset_depth/000000002431-segment-12681651284932598380_3585_280_3605_280_with_camera_labels-140.png 8 736 74
big_dataset_depth/000000002431-segment-12681651284932598380_3585_280_3605_280_with_camera_labels-140.png 16 736 70
big_dataset_depth/000000002431-segment-12681651284932598380_3585_280_3605_280_with_camera_labels-140.png 24 712 75
big_dataset_depth/000000002431-segment-12681651284932598380_3585_280_3605_280_with_camera_labels-140.png 32 720 77
big_dataset_depth/000000002431-segment-12681651284932598380_3585_280_3605_280_with_camera_labels-140.png 40 720 77
big_dataset_depth/000000002431-segment-12681651284932598380_3585_280_3605_280_with_camera_labels-140.png 48 720 77
big_dataset_depth/000000002431-segment-12681651284932598380_3585_280_3605_280_with_camera_labels-140.png 56 744 71
big_dataset_depth/000000002431-segment-12681651284932598380_3585_280_3605_280_with_camera_labels-140.png 64 736 72
big_dataset_depth/000000002431-segment-12681651284932598380_3585_280_3605_280_with_camera_labels-140.png 72 744 65
big_dataset_depth/000000002431-segment-12681651284932598380_3585_280_3605_280_with_camera_labels-140.png 80 736 66
big_dataset_depth/000000002431-segment-12681651284932598380_3585_280_3605_280_with_camera_labels-140.png 88 744 66
big_dataset_depth/000000002431-segment-12681651284932598380_3585_280_3605_280_with_camera_labels-140.png 96 736 66
big_dataset_depth/000000002431-segment-12681651284932598380_3585_280_3605_280_with_camera_labels-140.png 104 752 65
big_dataset_depth/000000002431-segment-12681651284932598380_3585_280_3605_280_with_camera_labels-140.png 112 720 70
big_dataset_depth/000000002431-segment-12681651284932598380_3585_280_3605_280_with_camera_labels-140.png 120 728 75
big_dataset_depth/000000002431-segment-12681651284932598380_3585_280_3605_280_with_camera_labels-140.png 128 736 71
big_dataset_depth/000000002431-segment-12681651284932598380_3585_280_3605_280_with_camera_labels-140.png 136 760 64
big_dataset_depth/000000002431-segment-12681651284932598380_3585_280_3605_280_with_camera_labels-140.png 144 752 67
big_dataset_depth/000000002431-segment-12681651284932598380_3585_280_3605_280_with_camera_labels-140.png 152 760 64
big_dataset_depth/000000002431-segment-12681651284932598380_3585_280_3605_280_with_camera_labels-140.png 160 728 75
big_dataset_depth/000000002431-segment-12681651284932598380_3585_280_3605_280_with_camera_labels-140.png 168 728 75
big_dataset_depth/000000002431-segment-12681651284932598380_3585_280_3605_280_with_camera_labels-140.png 176 720 74
big_dataset_depth/000000002431-segment-12681651284932598380_3585_280_3605_280_with_camera_labels-140.png 184 736 67
big_dataset_depth/000000002431-segment-12681651284932598380_3585_280_3605_280_with_camera_labels-140.png 192 736 65
big_dataset_depth/000000002431-segment-12681651284932598380_3585_280_3605_280_with_camera_labels-140.png 200 752 64
big_dataset_depth/000000002431-segment-12681651284932598380_3585_280_3605_280_with_camera_labels-140.png 208 760 64
big_dataset_depth/000000002431-segment-12681651284932598380_3585_280_3605_280_with_camera_labels-140.png 216 760 64
big_dataset_depth/000000002431-segment-12681651284932598380_3585_280_3605_280_with_camera_labels-140.png 224 760 64
big_dataset_depth/000000002431-segment-12681651284932598380_3585_280_3605_280_with_camera_labels-140.png 232 752 64
big_dataset_depth/000000002431-segment-12681651284932598380_3585_280_3605_280_with_camera_labels-140.png 240 752 64
big_dataset_depth/000000002431-segment-12681651284932598380_3585_280_3605_280_with_camera_labels-140.png 248 752 64
big_dataset_depth/000000002431-segment-12681651284932598380_3585_280_3605_280_with_camera_labels-140.png 256 752 64
big_dataset_depth/000000002431-segment-12681651284932598380_3585_280_3605_280_with_camera_labels-140.png 264 752 64
big_dataset_depth/000000002431-segment-12681651284932598380_3585_280_3605_280_with_camera_labels-140.png 272 728 71
big_dataset_depth/000000002431-segment-12681651284932598380_3585_280_3605_280_with_camera_labels-140.png 280 736 66
big_dataset_depth/000000002431-segment-12681651284932598380_3585_280_3605_280_with_camera_labels-140.png 288 736 70
big_dataset_depth/000000002431-segment-12681651284932598380_3585_280_3605_280_with_camera_labels-140.png 296 728 72
big_dataset_depth/000000002431-segment-12681651284932598380_3585_280_3605_280_with_camera_labels-140.png 304 712 79
big_dataset_depth/000000002431-segment-12681651284932598380_3585_280_3605_280_with_camera_labels-140.png 312 712 79
big_dataset_depth/000000002431-segment-12681651284932598380_3585_280_3605_280_with_camera_labels-140.png 320 720 80
big_dataset_depth/000000002431-segment-12681651284932598380_3585_280_3605_280_with_camera_labels-140.png 328 720 81
big_dataset_depth/000000002431-segment-12681651284932598380_3585_280_3605_280_with_camera_labels-140.png 336 744 70
big_dataset_depth/000000002431-segment-12681651284932598380_3585_280_3605_280_with_camera_labels-140.png 344 736 74
big_dataset_depth/000000002431-segment-12681651284932598380_3585_280_3605_280_with_camera_labels-140.png 360 744 70
big_dataset_depth/000000002431-segment-12681651284932598380_3585_280_3605_280_with_camera_labels-140.png 368 728 75
big_dataset_depth/000000002431-segment-12681651284932598380_3585_280_3605_280_with_camera_labels-140.png 376 728 75
big_dataset_depth/000000002431-segment-12681651284932598380_3585_280_3605_280_with_camera_labels-140.png 384 728 73
big_dataset_depth/000000002431-segment-12681651284932598380_3585_280_3605_280_with_camera_labels-140.png 392 728 75
big_dataset_depth/000000002431-segment-12681651284932598380_3585_280_3605_280_with_camera_labels-140.png 400 728 73
big_dataset_depth/000000002431-segment-12681651284932598380_3585_280_3605_280_with_camera_labels-140.png 408 736 75
big_dataset_depth/000000002431-segment-12681651284932598380_3585_280_3605_280_with_camera_labels-140.png 416 728 76
big_dataset_depth/000000002431-segment-12681651284932598380_3585_280_3605_280_with_camera_labels-140.png 424 720 75
big_dataset_depth/000000002431-segment-12681651284932598380_3585_280_3605_280_with_camera_labels-140.png 432 736 75
big_dataset_depth/000000002431-segment-12681651284932598380_3585_280_3605_280_with_camera_labels-140.png 440 720 75
big_dataset_depth/000000002431-segment-12681651284932598380_3585_280_3605_280_with_camera_labels-140.png 448 736 75
big_dataset_depth/000000002431-segment-12681651284932598380_3585_280_3605_280_with_camera_labels-140.png 456 736 75
big_dataset_depth/000000002431-segment-12681651284932598380_3585_280_3605_280_with_camera_labels-140.png 464 736 75
big_dataset_depth/000000002431-segment-12681651284932598380_3585_280_3605_280_with_camera_labels-140.png 472 728 75
big_dataset_depth/000000002431-segment-12681651284932598380_3585_280_3605_280_with_camera_labels-140.png 480 688 84
big_dataset_depth/000000002431-segment-12681651284932598380_3585_280_3605_280_with_camera_labels-140.png 488 736 78
big_dataset_depth/000000002431-segment-12681651284932598380_3585_280_3605_280_with_camera_labels-140.png 496 720 83
big_dataset_depth/000000002431-segment-12681651284932598380_3585_280_3605_280_with_camera_labels-140.png 504 728 81
big_dataset_depth/000000002431-segment-12681651284932598380_3585_280_3605_280_with_camera_labels-140.png 512 736 77
big_dataset_depth/000000002431-segment-12681651284932598380_3585_280_3605_280_with_camera_labels-140.png 520 728 82
big_dataset_depth/000000002431-segment-12681651284932598380_3585_280_3605_280_with_camera_labels-140.png 528 728 83
big_dataset_depth/000000002431-segment-12681651284932598380_3585_280_3605_280_with_camera_labels-140.png 536 728 83
big_dataset_depth/000000002431-segment-12681651284932598380_3585_280_3605_280_with_camera_labels-140.png 544 712 85
big_dataset_depth/000000002431-segment-12681651284932598380_3585_280_3605_280_with_camera_labels-140.png 552 720 86
big_dataset_depth/000000002431-segment-12681651284932598380_3585_280_3605_280_with_camera_labels-140.png 560 720 86
big_dataset_depth/000000002431-segment-12681651284932598380_3585_280_3605_280_with_camera_labels-140.png 568 728 86
big_dataset_depth/000000002431-segment-12681651284932598380_3585_280_3605_280_with_camera_labels-140.png 576 704 90
big_dataset_depth/000000002431-segment-12681651284932598380_3585_280_3605_280_with_camera_labels-140.png 584 720 88
big_dataset_depth/000000002431-segment-12681651284932598380_3585_280_3605_280_with_camera_labels-140.png 592 720 90
big_dataset_depth/000000002431-segment-12681651284932598380_3585_280_3605_280_with_camera_labels-140.png 600 720 90
big_dataset_depth/000000002431-segment-12681651284932598380_3585_280_3605_280_with_camera_labels-140.png 608 712 98
big_dataset_depth/000000002431-segment-12681651284932598380_3585_280_3605_280_with_camera_labels-140.png 616 712 99
big_dataset_depth/000000002431-segment-12681651284932598380_3585_280_3605_280_with_camera_labels-140.png 624 704 100
big_dataset_depth/000000002431-segment-12681651284932598380_3585_280_3605_280_with_camera_labels-140.png 632 712 98
big_dataset_depth/000000002431-segment-12681651284932598380_3585_280_3605_280_with_camera_labels-140.png 640 712 98
big_dataset_depth/000000002431-segment-12681651284932598380_3585_280_3605_280_with_camera_labels-140.png 648 704 100
big_dataset_depth/000000002431-segment-12681651284932598380_3585_280_3605_280_with_camera_labels-140.png 656 712 100
big_dataset_depth/000000002431-segment-12681651284932598380_3585_280_3605_280_with_camera_labels-140.png 664 712 98
big_dataset_depth/000000002431-segment-12681651284932598380_3585_280_3605_280_with_camera_labels-140.png 672 720 94
big_dataset_depth/000000002431-segment-12681651284932598380_3585_280_3605_280_with_camera_labels-140.png 680 720 94
big_dataset_depth/000000002431-segment-12681651284932598380_3585_280_3605_280_with_camera_labels-140.png 688 720 96
big_dataset_depth/000000002431-segment-12681651284932598380_3585_280_3605_280_with_camera_labels-140.png 696 712 108
big_dataset_depth/000000002431-segment-12681651284932598380_3585_280_3605_280_with_camera_labels-140.png 1120 712 85
big_dataset_depth/000000002431-segment-12681651284932598380_3585_280_3605_280_with_camera_labels-140.png 1128 712 85
big_dataset_depth/000000002431-segment-12681651284932598380_3585_280_3605_280_with_camera_labels-140.png 1136 712 85
big_dataset_depth/000000002431-segment-12681651284932598380_3585_280_3605_280_with_camera_labels-140.png 1144 712 85
big_dataset_depth/000000002431-segment-12681651284932598380_3585_280_3605_280_with_camera_labels-140.png 1152 712 85
big_dataset_depth/000000002431-segment-12681651284932598380_3585_280_3605_280_with_camera_labels-140.png 1160 704 85
big_dataset_depth/000000002431-segment-12681651284932598380_3585_280_3605_280_with_camera_labels-140.png 1168 712 85
big_dataset_depth/000000002431-segment-12681651284932598380_3585_280_3605_280_with_camera_labels-140.png 1176 712 85
big_dataset_depth/000000002431-segment-12681651284932598380_3585_280_3605_280_with_camera_labels-140.png 1184 720 86
big_dataset_depth/000000002431-segment-12681651284932598380_3585_280_3605_280_with_camera_labels-140.png 1328 648 101
big_dataset_depth/000000002431-segment-12681651284932598380_3585_280_3605_280_with_camera_labels-140.png 1336 672 101
big_dataset_depth/000000002431-segment-12681651284932598380_3585_280_3605_280_with_camera_labels-140.png 1344 704 98
big_dataset_depth/000000002431-segment-12681651284932598380_3585_280_3605_280_with_camera_labels-140.png 1352 616 96
big_dataset_depth/000000002431-segment-12681651284932598380_3585_280_3605_280_with_camera_labels-140.png 1360 640 91
big_dataset_depth/000000002431-segment-12681651284932598380_3585_280_3605_280_with_camera_labels-140.png 1368 728 80
big_dataset_depth/000000002431-segment-12681651284932598380_3585_280_3605_280_with_camera_labels-140.png 1376 728 77
big_dataset_depth/000000002431-segment-12681651284932598380_3585_280_3605_280_with_camera_labels-140.png 1384 720 76
big_dataset_depth/000000002431-segment-12681651284932598380_3585_280_3605_280_with_camera_labels-140.png 1392 736 72
big_dataset_depth/000000002431-segment-12681651284932598380_3585_280_3605_280_with_camera_labels-140.png 1400 712 81
big_dataset_depth/000000002431-segment-12681651284932598380_3585_280_3605_280_with_camera_labels-140.png 1408 720 79
big_dataset_depth/000000002431-segment-12681651284932598380_3585_280_3605_280_with_camera_labels-140.png 1416 744 63
big_dataset_depth/000000002431-segment-12681651284932598380_3585_280_3605_280_with_camera_labels-140.png 1424 744 63
big_dataset_depth/000000002431-segment-12681651284932598380_3585_280_3605_280_with_camera_labels-140.png 1432 744 63
big_dataset_depth/000000002431-segment-12681651284932598380_3585_280_3605_280_with_camera_labels-140.png 1440 744 63
big_dataset_depth/000000002431-segment-12681651284932598380_3585_280_3605_280_with_camera_labels-140.png 1448 744 63
big_dataset_depth/000000002431-segment-12681651284932598380_3585_280_3605_280_with_camera_labels-140.png 1456 744 66
big_dataset_depth/000000002431-segment-12681651284932598380_3585_280_3605_280_with_camera_labels-140.png 1464 744 65
big_dataset_depth/000000002431-segment-12681651284932598380_3585_280_3605_280_with_camera_labels-140.png 1472 744 64
big_dataset_depth/000000002431-segment-12681651284932598380_3585_280_3605_280_with_camera_labels-140.png 1480 728 64
big_dataset_depth/000000002431-segment-12681651284932598380_3585_280_3605_280_with_camera_labels-140.png 1488 744 60
big_dataset_depth/000000002431-segment-12681651284932598380_3585_280_3605_280_with_camera_labels-140.png 1496 728 64
big_dataset_depth/000000002431-segment-12681651284932598380_3585_280_3605_280_with_camera_labels-140.png 1504 720 78
big_dataset_depth/000000002431-segment-12681651284932598380_3585_280_3605_280_with_camera_labels-140.png 1512 704 91
big_dataset_depth/000000002431-segment-12681651284932598380_3585_280_3605_280_with_camera_labels-140.png 1520 728 79
big_dataset_depth/000000002431-segment-12681651284932598380_3585_280_3605_280_with_camera_labels-140.png 1528 728 79
big_dataset_depth/000000002431-segment-12681651284932598380_3585_280_3605_280_with_camera_labels-140.png 1536 728 79
big_dataset_depth/000000002431-segment-12681651284932598380_3585_280_3605_280_with_camera_labels-140.png 1544 896 30
big_dataset_depth/000000002431-segment-12681651284932598380_3585_280_3605_280_with_camera_labels-140.png 1552 744 62
big_dataset_depth/000000002431-segment-12681651284932598380_3585_280_3605_280_with_camera_labels-140.png 1560 744 62
big_dataset_depth/000000002431-segment-12681651284932598380_3585_280_3605_280_with_camera_labels-140.png 1568 856 39
big_dataset_depth/000000002431-segment-12681651284932598380_3585_280_3605_280_with_camera_labels-140.png 1576 912 28
big_dataset_depth/000000002431-segment-12681651284932598380_3585_280_3605_280_with_camera_labels-140.png 1584 720 62
big_dataset_depth/000000002431-segment-12681651284932598380_3585_280_3605_280_with_camera_labels-140.png 1592 696 64
big_dataset_depth/000000002431-segment-12681651284932598380_3585_280_3605_280_with_camera_labels-140.png 1600 928 27
big_dataset_depth/000000002431-segment-12681651284932598380_3585_280_3605_280_with_camera_labels-140.png 1608 928 27
big_dataset_depth/000000002431-segment-12681651284932598380_3585_280_3605_280_with_camera_labels-140.png 1616 696 87
big_dataset_depth/000000002431-segment-12681651284932598380_3585_280_3605_280_with_camera_labels-140.png 1624 944 26
big_dataset_depth/000000002431-segment-12681651284932598380_3585_280_3605_280_with_camera_labels-140.png 1632 848 42
big_dataset_depth/000000002431-segment-12681651284932598380_3585_280_3605_280_with_camera_labels-140.png 1640 944 26
big_dataset_depth/000000002431-segment-12681651284932598380_3585_280_3605_280_with_camera_labels-140.png 1648 744 59
big_dataset_depth/000000002431-segment-12681651284932598380_3585_280_3605_280_with_camera_labels-140.png 1664 960 25
big_dataset_depth/000000002431-segment-12681651284932598380_3585_280_3605_280_with_camera_labels-140.png 1672 672 60
big_dataset_depth/000000002431-segment-12681651284932598380_3585_280_3605_280_with_camera_labels-140.png 1688 976 24
big_dataset_depth/000000002431-segment-12681651284932598380_3585_280_3605_280_with_camera_labels-140.png 1696 976 24
big_dataset_depth/000000002431-segment-12681651284932598380_3585_280_3605_280_with_camera_labels-140.png 1704 976 23
big_dataset_depth/000000002431-segment-12681651284932598380_3585_280_3605_280_with_camera_labels-140.png 1712 976 23
big_dataset_depth/000000002431-segment-12681651284932598380_3585_280_3605_280_with_camera_labels-140.png 1720 976 23
big_dataset_depth/000000002431-segment-12681651284932598380_3585_280_3605_280_with_camera_labels-140.png 1728 992 23
big_dataset_depth/000000002431-segment-12681651284932598380_3585_280_3605_280_with_camera_labels-140.png 1736 992 23
big_dataset_depth/000000002431-segment-12681651284932598380_3585_280_3605_280_with_camera_labels-140.png 1744 992 22
big_dataset_depth/000000002431-segment-12681651284932598380_3585_280_3605_280_with_camera_labels-140.png 1752 856 32
big_dataset_depth/000000002431-segment-12681651284932598380_3585_280_3605_280_with_camera_labels-140.png 1768 1016 22
big_dataset_depth/000000002431-segment-12681651284932598380_3585_280_3605_280_with_camera_labels-140.png 1776 1016 21
big_dataset_depth/000000002431-segment-12681651284932598380_3585_280_3605_280_with_camera_labels-140.png 1784 1016 21
big_dataset_depth/000000002431-segment-12681651284932598380_3585_280_3605_280_with_camera_labels-140.png 1792 1016 21
big_dataset_depth/000000002431-segment-12681651284932598380_3585_280_3605_280_with_camera_labels-140.png 1800 856 32
big_dataset_depth/000000002431-segment-12681651284932598380_3585_280_3605_280_with_camera_labels-140.png 1808 1032 21
big_dataset_depth/000000002431-segment-12681651284932598380_3585_280_3605_280_with_camera_labels-140.png 1816 1032 21
big_dataset_depth/000000002431-segment-12681651284932598380_3585_280_3605_280_with_camera_labels-140.png 1824 1032 20
big_dataset_depth/000000002431-segment-12681651284932598380_3585_280_3605_280_with_camera_labels-140.png 1832 1032 20
big_dataset_depth/000000002431-segment-12681651284932598380_3585_280_3605_280_with_camera_labels-140.png 1840 1032 20
big_dataset_depth/000000002431-segment-12681651284932598380_3585_280_3605_280_with_camera_labels-140.png 1848 1056 20
big_dataset_depth/000000002431-segment-12681651284932598380_3585_280_3605_280_with_camera_labels-140.png 1856 1056 20
big_dataset_depth/000000002431-segment-12681651284932598380_3585_280_3605_280_with_camera_labels-140.png 1864 1000 22
big_dataset_depth/000000002431-segment-12681651284932598380_3585_280_3605_280_with_camera_labels-140.png 1872 1056 20
big_dataset_depth/000000002431-segment-12681651284932598380_3585_280_3605_280_with_camera_labels-140.png 1880 1008 22
big_dataset_depth/000000002431-segment-12681651284932598380_3585_280_3605_280_with_camera_labels-140.png 1896 856 43
big_dataset_depth/000000002431-segment-12681651284932598380_3585_280_3605_280_with_camera_labels-140.png 1904 856 35
big_dataset_depth/000000002431-segment-12681651284932598380_3585_280_3605_280_with_camera_labels-140.png 1912 888 27
