big_dataset_depth/000000000856-segment-10770759614217273359_1465_000_1485_000_with_camera_labels-160.png 0 1088 17
big_dataset_depth/000000000856-segment-10770759614217273359_1465_000_1485_000_with_camera_labels-160.png 8 896 27
big_dataset_depth/000000000856-segment-10770759614217273359_1465_000_1485_000_with_camera_labels-160.png 16 1096 18
big_dataset_depth/000000000856-segment-10770759614217273359_1465_000_1485_000_with_camera_labels-160.png 24 1088 17
big_dataset_depth/000000000856-segment-10770759614217273359_1465_000_1485_000_with_camera_labels-160.png 32 1088 17
big_dataset_depth/000000000856-segment-10770759614217273359_1465_000_1485_000_with_camera_labels-160.png 40 1088 17
big_dataset_depth/000000000856-segment-10770759614217273359_1465_000_1485_000_with_camera_labels-160.png 48 1032 17
big_dataset_depth/000000000856-segment-10770759614217273359_1465_000_1485_000_with_camera_labels-160.png 56 1056 16
big_dataset_depth/000000000856-segment-10770759614217273359_1465_000_1485_000_with_camera_labels-160.png 64 1056 16
big_dataset_depth/000000000856-segment-10770759614217273359_1465_000_1485_000_with_camera_labels-160.png 72 1032 16
big_dataset_depth/000000000856-segment-10770759614217273359_1465_000_1485_000_with_camera_labels-160.png 80 1056 16
big_dataset_depth/000000000856-segment-10770759614217273359_1465_000_1485_000_with_camera_labels-160.png 88 1032 16
big_dataset_depth/000000000856-segment-10770759614217273359_1465_000_1485_000_with_camera_labels-160.png 96 1032 16
big_dataset_depth/000000000856-segment-10770759614217273359_1465_000_1485_000_with_camera_labels-160.png 104 1032 16
big_dataset_depth/000000000856-segment-10770759614217273359_1465_000_1485_000_with_camera_labels-160.png 112 1032 16
big_dataset_depth/000000000856-segment-10770759614217273359_1465_000_1485_000_with_camera_labels-160.png 120 1032 16
big_dataset_depth/000000000856-segment-10770759614217273359_1465_000_1485_000_with_camera_labels-160.png 128 1040 16
big_dataset_depth/000000000856-segment-10770759614217273359_1465_000_1485_000_with_camera_labels-160.png 136 1048 16
big_dataset_depth/000000000856-segment-10770759614217273359_1465_000_1485_000_with_camera_labels-160.png 144 1072 15
big_dataset_depth/000000000856-segment-10770759614217273359_1465_000_1485_000_with_camera_labels-160.png 152 976 15
big_dataset_depth/000000000856-segment-10770759614217273359_1465_000_1485_000_with_camera_labels-160.png 168 1072 15
big_dataset_depth/000000000856-segment-10770759614217273359_1465_000_1485_000_with_camera_labels-160.png 176 1072 16
big_dataset_depth/000000000856-segment-10770759614217273359_1465_000_1485_000_with_camera_labels-160.png 184 1080 15
big_dataset_depth/000000000856-segment-10770759614217273359_1465_000_1485_000_with_camera_labels-160.png 192 1088 15
big_dataset_depth/000000000856-segment-10770759614217273359_1465_000_1485_000_with_camera_labels-160.png 200 1088 15
big_dataset_depth/000000000856-segment-10770759614217273359_1465_000_1485_000_with_camera_labels-160.png 208 968 15
big_dataset_depth/000000000856-segment-10770759614217273359_1465_000_1485_000_with_camera_labels-160.png 216 1040 16
big_dataset_depth/000000000856-segment-10770759614217273359_1465_000_1485_000_with_camera_labels-160.png 224 1064 16
big_dataset_depth/000000000856-segment-10770759614217273359_1465_000_1485_000_with_camera_labels-160.png 232 1144 16
big_dataset_depth/000000000856-segment-10770759614217273359_1465_000_1485_000_with_camera_labels-160.png 240 1024 16
big_dataset_depth/000000000856-segment-10770759614217273359_1465_000_1485_000_with_camera_labels-160.png 248 1080 16
big_dataset_depth/000000000856-segment-10770759614217273359_1465_000_1485_000_with_camera_labels-160.png 256 1144 16
big_dataset_depth/000000000856-segment-10770759614217273359_1465_000_1485_000_with_camera_labels-160.png 264 1080 16
big_dataset_depth/000000000856-segment-10770759614217273359_1465_000_1485_000_with_camera_labels-160.png 272 1072 16
big_dataset_depth/000000000856-segment-10770759614217273359_1465_000_1485_000_with_camera_labels-160.png 280 1080 16
big_dataset_depth/000000000856-segment-10770759614217273359_1465_000_1485_000_with_camera_labels-160.png 288 1080 16
big_dataset_depth/000000000856-segment-10770759614217273359_1465_000_1485_000_with_camera_labels-160.png 296 1064 16
big_dataset_depth/000000000856-segment-10770759614217273359_1465_000_1485_000_with_camera_labels-160.png 312 1096 16
big_dataset_depth/000000000856-segment-10770759614217273359_1465_000_1485_000_with_camera_labels-160.png 320 1096 16
big_dataset_depth/000000000856-segment-10770759614217273359_1465_000_1485_000_with_camera_labels-160.png 328 1072 16
big_dataset_depth/000000000856-segment-10770759614217273359_1465_000_1485_000_with_camera_labels-160.png 336 1096 16
big_dataset_depth/000000000856-segment-10770759614217273359_1465_000_1485_000_with_camera_labels-160.png 344 1096 16
big_dataset_depth/000000000856-segment-10770759614217273359_1465_000_1485_000_with_camera_labels-160.png 352 1064 16
big_dataset_depth/000000000856-segment-10770759614217273359_1465_000_1485_000_with_camera_labels-160.png 360 1072 16
big_dataset_depth/000000000856-segment-10770759614217273359_1465_000_1485_000_with_camera_labels-160.png 376 1112 17
big_dataset_depth/000000000856-segment-10770759614217273359_1465_000_1485_000_with_camera_labels-160.png 384 1088 17
big_dataset_depth/000000000856-segment-10770759614217273359_1465_000_1485_000_with_camera_labels-160.png 392 1088 17
big_dataset_depth/000000000856-segment-10770759614217273359_1465_000_1485_000_with_camera_labels-160.png 400 1088 17
big_dataset_depth/000000000856-segment-10770759614217273359_1465_000_1485_000_with_camera_labels-160.png 408 1080 17
big_dataset_depth/000000000856-segment-10770759614217273359_1465_000_1485_000_with_camera_labels-160.png 424 1048 18
big_dataset_depth/000000000856-segment-10770759614217273359_1465_000_1485_000_with_camera_labels-160.png 432 808 17
big_dataset_depth/000000000856-segment-10770759614217273359_1465_000_1485_000_with_camera_labels-160.png 448 920 21
big_dataset_depth/000000000856-segment-10770759614217273359_1465_000_1485_000_with_camera_labels-160.png 456 904 21
big_dataset_depth/000000000856-segment-10770759614217273359_1465_000_1485_000_with_camera_labels-160.png 464 928 21
big_dataset_depth/000000000856-segment-10770759614217273359_1465_000_1485_000_with_camera_labels-160.png 472 928 21
big_dataset_depth/000000000856-segment-10770759614217273359_1465_000_1485_000_with_camera_labels-160.png 480 920 21
big_dataset_depth/000000000856-segment-10770759614217273359_1465_000_1485_000_with_camera_labels-160.png 488 912 21
big_dataset_depth/000000000856-segment-10770759614217273359_1465_000_1485_000_with_camera_labels-160.png 504 952 23
big_dataset_depth/000000000856-segment-10770759614217273359_1465_000_1485_000_with_camera_labels-160.png 512 952 23
big_dataset_depth/000000000856-segment-10770759614217273359_1465_000_1485_000_with_camera_labels-160.png 520 952 23
big_dataset_depth/000000000856-segment-10770759614217273359_1465_000_1485_000_with_camera_labels-160.png 528 952 23
big_dataset_depth/000000000856-segment-10770759614217273359_1465_000_1485_000_with_camera_labels-160.png 536 944 23
big_dataset_depth/000000000856-segment-10770759614217273359_1465_000_1485_000_with_camera_labels-160.png 544 936 23
big_dataset_depth/000000000856-segment-10770759614217273359_1465_000_1485_000_with_camera_labels-160.png 552 800 22
big_dataset_depth/000000000856-segment-10770759614217273359_1465_000_1485_000_with_camera_labels-160.png 560 784 22
big_dataset_depth/000000000856-segment-10770759614217273359_1465_000_1485_000_with_camera_labels-160.png 568 784 22
big_dataset_depth/000000000856-segment-10770759614217273359_1465_000_1485_000_with_camera_labels-160.png 576 776 22
big_dataset_depth/000000000856-segment-10770759614217273359_1465_000_1485_000_with_camera_labels-160.png 1056 792 49
big_dataset_depth/000000000856-segment-10770759614217273359_1465_000_1485_000_with_camera_labels-160.png 1200 960 23
big_dataset_depth/000000000856-segment-10770759614217273359_1465_000_1485_000_with_camera_labels-160.png 1208 960 23
big_dataset_depth/000000000856-segment-10770759614217273359_1465_000_1485_000_with_camera_labels-160.png 1216 832 63
big_dataset_depth/000000000856-segment-10770759614217273359_1465_000_1485_000_with_camera_labels-160.png 1224 704 99
big_dataset_depth/000000000856-segment-10770759614217273359_1465_000_1485_000_with_camera_labels-160.png 1232 712 96
big_dataset_depth/000000000856-segment-10770759614217273359_1465_000_1485_000_with_camera_labels-160.png 1240 696 100
big_dataset_depth/000000000856-segment-10770759614217273359_1465_000_1485_000_with_camera_labels-160.png 1248 688 106
big_dataset_depth/000000000856-segment-10770759614217273359_1465_000_1485_000_with_camera_labels-160.png 1256 672 102
big_dataset_depth/000000000856-segment-10770759614217273359_1465_000_1485_000_with_camera_labels-160.png 1264 712 91
big_dataset_depth/000000000856-segment-10770759614217273359_1465_000_1485_000_with_camera_labels-160.png 1272 688 97
big_dataset_depth/000000000856-segment-10770759614217273359_1465_000_1485_000_with_camera_labels-160.png 1280 728 82
big_dataset_depth/000000000856-segment-10770759614217273359_1465_000_1485_000_with_camera_labels-160.png 1288 712 86
big_dataset_depth/000000000856-segment-10770759614217273359_1465_000_1485_000_with_camera_labels-160.png 1296 736 78
big_dataset_depth/000000000856-segment-10770759614217273359_1465_000_1485_000_with_camera_labels-160.png 1304 744 76
big_dataset_depth/000000000856-segment-10770759614217273359_1465_000_1485_000_with_camera_labels-160.png 1312 728 79
big_dataset_depth/000000000856-segment-10770759614217273359_1465_000_1485_000_with_camera_labels-160.png 1320 744 73
big_dataset_depth/000000000856-segment-10770759614217273359_1465_000_1485_000_with_camera_labels-160.png 1328 728 76
big_dataset_depth/000000000856-segment-10770759614217273359_1465_000_1485_000_with_camera_labels-160.png 1336 744 71
big_dataset_depth/000000000856-segment-10770759614217273359_1465_000_1485_000_with_camera_labels-160.png 1344 720 75
big_dataset_depth/000000000856-segment-10770759614217273359_1465_000_1485_000_with_camera_labels-160.png 1352 744 68
big_dataset_depth/000000000856-segment-10770759614217273359_1465_000_1485_000_with_camera_labels-160.png 1360 744 67
big_dataset_depth/000000000856-segment-10770759614217273359_1465_000_1485_000_with_camera_labels-160.png 1368 720 71
big_dataset_depth/000000000856-segment-10770759614217273359_1465_000_1485_000_with_camera_labels-160.png 1376 744 65
big_dataset_depth/000000000856-segment-10770759614217273359_1465_000_1485_000_with_camera_labels-160.png 1384 728 68
big_dataset_depth/000000000856-segment-10770759614217273359_1465_000_1485_000_with_camera_labels-160.png 1392 768 61
big_dataset_depth/000000000856-segment-10770759614217273359_1465_000_1485_000_with_camera_labels-160.png 1400 768 60
big_dataset_depth/000000000856-segment-10770759614217273359_1465_000_1485_000_with_camera_labels-160.png 1408 768 60
big_dataset_depth/000000000856-segment-10770759614217273359_1465_000_1485_000_with_camera_labels-160.png 1416 768 45
big_dataset_depth/000000000856-segment-10770759614217273359_1465_000_1485_000_with_camera_labels-160.png 1424 768 58
big_dataset_depth/000000000856-segment-10770759614217273359_1465_000_1485_000_with_camera_labels-160.png 1432 768 57
big_dataset_depth/000000000856-segment-10770759614217273359_1465_000_1485_000_with_camera_labels-160.png 1440 768 56
big_dataset_depth/000000000856-segment-10770759614217273359_1465_000_1485_000_with_camera_labels-160.png 1448 768 56
big_dataset_depth/000000000856-segment-10770759614217273359_1465_000_1485_000_with_camera_labels-160.png 1456 768 55
big_dataset_depth/000000000856-segment-10770759614217273359_1465_000_1485_000_with_camera_labels-160.png 1464 744 59
big_dataset_depth/000000000856-segment-10770759614217273359_1465_000_1485_000_with_camera_labels-160.png 1472 776 53
big_dataset_depth/000000000856-segment-10770759614217273359_1465_000_1485_000_with_camera_labels-160.png 1480 792 52
big_dataset_depth/000000000856-segment-10770759614217273359_1465_000_1485_000_with_camera_labels-160.png 1488 792 52
big_dataset_depth/000000000856-segment-10770759614217273359_1465_000_1485_000_with_camera_labels-160.png 1496 784 51
big_dataset_depth/000000000856-segment-10770759614217273359_1465_000_1485_000_with_camera_labels-160.png 1504 784 51
big_dataset_depth/000000000856-segment-10770759614217273359_1465_000_1485_000_with_camera_labels-160.png 1512 792 50
big_dataset_depth/000000000856-segment-10770759614217273359_1465_000_1485_000_with_camera_labels-160.png 1520 792 49
big_dataset_depth/000000000856-segment-10770759614217273359_1465_000_1485_000_with_camera_labels-160.png 1528 792 49
big_dataset_depth/000000000856-segment-10770759614217273359_1465_000_1485_000_with_camera_labels-160.png 1536 800 48
big_dataset_depth/000000000856-segment-10770759614217273359_1465_000_1485_000_with_camera_labels-160.png 1544 792 47
big_dataset_depth/000000000856-segment-10770759614217273359_1465_000_1485_000_with_camera_labels-160.png 1552 792 47
big_dataset_depth/000000000856-segment-10770759614217273359_1465_000_1485_000_with_camera_labels-160.png 1560 792 47
big_dataset_depth/000000000856-segment-10770759614217273359_1465_000_1485_000_with_camera_labels-160.png 1568 800 46
big_dataset_depth/000000000856-segment-10770759614217273359_1465_000_1485_000_with_camera_labels-160.png 1576 800 45
big_dataset_depth/000000000856-segment-10770759614217273359_1465_000_1485_000_with_camera_labels-160.png 1584 800 45
big_dataset_depth/000000000856-segment-10770759614217273359_1465_000_1485_000_with_camera_labels-160.png 1592 800 44
big_dataset_depth/000000000856-segment-10770759614217273359_1465_000_1485_000_with_camera_labels-160.png 1600 800 44
big_dataset_depth/000000000856-segment-10770759614217273359_1465_000_1485_000_with_camera_labels-160.png 1608 824 43
big_dataset_depth/000000000856-segment-10770759614217273359_1465_000_1485_000_with_camera_labels-160.png 1616 800 43
big_dataset_depth/000000000856-segment-10770759614217273359_1465_000_1485_000_with_camera_labels-160.png 1624 808 42
big_dataset_depth/000000000856-segment-10770759614217273359_1465_000_1485_000_with_camera_labels-160.png 1632 824 41
big_dataset_depth/000000000856-segment-10770759614217273359_1465_000_1485_000_with_camera_labels-160.png 1640 808 41
big_dataset_depth/000000000856-segment-10770759614217273359_1465_000_1485_000_with_camera_labels-160.png 1648 824 41
big_dataset_depth/000000000856-segment-10770759614217273359_1465_000_1485_000_with_camera_labels-160.png 1656 840 40
big_dataset_depth/000000000856-segment-10770759614217273359_1465_000_1485_000_with_camera_labels-160.png 1664 840 40
big_dataset_depth/000000000856-segment-10770759614217273359_1465_000_1485_000_with_camera_labels-160.png 1672 832 40
big_dataset_depth/000000000856-segment-10770759614217273359_1465_000_1485_000_with_camera_labels-160.png 1680 840 39
big_dataset_depth/000000000856-segment-10770759614217273359_1465_000_1485_000_with_camera_labels-160.png 1688 824 39
big_dataset_depth/000000000856-segment-10770759614217273359_1465_000_1485_000_with_camera_labels-160.png 1696 832 39
big_dataset_depth/000000000856-segment-10770759614217273359_1465_000_1485_000_with_camera_labels-160.png 1704 840 38
big_dataset_depth/000000000856-segment-10770759614217273359_1465_000_1485_000_with_camera_labels-160.png 1712 840 38
big_dataset_depth/000000000856-segment-10770759614217273359_1465_000_1485_000_with_camera_labels-160.png 1720 848 37
big_dataset_depth/000000000856-segment-10770759614217273359_1465_000_1485_000_with_camera_labels-160.png 1728 856 37
big_dataset_depth/000000000856-segment-10770759614217273359_1465_000_1485_000_with_camera_labels-160.png 1736 856 37
big_dataset_depth/000000000856-segment-10770759614217273359_1465_000_1485_000_with_camera_labels-160.png 1744 848 37
big_dataset_depth/000000000856-segment-10770759614217273359_1465_000_1485_000_with_camera_labels-160.png 1752 840 36
big_dataset_depth/000000000856-segment-10770759614217273359_1465_000_1485_000_with_camera_labels-160.png 1760 840 36
big_dataset_depth/000000000856-segment-10770759614217273359_1465_000_1485_000_with_camera_labels-160.png 1768 856 36
big_dataset_depth/000000000856-segment-10770759614217273359_1465_000_1485_000_with_camera_labels-160.png 1776 864 35
big_dataset_depth/000000000856-segment-10770759614217273359_1465_000_1485_000_with_camera_labels-160.png 1784 864 35
big_dataset_depth/000000000856-segment-10770759614217273359_1465_000_1485_000_with_camera_labels-160.png 1792 864 35
big_dataset_depth/000000000856-segment-10770759614217273359_1465_000_1485_000_with_camera_labels-160.png 1800 864 34
big_dataset_depth/000000000856-segment-10770759614217273359_1465_000_1485_000_with_camera_labels-160.png 1808 856 34
big_dataset_depth/000000000856-segment-10770759614217273359_1465_000_1485_000_with_camera_labels-160.png 1816 880 33
big_dataset_depth/000000000856-segment-10770759614217273359_1465_000_1485_000_with_camera_labels-160.png 1824 864 34
big_dataset_depth/000000000856-segment-10770759614217273359_1465_000_1485_000_with_camera_labels-160.png 1832 880 33
big_dataset_depth/000000000856-segment-10770759614217273359_1465_000_1485_000_with_camera_labels-160.png 1840 880 33
big_dataset_depth/000000000856-segment-10770759614217273359_1465_000_1485_000_with_camera_labels-160.png 1848 880 33
big_dataset_depth/000000000856-segment-10770759614217273359_1465_000_1485_000_with_camera_labels-160.png 1856 872 33
big_dataset_depth/000000000856-segment-10770759614217273359_1465_000_1485_000_with_camera_labels-160.png 1864 880 32
big_dataset_depth/000000000856-segment-10770759614217273359_1465_000_1485_000_with_camera_labels-160.png 1872 880 32
big_dataset_depth/000000000856-segment-10770759614217273359_1465_000_1485_000_with_camera_labels-160.png 1880 880 32
big_dataset_depth/000000000856-segment-10770759614217273359_1465_000_1485_000_with_camera_labels-160.png 1888 896 32
big_dataset_depth/000000000856-segment-10770759614217273359_1465_000_1485_000_with_camera_labels-160.png 1896 896 31
big_dataset_depth/000000000856-segment-10770759614217273359_1465_000_1485_000_with_camera_labels-160.png 1912 888 31
