big_dataset_depth/000000002181-segment-12303641360375776820_4378_000_4398_000_with_camera_labels-40.png 0 776 62
big_dataset_depth/000000002181-segment-12303641360375776820_4378_000_4398_000_with_camera_labels-40.png 8 816 56
big_dataset_depth/000000002181-segment-12303641360375776820_4378_000_4398_000_with_camera_labels-40.png 16 808 57
big_dataset_depth/000000002181-segment-12303641360375776820_4378_000_4398_000_with_camera_labels-40.png 24 816 57
big_dataset_depth/000000002181-segment-12303641360375776820_4378_000_4398_000_with_camera_labels-40.png 32 800 58
big_dataset_depth/000000002181-segment-12303641360375776820_4378_000_4398_000_with_camera_labels-40.png 40 800 58
big_dataset_depth/000000002181-segment-12303641360375776820_4378_000_4398_000_with_camera_labels-40.png 48 800 58
big_dataset_depth/000000002181-segment-12303641360375776820_4378_000_4398_000_with_camera_labels-40.png 56 808 56
big_dataset_depth/000000002181-segment-12303641360375776820_4378_000_4398_000_with_camera_labels-40.png 64 824 51
big_dataset_depth/000000002181-segment-12303641360375776820_4378_000_4398_000_with_camera_labels-40.png 72 816 54
big_dataset_depth/000000002181-segment-12303641360375776820_4378_000_4398_000_with_camera_labels-40.png 80 824 51
big_dataset_depth/000000002181-segment-12303641360375776820_4378_000_4398_000_with_camera_labels-40.png 88 832 51
big_dataset_depth/000000002181-segment-12303641360375776820_4378_000_4398_000_with_camera_labels-40.png 96 832 51
big_dataset_depth/000000002181-segment-12303641360375776820_4378_000_4398_000_with_camera_labels-40.png 104 824 51
big_dataset_depth/000000002181-segment-12303641360375776820_4378_000_4398_000_with_camera_labels-40.png 112 832 51
big_dataset_depth/000000002181-segment-12303641360375776820_4378_000_4398_000_with_camera_labels-40.png 120 824 51
big_dataset_depth/000000002181-segment-12303641360375776820_4378_000_4398_000_with_camera_labels-40.png 128 824 51
big_dataset_depth/000000002181-segment-12303641360375776820_4378_000_4398_000_with_camera_labels-40.png 136 808 57
big_dataset_depth/000000002181-segment-12303641360375776820_4378_000_4398_000_with_camera_labels-40.png 144 824 52
big_dataset_depth/000000002181-segment-12303641360375776820_4378_000_4398_000_with_camera_labels-40.png 152 792 65
big_dataset_depth/000000002181-segment-12303641360375776820_4378_000_4398_000_with_camera_labels-40.png 160 792 65
big_dataset_depth/000000002181-segment-12303641360375776820_4378_000_4398_000_with_camera_labels-40.png 168 792 65
big_dataset_depth/000000002181-segment-12303641360375776820_4378_000_4398_000_with_camera_labels-40.png 176 792 66
big_dataset_depth/000000002181-segment-12303641360375776820_4378_000_4398_000_with_camera_labels-40.png 184 768 73
big_dataset_depth/000000002181-segment-12303641360375776820_4378_000_4398_000_with_camera_labels-40.png 192 776 73
big_dataset_depth/000000002181-segment-12303641360375776820_4378_000_4398_000_with_camera_labels-40.png 200 776 72
big_dataset_depth/000000002181-segment-12303641360375776820_4378_000_4398_000_with_camera_labels-40.png 208 744 75
big_dataset_depth/000000002181-segment-12303641360375776820_4378_000_4398_000_with_camera_labels-40.png 216 744 74
big_dataset_depth/000000002181-segment-12303641360375776820_4378_000_4398_000_with_camera_labels-40.png 224 768 75
big_dataset_depth/000000002181-segment-12303641360375776820_4378_000_4398_000_with_camera_labels-40.png 232 768 74
big_dataset_depth/000000002181-segment-12303641360375776820_4378_000_4398_000_with_camera_labels-40.png 240 776 72
big_dataset_depth/000000002181-segment-12303641360375776820_4378_000_4398_000_with_camera_labels-40.png 248 776 72
big_dataset_depth/000000002181-segment-12303641360375776820_4378_000_4398_000_with_camera_labels-40.png 256 776 72
big_dataset_depth/000000002181-segment-12303641360375776820_4378_000_4398_000_with_camera_labels-40.png 264 792 65
big_dataset_depth/000000002181-segment-12303641360375776820_4378_000_4398_000_with_camera_labels-40.png 272 800 60
big_dataset_depth/000000002181-segment-12303641360375776820_4378_000_4398_000_with_camera_labels-40.png 280 800 61
big_dataset_depth/000000002181-segment-12303641360375776820_4378_000_4398_000_with_camera_labels-40.png 288 800 61
big_dataset_depth/000000002181-segment-12303641360375776820_4378_000_4398_000_with_camera_labels-40.png 296 776 69
big_dataset_depth/000000002181-segment-12303641360375776820_4378_000_4398_000_with_camera_labels-40.png 304 784 63
big_dataset_depth/000000002181-segment-12303641360375776820_4378_000_4398_000_with_camera_labels-40.png 312 760 79
big_dataset_depth/000000002181-segment-12303641360375776820_4378_000_4398_000_with_camera_labels-40.png 320 776 69
big_dataset_depth/000000002181-segment-12303641360375776820_4378_000_4398_000_with_camera_labels-40.png 328 784 64
big_dataset_depth/000000002181-segment-12303641360375776820_4378_000_4398_000_with_camera_labels-40.png 336 776 71
big_dataset_depth/000000002181-segment-12303641360375776820_4378_000_4398_000_with_camera_labels-40.png 344 752 87
big_dataset_depth/000000002181-segment-12303641360375776820_4378_000_4398_000_with_camera_labels-40.png 352 776 71
big_dataset_depth/000000002181-segment-12303641360375776820_4378_000_4398_000_with_camera_labels-40.png 360 776 71
big_dataset_depth/000000002181-segment-12303641360375776820_4378_000_4398_000_with_camera_labels-40.png 368 776 71
big_dataset_depth/000000002181-segment-12303641360375776820_4378_000_4398_000_with_camera_labels-40.png 376 776 71
big_dataset_depth/000000002181-segment-12303641360375776820_4378_000_4398_000_with_camera_labels-40.png 384 776 71
big_dataset_depth/000000002181-segment-12303641360375776820_4378_000_4398_000_with_camera_labels-40.png 392 776 71
big_dataset_depth/000000002181-segment-12303641360375776820_4378_000_4398_000_with_camera_labels-40.png 400 768 72
big_dataset_depth/000000002181-segment-12303641360375776820_4378_000_4398_000_with_camera_labels-40.png 408 752 86
big_dataset_depth/000000002181-segment-12303641360375776820_4378_000_4398_000_with_camera_labels-40.png 416 744 89
big_dataset_depth/000000002181-segment-12303641360375776820_4378_000_4398_000_with_camera_labels-40.png 424 752 79
big_dataset_depth/000000002181-segment-12303641360375776820_4378_000_4398_000_with_camera_labels-40.png 432 744 87
big_dataset_depth/000000002181-segment-12303641360375776820_4378_000_4398_000_with_camera_labels-40.png 440 760 79
big_dataset_depth/000000002181-segment-12303641360375776820_4378_000_4398_000_with_camera_labels-40.png 448 744 86
big_dataset_depth/000000002181-segment-12303641360375776820_4378_000_4398_000_with_camera_labels-40.png 456 752 80
big_dataset_depth/000000002181-segment-12303641360375776820_4378_000_4398_000_with_camera_labels-40.png 464 720 96
big_dataset_depth/000000002181-segment-12303641360375776820_4378_000_4398_000_with_camera_labels-40.png 472 744 87
big_dataset_depth/000000002181-segment-12303641360375776820_4378_000_4398_000_with_camera_labels-40.png 480 760 87
big_dataset_depth/000000002181-segment-12303641360375776820_4378_000_4398_000_with_camera_labels-40.png 488 752 87
big_dataset_depth/000000002181-segment-12303641360375776820_4378_000_4398_000_with_camera_labels-40.png 496 752 87
big_dataset_depth/000000002181-segment-12303641360375776820_4378_000_4398_000_with_camera_labels-40.png 504 752 88
big_dataset_depth/000000002181-segment-12303641360375776820_4378_000_4398_000_with_camera_labels-40.png 512 752 88
big_dataset_depth/000000002181-segment-12303641360375776820_4378_000_4398_000_with_camera_labels-40.png 520 752 89
big_dataset_depth/000000002181-segment-12303641360375776820_4378_000_4398_000_with_camera_labels-40.png 528 744 93
big_dataset_depth/000000002181-segment-12303641360375776820_4378_000_4398_000_with_camera_labels-40.png 536 752 95
big_dataset_depth/000000002181-segment-12303641360375776820_4378_000_4398_000_with_camera_labels-40.png 544 752 95
big_dataset_depth/000000002181-segment-12303641360375776820_4378_000_4398_000_with_camera_labels-40.png 552 736 98
big_dataset_depth/000000002181-segment-12303641360375776820_4378_000_4398_000_with_camera_labels-40.png 560 736 98
big_dataset_depth/000000002181-segment-12303641360375776820_4378_000_4398_000_with_camera_labels-40.png 568 728 105
big_dataset_depth/000000002181-segment-12303641360375776820_4378_000_4398_000_with_camera_labels-40.png 576 728 106
big_dataset_depth/000000002181-segment-12303641360375776820_4378_000_4398_000_with_camera_labels-40.png 656 736 83
big_dataset_depth/000000002181-segment-12303641360375776820_4378_000_4398_000_with_camera_labels-40.png 664 736 82
big_dataset_depth/000000002181-segment-12303641360375776820_4378_000_4398_000_with_camera_labels-40.png 688 736 83
big_dataset_depth/000000002181-segment-12303641360375776820_4378_000_4398_000_with_camera_labels-40.png 1176 584 104
big_dataset_depth/000000002181-segment-12303641360375776820_4378_000_4398_000_with_camera_labels-40.png 1184 584 104
big_dataset_depth/000000002181-segment-12303641360375776820_4378_000_4398_000_with_camera_labels-40.png 1192 584 104
big_dataset_depth/000000002181-segment-12303641360375776820_4378_000_4398_000_with_camera_labels-40.png 1208 720 108
big_dataset_depth/000000002181-segment-12303641360375776820_4378_000_4398_000_with_camera_labels-40.png 1216 720 103
big_dataset_depth/000000002181-segment-12303641360375776820_4378_000_4398_000_with_camera_labels-40.png 1224 720 107
big_dataset_depth/000000002181-segment-12303641360375776820_4378_000_4398_000_with_camera_labels-40.png 1232 720 104
big_dataset_depth/000000002181-segment-12303641360375776820_4378_000_4398_000_with_camera_labels-40.png 1240 728 98
big_dataset_depth/000000002181-segment-12303641360375776820_4378_000_4398_000_with_camera_labels-40.png 1248 720 100
big_dataset_depth/000000002181-segment-12303641360375776820_4378_000_4398_000_with_camera_labels-40.png 1256 720 97
big_dataset_depth/000000002181-segment-12303641360375776820_4378_000_4398_000_with_camera_labels-40.png 1264 720 97
big_dataset_depth/000000002181-segment-12303641360375776820_4378_000_4398_000_with_camera_labels-40.png 1272 728 90
big_dataset_depth/000000002181-segment-12303641360375776820_4378_000_4398_000_with_camera_labels-40.png 1280 840 84
big_dataset_depth/000000002181-segment-12303641360375776820_4378_000_4398_000_with_camera_labels-40.png 1288 784 84
big_dataset_depth/000000002181-segment-12303641360375776820_4378_000_4398_000_with_camera_labels-40.png 1296 728 84
big_dataset_depth/000000002181-segment-12303641360375776820_4378_000_4398_000_with_camera_labels-40.png 1304 624 84
big_dataset_depth/000000002181-segment-12303641360375776820_4378_000_4398_000_with_camera_labels-40.png 1312 672 102
big_dataset_depth/000000002181-segment-12303641360375776820_4378_000_4398_000_with_camera_labels-40.png 1320 720 101
big_dataset_depth/000000002181-segment-12303641360375776820_4378_000_4398_000_with_camera_labels-40.png 1328 712 99
big_dataset_depth/000000002181-segment-12303641360375776820_4378_000_4398_000_with_camera_labels-40.png 1336 720 90
big_dataset_depth/000000002181-segment-12303641360375776820_4378_000_4398_000_with_camera_labels-40.png 1344 1264 13
big_dataset_depth/000000002181-segment-12303641360375776820_4378_000_4398_000_with_camera_labels-40.png 1352 712 94
big_dataset_depth/000000002181-segment-12303641360375776820_4378_000_4398_000_with_camera_labels-40.png 1360 728 90
big_dataset_depth/000000002181-segment-12303641360375776820_4378_000_4398_000_with_camera_labels-40.png 1368 736 71
big_dataset_depth/000000002181-segment-12303641360375776820_4378_000_4398_000_with_camera_labels-40.png 1376 696 84
big_dataset_depth/000000002181-segment-12303641360375776820_4378_000_4398_000_with_camera_labels-40.png 1384 728 86
big_dataset_depth/000000002181-segment-12303641360375776820_4378_000_4398_000_with_camera_labels-40.png 1392 728 84
big_dataset_depth/000000002181-segment-12303641360375776820_4378_000_4398_000_with_camera_labels-40.png 1400 736 83
big_dataset_depth/000000002181-segment-12303641360375776820_4378_000_4398_000_with_camera_labels-40.png 1408 736 82
big_dataset_depth/000000002181-segment-12303641360375776820_4378_000_4398_000_with_camera_labels-40.png 1416 736 82
big_dataset_depth/000000002181-segment-12303641360375776820_4378_000_4398_000_with_camera_labels-40.png 1424 736 79
big_dataset_depth/000000002181-segment-12303641360375776820_4378_000_4398_000_with_camera_labels-40.png 1432 744 77
big_dataset_depth/000000002181-segment-12303641360375776820_4378_000_4398_000_with_camera_labels-40.png 1440 728 77
big_dataset_depth/000000002181-segment-12303641360375776820_4378_000_4398_000_with_camera_labels-40.png 1448 744 75
big_dataset_depth/000000002181-segment-12303641360375776820_4378_000_4398_000_with_camera_labels-40.png 1456 744 74
big_dataset_depth/000000002181-segment-12303641360375776820_4378_000_4398_000_with_camera_labels-40.png 1464 744 73
big_dataset_depth/000000002181-segment-12303641360375776820_4378_000_4398_000_with_camera_labels-40.png 1472 728 73
big_dataset_depth/000000002181-segment-12303641360375776820_4378_000_4398_000_with_camera_labels-40.png 1480 744 71
big_dataset_depth/000000002181-segment-12303641360375776820_4378_000_4398_000_with_camera_labels-40.png 1488 752 70
big_dataset_depth/000000002181-segment-12303641360375776820_4378_000_4398_000_with_camera_labels-40.png 1496 752 69
big_dataset_depth/000000002181-segment-12303641360375776820_4378_000_4398_000_with_camera_labels-40.png 1504 768 54
big_dataset_depth/000000002181-segment-12303641360375776820_4378_000_4398_000_with_camera_labels-40.png 1512 768 54
big_dataset_depth/000000002181-segment-12303641360375776820_4378_000_4398_000_with_camera_labels-40.png 1520 776 52
big_dataset_depth/000000002181-segment-12303641360375776820_4378_000_4398_000_with_camera_labels-40.png 1528 760 60
big_dataset_depth/000000002181-segment-12303641360375776820_4378_000_4398_000_with_camera_labels-40.png 1536 752 64
big_dataset_depth/000000002181-segment-12303641360375776820_4378_000_4398_000_with_camera_labels-40.png 1544 760 63
big_dataset_depth/000000002181-segment-12303641360375776820_4378_000_4398_000_with_camera_labels-40.png 1552 760 63
big_dataset_depth/000000002181-segment-12303641360375776820_4378_000_4398_000_with_camera_labels-40.png 1560 792 53
big_dataset_depth/000000002181-segment-12303641360375776820_4378_000_4398_000_with_camera_labels-40.png 1568 744 64
big_dataset_depth/000000002181-segment-12303641360375776820_4378_000_4398_000_with_camera_labels-40.png 1576 760 61
big_dataset_depth/000000002181-segment-12303641360375776820_4378_000_4398_000_with_camera_labels-40.png 1584 760 60
big_dataset_depth/000000002181-segment-12303641360375776820_4378_000_4398_000_with_camera_labels-40.png 1592 760 59
big_dataset_depth/000000002181-segment-12303641360375776820_4378_000_4398_000_with_camera_labels-40.png 1600 768 58
big_dataset_depth/000000002181-segment-12303641360375776820_4378_000_4398_000_with_camera_labels-40.png 1608 768 58
big_dataset_depth/000000002181-segment-12303641360375776820_4378_000_4398_000_with_camera_labels-40.png 1616 768 57
big_dataset_depth/000000002181-segment-12303641360375776820_4378_000_4398_000_with_camera_labels-40.png 1624 768 57
big_dataset_depth/000000002181-segment-12303641360375776820_4378_000_4398_000_with_camera_labels-40.png 1632 768 56
big_dataset_depth/000000002181-segment-12303641360375776820_4378_000_4398_000_with_camera_labels-40.png 1640 768 55
big_dataset_depth/000000002181-segment-12303641360375776820_4378_000_4398_000_with_camera_labels-40.png 1648 776 55
big_dataset_depth/000000002181-segment-12303641360375776820_4378_000_4398_000_with_camera_labels-40.png 1656 776 54
big_dataset_depth/000000002181-segment-12303641360375776820_4378_000_4398_000_with_camera_labels-40.png 1664 792 54
big_dataset_depth/000000002181-segment-12303641360375776820_4378_000_4398_000_with_camera_labels-40.png 1672 776 53
big_dataset_depth/000000002181-segment-12303641360375776820_4378_000_4398_000_with_camera_labels-40.png 1680 776 53
big_dataset_depth/000000002181-segment-12303641360375776820_4378_000_4398_000_with_camera_labels-40.png 1688 880 33
big_dataset_depth/000000002181-segment-12303641360375776820_4378_000_4398_000_with_camera_labels-40.png 1704 872 34
big_dataset_depth/000000002181-segment-12303641360375776820_4378_000_4398_000_with_camera_labels-40.png 1712 880 34
big_dataset_depth/000000002181-segment-12303641360375776820_4378_000_4398_000_with_camera_labels-40.png 1728 880 28
big_dataset_depth/000000002181-segment-12303641360375776820_4378_000_4398_000_with_camera_labels-40.png 1736 912 27
big_dataset_depth/000000002181-segment-12303641360375776820_4378_000_4398_000_with_camera_labels-40.png 1744 928 27
big_dataset_depth/000000002181-segment-12303641360375776820_4378_000_4398_000_with_camera_labels-40.png 1752 928 27
big_dataset_depth/000000002181-segment-12303641360375776820_4378_000_4398_000_with_camera_labels-40.png 1760 920 27
big_dataset_depth/000000002181-segment-12303641360375776820_4378_000_4398_000_with_camera_labels-40.png 1768 944 26
big_dataset_depth/000000002181-segment-12303641360375776820_4378_000_4398_000_with_camera_labels-40.png 1776 952 26
big_dataset_depth/000000002181-segment-12303641360375776820_4378_000_4398_000_with_camera_labels-40.png 1792 912 26
big_dataset_depth/000000002181-segment-12303641360375776820_4378_000_4398_000_with_camera_labels-40.png 1800 896 26
big_dataset_depth/000000002181-segment-12303641360375776820_4378_000_4398_000_with_camera_labels-40.png 1808 912 25
big_dataset_depth/000000002181-segment-12303641360375776820_4378_000_4398_000_with_camera_labels-40.png 1816 904 25
big_dataset_depth/000000002181-segment-12303641360375776820_4378_000_4398_000_with_camera_labels-40.png 1824 928 25
big_dataset_depth/000000002181-segment-12303641360375776820_4378_000_4398_000_with_camera_labels-40.png 1832 928 25
big_dataset_depth/000000002181-segment-12303641360375776820_4378_000_4398_000_with_camera_labels-40.png 1840 936 25
big_dataset_depth/000000002181-segment-12303641360375776820_4378_000_4398_000_with_camera_labels-40.png 1848 920 25
big_dataset_depth/000000002181-segment-12303641360375776820_4378_000_4398_000_with_camera_labels-40.png 1856 928 24
big_dataset_depth/000000002181-segment-12303641360375776820_4378_000_4398_000_with_camera_labels-40.png 1864 928 24
big_dataset_depth/000000002181-segment-12303641360375776820_4378_000_4398_000_with_camera_labels-40.png 1872 928 24
big_dataset_depth/000000002181-segment-12303641360375776820_4378_000_4398_000_with_camera_labels-40.png 1880 928 24
big_dataset_depth/000000002181-segment-12303641360375776820_4378_000_4398_000_with_camera_labels-40.png 1888 856 32
big_dataset_depth/000000002181-segment-12303641360375776820_4378_000_4398_000_with_camera_labels-40.png 1896 872 32
big_dataset_depth/000000002181-segment-12303641360375776820_4378_000_4398_000_with_camera_labels-40.png 1904 896 32
big_dataset_depth/000000002181-segment-12303641360375776820_4378_000_4398_000_with_camera_labels-40.png 1912 840 37
