big_dataset_depth/000000001390-segment-11379226583756500423_6230_810_6250_810_with_camera_labels-110.png 0 880 34
big_dataset_depth/000000001390-segment-11379226583756500423_6230_810_6250_810_with_camera_labels-110.png 8 760 71
big_dataset_depth/000000001390-segment-11379226583756500423_6230_810_6250_810_with_camera_labels-110.png 16 696 90
big_dataset_depth/000000001390-segment-11379226583756500423_6230_810_6250_810_with_camera_labels-110.png 24 688 90
big_dataset_depth/000000001390-segment-11379226583756500423_6230_810_6250_810_with_camera_labels-110.png 32 768 87
big_dataset_depth/000000001390-segment-11379226583756500423_6230_810_6250_810_with_camera_labels-110.png 40 768 87
big_dataset_depth/000000001390-segment-11379226583756500423_6230_810_6250_810_with_camera_labels-110.png 48 672 59
big_dataset_depth/000000001390-segment-11379226583756500423_6230_810_6250_810_with_camera_labels-110.png 56 768 87
big_dataset_depth/000000001390-segment-11379226583756500423_6230_810_6250_810_with_camera_labels-110.png 64 704 74
big_dataset_depth/000000001390-segment-11379226583756500423_6230_810_6250_810_with_camera_labels-110.png 72 720 91
big_dataset_depth/000000001390-segment-11379226583756500423_6230_810_6250_810_with_camera_labels-110.png 80 720 91
big_dataset_depth/000000001390-segment-11379226583756500423_6230_810_6250_810_with_camera_labels-110.png 88 728 92
big_dataset_depth/000000001390-segment-11379226583756500423_6230_810_6250_810_with_camera_labels-110.png 96 760 73
big_dataset_depth/000000001390-segment-11379226583756500423_6230_810_6250_810_with_camera_labels-110.png 104 776 66
big_dataset_depth/000000001390-segment-11379226583756500423_6230_810_6250_810_with_camera_labels-110.png 112 792 46
big_dataset_depth/000000001390-segment-11379226583756500423_6230_810_6250_810_with_camera_labels-110.png 128 704 91
big_dataset_depth/000000001390-segment-11379226583756500423_6230_810_6250_810_with_camera_labels-110.png 144 704 91
big_dataset_depth/000000001390-segment-11379226583756500423_6230_810_6250_810_with_camera_labels-110.png 152 704 90
big_dataset_depth/000000001390-segment-11379226583756500423_6230_810_6250_810_with_camera_labels-110.png 160 728 83
big_dataset_depth/000000001390-segment-11379226583756500423_6230_810_6250_810_with_camera_labels-110.png 168 768 75
big_dataset_depth/000000001390-segment-11379226583756500423_6230_810_6250_810_with_camera_labels-110.png 176 768 74
big_dataset_depth/000000001390-segment-11379226583756500423_6230_810_6250_810_with_camera_labels-110.png 184 768 75
big_dataset_depth/000000001390-segment-11379226583756500423_6230_810_6250_810_with_camera_labels-110.png 192 720 73
big_dataset_depth/000000001390-segment-11379226583756500423_6230_810_6250_810_with_camera_labels-110.png 200 608 71
big_dataset_depth/000000001390-segment-11379226583756500423_6230_810_6250_810_with_camera_labels-110.png 208 712 73
big_dataset_depth/000000001390-segment-11379226583756500423_6230_810_6250_810_with_camera_labels-110.png 216 712 72
big_dataset_depth/000000001390-segment-11379226583756500423_6230_810_6250_810_with_camera_labels-110.png 224 712 72
big_dataset_depth/000000001390-segment-11379226583756500423_6230_810_6250_810_with_camera_labels-110.png 232 712 72
big_dataset_depth/000000001390-segment-11379226583756500423_6230_810_6250_810_with_camera_labels-110.png 240 712 72
big_dataset_depth/000000001390-segment-11379226583756500423_6230_810_6250_810_with_camera_labels-110.png 248 688 71
big_dataset_depth/000000001390-segment-11379226583756500423_6230_810_6250_810_with_camera_labels-110.png 256 688 71
big_dataset_depth/000000001390-segment-11379226583756500423_6230_810_6250_810_with_camera_labels-110.png 264 680 71
big_dataset_depth/000000001390-segment-11379226583756500423_6230_810_6250_810_with_camera_labels-110.png 272 768 71
big_dataset_depth/000000001390-segment-11379226583756500423_6230_810_6250_810_with_camera_labels-110.png 280 768 67
big_dataset_depth/000000001390-segment-11379226583756500423_6230_810_6250_810_with_camera_labels-110.png 288 768 67
big_dataset_depth/000000001390-segment-11379226583756500423_6230_810_6250_810_with_camera_labels-110.png 296 680 104
big_dataset_depth/000000001390-segment-11379226583756500423_6230_810_6250_810_with_camera_labels-110.png 304 680 87
big_dataset_depth/000000001390-segment-11379226583756500423_6230_810_6250_810_with_camera_labels-110.png 312 696 103
big_dataset_depth/000000001390-segment-11379226583756500423_6230_810_6250_810_with_camera_labels-110.png 320 680 87
big_dataset_depth/000000001390-segment-11379226583756500423_6230_810_6250_810_with_camera_labels-110.png 328 696 103
big_dataset_depth/000000001390-segment-11379226583756500423_6230_810_6250_810_with_camera_labels-110.png 336 680 102
big_dataset_depth/000000001390-segment-11379226583756500423_6230_810_6250_810_with_camera_labels-110.png 344 680 103
big_dataset_depth/000000001390-segment-11379226583756500423_6230_810_6250_810_with_camera_labels-110.png 352 696 106
big_dataset_depth/000000001390-segment-11379226583756500423_6230_810_6250_810_with_camera_labels-110.png 360 688 103
big_dataset_depth/000000001390-segment-11379226583756500423_6230_810_6250_810_with_camera_labels-110.png 368 744 93
big_dataset_depth/000000001390-segment-11379226583756500423_6230_810_6250_810_with_camera_labels-110.png 376 744 93
big_dataset_depth/000000001390-segment-11379226583756500423_6230_810_6250_810_with_camera_labels-110.png 384 736 94
big_dataset_depth/000000001390-segment-11379226583756500423_6230_810_6250_810_with_camera_labels-110.png 392 744 91
big_dataset_depth/000000001390-segment-11379226583756500423_6230_810_6250_810_with_camera_labels-110.png 400 744 91
big_dataset_depth/000000001390-segment-11379226583756500423_6230_810_6250_810_with_camera_labels-110.png 408 744 93
big_dataset_depth/000000001390-segment-11379226583756500423_6230_810_6250_810_with_camera_labels-110.png 416 736 94
big_dataset_depth/000000001390-segment-11379226583756500423_6230_810_6250_810_with_camera_labels-110.png 424 736 96
big_dataset_depth/000000001390-segment-11379226583756500423_6230_810_6250_810_with_camera_labels-110.png 432 736 98
big_dataset_depth/000000001390-segment-11379226583756500423_6230_810_6250_810_with_camera_labels-110.png 440 736 100
big_dataset_depth/000000001390-segment-11379226583756500423_6230_810_6250_810_with_camera_labels-110.png 448 736 103
big_dataset_depth/000000001390-segment-11379226583756500423_6230_810_6250_810_with_camera_labels-110.png 456 744 95
big_dataset_depth/000000001390-segment-11379226583756500423_6230_810_6250_810_with_camera_labels-110.png 464 736 103
big_dataset_depth/000000001390-segment-11379226583756500423_6230_810_6250_810_with_camera_labels-110.png 472 648 94
big_dataset_depth/000000001390-segment-11379226583756500423_6230_810_6250_810_with_camera_labels-110.png 480 744 91
big_dataset_depth/000000001390-segment-11379226583756500423_6230_810_6250_810_with_camera_labels-110.png 488 680 108
big_dataset_depth/000000001390-segment-11379226583756500423_6230_810_6250_810_with_camera_labels-110.png 496 664 103
big_dataset_depth/000000001390-segment-11379226583756500423_6230_810_6250_810_with_camera_labels-110.png 504 680 108
big_dataset_depth/000000001390-segment-11379226583756500423_6230_810_6250_810_with_camera_labels-110.png 512 688 108
big_dataset_depth/000000001390-segment-11379226583756500423_6230_810_6250_810_with_camera_labels-110.png 520 712 96
big_dataset_depth/000000001390-segment-11379226583756500423_6230_810_6250_810_with_camera_labels-110.png 528 664 101
big_dataset_depth/000000001390-segment-11379226583756500423_6230_810_6250_810_with_camera_labels-110.png 536 656 100
big_dataset_depth/000000001390-segment-11379226583756500423_6230_810_6250_810_with_camera_labels-110.png 544 664 101
big_dataset_depth/000000001390-segment-11379226583756500423_6230_810_6250_810_with_camera_labels-110.png 552 744 95
big_dataset_depth/000000001390-segment-11379226583756500423_6230_810_6250_810_with_camera_labels-110.png 560 744 99
big_dataset_depth/000000001390-segment-11379226583756500423_6230_810_6250_810_with_camera_labels-110.png 568 744 102
big_dataset_depth/000000001390-segment-11379226583756500423_6230_810_6250_810_with_camera_labels-110.png 576 744 104
big_dataset_depth/000000001390-segment-11379226583756500423_6230_810_6250_810_with_camera_labels-110.png 584 656 99
big_dataset_depth/000000001390-segment-11379226583756500423_6230_810_6250_810_with_camera_labels-110.png 592 648 106
big_dataset_depth/000000001390-segment-11379226583756500423_6230_810_6250_810_with_camera_labels-110.png 600 656 106
big_dataset_depth/000000001390-segment-11379226583756500423_6230_810_6250_810_with_camera_labels-110.png 608 648 106
big_dataset_depth/000000001390-segment-11379226583756500423_6230_810_6250_810_with_camera_labels-110.png 616 648 106
big_dataset_depth/000000001390-segment-11379226583756500423_6230_810_6250_810_with_camera_labels-110.png 624 640 106
big_dataset_depth/000000001390-segment-11379226583756500423_6230_810_6250_810_with_camera_labels-110.png 632 608 105
big_dataset_depth/000000001390-segment-11379226583756500423_6230_810_6250_810_with_camera_labels-110.png 640 584 103
big_dataset_depth/000000001390-segment-11379226583756500423_6230_810_6250_810_with_camera_labels-110.png 648 576 103
big_dataset_depth/000000001390-segment-11379226583756500423_6230_810_6250_810_with_camera_labels-110.png 656 576 103
big_dataset_depth/000000001390-segment-11379226583756500423_6230_810_6250_810_with_camera_labels-110.png 936 664 97
big_dataset_depth/000000001390-segment-11379226583756500423_6230_810_6250_810_with_camera_labels-110.png 944 736 97
big_dataset_depth/000000001390-segment-11379226583756500423_6230_810_6250_810_with_camera_labels-110.png 952 640 93
big_dataset_depth/000000001390-segment-11379226583756500423_6230_810_6250_810_with_camera_labels-110.png 960 632 94
big_dataset_depth/000000001390-segment-11379226583756500423_6230_810_6250_810_with_camera_labels-110.png 968 640 94
big_dataset_depth/000000001390-segment-11379226583756500423_6230_810_6250_810_with_camera_labels-110.png 976 640 94
big_dataset_depth/000000001390-segment-11379226583756500423_6230_810_6250_810_with_camera_labels-110.png 984 656 93
big_dataset_depth/000000001390-segment-11379226583756500423_6230_810_6250_810_with_camera_labels-110.png 992 736 91
big_dataset_depth/000000001390-segment-11379226583756500423_6230_810_6250_810_with_camera_labels-110.png 1000 704 103
big_dataset_depth/000000001390-segment-11379226583756500423_6230_810_6250_810_with_camera_labels-110.png 1008 736 94
big_dataset_depth/000000001390-segment-11379226583756500423_6230_810_6250_810_with_camera_labels-110.png 1016 720 98
big_dataset_depth/000000001390-segment-11379226583756500423_6230_810_6250_810_with_camera_labels-110.png 1024 728 91
big_dataset_depth/000000001390-segment-11379226583756500423_6230_810_6250_810_with_camera_labels-110.png 1032 712 102
big_dataset_depth/000000001390-segment-11379226583756500423_6230_810_6250_810_with_camera_labels-110.png 1040 712 102
big_dataset_depth/000000001390-segment-11379226583756500423_6230_810_6250_810_with_camera_labels-110.png 1048 728 91
big_dataset_depth/000000001390-segment-11379226583756500423_6230_810_6250_810_with_camera_labels-110.png 1056 728 86
big_dataset_depth/000000001390-segment-11379226583756500423_6230_810_6250_810_with_camera_labels-110.png 1064 736 81
big_dataset_depth/000000001390-segment-11379226583756500423_6230_810_6250_810_with_camera_labels-110.png 1072 720 88
big_dataset_depth/000000001390-segment-11379226583756500423_6230_810_6250_810_with_camera_labels-110.png 1080 712 88
big_dataset_depth/000000001390-segment-11379226583756500423_6230_810_6250_810_with_camera_labels-110.png 1088 728 83
big_dataset_depth/000000001390-segment-11379226583756500423_6230_810_6250_810_with_camera_labels-110.png 1096 720 87
big_dataset_depth/000000001390-segment-11379226583756500423_6230_810_6250_810_with_camera_labels-110.png 1104 736 78
big_dataset_depth/000000001390-segment-11379226583756500423_6230_810_6250_810_with_camera_labels-110.png 1112 736 78
big_dataset_depth/000000001390-segment-11379226583756500423_6230_810_6250_810_with_camera_labels-110.png 1120 736 75
big_dataset_depth/000000001390-segment-11379226583756500423_6230_810_6250_810_with_camera_labels-110.png 1128 736 75
big_dataset_depth/000000001390-segment-11379226583756500423_6230_810_6250_810_with_camera_labels-110.png 1136 728 80
big_dataset_depth/000000001390-segment-11379226583756500423_6230_810_6250_810_with_camera_labels-110.png 1144 736 73
big_dataset_depth/000000001390-segment-11379226583756500423_6230_810_6250_810_with_camera_labels-110.png 1152 640 96
big_dataset_depth/000000001390-segment-11379226583756500423_6230_810_6250_810_with_camera_labels-110.png 1160 776 56
big_dataset_depth/000000001390-segment-11379226583756500423_6230_810_6250_810_with_camera_labels-110.png 1168 808 40
big_dataset_depth/000000001390-segment-11379226583756500423_6230_810_6250_810_with_camera_labels-110.png 1176 736 73
big_dataset_depth/000000001390-segment-11379226583756500423_6230_810_6250_810_with_camera_labels-110.png 1192 712 90
big_dataset_depth/000000001390-segment-11379226583756500423_6230_810_6250_810_with_camera_labels-110.png 1200 736 74
big_dataset_depth/000000001390-segment-11379226583756500423_6230_810_6250_810_with_camera_labels-110.png 1208 728 84
big_dataset_depth/000000001390-segment-11379226583756500423_6230_810_6250_810_with_camera_labels-110.png 1224 728 71
big_dataset_depth/000000001390-segment-11379226583756500423_6230_810_6250_810_with_camera_labels-110.png 1232 720 88
big_dataset_depth/000000001390-segment-11379226583756500423_6230_810_6250_810_with_camera_labels-110.png 1240 736 71
big_dataset_depth/000000001390-segment-11379226583756500423_6230_810_6250_810_with_camera_labels-110.png 1248 728 82
big_dataset_depth/000000001390-segment-11379226583756500423_6230_810_6250_810_with_camera_labels-110.png 1256 720 88
big_dataset_depth/000000001390-segment-11379226583756500423_6230_810_6250_810_with_camera_labels-110.png 1264 736 71
big_dataset_depth/000000001390-segment-11379226583756500423_6230_810_6250_810_with_camera_labels-110.png 1272 712 88
big_dataset_depth/000000001390-segment-11379226583756500423_6230_810_6250_810_with_camera_labels-110.png 1280 728 72
big_dataset_depth/000000001390-segment-11379226583756500423_6230_810_6250_810_with_camera_labels-110.png 1288 736 72
big_dataset_depth/000000001390-segment-11379226583756500423_6230_810_6250_810_with_camera_labels-110.png 1296 720 88
big_dataset_depth/000000001390-segment-11379226583756500423_6230_810_6250_810_with_camera_labels-110.png 1312 888 28
big_dataset_depth/000000001390-segment-11379226583756500423_6230_810_6250_810_with_camera_labels-110.png 1320 816 50
big_dataset_depth/000000001390-segment-11379226583756500423_6230_810_6250_810_with_camera_labels-110.png 1328 888 28
big_dataset_depth/000000001390-segment-11379226583756500423_6230_810_6250_810_with_camera_labels-110.png 1336 752 68
big_dataset_depth/000000001390-segment-11379226583756500423_6230_810_6250_810_with_camera_labels-110.png 1344 736 72
big_dataset_depth/000000001390-segment-11379226583756500423_6230_810_6250_810_with_camera_labels-110.png 1352 904 26
big_dataset_depth/000000001390-segment-11379226583756500423_6230_810_6250_810_with_camera_labels-110.png 1360 920 25
big_dataset_depth/000000001390-segment-11379226583756500423_6230_810_6250_810_with_camera_labels-110.png 1368 920 25
big_dataset_depth/000000001390-segment-11379226583756500423_6230_810_6250_810_with_camera_labels-110.png 1376 864 39
big_dataset_depth/000000001390-segment-11379226583756500423_6230_810_6250_810_with_camera_labels-110.png 1384 920 25
big_dataset_depth/000000001390-segment-11379226583756500423_6230_810_6250_810_with_camera_labels-110.png 1392 920 25
big_dataset_depth/000000001390-segment-11379226583756500423_6230_810_6250_810_with_camera_labels-110.png 1400 848 46
big_dataset_depth/000000001390-segment-11379226583756500423_6230_810_6250_810_with_camera_labels-110.png 1408 936 24
big_dataset_depth/000000001390-segment-11379226583756500423_6230_810_6250_810_with_camera_labels-110.png 1416 848 46
big_dataset_depth/000000001390-segment-11379226583756500423_6230_810_6250_810_with_camera_labels-110.png 1440 952 23
big_dataset_depth/000000001390-segment-11379226583756500423_6230_810_6250_810_with_camera_labels-110.png 1456 968 22
big_dataset_depth/000000001390-segment-11379226583756500423_6230_810_6250_810_with_camera_labels-110.png 1464 968 22
big_dataset_depth/000000001390-segment-11379226583756500423_6230_810_6250_810_with_camera_labels-110.png 1472 848 61
big_dataset_depth/000000001390-segment-11379226583756500423_6230_810_6250_810_with_camera_labels-110.png 1480 968 22
big_dataset_depth/000000001390-segment-11379226583756500423_6230_810_6250_810_with_camera_labels-110.png 1488 984 21
big_dataset_depth/000000001390-segment-11379226583756500423_6230_810_6250_810_with_camera_labels-110.png 1496 984 21
big_dataset_depth/000000001390-segment-11379226583756500423_6230_810_6250_810_with_camera_labels-110.png 1504 984 21
big_dataset_depth/000000001390-segment-11379226583756500423_6230_810_6250_810_with_camera_labels-110.png 1520 984 21
big_dataset_depth/000000001390-segment-11379226583756500423_6230_810_6250_810_with_camera_labels-110.png 1528 1008 20
big_dataset_depth/000000001390-segment-11379226583756500423_6230_810_6250_810_with_camera_labels-110.png 1536 1008 20
big_dataset_depth/000000001390-segment-11379226583756500423_6230_810_6250_810_with_camera_labels-110.png 1544 1008 20
big_dataset_depth/000000001390-segment-11379226583756500423_6230_810_6250_810_with_camera_labels-110.png 1552 1016 20
big_dataset_depth/000000001390-segment-11379226583756500423_6230_810_6250_810_with_camera_labels-110.png 1560 1024 19
big_dataset_depth/000000001390-segment-11379226583756500423_6230_810_6250_810_with_camera_labels-110.png 1568 1024 19
big_dataset_depth/000000001390-segment-11379226583756500423_6230_810_6250_810_with_camera_labels-110.png 1576 1024 19
big_dataset_depth/000000001390-segment-11379226583756500423_6230_810_6250_810_with_camera_labels-110.png 1584 1040 19
big_dataset_depth/000000001390-segment-11379226583756500423_6230_810_6250_810_with_camera_labels-110.png 1592 1040 19
big_dataset_depth/000000001390-segment-11379226583756500423_6230_810_6250_810_with_camera_labels-110.png 1600 1040 19
big_dataset_depth/000000001390-segment-11379226583756500423_6230_810_6250_810_with_camera_labels-110.png 1608 1040 19
big_dataset_depth/000000001390-segment-11379226583756500423_6230_810_6250_810_with_camera_labels-110.png 1616 1056 18
big_dataset_depth/000000001390-segment-11379226583756500423_6230_810_6250_810_with_camera_labels-110.png 1624 1040 18
big_dataset_depth/000000001390-segment-11379226583756500423_6230_810_6250_810_with_camera_labels-110.png 1632 1064 18
big_dataset_depth/000000001390-segment-11379226583756500423_6230_810_6250_810_with_camera_labels-110.png 1640 1064 18
big_dataset_depth/000000001390-segment-11379226583756500423_6230_810_6250_810_with_camera_labels-110.png 1648 1064 18
big_dataset_depth/000000001390-segment-11379226583756500423_6230_810_6250_810_with_camera_labels-110.png 1656 1080 17
big_dataset_depth/000000001390-segment-11379226583756500423_6230_810_6250_810_with_camera_labels-110.png 1664 1080 17
big_dataset_depth/000000001390-segment-11379226583756500423_6230_810_6250_810_with_camera_labels-110.png 1672 1088 17
big_dataset_depth/000000001390-segment-11379226583756500423_6230_810_6250_810_with_camera_labels-110.png 1680 1096 17
big_dataset_depth/000000001390-segment-11379226583756500423_6230_810_6250_810_with_camera_labels-110.png 1688 688 81
big_dataset_depth/000000001390-segment-11379226583756500423_6230_810_6250_810_with_camera_labels-110.png 1696 1104 17
big_dataset_depth/000000001390-segment-11379226583756500423_6230_810_6250_810_with_camera_labels-110.png 1704 1096 17
big_dataset_depth/000000001390-segment-11379226583756500423_6230_810_6250_810_with_camera_labels-110.png 1712 1104 17
big_dataset_depth/000000001390-segment-11379226583756500423_6230_810_6250_810_with_camera_labels-110.png 1720 1104 17
big_dataset_depth/000000001390-segment-11379226583756500423_6230_810_6250_810_with_camera_labels-110.png 1728 1104 16
big_dataset_depth/000000001390-segment-11379226583756500423_6230_810_6250_810_with_camera_labels-110.png 1736 1128 16
big_dataset_depth/000000001390-segment-11379226583756500423_6230_810_6250_810_with_camera_labels-110.png 1744 1128 16
big_dataset_depth/000000001390-segment-11379226583756500423_6230_810_6250_810_with_camera_labels-110.png 1752 1128 16
big_dataset_depth/000000001390-segment-11379226583756500423_6230_810_6250_810_with_camera_labels-110.png 1760 1128 16
big_dataset_depth/000000001390-segment-11379226583756500423_6230_810_6250_810_with_camera_labels-110.png 1768 1128 16
big_dataset_depth/000000001390-segment-11379226583756500423_6230_810_6250_810_with_camera_labels-110.png 1776 1152 16
big_dataset_depth/000000001390-segment-11379226583756500423_6230_810_6250_810_with_camera_labels-110.png 1784 1152 16
big_dataset_depth/000000001390-segment-11379226583756500423_6230_810_6250_810_with_camera_labels-110.png 1792 1152 15
big_dataset_depth/000000001390-segment-11379226583756500423_6230_810_6250_810_with_camera_labels-110.png 1800 1152 15
big_dataset_depth/000000001390-segment-11379226583756500423_6230_810_6250_810_with_camera_labels-110.png 1808 1152 15
big_dataset_depth/000000001390-segment-11379226583756500423_6230_810_6250_810_with_camera_labels-110.png 1816 872 58
big_dataset_depth/000000001390-segment-11379226583756500423_6230_810_6250_810_with_camera_labels-110.png 1824 1176 15
big_dataset_depth/000000001390-segment-11379226583756500423_6230_810_6250_810_with_camera_labels-110.png 1832 944 47
big_dataset_depth/000000001390-segment-11379226583756500423_6230_810_6250_810_with_camera_labels-110.png 1840 1176 15
big_dataset_depth/000000001390-segment-11379226583756500423_6230_810_6250_810_with_camera_labels-110.png 1848 952 54
big_dataset_depth/000000001390-segment-11379226583756500423_6230_810_6250_810_with_camera_labels-110.png 1856 1072 31
big_dataset_depth/000000001390-segment-11379226583756500423_6230_810_6250_810_with_camera_labels-110.png 1864 968 47
big_dataset_depth/000000001390-segment-11379226583756500423_6230_810_6250_810_with_camera_labels-110.png 1872 1040 37
big_dataset_depth/000000001390-segment-11379226583756500423_6230_810_6250_810_with_camera_labels-110.png 1880 968 48
big_dataset_depth/000000001390-segment-11379226583756500423_6230_810_6250_810_with_camera_labels-110.png 1888 968 48
big_dataset_depth/000000001390-segment-11379226583756500423_6230_810_6250_810_with_camera_labels-110.png 1896 1056 36
big_dataset_depth/000000001390-segment-11379226583756500423_6230_810_6250_810_with_camera_labels-110.png 1904 1224 14
big_dataset_depth/000000001390-segment-11379226583756500423_6230_810_6250_810_with_camera_labels-110.png 1912 968 50
