big_dataset_depth/000000000226-segment-10107710434105775874_760_000_780_000_with_camera_labels-60.png 0 736 43
big_dataset_depth/000000000226-segment-10107710434105775874_760_000_780_000_with_camera_labels-60.png 8 832 38
big_dataset_depth/000000000226-segment-10107710434105775874_760_000_780_000_with_camera_labels-60.png 16 832 38
big_dataset_depth/000000000226-segment-10107710434105775874_760_000_780_000_with_camera_labels-60.png 24 832 38
big_dataset_depth/000000000226-segment-10107710434105775874_760_000_780_000_with_camera_labels-60.png 32 832 38
big_dataset_depth/000000000226-segment-10107710434105775874_760_000_780_000_with_camera_labels-60.png 40 824 39
big_dataset_depth/000000000226-segment-10107710434105775874_760_000_780_000_with_camera_labels-60.png 48 816 39
big_dataset_depth/000000000226-segment-10107710434105775874_760_000_780_000_with_camera_labels-60.png 56 832 39
big_dataset_depth/000000000226-segment-10107710434105775874_760_000_780_000_with_camera_labels-60.png 64 816 40
big_dataset_depth/000000000226-segment-10107710434105775874_760_000_780_000_with_camera_labels-60.png 72 824 40
big_dataset_depth/000000000226-segment-10107710434105775874_760_000_780_000_with_camera_labels-60.png 80 832 40
big_dataset_depth/000000000226-segment-10107710434105775874_760_000_780_000_with_camera_labels-60.png 88 816 40
big_dataset_depth/000000000226-segment-10107710434105775874_760_000_780_000_with_camera_labels-60.png 96 816 40
big_dataset_depth/000000000226-segment-10107710434105775874_760_000_780_000_with_camera_labels-60.png 104 816 41
big_dataset_depth/000000000226-segment-10107710434105775874_760_000_780_000_with_camera_labels-60.png 112 816 42
big_dataset_depth/000000000226-segment-10107710434105775874_760_000_780_000_with_camera_labels-60.png 120 808 42
big_dataset_depth/000000000226-segment-10107710434105775874_760_000_780_000_with_camera_labels-60.png 128 816 42
big_dataset_depth/000000000226-segment-10107710434105775874_760_000_780_000_with_camera_labels-60.png 136 816 42
big_dataset_depth/000000000226-segment-10107710434105775874_760_000_780_000_with_camera_labels-60.png 144 816 42
big_dataset_depth/000000000226-segment-10107710434105775874_760_000_780_000_with_camera_labels-60.png 152 816 42
big_dataset_depth/000000000226-segment-10107710434105775874_760_000_780_000_with_camera_labels-60.png 160 808 43
big_dataset_depth/000000000226-segment-10107710434105775874_760_000_780_000_with_camera_labels-60.png 168 816 42
big_dataset_depth/000000000226-segment-10107710434105775874_760_000_780_000_with_camera_labels-60.png 176 816 43
big_dataset_depth/000000000226-segment-10107710434105775874_760_000_780_000_with_camera_labels-60.png 184 792 44
big_dataset_depth/000000000226-segment-10107710434105775874_760_000_780_000_with_camera_labels-60.png 192 816 44
big_dataset_depth/000000000226-segment-10107710434105775874_760_000_780_000_with_camera_labels-60.png 200 824 41
big_dataset_depth/000000000226-segment-10107710434105775874_760_000_780_000_with_camera_labels-60.png 208 800 47
big_dataset_depth/000000000226-segment-10107710434105775874_760_000_780_000_with_camera_labels-60.png 216 816 37
big_dataset_depth/000000000226-segment-10107710434105775874_760_000_780_000_with_camera_labels-60.png 224 848 36
big_dataset_depth/000000000226-segment-10107710434105775874_760_000_780_000_with_camera_labels-60.png 232 824 36
big_dataset_depth/000000000226-segment-10107710434105775874_760_000_780_000_with_camera_labels-60.png 240 848 36
big_dataset_depth/000000000226-segment-10107710434105775874_760_000_780_000_with_camera_labels-60.png 248 824 36
big_dataset_depth/000000000226-segment-10107710434105775874_760_000_780_000_with_camera_labels-60.png 256 832 36
big_dataset_depth/000000000226-segment-10107710434105775874_760_000_780_000_with_camera_labels-60.png 264 840 37
big_dataset_depth/000000000226-segment-10107710434105775874_760_000_780_000_with_camera_labels-60.png 272 824 36
big_dataset_depth/000000000226-segment-10107710434105775874_760_000_780_000_with_camera_labels-60.png 280 840 36
big_dataset_depth/000000000226-segment-10107710434105775874_760_000_780_000_with_camera_labels-60.png 288 824 36
big_dataset_depth/000000000226-segment-10107710434105775874_760_000_780_000_with_camera_labels-60.png 296 840 36
big_dataset_depth/000000000226-segment-10107710434105775874_760_000_780_000_with_camera_labels-60.png 304 808 35
big_dataset_depth/000000000226-segment-10107710434105775874_760_000_780_000_with_camera_labels-60.png 312 824 36
big_dataset_depth/000000000226-segment-10107710434105775874_760_000_780_000_with_camera_labels-60.png 320 840 36
big_dataset_depth/000000000226-segment-10107710434105775874_760_000_780_000_with_camera_labels-60.png 328 824 35
big_dataset_depth/000000000226-segment-10107710434105775874_760_000_780_000_with_camera_labels-60.png 336 840 36
big_dataset_depth/000000000226-segment-10107710434105775874_760_000_780_000_with_camera_labels-60.png 344 824 35
big_dataset_depth/000000000226-segment-10107710434105775874_760_000_780_000_with_camera_labels-60.png 352 832 36
big_dataset_depth/000000000226-segment-10107710434105775874_760_000_780_000_with_camera_labels-60.png 360 824 35
big_dataset_depth/000000000226-segment-10107710434105775874_760_000_780_000_with_camera_labels-60.png 368 832 35
big_dataset_depth/000000000226-segment-10107710434105775874_760_000_780_000_with_camera_labels-60.png 376 832 36
big_dataset_depth/000000000226-segment-10107710434105775874_760_000_780_000_with_camera_labels-60.png 384 840 36
big_dataset_depth/000000000226-segment-10107710434105775874_760_000_780_000_with_camera_labels-60.png 392 832 36
big_dataset_depth/000000000226-segment-10107710434105775874_760_000_780_000_with_camera_labels-60.png 400 832 36
big_dataset_depth/000000000226-segment-10107710434105775874_760_000_780_000_with_camera_labels-60.png 408 824 36
big_dataset_depth/000000000226-segment-10107710434105775874_760_000_780_000_with_camera_labels-60.png 416 784 38
big_dataset_depth/000000000226-segment-10107710434105775874_760_000_780_000_with_camera_labels-60.png 424 792 39
big_dataset_depth/000000000226-segment-10107710434105775874_760_000_780_000_with_camera_labels-60.png 432 784 39
big_dataset_depth/000000000226-segment-10107710434105775874_760_000_780_000_with_camera_labels-60.png 440 808 40
big_dataset_depth/000000000226-segment-10107710434105775874_760_000_780_000_with_camera_labels-60.png 448 816 40
big_dataset_depth/000000000226-segment-10107710434105775874_760_000_780_000_with_camera_labels-60.png 456 808 40
big_dataset_depth/000000000226-segment-10107710434105775874_760_000_780_000_with_camera_labels-60.png 464 800 41
big_dataset_depth/000000000226-segment-10107710434105775874_760_000_780_000_with_camera_labels-60.png 472 792 44
big_dataset_depth/000000000226-segment-10107710434105775874_760_000_780_000_with_camera_labels-60.png 480 792 44
big_dataset_depth/000000000226-segment-10107710434105775874_760_000_780_000_with_camera_labels-60.png 488 784 44
big_dataset_depth/000000000226-segment-10107710434105775874_760_000_780_000_with_camera_labels-60.png 496 800 44
big_dataset_depth/000000000226-segment-10107710434105775874_760_000_780_000_with_camera_labels-60.png 504 792 44
big_dataset_depth/000000000226-segment-10107710434105775874_760_000_780_000_with_camera_labels-60.png 512 808 44
big_dataset_depth/000000000226-segment-10107710434105775874_760_000_780_000_with_camera_labels-60.png 520 800 45
big_dataset_depth/000000000226-segment-10107710434105775874_760_000_780_000_with_camera_labels-60.png 528 808 45
big_dataset_depth/000000000226-segment-10107710434105775874_760_000_780_000_with_camera_labels-60.png 536 792 46
big_dataset_depth/000000000226-segment-10107710434105775874_760_000_780_000_with_camera_labels-60.png 544 792 48
big_dataset_depth/000000000226-segment-10107710434105775874_760_000_780_000_with_camera_labels-60.png 552 800 49
big_dataset_depth/000000000226-segment-10107710434105775874_760_000_780_000_with_camera_labels-60.png 688 584 65
big_dataset_depth/000000000226-segment-10107710434105775874_760_000_780_000_with_camera_labels-60.png 896 584 65
big_dataset_depth/000000000226-segment-10107710434105775874_760_000_780_000_with_camera_labels-60.png 944 600 68
big_dataset_depth/000000000226-segment-10107710434105775874_760_000_780_000_with_camera_labels-60.png 992 664 79
big_dataset_depth/000000000226-segment-10107710434105775874_760_000_780_000_with_camera_labels-60.png 1056 720 104
big_dataset_depth/000000000226-segment-10107710434105775874_760_000_780_000_with_camera_labels-60.png 1064 784 103
big_dataset_depth/000000000226-segment-10107710434105775874_760_000_780_000_with_camera_labels-60.png 1088 800 47
big_dataset_depth/000000000226-segment-10107710434105775874_760_000_780_000_with_camera_labels-60.png 1096 784 108
big_dataset_depth/000000000226-segment-10107710434105775874_760_000_780_000_with_camera_labels-60.png 1104 768 104
big_dataset_depth/000000000226-segment-10107710434105775874_760_000_780_000_with_camera_labels-60.png 1112 768 107
big_dataset_depth/000000000226-segment-10107710434105775874_760_000_780_000_with_camera_labels-60.png 1120 728 49
big_dataset_depth/000000000226-segment-10107710434105775874_760_000_780_000_with_camera_labels-60.png 1128 768 52
big_dataset_depth/000000000226-segment-10107710434105775874_760_000_780_000_with_camera_labels-60.png 1136 768 57
big_dataset_depth/000000000226-segment-10107710434105775874_760_000_780_000_with_camera_labels-60.png 1144 768 81
big_dataset_depth/000000000226-segment-10107710434105775874_760_000_780_000_with_camera_labels-60.png 1152 768 105
big_dataset_depth/000000000226-segment-10107710434105775874_760_000_780_000_with_camera_labels-60.png 1160 760 104
big_dataset_depth/000000000226-segment-10107710434105775874_760_000_780_000_with_camera_labels-60.png 1168 840 33
big_dataset_depth/000000000226-segment-10107710434105775874_760_000_780_000_with_camera_labels-60.png 1176 752 104
big_dataset_depth/000000000226-segment-10107710434105775874_760_000_780_000_with_camera_labels-60.png 1184 760 104
big_dataset_depth/000000000226-segment-10107710434105775874_760_000_780_000_with_camera_labels-60.png 1192 768 104
big_dataset_depth/000000000226-segment-10107710434105775874_760_000_780_000_with_camera_labels-60.png 1200 752 104
big_dataset_depth/000000000226-segment-10107710434105775874_760_000_780_000_with_camera_labels-60.png 1208 864 29
big_dataset_depth/000000000226-segment-10107710434105775874_760_000_780_000_with_camera_labels-60.png 1216 880 28
big_dataset_depth/000000000226-segment-10107710434105775874_760_000_780_000_with_camera_labels-60.png 1224 832 50
big_dataset_depth/000000000226-segment-10107710434105775874_760_000_780_000_with_camera_labels-60.png 1232 808 68
big_dataset_depth/000000000226-segment-10107710434105775874_760_000_780_000_with_camera_labels-60.png 1240 784 103
big_dataset_depth/000000000226-segment-10107710434105775874_760_000_780_000_with_camera_labels-60.png 1248 768 103
big_dataset_depth/000000000226-segment-10107710434105775874_760_000_780_000_with_camera_labels-60.png 1256 776 103
big_dataset_depth/000000000226-segment-10107710434105775874_760_000_780_000_with_camera_labels-60.png 1264 760 103
big_dataset_depth/000000000226-segment-10107710434105775874_760_000_780_000_with_camera_labels-60.png 1272 760 103
big_dataset_depth/000000000226-segment-10107710434105775874_760_000_780_000_with_camera_labels-60.png 1280 760 86
big_dataset_depth/000000000226-segment-10107710434105775874_760_000_780_000_with_camera_labels-60.png 1288 760 69
big_dataset_depth/000000000226-segment-10107710434105775874_760_000_780_000_with_camera_labels-60.png 1296 768 69
big_dataset_depth/000000000226-segment-10107710434105775874_760_000_780_000_with_camera_labels-60.png 1304 760 70
big_dataset_depth/000000000226-segment-10107710434105775874_760_000_780_000_with_camera_labels-60.png 1312 760 70
big_dataset_depth/000000000226-segment-10107710434105775874_760_000_780_000_with_camera_labels-60.png 1320 760 70
big_dataset_depth/000000000226-segment-10107710434105775874_760_000_780_000_with_camera_labels-60.png 1328 768 66
big_dataset_depth/000000000226-segment-10107710434105775874_760_000_780_000_with_camera_labels-60.png 1336 760 61
big_dataset_depth/000000000226-segment-10107710434105775874_760_000_780_000_with_camera_labels-60.png 1344 752 60
big_dataset_depth/000000000226-segment-10107710434105775874_760_000_780_000_with_camera_labels-60.png 1352 752 59
big_dataset_depth/000000000226-segment-10107710434105775874_760_000_780_000_with_camera_labels-60.png 1360 744 57
big_dataset_depth/000000000226-segment-10107710434105775874_760_000_780_000_with_camera_labels-60.png 1368 752 57
big_dataset_depth/000000000226-segment-10107710434105775874_760_000_780_000_with_camera_labels-60.png 1376 688 56
big_dataset_depth/000000000226-segment-10107710434105775874_760_000_780_000_with_camera_labels-60.png 1384 752 55
big_dataset_depth/000000000226-segment-10107710434105775874_760_000_780_000_with_camera_labels-60.png 1392 808 36
big_dataset_depth/000000000226-segment-10107710434105775874_760_000_780_000_with_camera_labels-60.png 1400 728 44
big_dataset_depth/000000000226-segment-10107710434105775874_760_000_780_000_with_camera_labels-60.png 1424 1056 18
big_dataset_depth/000000000226-segment-10107710434105775874_760_000_780_000_with_camera_labels-60.png 1448 1072 17
big_dataset_depth/000000000226-segment-10107710434105775874_760_000_780_000_with_camera_labels-60.png 1456 1072 17
big_dataset_depth/000000000226-segment-10107710434105775874_760_000_780_000_with_camera_labels-60.png 1464 1008 21
big_dataset_depth/000000000226-segment-10107710434105775874_760_000_780_000_with_camera_labels-60.png 1472 1096 17
big_dataset_depth/000000000226-segment-10107710434105775874_760_000_780_000_with_camera_labels-60.png 1480 976 23
big_dataset_depth/000000000226-segment-10107710434105775874_760_000_780_000_with_camera_labels-60.png 1488 1096 16
big_dataset_depth/000000000226-segment-10107710434105775874_760_000_780_000_with_camera_labels-60.png 1496 896 27
big_dataset_depth/000000000226-segment-10107710434105775874_760_000_780_000_with_camera_labels-60.png 1504 1120 16
big_dataset_depth/000000000226-segment-10107710434105775874_760_000_780_000_with_camera_labels-60.png 1512 984 23
big_dataset_depth/000000000226-segment-10107710434105775874_760_000_780_000_with_camera_labels-60.png 1520 752 40
big_dataset_depth/000000000226-segment-10107710434105775874_760_000_780_000_with_camera_labels-60.png 1528 848 28
big_dataset_depth/000000000226-segment-10107710434105775874_760_000_780_000_with_camera_labels-60.png 1544 856 28
big_dataset_depth/000000000226-segment-10107710434105775874_760_000_780_000_with_camera_labels-60.png 1552 832 29
big_dataset_depth/000000000226-segment-10107710434105775874_760_000_780_000_with_camera_labels-60.png 1560 840 27
big_dataset_depth/000000000226-segment-10107710434105775874_760_000_780_000_with_camera_labels-60.png 1568 816 30
big_dataset_depth/000000000226-segment-10107710434105775874_760_000_780_000_with_camera_labels-60.png 1576 848 27
big_dataset_depth/000000000226-segment-10107710434105775874_760_000_780_000_with_camera_labels-60.png 1584 832 29
big_dataset_depth/000000000226-segment-10107710434105775874_760_000_780_000_with_camera_labels-60.png 1592 848 27
big_dataset_depth/000000000226-segment-10107710434105775874_760_000_780_000_with_camera_labels-60.png 1600 848 28
big_dataset_depth/000000000226-segment-10107710434105775874_760_000_780_000_with_camera_labels-60.png 1608 832 29
big_dataset_depth/000000000226-segment-10107710434105775874_760_000_780_000_with_camera_labels-60.png 1616 848 28
big_dataset_depth/000000000226-segment-10107710434105775874_760_000_780_000_with_camera_labels-60.png 1624 848 28
big_dataset_depth/000000000226-segment-10107710434105775874_760_000_780_000_with_camera_labels-60.png 1632 824 29
big_dataset_depth/000000000226-segment-10107710434105775874_760_000_780_000_with_camera_labels-60.png 1640 864 27
big_dataset_depth/000000000226-segment-10107710434105775874_760_000_780_000_with_camera_labels-60.png 1648 864 27
big_dataset_depth/000000000226-segment-10107710434105775874_760_000_780_000_with_camera_labels-60.png 1656 864 27
big_dataset_depth/000000000226-segment-10107710434105775874_760_000_780_000_with_camera_labels-60.png 1664 864 27
big_dataset_depth/000000000226-segment-10107710434105775874_760_000_780_000_with_camera_labels-60.png 1672 864 27
big_dataset_depth/000000000226-segment-10107710434105775874_760_000_780_000_with_camera_labels-60.png 1680 864 27
big_dataset_depth/000000000226-segment-10107710434105775874_760_000_780_000_with_camera_labels-60.png 1688 864 27
big_dataset_depth/000000000226-segment-10107710434105775874_760_000_780_000_with_camera_labels-60.png 1696 864 27
big_dataset_depth/000000000226-segment-10107710434105775874_760_000_780_000_with_camera_labels-60.png 1704 840 29
big_dataset_depth/000000000226-segment-10107710434105775874_760_000_780_000_with_camera_labels-60.png 1712 840 29
big_dataset_depth/000000000226-segment-10107710434105775874_760_000_780_000_with_camera_labels-60.png 1720 880 27
big_dataset_depth/000000000226-segment-10107710434105775874_760_000_780_000_with_camera_labels-60.png 1728 880 27
big_dataset_depth/000000000226-segment-10107710434105775874_760_000_780_000_with_camera_labels-60.png 1736 880 27
big_dataset_depth/000000000226-segment-10107710434105775874_760_000_780_000_with_camera_labels-60.png 1744 824 31
big_dataset_depth/000000000226-segment-10107710434105775874_760_000_780_000_with_camera_labels-60.png 1760 880 27
big_dataset_depth/000000000226-segment-10107710434105775874_760_000_780_000_with_camera_labels-60.png 1776 880 27
big_dataset_depth/000000000226-segment-10107710434105775874_760_000_780_000_with_camera_labels-60.png 1784 1016 19
big_dataset_depth/000000000226-segment-10107710434105775874_760_000_780_000_with_camera_labels-60.png 1792 944 23
big_dataset_depth/000000000226-segment-10107710434105775874_760_000_780_000_with_camera_labels-60.png 1800 880 27
big_dataset_depth/000000000226-segment-10107710434105775874_760_000_780_000_with_camera_labels-60.png 1808 1016 19
big_dataset_depth/000000000226-segment-10107710434105775874_760_000_780_000_with_camera_labels-60.png 1816 880 27
big_dataset_depth/000000000226-segment-10107710434105775874_760_000_780_000_with_camera_labels-60.png 1824 752 32
big_dataset_depth/000000000226-segment-10107710434105775874_760_000_780_000_with_camera_labels-60.png 1848 1000 19
big_dataset_depth/000000000226-segment-10107710434105775874_760_000_780_000_with_camera_labels-60.png 1864 920 24
big_dataset_depth/000000000226-segment-10107710434105775874_760_000_780_000_with_camera_labels-60.png 1872 1000 19
big_dataset_depth/000000000226-segment-10107710434105775874_760_000_780_000_with_camera_labels-60.png 1880 936 23
big_dataset_depth/000000000226-segment-10107710434105775874_760_000_780_000_with_camera_labels-60.png 1888 1000 19
big_dataset_depth/000000000226-segment-10107710434105775874_760_000_780_000_with_camera_labels-60.png 1896 864 28
big_dataset_depth/000000000226-segment-10107710434105775874_760_000_780_000_with_camera_labels-60.png 1904 888 25
big_dataset_depth/000000000226-segment-10107710434105775874_760_000_780_000_with_camera_labels-60.png 1912 904 24
