big_dataset_depth/000000001040-segment-11004685739714500220_2300_000_2320_000_with_camera_labels-10.png 0 848 17
big_dataset_depth/000000001040-segment-11004685739714500220_2300_000_2320_000_with_camera_labels-10.png 8 1080 15
big_dataset_depth/000000001040-segment-11004685739714500220_2300_000_2320_000_with_camera_labels-10.png 16 976 17
big_dataset_depth/000000001040-segment-11004685739714500220_2300_000_2320_000_with_camera_labels-10.png 24 1256 13
big_dataset_depth/000000001040-segment-11004685739714500220_2300_000_2320_000_with_camera_labels-10.png 32 1264 13
big_dataset_depth/000000001040-segment-11004685739714500220_2300_000_2320_000_with_camera_labels-10.png 40 968 17
big_dataset_depth/000000001040-segment-11004685739714500220_2300_000_2320_000_with_camera_labels-10.png 56 1264 13
big_dataset_depth/000000001040-segment-11004685739714500220_2300_000_2320_000_with_camera_labels-10.png 64 1240 13
big_dataset_depth/000000001040-segment-11004685739714500220_2300_000_2320_000_with_camera_labels-10.png 72 1248 13
big_dataset_depth/000000001040-segment-11004685739714500220_2300_000_2320_000_with_camera_labels-10.png 80 1224 13
big_dataset_depth/000000001040-segment-11004685739714500220_2300_000_2320_000_with_camera_labels-10.png 88 1224 13
big_dataset_depth/000000001040-segment-11004685739714500220_2300_000_2320_000_with_camera_labels-10.png 96 1208 13
big_dataset_depth/000000001040-segment-11004685739714500220_2300_000_2320_000_with_camera_labels-10.png 104 1208 13
big_dataset_depth/000000001040-segment-11004685739714500220_2300_000_2320_000_with_camera_labels-10.png 112 1208 14
big_dataset_depth/000000001040-segment-11004685739714500220_2300_000_2320_000_with_camera_labels-10.png 120 1208 13
big_dataset_depth/000000001040-segment-11004685739714500220_2300_000_2320_000_with_camera_labels-10.png 128 1208 13
big_dataset_depth/000000001040-segment-11004685739714500220_2300_000_2320_000_with_camera_labels-10.png 136 1200 14
big_dataset_depth/000000001040-segment-11004685739714500220_2300_000_2320_000_with_camera_labels-10.png 144 1208 14
big_dataset_depth/000000001040-segment-11004685739714500220_2300_000_2320_000_with_camera_labels-10.png 152 1184 14
big_dataset_depth/000000001040-segment-11004685739714500220_2300_000_2320_000_with_camera_labels-10.png 168 1176 14
big_dataset_depth/000000001040-segment-11004685739714500220_2300_000_2320_000_with_camera_labels-10.png 176 1160 14
big_dataset_depth/000000001040-segment-11004685739714500220_2300_000_2320_000_with_camera_labels-10.png 184 1160 14
big_dataset_depth/000000001040-segment-11004685739714500220_2300_000_2320_000_with_camera_labels-10.png 192 1160 14
big_dataset_depth/000000001040-segment-11004685739714500220_2300_000_2320_000_with_camera_labels-10.png 200 1080 15
big_dataset_depth/000000001040-segment-11004685739714500220_2300_000_2320_000_with_camera_labels-10.png 208 1080 15
big_dataset_depth/000000001040-segment-11004685739714500220_2300_000_2320_000_with_camera_labels-10.png 216 1096 15
big_dataset_depth/000000001040-segment-11004685739714500220_2300_000_2320_000_with_camera_labels-10.png 224 1096 15
big_dataset_depth/000000001040-segment-11004685739714500220_2300_000_2320_000_with_camera_labels-10.png 232 1096 15
big_dataset_depth/000000001040-segment-11004685739714500220_2300_000_2320_000_with_camera_labels-10.png 240 1112 15
big_dataset_depth/000000001040-segment-11004685739714500220_2300_000_2320_000_with_camera_labels-10.png 248 1112 15
big_dataset_depth/000000001040-segment-11004685739714500220_2300_000_2320_000_with_camera_labels-10.png 256 1112 15
big_dataset_depth/000000001040-segment-11004685739714500220_2300_000_2320_000_with_camera_labels-10.png 264 1128 15
big_dataset_depth/000000001040-segment-11004685739714500220_2300_000_2320_000_with_camera_labels-10.png 272 1112 15
big_dataset_depth/000000001040-segment-11004685739714500220_2300_000_2320_000_with_camera_labels-10.png 280 1112 15
big_dataset_depth/000000001040-segment-11004685739714500220_2300_000_2320_000_with_camera_labels-10.png 288 1112 15
big_dataset_depth/000000001040-segment-11004685739714500220_2300_000_2320_000_with_camera_labels-10.png 296 1112 15
big_dataset_depth/000000001040-segment-11004685739714500220_2300_000_2320_000_with_camera_labels-10.png 304 1096 15
big_dataset_depth/000000001040-segment-11004685739714500220_2300_000_2320_000_with_camera_labels-10.png 312 1112 15
big_dataset_depth/000000001040-segment-11004685739714500220_2300_000_2320_000_with_camera_labels-10.png 320 1104 16
big_dataset_depth/000000001040-segment-11004685739714500220_2300_000_2320_000_with_camera_labels-10.png 328 1088 16
big_dataset_depth/000000001040-segment-11004685739714500220_2300_000_2320_000_with_camera_labels-10.png 336 1088 16
big_dataset_depth/000000001040-segment-11004685739714500220_2300_000_2320_000_with_camera_labels-10.png 344 1088 16
big_dataset_depth/000000001040-segment-11004685739714500220_2300_000_2320_000_with_camera_labels-10.png 352 1096 16
big_dataset_depth/000000001040-segment-11004685739714500220_2300_000_2320_000_with_camera_labels-10.png 360 1088 16
big_dataset_depth/000000001040-segment-11004685739714500220_2300_000_2320_000_with_camera_labels-10.png 368 1064 16
big_dataset_depth/000000001040-segment-11004685739714500220_2300_000_2320_000_with_camera_labels-10.png 376 1064 16
big_dataset_depth/000000001040-segment-11004685739714500220_2300_000_2320_000_with_camera_labels-10.png 384 1064 17
big_dataset_depth/000000001040-segment-11004685739714500220_2300_000_2320_000_with_camera_labels-10.png 392 1064 17
big_dataset_depth/000000001040-segment-11004685739714500220_2300_000_2320_000_with_camera_labels-10.png 400 1064 17
big_dataset_depth/000000001040-segment-11004685739714500220_2300_000_2320_000_with_camera_labels-10.png 408 1048 17
big_dataset_depth/000000001040-segment-11004685739714500220_2300_000_2320_000_with_camera_labels-10.png 416 1008 17
big_dataset_depth/000000001040-segment-11004685739714500220_2300_000_2320_000_with_camera_labels-10.png 424 1056 17
big_dataset_depth/000000001040-segment-11004685739714500220_2300_000_2320_000_with_camera_labels-10.png 432 1048 17
big_dataset_depth/000000001040-segment-11004685739714500220_2300_000_2320_000_with_camera_labels-10.png 440 1040 18
big_dataset_depth/000000001040-segment-11004685739714500220_2300_000_2320_000_with_camera_labels-10.png 448 1024 18
big_dataset_depth/000000001040-segment-11004685739714500220_2300_000_2320_000_with_camera_labels-10.png 456 1024 18
big_dataset_depth/000000001040-segment-11004685739714500220_2300_000_2320_000_with_camera_labels-10.png 464 1016 18
big_dataset_depth/000000001040-segment-11004685739714500220_2300_000_2320_000_with_camera_labels-10.png 472 1016 18
big_dataset_depth/000000001040-segment-11004685739714500220_2300_000_2320_000_with_camera_labels-10.png 480 1024 18
big_dataset_depth/000000001040-segment-11004685739714500220_2300_000_2320_000_with_camera_labels-10.png 488 1008 18
big_dataset_depth/000000001040-segment-11004685739714500220_2300_000_2320_000_with_camera_labels-10.png 496 1016 18
big_dataset_depth/000000001040-segment-11004685739714500220_2300_000_2320_000_with_camera_labels-10.png 504 1008 19
big_dataset_depth/000000001040-segment-11004685739714500220_2300_000_2320_000_with_camera_labels-10.png 512 968 19
big_dataset_depth/000000001040-segment-11004685739714500220_2300_000_2320_000_with_camera_labels-10.png 520 1008 19
big_dataset_depth/000000001040-segment-11004685739714500220_2300_000_2320_000_with_camera_labels-10.png 528 1008 19
big_dataset_depth/000000001040-segment-11004685739714500220_2300_000_2320_000_with_camera_labels-10.png 536 984 20
big_dataset_depth/000000001040-segment-11004685739714500220_2300_000_2320_000_with_camera_labels-10.png 544 960 20
big_dataset_depth/000000001040-segment-11004685739714500220_2300_000_2320_000_with_camera_labels-10.png 552 984 20
big_dataset_depth/000000001040-segment-11004685739714500220_2300_000_2320_000_with_camera_labels-10.png 560 968 21
big_dataset_depth/000000001040-segment-11004685739714500220_2300_000_2320_000_with_camera_labels-10.png 568 968 21
big_dataset_depth/000000001040-segment-11004685739714500220_2300_000_2320_000_with_camera_labels-10.png 576 968 21
big_dataset_depth/000000001040-segment-11004685739714500220_2300_000_2320_000_with_camera_labels-10.png 584 688 65
big_dataset_depth/000000001040-segment-11004685739714500220_2300_000_2320_000_with_camera_labels-10.png 592 688 65
big_dataset_depth/000000001040-segment-11004685739714500220_2300_000_2320_000_with_camera_labels-10.png 608 688 65
big_dataset_depth/000000001040-segment-11004685739714500220_2300_000_2320_000_with_camera_labels-10.png 616 688 65
big_dataset_depth/000000001040-segment-11004685739714500220_2300_000_2320_000_with_camera_labels-10.png 624 688 65
big_dataset_depth/000000001040-segment-11004685739714500220_2300_000_2320_000_with_camera_labels-10.png 632 688 65
big_dataset_depth/000000001040-segment-11004685739714500220_2300_000_2320_000_with_camera_labels-10.png 640 688 65
big_dataset_depth/000000001040-segment-11004685739714500220_2300_000_2320_000_with_camera_labels-10.png 648 688 65
big_dataset_depth/000000001040-segment-11004685739714500220_2300_000_2320_000_with_camera_labels-10.png 656 688 65
big_dataset_depth/000000001040-segment-11004685739714500220_2300_000_2320_000_with_camera_labels-10.png 664 688 65
big_dataset_depth/000000001040-segment-11004685739714500220_2300_000_2320_000_with_camera_labels-10.png 672 688 65
big_dataset_depth/000000001040-segment-11004685739714500220_2300_000_2320_000_with_camera_labels-10.png 680 688 65
big_dataset_depth/000000001040-segment-11004685739714500220_2300_000_2320_000_with_camera_labels-10.png 688 688 65
big_dataset_depth/000000001040-segment-11004685739714500220_2300_000_2320_000_with_camera_labels-10.png 696 688 65
big_dataset_depth/000000001040-segment-11004685739714500220_2300_000_2320_000_with_camera_labels-10.png 704 688 65
big_dataset_depth/000000001040-segment-11004685739714500220_2300_000_2320_000_with_camera_labels-10.png 712 688 64
big_dataset_depth/000000001040-segment-11004685739714500220_2300_000_2320_000_with_camera_labels-10.png 720 688 64
big_dataset_depth/000000001040-segment-11004685739714500220_2300_000_2320_000_with_camera_labels-10.png 728 696 63
big_dataset_depth/000000001040-segment-11004685739714500220_2300_000_2320_000_with_camera_labels-10.png 736 712 60
big_dataset_depth/000000001040-segment-11004685739714500220_2300_000_2320_000_with_camera_labels-10.png 744 696 64
big_dataset_depth/000000001040-segment-11004685739714500220_2300_000_2320_000_with_camera_labels-10.png 752 696 64
big_dataset_depth/000000001040-segment-11004685739714500220_2300_000_2320_000_with_camera_labels-10.png 760 704 62
big_dataset_depth/000000001040-segment-11004685739714500220_2300_000_2320_000_with_camera_labels-10.png 768 696 64
big_dataset_depth/000000001040-segment-11004685739714500220_2300_000_2320_000_with_camera_labels-10.png 776 696 64
big_dataset_depth/000000001040-segment-11004685739714500220_2300_000_2320_000_with_camera_labels-10.png 784 696 64
big_dataset_depth/000000001040-segment-11004685739714500220_2300_000_2320_000_with_camera_labels-10.png 792 696 64
big_dataset_depth/000000001040-segment-11004685739714500220_2300_000_2320_000_with_camera_labels-10.png 800 696 64
big_dataset_depth/000000001040-segment-11004685739714500220_2300_000_2320_000_with_camera_labels-10.png 808 696 64
big_dataset_depth/000000001040-segment-11004685739714500220_2300_000_2320_000_with_camera_labels-10.png 816 696 64
big_dataset_depth/000000001040-segment-11004685739714500220_2300_000_2320_000_with_camera_labels-10.png 824 696 64
big_dataset_depth/000000001040-segment-11004685739714500220_2300_000_2320_000_with_camera_labels-10.png 832 696 64
big_dataset_depth/000000001040-segment-11004685739714500220_2300_000_2320_000_with_camera_labels-10.png 840 696 64
big_dataset_depth/000000001040-segment-11004685739714500220_2300_000_2320_000_with_camera_labels-10.png 848 696 63
big_dataset_depth/000000001040-segment-11004685739714500220_2300_000_2320_000_with_camera_labels-10.png 856 712 61
big_dataset_depth/000000001040-segment-11004685739714500220_2300_000_2320_000_with_camera_labels-10.png 864 720 58
big_dataset_depth/000000001040-segment-11004685739714500220_2300_000_2320_000_with_camera_labels-10.png 872 720 58
big_dataset_depth/000000001040-segment-11004685739714500220_2300_000_2320_000_with_camera_labels-10.png 880 720 58
big_dataset_depth/000000001040-segment-11004685739714500220_2300_000_2320_000_with_camera_labels-10.png 888 720 58
big_dataset_depth/000000001040-segment-11004685739714500220_2300_000_2320_000_with_camera_labels-10.png 896 720 58
big_dataset_depth/000000001040-segment-11004685739714500220_2300_000_2320_000_with_camera_labels-10.png 904 720 58
big_dataset_depth/000000001040-segment-11004685739714500220_2300_000_2320_000_with_camera_labels-10.png 912 704 63
big_dataset_depth/000000001040-segment-11004685739714500220_2300_000_2320_000_with_camera_labels-10.png 920 704 63
big_dataset_depth/000000001040-segment-11004685739714500220_2300_000_2320_000_with_camera_labels-10.png 928 704 63
big_dataset_depth/000000001040-segment-11004685739714500220_2300_000_2320_000_with_camera_labels-10.png 936 704 62
big_dataset_depth/000000001040-segment-11004685739714500220_2300_000_2320_000_with_camera_labels-10.png 944 704 62
big_dataset_depth/000000001040-segment-11004685739714500220_2300_000_2320_000_with_camera_labels-10.png 952 704 62
big_dataset_depth/000000001040-segment-11004685739714500220_2300_000_2320_000_with_camera_labels-10.png 960 704 62
big_dataset_depth/000000001040-segment-11004685739714500220_2300_000_2320_000_with_camera_labels-10.png 968 704 62
big_dataset_depth/000000001040-segment-11004685739714500220_2300_000_2320_000_with_camera_labels-10.png 976 704 62
big_dataset_depth/000000001040-segment-11004685739714500220_2300_000_2320_000_with_camera_labels-10.png 984 704 62
big_dataset_depth/000000001040-segment-11004685739714500220_2300_000_2320_000_with_camera_labels-10.png 992 704 62
big_dataset_depth/000000001040-segment-11004685739714500220_2300_000_2320_000_with_camera_labels-10.png 1000 704 62
big_dataset_depth/000000001040-segment-11004685739714500220_2300_000_2320_000_with_camera_labels-10.png 1008 704 62
big_dataset_depth/000000001040-segment-11004685739714500220_2300_000_2320_000_with_camera_labels-10.png 1016 704 61
big_dataset_depth/000000001040-segment-11004685739714500220_2300_000_2320_000_with_camera_labels-10.png 1024 704 61
big_dataset_depth/000000001040-segment-11004685739714500220_2300_000_2320_000_with_camera_labels-10.png 1032 704 61
big_dataset_depth/000000001040-segment-11004685739714500220_2300_000_2320_000_with_camera_labels-10.png 1040 704 61
big_dataset_depth/000000001040-segment-11004685739714500220_2300_000_2320_000_with_camera_labels-10.png 1048 712 61
big_dataset_depth/000000001040-segment-11004685739714500220_2300_000_2320_000_with_camera_labels-10.png 1056 712 61
big_dataset_depth/000000001040-segment-11004685739714500220_2300_000_2320_000_with_camera_labels-10.png 1064 712 61
big_dataset_depth/000000001040-segment-11004685739714500220_2300_000_2320_000_with_camera_labels-10.png 1072 712 60
big_dataset_depth/000000001040-segment-11004685739714500220_2300_000_2320_000_with_camera_labels-10.png 1080 712 60
big_dataset_depth/000000001040-segment-11004685739714500220_2300_000_2320_000_with_camera_labels-10.png 1088 712 60
big_dataset_depth/000000001040-segment-11004685739714500220_2300_000_2320_000_with_camera_labels-10.png 1096 712 60
big_dataset_depth/000000001040-segment-11004685739714500220_2300_000_2320_000_with_camera_labels-10.png 1104 736 54
big_dataset_depth/000000001040-segment-11004685739714500220_2300_000_2320_000_with_camera_labels-10.png 1112 736 54
big_dataset_depth/000000001040-segment-11004685739714500220_2300_000_2320_000_with_camera_labels-10.png 1120 736 54
big_dataset_depth/000000001040-segment-11004685739714500220_2300_000_2320_000_with_camera_labels-10.png 1128 712 59
big_dataset_depth/000000001040-segment-11004685739714500220_2300_000_2320_000_with_camera_labels-10.png 1136 712 59
big_dataset_depth/000000001040-segment-11004685739714500220_2300_000_2320_000_with_camera_labels-10.png 1144 712 59
big_dataset_depth/000000001040-segment-11004685739714500220_2300_000_2320_000_with_camera_labels-10.png 1152 720 59
big_dataset_depth/000000001040-segment-11004685739714500220_2300_000_2320_000_with_camera_labels-10.png 1160 720 59
big_dataset_depth/000000001040-segment-11004685739714500220_2300_000_2320_000_with_camera_labels-10.png 1176 720 58
big_dataset_depth/000000001040-segment-11004685739714500220_2300_000_2320_000_with_camera_labels-10.png 1184 720 58
big_dataset_depth/000000001040-segment-11004685739714500220_2300_000_2320_000_with_camera_labels-10.png 1192 720 58
big_dataset_depth/000000001040-segment-11004685739714500220_2300_000_2320_000_with_camera_labels-10.png 1200 720 58
big_dataset_depth/000000001040-segment-11004685739714500220_2300_000_2320_000_with_camera_labels-10.png 1208 720 58
big_dataset_depth/000000001040-segment-11004685739714500220_2300_000_2320_000_with_camera_labels-10.png 1216 712 58
big_dataset_depth/000000001040-segment-11004685739714500220_2300_000_2320_000_with_camera_labels-10.png 1224 720 57
big_dataset_depth/000000001040-segment-11004685739714500220_2300_000_2320_000_with_camera_labels-10.png 1232 712 57
big_dataset_depth/000000001040-segment-11004685739714500220_2300_000_2320_000_with_camera_labels-10.png 1240 720 57
big_dataset_depth/000000001040-segment-11004685739714500220_2300_000_2320_000_with_camera_labels-10.png 1248 712 60
big_dataset_depth/000000001040-segment-11004685739714500220_2300_000_2320_000_with_camera_labels-10.png 1256 720 57
big_dataset_depth/000000001040-segment-11004685739714500220_2300_000_2320_000_with_camera_labels-10.png 1272 704 58
big_dataset_depth/000000001040-segment-11004685739714500220_2300_000_2320_000_with_camera_labels-10.png 1280 712 60
big_dataset_depth/000000001040-segment-11004685739714500220_2300_000_2320_000_with_camera_labels-10.png 1288 736 53
big_dataset_depth/000000001040-segment-11004685739714500220_2300_000_2320_000_with_camera_labels-10.png 1296 744 52
big_dataset_depth/000000001040-segment-11004685739714500220_2300_000_2320_000_with_camera_labels-10.png 1304 728 55
big_dataset_depth/000000001040-segment-11004685739714500220_2300_000_2320_000_with_camera_labels-10.png 1312 728 55
big_dataset_depth/000000001040-segment-11004685739714500220_2300_000_2320_000_with_camera_labels-10.png 1320 728 55
big_dataset_depth/000000001040-segment-11004685739714500220_2300_000_2320_000_with_camera_labels-10.png 1328 728 55
big_dataset_depth/000000001040-segment-11004685739714500220_2300_000_2320_000_with_camera_labels-10.png 1336 728 55
big_dataset_depth/000000001040-segment-11004685739714500220_2300_000_2320_000_with_camera_labels-10.png 1344 720 57
big_dataset_depth/000000001040-segment-11004685739714500220_2300_000_2320_000_with_camera_labels-10.png 1352 720 55
big_dataset_depth/000000001040-segment-11004685739714500220_2300_000_2320_000_with_camera_labels-10.png 1360 688 54
big_dataset_depth/000000001040-segment-11004685739714500220_2300_000_2320_000_with_camera_labels-10.png 1376 728 54
big_dataset_depth/000000001040-segment-11004685739714500220_2300_000_2320_000_with_camera_labels-10.png 1384 728 54
big_dataset_depth/000000001040-segment-11004685739714500220_2300_000_2320_000_with_camera_labels-10.png 1392 744 53
big_dataset_depth/000000001040-segment-11004685739714500220_2300_000_2320_000_with_camera_labels-10.png 1400 728 53
big_dataset_depth/000000001040-segment-11004685739714500220_2300_000_2320_000_with_camera_labels-10.png 1408 744 53
big_dataset_depth/000000001040-segment-11004685739714500220_2300_000_2320_000_with_camera_labels-10.png 1416 744 53
big_dataset_depth/000000001040-segment-11004685739714500220_2300_000_2320_000_with_camera_labels-10.png 1424 728 56
big_dataset_depth/000000001040-segment-11004685739714500220_2300_000_2320_000_with_camera_labels-10.png 1432 744 52
big_dataset_depth/000000001040-segment-11004685739714500220_2300_000_2320_000_with_camera_labels-10.png 1440 744 52
big_dataset_depth/000000001040-segment-11004685739714500220_2300_000_2320_000_with_camera_labels-10.png 1448 744 52
big_dataset_depth/000000001040-segment-11004685739714500220_2300_000_2320_000_with_camera_labels-10.png 1456 720 52
big_dataset_depth/000000001040-segment-11004685739714500220_2300_000_2320_000_with_camera_labels-10.png 1464 744 51
big_dataset_depth/000000001040-segment-11004685739714500220_2300_000_2320_000_with_camera_labels-10.png 1472 728 54
big_dataset_depth/000000001040-segment-11004685739714500220_2300_000_2320_000_with_camera_labels-10.png 1480 712 51
big_dataset_depth/000000001040-segment-11004685739714500220_2300_000_2320_000_with_camera_labels-10.png 1496 848 32
big_dataset_depth/000000001040-segment-11004685739714500220_2300_000_2320_000_with_camera_labels-10.png 1504 848 32
big_dataset_depth/000000001040-segment-11004685739714500220_2300_000_2320_000_with_camera_labels-10.png 1512 848 32
big_dataset_depth/000000001040-segment-11004685739714500220_2300_000_2320_000_with_camera_labels-10.png 1520 856 31
big_dataset_depth/000000001040-segment-11004685739714500220_2300_000_2320_000_with_camera_labels-10.png 1528 848 32
big_dataset_depth/000000001040-segment-11004685739714500220_2300_000_2320_000_with_camera_labels-10.png 1536 808 31
big_dataset_depth/000000001040-segment-11004685739714500220_2300_000_2320_000_with_camera_labels-10.png 1544 848 32
big_dataset_depth/000000001040-segment-11004685739714500220_2300_000_2320_000_with_camera_labels-10.png 1552 800 31
big_dataset_depth/000000001040-segment-11004685739714500220_2300_000_2320_000_with_camera_labels-10.png 1560 832 32
big_dataset_depth/000000001040-segment-11004685739714500220_2300_000_2320_000_with_camera_labels-10.png 1568 808 31
big_dataset_depth/000000001040-segment-11004685739714500220_2300_000_2320_000_with_camera_labels-10.png 1576 832 32
big_dataset_depth/000000001040-segment-11004685739714500220_2300_000_2320_000_with_camera_labels-10.png 1584 808 31
big_dataset_depth/000000001040-segment-11004685739714500220_2300_000_2320_000_with_camera_labels-10.png 1592 816 31
big_dataset_depth/000000001040-segment-11004685739714500220_2300_000_2320_000_with_camera_labels-10.png 1600 832 32
big_dataset_depth/000000001040-segment-11004685739714500220_2300_000_2320_000_with_camera_labels-10.png 1608 808 31
big_dataset_depth/000000001040-segment-11004685739714500220_2300_000_2320_000_with_camera_labels-10.png 1616 808 31
big_dataset_depth/000000001040-segment-11004685739714500220_2300_000_2320_000_with_camera_labels-10.png 1624 808 31
big_dataset_depth/000000001040-segment-11004685739714500220_2300_000_2320_000_with_camera_labels-10.png 1632 832 32
big_dataset_depth/000000001040-segment-11004685739714500220_2300_000_2320_000_with_camera_labels-10.png 1640 816 32
big_dataset_depth/000000001040-segment-11004685739714500220_2300_000_2320_000_with_camera_labels-10.png 1648 808 31
big_dataset_depth/000000001040-segment-11004685739714500220_2300_000_2320_000_with_camera_labels-10.png 1656 808 31
big_dataset_depth/000000001040-segment-11004685739714500220_2300_000_2320_000_with_camera_labels-10.png 1664 808 31
big_dataset_depth/000000001040-segment-11004685739714500220_2300_000_2320_000_with_camera_labels-10.png 1672 824 32
big_dataset_depth/000000001040-segment-11004685739714500220_2300_000_2320_000_with_camera_labels-10.png 1680 856 32
big_dataset_depth/000000001040-segment-11004685739714500220_2300_000_2320_000_with_camera_labels-10.png 1688 856 32
big_dataset_depth/000000001040-segment-11004685739714500220_2300_000_2320_000_with_camera_labels-10.png 1696 856 32
big_dataset_depth/000000001040-segment-11004685739714500220_2300_000_2320_000_with_camera_labels-10.png 1704 848 34
big_dataset_depth/000000001040-segment-11004685739714500220_2300_000_2320_000_with_camera_labels-10.png 1712 776 45
big_dataset_depth/000000001040-segment-11004685739714500220_2300_000_2320_000_with_camera_labels-10.png 1720 776 45
big_dataset_depth/000000001040-segment-11004685739714500220_2300_000_2320_000_with_camera_labels-10.png 1728 776 44
big_dataset_depth/000000001040-segment-11004685739714500220_2300_000_2320_000_with_camera_labels-10.png 1736 776 44
big_dataset_depth/000000001040-segment-11004685739714500220_2300_000_2320_000_with_camera_labels-10.png 1744 752 45
big_dataset_depth/000000001040-segment-11004685739714500220_2300_000_2320_000_with_camera_labels-10.png 1752 752 45
big_dataset_depth/000000001040-segment-11004685739714500220_2300_000_2320_000_with_camera_labels-10.png 1768 840 36
big_dataset_depth/000000001040-segment-11004685739714500220_2300_000_2320_000_with_camera_labels-10.png 1776 840 36
big_dataset_depth/000000001040-segment-11004685739714500220_2300_000_2320_000_with_camera_labels-10.png 1784 840 36
big_dataset_depth/000000001040-segment-11004685739714500220_2300_000_2320_000_with_camera_labels-10.png 1792 792 43
big_dataset_depth/000000001040-segment-11004685739714500220_2300_000_2320_000_with_camera_labels-10.png 1800 792 43
big_dataset_depth/000000001040-segment-11004685739714500220_2300_000_2320_000_with_camera_labels-10.png 1808 776 42
big_dataset_depth/000000001040-segment-11004685739714500220_2300_000_2320_000_with_camera_labels-10.png 1816 792 41
big_dataset_depth/000000001040-segment-11004685739714500220_2300_000_2320_000_with_camera_labels-10.png 1824 800 41
big_dataset_depth/000000001040-segment-11004685739714500220_2300_000_2320_000_with_camera_labels-10.png 1832 800 41
big_dataset_depth/000000001040-segment-11004685739714500220_2300_000_2320_000_with_camera_labels-10.png 1840 800 41
big_dataset_depth/000000001040-segment-11004685739714500220_2300_000_2320_000_with_camera_labels-10.png 1848 808 41
big_dataset_depth/000000001040-segment-11004685739714500220_2300_000_2320_000_with_camera_labels-10.png 1856 792 41
big_dataset_depth/000000001040-segment-11004685739714500220_2300_000_2320_000_with_camera_labels-10.png 1864 784 42
big_dataset_depth/000000001040-segment-11004685739714500220_2300_000_2320_000_with_camera_labels-10.png 1872 776 42
big_dataset_depth/000000001040-segment-11004685739714500220_2300_000_2320_000_with_camera_labels-10.png 1880 792 41
big_dataset_depth/000000001040-segment-11004685739714500220_2300_000_2320_000_with_camera_labels-10.png 1888 792 41
big_dataset_depth/000000001040-segment-11004685739714500220_2300_000_2320_000_with_camera_labels-10.png 1896 808 41
big_dataset_depth/000000001040-segment-11004685739714500220_2300_000_2320_000_with_camera_labels-10.png 1904 808 41
big_dataset_depth/000000001040-segment-11004685739714500220_2300_000_2320_000_with_camera_labels-10.png 1912 808 41
