big_dataset_depth/000000002317-segment-12505030131868863688_1740_000_1760_000_with_camera_labels-0.png 0 824 33
big_dataset_depth/000000002317-segment-12505030131868863688_1740_000_1760_000_with_camera_labels-0.png 8 944 28
big_dataset_depth/000000002317-segment-12505030131868863688_1740_000_1760_000_with_camera_labels-0.png 16 1240 12
big_dataset_depth/000000002317-segment-12505030131868863688_1740_000_1760_000_with_camera_labels-0.png 24 936 28
big_dataset_depth/000000002317-segment-12505030131868863688_1740_000_1760_000_with_camera_labels-0.png 32 1040 23
big_dataset_depth/000000002317-segment-12505030131868863688_1740_000_1760_000_with_camera_labels-0.png 40 1240 12
big_dataset_depth/000000002317-segment-12505030131868863688_1740_000_1760_000_with_camera_labels-0.png 48 1232 12
big_dataset_depth/000000002317-segment-12505030131868863688_1740_000_1760_000_with_camera_labels-0.png 56 1240 12
big_dataset_depth/000000002317-segment-12505030131868863688_1740_000_1760_000_with_camera_labels-0.png 64 1240 12
big_dataset_depth/000000002317-segment-12505030131868863688_1740_000_1760_000_with_camera_labels-0.png 72 1024 31
big_dataset_depth/000000002317-segment-12505030131868863688_1740_000_1760_000_with_camera_labels-0.png 80 1240 12
big_dataset_depth/000000002317-segment-12505030131868863688_1740_000_1760_000_with_camera_labels-0.png 88 912 40
big_dataset_depth/000000002317-segment-12505030131868863688_1740_000_1760_000_with_camera_labels-0.png 96 1240 12
big_dataset_depth/000000002317-segment-12505030131868863688_1740_000_1760_000_with_camera_labels-0.png 104 1240 12
big_dataset_depth/000000002317-segment-12505030131868863688_1740_000_1760_000_with_camera_labels-0.png 112 1016 31
big_dataset_depth/000000002317-segment-12505030131868863688_1740_000_1760_000_with_camera_labels-0.png 120 1232 12
big_dataset_depth/000000002317-segment-12505030131868863688_1740_000_1760_000_with_camera_labels-0.png 128 784 49
big_dataset_depth/000000002317-segment-12505030131868863688_1740_000_1760_000_with_camera_labels-0.png 136 1232 12
big_dataset_depth/000000002317-segment-12505030131868863688_1740_000_1760_000_with_camera_labels-0.png 144 1008 31
big_dataset_depth/000000002317-segment-12505030131868863688_1740_000_1760_000_with_camera_labels-0.png 152 1248 12
big_dataset_depth/000000002317-segment-12505030131868863688_1740_000_1760_000_with_camera_labels-0.png 160 1232 12
big_dataset_depth/000000002317-segment-12505030131868863688_1740_000_1760_000_with_camera_labels-0.png 168 1232 12
big_dataset_depth/000000002317-segment-12505030131868863688_1740_000_1760_000_with_camera_labels-0.png 176 1232 12
big_dataset_depth/000000002317-segment-12505030131868863688_1740_000_1760_000_with_camera_labels-0.png 184 1240 12
big_dataset_depth/000000002317-segment-12505030131868863688_1740_000_1760_000_with_camera_labels-0.png 192 1232 12
big_dataset_depth/000000002317-segment-12505030131868863688_1740_000_1760_000_with_camera_labels-0.png 200 1232 12
big_dataset_depth/000000002317-segment-12505030131868863688_1740_000_1760_000_with_camera_labels-0.png 208 1224 12
big_dataset_depth/000000002317-segment-12505030131868863688_1740_000_1760_000_with_camera_labels-0.png 216 1232 12
big_dataset_depth/000000002317-segment-12505030131868863688_1740_000_1760_000_with_camera_labels-0.png 224 1224 12
big_dataset_depth/000000002317-segment-12505030131868863688_1740_000_1760_000_with_camera_labels-0.png 232 1224 12
big_dataset_depth/000000002317-segment-12505030131868863688_1740_000_1760_000_with_camera_labels-0.png 240 1224 12
big_dataset_depth/000000002317-segment-12505030131868863688_1740_000_1760_000_with_camera_labels-0.png 248 1232 12
big_dataset_depth/000000002317-segment-12505030131868863688_1740_000_1760_000_with_camera_labels-0.png 256 1248 12
big_dataset_depth/000000002317-segment-12505030131868863688_1740_000_1760_000_with_camera_labels-0.png 264 1232 12
big_dataset_depth/000000002317-segment-12505030131868863688_1740_000_1760_000_with_camera_labels-0.png 272 1224 12
big_dataset_depth/000000002317-segment-12505030131868863688_1740_000_1760_000_with_camera_labels-0.png 280 1240 12
big_dataset_depth/000000002317-segment-12505030131868863688_1740_000_1760_000_with_camera_labels-0.png 288 1248 12
big_dataset_depth/000000002317-segment-12505030131868863688_1740_000_1760_000_with_camera_labels-0.png 296 1248 12
big_dataset_depth/000000002317-segment-12505030131868863688_1740_000_1760_000_with_camera_labels-0.png 304 1248 12
big_dataset_depth/000000002317-segment-12505030131868863688_1740_000_1760_000_with_camera_labels-0.png 312 1232 12
big_dataset_depth/000000002317-segment-12505030131868863688_1740_000_1760_000_with_camera_labels-0.png 320 1240 12
big_dataset_depth/000000002317-segment-12505030131868863688_1740_000_1760_000_with_camera_labels-0.png 328 1232 12
big_dataset_depth/000000002317-segment-12505030131868863688_1740_000_1760_000_with_camera_labels-0.png 336 1240 12
big_dataset_depth/000000002317-segment-12505030131868863688_1740_000_1760_000_with_camera_labels-0.png 344 1240 12
big_dataset_depth/000000002317-segment-12505030131868863688_1740_000_1760_000_with_camera_labels-0.png 352 1240 12
big_dataset_depth/000000002317-segment-12505030131868863688_1740_000_1760_000_with_camera_labels-0.png 360 1232 12
big_dataset_depth/000000002317-segment-12505030131868863688_1740_000_1760_000_with_camera_labels-0.png 368 1224 12
big_dataset_depth/000000002317-segment-12505030131868863688_1740_000_1760_000_with_camera_labels-0.png 376 1240 12
big_dataset_depth/000000002317-segment-12505030131868863688_1740_000_1760_000_with_camera_labels-0.png 384 1240 12
big_dataset_depth/000000002317-segment-12505030131868863688_1740_000_1760_000_with_camera_labels-0.png 392 1240 12
big_dataset_depth/000000002317-segment-12505030131868863688_1740_000_1760_000_with_camera_labels-0.png 400 1216 12
big_dataset_depth/000000002317-segment-12505030131868863688_1740_000_1760_000_with_camera_labels-0.png 408 1216 12
big_dataset_depth/000000002317-segment-12505030131868863688_1740_000_1760_000_with_camera_labels-0.png 416 1192 12
big_dataset_depth/000000002317-segment-12505030131868863688_1740_000_1760_000_with_camera_labels-0.png 424 1168 13
big_dataset_depth/000000002317-segment-12505030131868863688_1740_000_1760_000_with_camera_labels-0.png 456 744 26
big_dataset_depth/000000002317-segment-12505030131868863688_1740_000_1760_000_with_camera_labels-0.png 488 736 27
big_dataset_depth/000000002317-segment-12505030131868863688_1740_000_1760_000_with_camera_labels-0.png 496 744 28
big_dataset_depth/000000002317-segment-12505030131868863688_1740_000_1760_000_with_camera_labels-0.png 504 744 28
big_dataset_depth/000000002317-segment-12505030131868863688_1740_000_1760_000_with_camera_labels-0.png 512 728 28
big_dataset_depth/000000002317-segment-12505030131868863688_1740_000_1760_000_with_camera_labels-0.png 536 552 104
big_dataset_depth/000000002317-segment-12505030131868863688_1740_000_1760_000_with_camera_labels-0.png 560 592 57
big_dataset_depth/000000002317-segment-12505030131868863688_1740_000_1760_000_with_camera_labels-0.png 568 624 45
big_dataset_depth/000000002317-segment-12505030131868863688_1740_000_1760_000_with_camera_labels-0.png 576 624 45
big_dataset_depth/000000002317-segment-12505030131868863688_1740_000_1760_000_with_camera_labels-0.png 584 616 46
big_dataset_depth/000000002317-segment-12505030131868863688_1740_000_1760_000_with_camera_labels-0.png 592 616 45
big_dataset_depth/000000002317-segment-12505030131868863688_1740_000_1760_000_with_camera_labels-0.png 600 616 45
big_dataset_depth/000000002317-segment-12505030131868863688_1740_000_1760_000_with_camera_labels-0.png 608 608 45
big_dataset_depth/000000002317-segment-12505030131868863688_1740_000_1760_000_with_camera_labels-0.png 616 616 46
big_dataset_depth/000000002317-segment-12505030131868863688_1740_000_1760_000_with_camera_labels-0.png 624 616 45
big_dataset_depth/000000002317-segment-12505030131868863688_1740_000_1760_000_with_camera_labels-0.png 632 608 45
big_dataset_depth/000000002317-segment-12505030131868863688_1740_000_1760_000_with_camera_labels-0.png 640 608 45
big_dataset_depth/000000002317-segment-12505030131868863688_1740_000_1760_000_with_camera_labels-0.png 648 608 45
big_dataset_depth/000000002317-segment-12505030131868863688_1740_000_1760_000_with_camera_labels-0.png 656 616 45
big_dataset_depth/000000002317-segment-12505030131868863688_1740_000_1760_000_with_camera_labels-0.png 664 616 45
big_dataset_depth/000000002317-segment-12505030131868863688_1740_000_1760_000_with_camera_labels-0.png 672 616 45
big_dataset_depth/000000002317-segment-12505030131868863688_1740_000_1760_000_with_camera_labels-0.png 680 600 45
big_dataset_depth/000000002317-segment-12505030131868863688_1740_000_1760_000_with_camera_labels-0.png 688 624 47
big_dataset_depth/000000002317-segment-12505030131868863688_1740_000_1760_000_with_camera_labels-0.png 696 592 47
big_dataset_depth/000000002317-segment-12505030131868863688_1740_000_1760_000_with_camera_labels-0.png 704 600 49
big_dataset_depth/000000002317-segment-12505030131868863688_1740_000_1760_000_with_camera_labels-0.png 720 544 104
big_dataset_depth/000000002317-segment-12505030131868863688_1740_000_1760_000_with_camera_labels-0.png 728 568 72
big_dataset_depth/000000002317-segment-12505030131868863688_1740_000_1760_000_with_camera_labels-0.png 744 560 71
big_dataset_depth/000000002317-segment-12505030131868863688_1740_000_1760_000_with_camera_labels-0.png 752 560 71
big_dataset_depth/000000002317-segment-12505030131868863688_1740_000_1760_000_with_camera_labels-0.png 760 552 71
big_dataset_depth/000000002317-segment-12505030131868863688_1740_000_1760_000_with_camera_labels-0.png 768 664 33
big_dataset_depth/000000002317-segment-12505030131868863688_1740_000_1760_000_with_camera_labels-0.png 776 688 33
big_dataset_depth/000000002317-segment-12505030131868863688_1740_000_1760_000_with_camera_labels-0.png 784 816 19
big_dataset_depth/000000002317-segment-12505030131868863688_1740_000_1760_000_with_camera_labels-0.png 792 832 24
big_dataset_depth/000000002317-segment-12505030131868863688_1740_000_1760_000_with_camera_labels-0.png 800 896 19
big_dataset_depth/000000002317-segment-12505030131868863688_1740_000_1760_000_with_camera_labels-0.png 808 904 19
big_dataset_depth/000000002317-segment-12505030131868863688_1740_000_1760_000_with_camera_labels-0.png 816 880 19
big_dataset_depth/000000002317-segment-12505030131868863688_1740_000_1760_000_with_camera_labels-0.png 824 872 19
big_dataset_depth/000000002317-segment-12505030131868863688_1740_000_1760_000_with_camera_labels-0.png 832 888 19
big_dataset_depth/000000002317-segment-12505030131868863688_1740_000_1760_000_with_camera_labels-0.png 840 872 19
big_dataset_depth/000000002317-segment-12505030131868863688_1740_000_1760_000_with_camera_labels-0.png 848 864 19
big_dataset_depth/000000002317-segment-12505030131868863688_1740_000_1760_000_with_camera_labels-0.png 856 864 19
big_dataset_depth/000000002317-segment-12505030131868863688_1740_000_1760_000_with_camera_labels-0.png 864 872 19
big_dataset_depth/000000002317-segment-12505030131868863688_1740_000_1760_000_with_camera_labels-0.png 872 864 19
big_dataset_depth/000000002317-segment-12505030131868863688_1740_000_1760_000_with_camera_labels-0.png 880 864 18
big_dataset_depth/000000002317-segment-12505030131868863688_1740_000_1760_000_with_camera_labels-0.png 888 872 19
big_dataset_depth/000000002317-segment-12505030131868863688_1740_000_1760_000_with_camera_labels-0.png 896 864 18
big_dataset_depth/000000002317-segment-12505030131868863688_1740_000_1760_000_with_camera_labels-0.png 904 944 18
big_dataset_depth/000000002317-segment-12505030131868863688_1740_000_1760_000_with_camera_labels-0.png 912 864 18
big_dataset_depth/000000002317-segment-12505030131868863688_1740_000_1760_000_with_camera_labels-0.png 920 864 18
big_dataset_depth/000000002317-segment-12505030131868863688_1740_000_1760_000_with_camera_labels-0.png 928 864 18
big_dataset_depth/000000002317-segment-12505030131868863688_1740_000_1760_000_with_camera_labels-0.png 936 864 18
big_dataset_depth/000000002317-segment-12505030131868863688_1740_000_1760_000_with_camera_labels-0.png 944 864 18
big_dataset_depth/000000002317-segment-12505030131868863688_1740_000_1760_000_with_camera_labels-0.png 952 864 18
big_dataset_depth/000000002317-segment-12505030131868863688_1740_000_1760_000_with_camera_labels-0.png 960 864 18
big_dataset_depth/000000002317-segment-12505030131868863688_1740_000_1760_000_with_camera_labels-0.png 968 864 19
big_dataset_depth/000000002317-segment-12505030131868863688_1740_000_1760_000_with_camera_labels-0.png 976 928 18
big_dataset_depth/000000002317-segment-12505030131868863688_1740_000_1760_000_with_camera_labels-0.png 984 864 19
big_dataset_depth/000000002317-segment-12505030131868863688_1740_000_1760_000_with_camera_labels-0.png 992 864 19
big_dataset_depth/000000002317-segment-12505030131868863688_1740_000_1760_000_with_camera_labels-0.png 1000 904 19
big_dataset_depth/000000002317-segment-12505030131868863688_1740_000_1760_000_with_camera_labels-0.png 1008 880 19
big_dataset_depth/000000002317-segment-12505030131868863688_1740_000_1760_000_with_camera_labels-0.png 1016 864 19
big_dataset_depth/000000002317-segment-12505030131868863688_1740_000_1760_000_with_camera_labels-0.png 1024 896 18
big_dataset_depth/000000002317-segment-12505030131868863688_1740_000_1760_000_with_camera_labels-0.png 1032 864 19
big_dataset_depth/000000002317-segment-12505030131868863688_1740_000_1760_000_with_camera_labels-0.png 1040 864 19
big_dataset_depth/000000002317-segment-12505030131868863688_1740_000_1760_000_with_camera_labels-0.png 1048 912 19
big_dataset_depth/000000002317-segment-12505030131868863688_1740_000_1760_000_with_camera_labels-0.png 1056 896 19
big_dataset_depth/000000002317-segment-12505030131868863688_1740_000_1760_000_with_camera_labels-0.png 1064 896 19
big_dataset_depth/000000002317-segment-12505030131868863688_1740_000_1760_000_with_camera_labels-0.png 1072 880 19
big_dataset_depth/000000002317-segment-12505030131868863688_1740_000_1760_000_with_camera_labels-0.png 1080 576 53
big_dataset_depth/000000002317-segment-12505030131868863688_1740_000_1760_000_with_camera_labels-0.png 1088 576 53
big_dataset_depth/000000002317-segment-12505030131868863688_1740_000_1760_000_with_camera_labels-0.png 1096 568 52
big_dataset_depth/000000002317-segment-12505030131868863688_1740_000_1760_000_with_camera_labels-0.png 1104 568 52
big_dataset_depth/000000002317-segment-12505030131868863688_1740_000_1760_000_with_camera_labels-0.png 1112 576 53
big_dataset_depth/000000002317-segment-12505030131868863688_1740_000_1760_000_with_camera_labels-0.png 1120 576 52
big_dataset_depth/000000002317-segment-12505030131868863688_1740_000_1760_000_with_camera_labels-0.png 1128 576 52
big_dataset_depth/000000002317-segment-12505030131868863688_1740_000_1760_000_with_camera_labels-0.png 1136 568 53
big_dataset_depth/000000002317-segment-12505030131868863688_1740_000_1760_000_with_camera_labels-0.png 1144 592 58
big_dataset_depth/000000002317-segment-12505030131868863688_1740_000_1760_000_with_camera_labels-0.png 1152 576 31
big_dataset_depth/000000002317-segment-12505030131868863688_1740_000_1760_000_with_camera_labels-0.png 1160 688 32
big_dataset_depth/000000002317-segment-12505030131868863688_1740_000_1760_000_with_camera_labels-0.png 1168 696 32
big_dataset_depth/000000002317-segment-12505030131868863688_1740_000_1760_000_with_camera_labels-0.png 1176 688 32
big_dataset_depth/000000002317-segment-12505030131868863688_1740_000_1760_000_with_camera_labels-0.png 1184 648 29
big_dataset_depth/000000002317-segment-12505030131868863688_1740_000_1760_000_with_camera_labels-0.png 1192 736 28
big_dataset_depth/000000002317-segment-12505030131868863688_1740_000_1760_000_with_camera_labels-0.png 1200 744 28
big_dataset_depth/000000002317-segment-12505030131868863688_1740_000_1760_000_with_camera_labels-0.png 1208 736 28
big_dataset_depth/000000002317-segment-12505030131868863688_1740_000_1760_000_with_camera_labels-0.png 1216 720 28
big_dataset_depth/000000002317-segment-12505030131868863688_1740_000_1760_000_with_camera_labels-0.png 1224 728 28
big_dataset_depth/000000002317-segment-12505030131868863688_1740_000_1760_000_with_camera_labels-0.png 1232 704 27
big_dataset_depth/000000002317-segment-12505030131868863688_1740_000_1760_000_with_camera_labels-0.png 1240 728 29
big_dataset_depth/000000002317-segment-12505030131868863688_1740_000_1760_000_with_camera_labels-0.png 1248 688 27
big_dataset_depth/000000002317-segment-12505030131868863688_1740_000_1760_000_with_camera_labels-0.png 1256 712 28
big_dataset_depth/000000002317-segment-12505030131868863688_1740_000_1760_000_with_camera_labels-0.png 1264 688 27
big_dataset_depth/000000002317-segment-12505030131868863688_1740_000_1760_000_with_camera_labels-0.png 1280 712 28
big_dataset_depth/000000002317-segment-12505030131868863688_1740_000_1760_000_with_camera_labels-0.png 1288 696 27
big_dataset_depth/000000002317-segment-12505030131868863688_1740_000_1760_000_with_camera_labels-0.png 1296 688 27
big_dataset_depth/000000002317-segment-12505030131868863688_1740_000_1760_000_with_camera_labels-0.png 1304 720 28
big_dataset_depth/000000002317-segment-12505030131868863688_1740_000_1760_000_with_camera_labels-0.png 1312 696 27
big_dataset_depth/000000002317-segment-12505030131868863688_1740_000_1760_000_with_camera_labels-0.png 1320 688 27
big_dataset_depth/000000002317-segment-12505030131868863688_1740_000_1760_000_with_camera_labels-0.png 1328 696 27
big_dataset_depth/000000002317-segment-12505030131868863688_1740_000_1760_000_with_camera_labels-0.png 1336 688 27
big_dataset_depth/000000002317-segment-12505030131868863688_1740_000_1760_000_with_camera_labels-0.png 1344 712 28
big_dataset_depth/000000002317-segment-12505030131868863688_1740_000_1760_000_with_camera_labels-0.png 1352 688 27
big_dataset_depth/000000002317-segment-12505030131868863688_1740_000_1760_000_with_camera_labels-0.png 1360 704 27
big_dataset_depth/000000002317-segment-12505030131868863688_1740_000_1760_000_with_camera_labels-0.png 1368 704 28
big_dataset_depth/000000002317-segment-12505030131868863688_1740_000_1760_000_with_camera_labels-0.png 1376 728 29
big_dataset_depth/000000002317-segment-12505030131868863688_1740_000_1760_000_with_camera_labels-0.png 1384 736 28
big_dataset_depth/000000002317-segment-12505030131868863688_1740_000_1760_000_with_camera_labels-0.png 1392 720 28
big_dataset_depth/000000002317-segment-12505030131868863688_1740_000_1760_000_with_camera_labels-0.png 1400 728 28
big_dataset_depth/000000002317-segment-12505030131868863688_1740_000_1760_000_with_camera_labels-0.png 1408 680 27
big_dataset_depth/000000002317-segment-12505030131868863688_1740_000_1760_000_with_camera_labels-0.png 1416 672 27
big_dataset_depth/000000002317-segment-12505030131868863688_1740_000_1760_000_with_camera_labels-0.png 1424 656 28
big_dataset_depth/000000002317-segment-12505030131868863688_1740_000_1760_000_with_camera_labels-0.png 1432 568 63
big_dataset_depth/000000002317-segment-12505030131868863688_1740_000_1760_000_with_camera_labels-0.png 1440 576 63
big_dataset_depth/000000002317-segment-12505030131868863688_1740_000_1760_000_with_camera_labels-0.png 1448 568 64
big_dataset_depth/000000002317-segment-12505030131868863688_1740_000_1760_000_with_camera_labels-0.png 1456 584 62
big_dataset_depth/000000002317-segment-12505030131868863688_1740_000_1760_000_with_camera_labels-0.png 1464 568 64
big_dataset_depth/000000002317-segment-12505030131868863688_1740_000_1760_000_with_camera_labels-0.png 1472 560 69
big_dataset_depth/000000002317-segment-12505030131868863688_1740_000_1760_000_with_camera_labels-0.png 1480 552 69
big_dataset_depth/000000002317-segment-12505030131868863688_1740_000_1760_000_with_camera_labels-0.png 1488 552 69
big_dataset_depth/000000002317-segment-12505030131868863688_1740_000_1760_000_with_camera_labels-0.png 1496 560 67
big_dataset_depth/000000002317-segment-12505030131868863688_1740_000_1760_000_with_camera_labels-0.png 1504 568 64
big_dataset_depth/000000002317-segment-12505030131868863688_1740_000_1760_000_with_camera_labels-0.png 1512 552 65
big_dataset_depth/000000002317-segment-12505030131868863688_1740_000_1760_000_with_camera_labels-0.png 1520 560 65
big_dataset_depth/000000002317-segment-12505030131868863688_1740_000_1760_000_with_camera_labels-0.png 1528 560 66
big_dataset_depth/000000002317-segment-12505030131868863688_1740_000_1760_000_with_camera_labels-0.png 1536 568 65
big_dataset_depth/000000002317-segment-12505030131868863688_1740_000_1760_000_with_camera_labels-0.png 1544 560 64
big_dataset_depth/000000002317-segment-12505030131868863688_1740_000_1760_000_with_camera_labels-0.png 1552 560 66
big_dataset_depth/000000002317-segment-12505030131868863688_1740_000_1760_000_with_camera_labels-0.png 1560 600 51
big_dataset_depth/000000002317-segment-12505030131868863688_1740_000_1760_000_with_camera_labels-0.png 1568 600 51
big_dataset_depth/000000002317-segment-12505030131868863688_1740_000_1760_000_with_camera_labels-0.png 1576 600 51
big_dataset_depth/000000002317-segment-12505030131868863688_1740_000_1760_000_with_camera_labels-0.png 1584 600 51
big_dataset_depth/000000002317-segment-12505030131868863688_1740_000_1760_000_with_camera_labels-0.png 1592 616 46
big_dataset_depth/000000002317-segment-12505030131868863688_1740_000_1760_000_with_camera_labels-0.png 1600 608 45
big_dataset_depth/000000002317-segment-12505030131868863688_1740_000_1760_000_with_camera_labels-0.png 1608 584 54
big_dataset_depth/000000002317-segment-12505030131868863688_1740_000_1760_000_with_camera_labels-0.png 1616 552 46
big_dataset_depth/000000002317-segment-12505030131868863688_1740_000_1760_000_with_camera_labels-0.png 1632 568 37
big_dataset_depth/000000002317-segment-12505030131868863688_1740_000_1760_000_with_camera_labels-0.png 1640 560 37
big_dataset_depth/000000002317-segment-12505030131868863688_1740_000_1760_000_with_camera_labels-0.png 1648 656 37
big_dataset_depth/000000002317-segment-12505030131868863688_1740_000_1760_000_with_camera_labels-0.png 1656 648 37
big_dataset_depth/000000002317-segment-12505030131868863688_1740_000_1760_000_with_camera_labels-0.png 1664 656 37
big_dataset_depth/000000002317-segment-12505030131868863688_1740_000_1760_000_with_camera_labels-0.png 1672 656 37
big_dataset_depth/000000002317-segment-12505030131868863688_1740_000_1760_000_with_camera_labels-0.png 1680 624 37
big_dataset_depth/000000002317-segment-12505030131868863688_1740_000_1760_000_with_camera_labels-0.png 1688 616 37
big_dataset_depth/000000002317-segment-12505030131868863688_1740_000_1760_000_with_camera_labels-0.png 1696 576 59
big_dataset_depth/000000002317-segment-12505030131868863688_1740_000_1760_000_with_camera_labels-0.png 1720 656 37
big_dataset_depth/000000002317-segment-12505030131868863688_1740_000_1760_000_with_camera_labels-0.png 1728 656 37
big_dataset_depth/000000002317-segment-12505030131868863688_1740_000_1760_000_with_camera_labels-0.png 1736 656 37
big_dataset_depth/000000002317-segment-12505030131868863688_1740_000_1760_000_with_camera_labels-0.png 1744 632 44
big_dataset_depth/000000002317-segment-12505030131868863688_1740_000_1760_000_with_camera_labels-0.png 1760 568 59
big_dataset_depth/000000002317-segment-12505030131868863688_1740_000_1760_000_with_camera_labels-0.png 1768 656 37
big_dataset_depth/000000002317-segment-12505030131868863688_1740_000_1760_000_with_camera_labels-0.png 1776 656 37
big_dataset_depth/000000002317-segment-12505030131868863688_1740_000_1760_000_with_camera_labels-0.png 1784 592 51
big_dataset_depth/000000002317-segment-12505030131868863688_1740_000_1760_000_with_camera_labels-0.png 1792 592 51
big_dataset_depth/000000002317-segment-12505030131868863688_1740_000_1760_000_with_camera_labels-0.png 1816 640 35
big_dataset_depth/000000002317-segment-12505030131868863688_1740_000_1760_000_with_camera_labels-0.png 1824 664 36
big_dataset_depth/000000002317-segment-12505030131868863688_1740_000_1760_000_with_camera_labels-0.png 1832 664 36
big_dataset_depth/000000002317-segment-12505030131868863688_1740_000_1760_000_with_camera_labels-0.png 1840 656 34
big_dataset_depth/000000002317-segment-12505030131868863688_1740_000_1760_000_with_camera_labels-0.png 1848 680 34
big_dataset_depth/000000002317-segment-12505030131868863688_1740_000_1760_000_with_camera_labels-0.png 1856 664 34
big_dataset_depth/000000002317-segment-12505030131868863688_1740_000_1760_000_with_camera_labels-0.png 1864 648 36
big_dataset_depth/000000002317-segment-12505030131868863688_1740_000_1760_000_with_camera_labels-0.png 1872 648 39
big_dataset_depth/000000002317-segment-12505030131868863688_1740_000_1760_000_with_camera_labels-0.png 1888 664 37
big_dataset_depth/000000002317-segment-12505030131868863688_1740_000_1760_000_with_camera_labels-0.png 1904 640 42
big_dataset_depth/000000002317-segment-12505030131868863688_1740_000_1760_000_with_camera_labels-0.png 1912 672 37
