big_dataset_depth/000000001572-segment-11489533038039664633_4820_000_4840_000_with_camera_labels-130.png 0 968 22
big_dataset_depth/000000001572-segment-11489533038039664633_4820_000_4840_000_with_camera_labels-130.png 8 968 22
big_dataset_depth/000000001572-segment-11489533038039664633_4820_000_4840_000_with_camera_labels-130.png 16 976 22
big_dataset_depth/000000001572-segment-11489533038039664633_4820_000_4840_000_with_camera_labels-130.png 24 968 21
big_dataset_depth/000000001572-segment-11489533038039664633_4820_000_4840_000_with_camera_labels-130.png 32 976 21
big_dataset_depth/000000001572-segment-11489533038039664633_4820_000_4840_000_with_camera_labels-130.png 40 976 21
big_dataset_depth/000000001572-segment-11489533038039664633_4820_000_4840_000_with_camera_labels-130.png 48 992 21
big_dataset_depth/000000001572-segment-11489533038039664633_4820_000_4840_000_with_camera_labels-130.png 56 992 21
big_dataset_depth/000000001572-segment-11489533038039664633_4820_000_4840_000_with_camera_labels-130.png 64 984 21
big_dataset_depth/000000001572-segment-11489533038039664633_4820_000_4840_000_with_camera_labels-130.png 72 984 21
big_dataset_depth/000000001572-segment-11489533038039664633_4820_000_4840_000_with_camera_labels-130.png 80 984 21
big_dataset_depth/000000001572-segment-11489533038039664633_4820_000_4840_000_with_camera_labels-130.png 88 976 21
big_dataset_depth/000000001572-segment-11489533038039664633_4820_000_4840_000_with_camera_labels-130.png 96 984 21
big_dataset_depth/000000001572-segment-11489533038039664633_4820_000_4840_000_with_camera_labels-130.png 104 984 21
big_dataset_depth/000000001572-segment-11489533038039664633_4820_000_4840_000_with_camera_labels-130.png 112 984 21
big_dataset_depth/000000001572-segment-11489533038039664633_4820_000_4840_000_with_camera_labels-130.png 120 984 21
big_dataset_depth/000000001572-segment-11489533038039664633_4820_000_4840_000_with_camera_labels-130.png 128 984 21
big_dataset_depth/000000001572-segment-11489533038039664633_4820_000_4840_000_with_camera_labels-130.png 136 984 21
big_dataset_depth/000000001572-segment-11489533038039664633_4820_000_4840_000_with_camera_labels-130.png 144 976 21
big_dataset_depth/000000001572-segment-11489533038039664633_4820_000_4840_000_with_camera_labels-130.png 152 984 21
big_dataset_depth/000000001572-segment-11489533038039664633_4820_000_4840_000_with_camera_labels-130.png 160 984 21
big_dataset_depth/000000001572-segment-11489533038039664633_4820_000_4840_000_with_camera_labels-130.png 168 984 21
big_dataset_depth/000000001572-segment-11489533038039664633_4820_000_4840_000_with_camera_labels-130.png 176 976 21
big_dataset_depth/000000001572-segment-11489533038039664633_4820_000_4840_000_with_camera_labels-130.png 184 984 21
big_dataset_depth/000000001572-segment-11489533038039664633_4820_000_4840_000_with_camera_labels-130.png 192 888 19
big_dataset_depth/000000001572-segment-11489533038039664633_4820_000_4840_000_with_camera_labels-130.png 200 968 22
big_dataset_depth/000000001572-segment-11489533038039664633_4820_000_4840_000_with_camera_labels-130.png 208 960 22
big_dataset_depth/000000001572-segment-11489533038039664633_4820_000_4840_000_with_camera_labels-130.png 216 968 22
big_dataset_depth/000000001572-segment-11489533038039664633_4820_000_4840_000_with_camera_labels-130.png 224 968 22
big_dataset_depth/000000001572-segment-11489533038039664633_4820_000_4840_000_with_camera_labels-130.png 232 976 22
big_dataset_depth/000000001572-segment-11489533038039664633_4820_000_4840_000_with_camera_labels-130.png 240 1008 20
big_dataset_depth/000000001572-segment-11489533038039664633_4820_000_4840_000_with_camera_labels-130.png 248 1216 14
big_dataset_depth/000000001572-segment-11489533038039664633_4820_000_4840_000_with_camera_labels-130.png 256 1216 14
big_dataset_depth/000000001572-segment-11489533038039664633_4820_000_4840_000_with_camera_labels-130.png 264 1192 14
big_dataset_depth/000000001572-segment-11489533038039664633_4820_000_4840_000_with_camera_labels-130.png 272 1216 14
big_dataset_depth/000000001572-segment-11489533038039664633_4820_000_4840_000_with_camera_labels-130.png 280 1048 17
big_dataset_depth/000000001572-segment-11489533038039664633_4820_000_4840_000_with_camera_labels-130.png 288 1192 14
big_dataset_depth/000000001572-segment-11489533038039664633_4820_000_4840_000_with_camera_labels-130.png 296 1056 18
big_dataset_depth/000000001572-segment-11489533038039664633_4820_000_4840_000_with_camera_labels-130.png 352 944 23
big_dataset_depth/000000001572-segment-11489533038039664633_4820_000_4840_000_with_camera_labels-130.png 360 944 23
big_dataset_depth/000000001572-segment-11489533038039664633_4820_000_4840_000_with_camera_labels-130.png 368 944 23
big_dataset_depth/000000001572-segment-11489533038039664633_4820_000_4840_000_with_camera_labels-130.png 376 944 23
big_dataset_depth/000000001572-segment-11489533038039664633_4820_000_4840_000_with_camera_labels-130.png 384 944 23
big_dataset_depth/000000001572-segment-11489533038039664633_4820_000_4840_000_with_camera_labels-130.png 392 936 23
big_dataset_depth/000000001572-segment-11489533038039664633_4820_000_4840_000_with_camera_labels-130.png 400 936 23
big_dataset_depth/000000001572-segment-11489533038039664633_4820_000_4840_000_with_camera_labels-130.png 408 936 23
big_dataset_depth/000000001572-segment-11489533038039664633_4820_000_4840_000_with_camera_labels-130.png 416 944 23
big_dataset_depth/000000001572-segment-11489533038039664633_4820_000_4840_000_with_camera_labels-130.png 424 920 23
big_dataset_depth/000000001572-segment-11489533038039664633_4820_000_4840_000_with_camera_labels-130.png 432 936 23
big_dataset_depth/000000001572-segment-11489533038039664633_4820_000_4840_000_with_camera_labels-130.png 440 936 23
big_dataset_depth/000000001572-segment-11489533038039664633_4820_000_4840_000_with_camera_labels-130.png 448 936 23
big_dataset_depth/000000001572-segment-11489533038039664633_4820_000_4840_000_with_camera_labels-130.png 456 920 23
big_dataset_depth/000000001572-segment-11489533038039664633_4820_000_4840_000_with_camera_labels-130.png 464 928 23
big_dataset_depth/000000001572-segment-11489533038039664633_4820_000_4840_000_with_camera_labels-130.png 472 920 24
big_dataset_depth/000000001572-segment-11489533038039664633_4820_000_4840_000_with_camera_labels-130.png 480 888 24
big_dataset_depth/000000001572-segment-11489533038039664633_4820_000_4840_000_with_camera_labels-130.png 488 920 24
big_dataset_depth/000000001572-segment-11489533038039664633_4820_000_4840_000_with_camera_labels-130.png 496 920 24
big_dataset_depth/000000001572-segment-11489533038039664633_4820_000_4840_000_with_camera_labels-130.png 504 904 24
big_dataset_depth/000000001572-segment-11489533038039664633_4820_000_4840_000_with_camera_labels-130.png 512 920 24
big_dataset_depth/000000001572-segment-11489533038039664633_4820_000_4840_000_with_camera_labels-130.png 520 920 24
big_dataset_depth/000000001572-segment-11489533038039664633_4820_000_4840_000_with_camera_labels-130.png 528 912 24
big_dataset_depth/000000001572-segment-11489533038039664633_4820_000_4840_000_with_camera_labels-130.png 536 912 24
big_dataset_depth/000000001572-segment-11489533038039664633_4820_000_4840_000_with_camera_labels-130.png 544 920 24
big_dataset_depth/000000001572-segment-11489533038039664633_4820_000_4840_000_with_camera_labels-130.png 552 920 24
big_dataset_depth/000000001572-segment-11489533038039664633_4820_000_4840_000_with_camera_labels-130.png 560 936 23
big_dataset_depth/000000001572-segment-11489533038039664633_4820_000_4840_000_with_camera_labels-130.png 568 928 23
big_dataset_depth/000000001572-segment-11489533038039664633_4820_000_4840_000_with_camera_labels-130.png 576 936 23
big_dataset_depth/000000001572-segment-11489533038039664633_4820_000_4840_000_with_camera_labels-130.png 584 936 23
big_dataset_depth/000000001572-segment-11489533038039664633_4820_000_4840_000_with_camera_labels-130.png 592 928 23
big_dataset_depth/000000001572-segment-11489533038039664633_4820_000_4840_000_with_camera_labels-130.png 600 936 23
big_dataset_depth/000000001572-segment-11489533038039664633_4820_000_4840_000_with_camera_labels-130.png 608 936 23
big_dataset_depth/000000001572-segment-11489533038039664633_4820_000_4840_000_with_camera_labels-130.png 616 936 23
big_dataset_depth/000000001572-segment-11489533038039664633_4820_000_4840_000_with_camera_labels-130.png 624 936 23
big_dataset_depth/000000001572-segment-11489533038039664633_4820_000_4840_000_with_camera_labels-130.png 632 936 23
big_dataset_depth/000000001572-segment-11489533038039664633_4820_000_4840_000_with_camera_labels-130.png 640 928 23
big_dataset_depth/000000001572-segment-11489533038039664633_4820_000_4840_000_with_camera_labels-130.png 648 936 23
big_dataset_depth/000000001572-segment-11489533038039664633_4820_000_4840_000_with_camera_labels-130.png 656 936 23
big_dataset_depth/000000001572-segment-11489533038039664633_4820_000_4840_000_with_camera_labels-130.png 672 944 23
big_dataset_depth/000000001572-segment-11489533038039664633_4820_000_4840_000_with_camera_labels-130.png 680 952 23
big_dataset_depth/000000001572-segment-11489533038039664633_4820_000_4840_000_with_camera_labels-130.png 688 944 22
big_dataset_depth/000000001572-segment-11489533038039664633_4820_000_4840_000_with_camera_labels-130.png 696 944 22
big_dataset_depth/000000001572-segment-11489533038039664633_4820_000_4840_000_with_camera_labels-130.png 704 944 22
big_dataset_depth/000000001572-segment-11489533038039664633_4820_000_4840_000_with_camera_labels-130.png 712 944 22
big_dataset_depth/000000001572-segment-11489533038039664633_4820_000_4840_000_with_camera_labels-130.png 720 936 22
big_dataset_depth/000000001572-segment-11489533038039664633_4820_000_4840_000_with_camera_labels-130.png 728 944 22
big_dataset_depth/000000001572-segment-11489533038039664633_4820_000_4840_000_with_camera_labels-130.png 736 936 22
big_dataset_depth/000000001572-segment-11489533038039664633_4820_000_4840_000_with_camera_labels-130.png 744 952 22
big_dataset_depth/000000001572-segment-11489533038039664633_4820_000_4840_000_with_camera_labels-130.png 752 944 22
big_dataset_depth/000000001572-segment-11489533038039664633_4820_000_4840_000_with_camera_labels-130.png 760 944 22
big_dataset_depth/000000001572-segment-11489533038039664633_4820_000_4840_000_with_camera_labels-130.png 768 944 22
big_dataset_depth/000000001572-segment-11489533038039664633_4820_000_4840_000_with_camera_labels-130.png 776 944 22
big_dataset_depth/000000001572-segment-11489533038039664633_4820_000_4840_000_with_camera_labels-130.png 784 952 22
big_dataset_depth/000000001572-segment-11489533038039664633_4820_000_4840_000_with_camera_labels-130.png 792 944 22
big_dataset_depth/000000001572-segment-11489533038039664633_4820_000_4840_000_with_camera_labels-130.png 800 944 22
big_dataset_depth/000000001572-segment-11489533038039664633_4820_000_4840_000_with_camera_labels-130.png 808 944 22
big_dataset_depth/000000001572-segment-11489533038039664633_4820_000_4840_000_with_camera_labels-130.png 816 872 26
big_dataset_depth/000000001572-segment-11489533038039664633_4820_000_4840_000_with_camera_labels-130.png 824 944 22
big_dataset_depth/000000001572-segment-11489533038039664633_4820_000_4840_000_with_camera_labels-130.png 832 920 24
big_dataset_depth/000000001572-segment-11489533038039664633_4820_000_4840_000_with_camera_labels-130.png 840 944 22
big_dataset_depth/000000001572-segment-11489533038039664633_4820_000_4840_000_with_camera_labels-130.png 856 944 22
big_dataset_depth/000000001572-segment-11489533038039664633_4820_000_4840_000_with_camera_labels-130.png 864 912 21
big_dataset_depth/000000001572-segment-11489533038039664633_4820_000_4840_000_with_camera_labels-130.png 872 872 26
big_dataset_depth/000000001572-segment-11489533038039664633_4820_000_4840_000_with_camera_labels-130.png 880 888 25
big_dataset_depth/000000001572-segment-11489533038039664633_4820_000_4840_000_with_camera_labels-130.png 888 912 21
big_dataset_depth/000000001572-segment-11489533038039664633_4820_000_4840_000_with_camera_labels-130.png 896 912 24
big_dataset_depth/000000001572-segment-11489533038039664633_4820_000_4840_000_with_camera_labels-130.png 904 960 21
big_dataset_depth/000000001572-segment-11489533038039664633_4820_000_4840_000_with_camera_labels-130.png 912 928 21
big_dataset_depth/000000001572-segment-11489533038039664633_4820_000_4840_000_with_camera_labels-130.png 920 928 21
big_dataset_depth/000000001572-segment-11489533038039664633_4820_000_4840_000_with_camera_labels-130.png 928 928 21
big_dataset_depth/000000001572-segment-11489533038039664633_4820_000_4840_000_with_camera_labels-130.png 936 928 21
big_dataset_depth/000000001572-segment-11489533038039664633_4820_000_4840_000_with_camera_labels-130.png 944 896 24
big_dataset_depth/000000001572-segment-11489533038039664633_4820_000_4840_000_with_camera_labels-130.png 952 928 21
big_dataset_depth/000000001572-segment-11489533038039664633_4820_000_4840_000_with_camera_labels-130.png 960 928 21
big_dataset_depth/000000001572-segment-11489533038039664633_4820_000_4840_000_with_camera_labels-130.png 968 944 21
big_dataset_depth/000000001572-segment-11489533038039664633_4820_000_4840_000_with_camera_labels-130.png 976 856 26
big_dataset_depth/000000001572-segment-11489533038039664633_4820_000_4840_000_with_camera_labels-130.png 984 944 21
big_dataset_depth/000000001572-segment-11489533038039664633_4820_000_4840_000_with_camera_labels-130.png 992 872 26
big_dataset_depth/000000001572-segment-11489533038039664633_4820_000_4840_000_with_camera_labels-130.png 1000 944 21
big_dataset_depth/000000001572-segment-11489533038039664633_4820_000_4840_000_with_camera_labels-130.png 1008 968 21
big_dataset_depth/000000001572-segment-11489533038039664633_4820_000_4840_000_with_camera_labels-130.png 1016 968 21
big_dataset_depth/000000001572-segment-11489533038039664633_4820_000_4840_000_with_camera_labels-130.png 1024 904 22
big_dataset_depth/000000001572-segment-11489533038039664633_4820_000_4840_000_with_camera_labels-130.png 1032 928 21
big_dataset_depth/000000001572-segment-11489533038039664633_4820_000_4840_000_with_camera_labels-130.png 1040 912 20
big_dataset_depth/000000001572-segment-11489533038039664633_4820_000_4840_000_with_camera_labels-130.png 1048 928 20
big_dataset_depth/000000001572-segment-11489533038039664633_4820_000_4840_000_with_camera_labels-130.png 1056 944 20
big_dataset_depth/000000001572-segment-11489533038039664633_4820_000_4840_000_with_camera_labels-130.png 1064 928 20
big_dataset_depth/000000001572-segment-11489533038039664633_4820_000_4840_000_with_camera_labels-130.png 1072 936 20
big_dataset_depth/000000001572-segment-11489533038039664633_4820_000_4840_000_with_camera_labels-130.png 1080 944 20
big_dataset_depth/000000001572-segment-11489533038039664633_4820_000_4840_000_with_camera_labels-130.png 1088 944 20
big_dataset_depth/000000001572-segment-11489533038039664633_4820_000_4840_000_with_camera_labels-130.png 1096 952 20
big_dataset_depth/000000001572-segment-11489533038039664633_4820_000_4840_000_with_camera_labels-130.png 1104 928 20
big_dataset_depth/000000001572-segment-11489533038039664633_4820_000_4840_000_with_camera_labels-130.png 1112 944 20
big_dataset_depth/000000001572-segment-11489533038039664633_4820_000_4840_000_with_camera_labels-130.png 1120 992 20
big_dataset_depth/000000001572-segment-11489533038039664633_4820_000_4840_000_with_camera_labels-130.png 1128 928 22
big_dataset_depth/000000001572-segment-11489533038039664633_4820_000_4840_000_with_camera_labels-130.png 1136 944 20
big_dataset_depth/000000001572-segment-11489533038039664633_4820_000_4840_000_with_camera_labels-130.png 1144 944 20
big_dataset_depth/000000001572-segment-11489533038039664633_4820_000_4840_000_with_camera_labels-130.png 1152 944 20
big_dataset_depth/000000001572-segment-11489533038039664633_4820_000_4840_000_with_camera_labels-130.png 1160 952 20
big_dataset_depth/000000001572-segment-11489533038039664633_4820_000_4840_000_with_camera_labels-130.png 1168 944 20
big_dataset_depth/000000001572-segment-11489533038039664633_4820_000_4840_000_with_camera_labels-130.png 1176 952 20
big_dataset_depth/000000001572-segment-11489533038039664633_4820_000_4840_000_with_camera_labels-130.png 1184 832 24
big_dataset_depth/000000001572-segment-11489533038039664633_4820_000_4840_000_with_camera_labels-130.png 1192 944 20
big_dataset_depth/000000001572-segment-11489533038039664633_4820_000_4840_000_with_camera_labels-130.png 1200 944 20
big_dataset_depth/000000001572-segment-11489533038039664633_4820_000_4840_000_with_camera_labels-130.png 1208 944 20
big_dataset_depth/000000001572-segment-11489533038039664633_4820_000_4840_000_with_camera_labels-130.png 1216 968 20
big_dataset_depth/000000001572-segment-11489533038039664633_4820_000_4840_000_with_camera_labels-130.png 1224 944 20
big_dataset_depth/000000001572-segment-11489533038039664633_4820_000_4840_000_with_camera_labels-130.png 1232 928 22
big_dataset_depth/000000001572-segment-11489533038039664633_4820_000_4840_000_with_camera_labels-130.png 1240 944 20
big_dataset_depth/000000001572-segment-11489533038039664633_4820_000_4840_000_with_camera_labels-130.png 1248 920 22
big_dataset_depth/000000001572-segment-11489533038039664633_4820_000_4840_000_with_camera_labels-130.png 1256 912 24
big_dataset_depth/000000001572-segment-11489533038039664633_4820_000_4840_000_with_camera_labels-130.png 1264 952 20
big_dataset_depth/000000001572-segment-11489533038039664633_4820_000_4840_000_with_camera_labels-130.png 1272 960 19
big_dataset_depth/000000001572-segment-11489533038039664633_4820_000_4840_000_with_camera_labels-130.png 1280 1000 19
big_dataset_depth/000000001572-segment-11489533038039664633_4820_000_4840_000_with_camera_labels-130.png 1288 1000 19
big_dataset_depth/000000001572-segment-11489533038039664633_4820_000_4840_000_with_camera_labels-130.png 1296 1000 19
big_dataset_depth/000000001572-segment-11489533038039664633_4820_000_4840_000_with_camera_labels-130.png 1304 984 19
big_dataset_depth/000000001572-segment-11489533038039664633_4820_000_4840_000_with_camera_labels-130.png 1312 960 19
big_dataset_depth/000000001572-segment-11489533038039664633_4820_000_4840_000_with_camera_labels-130.png 1320 928 19
big_dataset_depth/000000001572-segment-11489533038039664633_4820_000_4840_000_with_camera_labels-130.png 1328 960 19
big_dataset_depth/000000001572-segment-11489533038039664633_4820_000_4840_000_with_camera_labels-130.png 1336 936 22
big_dataset_depth/000000001572-segment-11489533038039664633_4820_000_4840_000_with_camera_labels-130.png 1344 960 19
big_dataset_depth/000000001572-segment-11489533038039664633_4820_000_4840_000_with_camera_labels-130.png 1376 1248 13
big_dataset_depth/000000001572-segment-11489533038039664633_4820_000_4840_000_with_camera_labels-130.png 1384 1248 13
big_dataset_depth/000000001572-segment-11489533038039664633_4820_000_4840_000_with_camera_labels-130.png 1392 1248 13
big_dataset_depth/000000001572-segment-11489533038039664633_4820_000_4840_000_with_camera_labels-130.png 1400 1248 13
big_dataset_depth/000000001572-segment-11489533038039664633_4820_000_4840_000_with_camera_labels-130.png 1408 1248 13
big_dataset_depth/000000001572-segment-11489533038039664633_4820_000_4840_000_with_camera_labels-130.png 1416 992 13
big_dataset_depth/000000001572-segment-11489533038039664633_4820_000_4840_000_with_camera_labels-130.png 1424 1104 13
big_dataset_depth/000000001572-segment-11489533038039664633_4820_000_4840_000_with_camera_labels-130.png 1456 1248 10
big_dataset_depth/000000001572-segment-11489533038039664633_4820_000_4840_000_with_camera_labels-130.png 1464 1248 10
big_dataset_depth/000000001572-segment-11489533038039664633_4820_000_4840_000_with_camera_labels-130.png 1472 1224 10
big_dataset_depth/000000001572-segment-11489533038039664633_4820_000_4840_000_with_camera_labels-130.png 1480 1248 10
big_dataset_depth/000000001572-segment-11489533038039664633_4820_000_4840_000_with_camera_labels-130.png 1488 1248 10
big_dataset_depth/000000001572-segment-11489533038039664633_4820_000_4840_000_with_camera_labels-130.png 1496 1248 10
big_dataset_depth/000000001572-segment-11489533038039664633_4820_000_4840_000_with_camera_labels-130.png 1504 1272 10
big_dataset_depth/000000001572-segment-11489533038039664633_4820_000_4840_000_with_camera_labels-130.png 1512 1272 10
big_dataset_depth/000000001572-segment-11489533038039664633_4820_000_4840_000_with_camera_labels-130.png 1520 1272 10
big_dataset_depth/000000001572-segment-11489533038039664633_4820_000_4840_000_with_camera_labels-130.png 1528 1264 10
big_dataset_depth/000000001572-segment-11489533038039664633_4820_000_4840_000_with_camera_labels-130.png 1536 1264 12
big_dataset_depth/000000001572-segment-11489533038039664633_4820_000_4840_000_with_camera_labels-130.png 1544 1232 12
big_dataset_depth/000000001572-segment-11489533038039664633_4820_000_4840_000_with_camera_labels-130.png 1552 1232 13
big_dataset_depth/000000001572-segment-11489533038039664633_4820_000_4840_000_with_camera_labels-130.png 1560 1208 13
big_dataset_depth/000000001572-segment-11489533038039664633_4820_000_4840_000_with_camera_labels-130.png 1568 1064 12
big_dataset_depth/000000001572-segment-11489533038039664633_4820_000_4840_000_with_camera_labels-130.png 1576 1056 11
big_dataset_depth/000000001572-segment-11489533038039664633_4820_000_4840_000_with_camera_labels-130.png 1584 1248 13
big_dataset_depth/000000001572-segment-11489533038039664633_4820_000_4840_000_with_camera_labels-130.png 1592 1256 13
big_dataset_depth/000000001572-segment-11489533038039664633_4820_000_4840_000_with_camera_labels-130.png 1600 992 18
big_dataset_depth/000000001572-segment-11489533038039664633_4820_000_4840_000_with_camera_labels-130.png 1608 1184 15
big_dataset_depth/000000001572-segment-11489533038039664633_4820_000_4840_000_with_camera_labels-130.png 1616 1264 13
big_dataset_depth/000000001572-segment-11489533038039664633_4820_000_4840_000_with_camera_labels-130.png 1624 1192 15
big_dataset_depth/000000001572-segment-11489533038039664633_4820_000_4840_000_with_camera_labels-130.png 1632 1264 13
big_dataset_depth/000000001572-segment-11489533038039664633_4820_000_4840_000_with_camera_labels-130.png 1640 1144 16
big_dataset_depth/000000001572-segment-11489533038039664633_4820_000_4840_000_with_camera_labels-130.png 1648 984 18
big_dataset_depth/000000001572-segment-11489533038039664633_4820_000_4840_000_with_camera_labels-130.png 1656 1264 13
big_dataset_depth/000000001572-segment-11489533038039664633_4820_000_4840_000_with_camera_labels-130.png 1664 992 18
big_dataset_depth/000000001572-segment-11489533038039664633_4820_000_4840_000_with_camera_labels-130.png 1672 984 18
big_dataset_depth/000000001572-segment-11489533038039664633_4820_000_4840_000_with_camera_labels-130.png 1680 1032 19
big_dataset_depth/000000001572-segment-11489533038039664633_4820_000_4840_000_with_camera_labels-130.png 1688 992 18
big_dataset_depth/000000001572-segment-11489533038039664633_4820_000_4840_000_with_camera_labels-130.png 1696 992 18
big_dataset_depth/000000001572-segment-11489533038039664633_4820_000_4840_000_with_camera_labels-130.png 1704 976 18
big_dataset_depth/000000001572-segment-11489533038039664633_4820_000_4840_000_with_camera_labels-130.png 1712 976 18
big_dataset_depth/000000001572-segment-11489533038039664633_4820_000_4840_000_with_camera_labels-130.png 1720 984 18
big_dataset_depth/000000001572-segment-11489533038039664633_4820_000_4840_000_with_camera_labels-130.png 1728 976 18
big_dataset_depth/000000001572-segment-11489533038039664633_4820_000_4840_000_with_camera_labels-130.png 1736 992 18
big_dataset_depth/000000001572-segment-11489533038039664633_4820_000_4840_000_with_camera_labels-130.png 1752 976 18
big_dataset_depth/000000001572-segment-11489533038039664633_4820_000_4840_000_with_camera_labels-130.png 1760 992 18
big_dataset_depth/000000001572-segment-11489533038039664633_4820_000_4840_000_with_camera_labels-130.png 1768 984 18
big_dataset_depth/000000001572-segment-11489533038039664633_4820_000_4840_000_with_camera_labels-130.png 1776 968 20
big_dataset_depth/000000001572-segment-11489533038039664633_4820_000_4840_000_with_camera_labels-130.png 1784 984 18
big_dataset_depth/000000001572-segment-11489533038039664633_4820_000_4840_000_with_camera_labels-130.png 1792 1000 18
big_dataset_depth/000000001572-segment-11489533038039664633_4820_000_4840_000_with_camera_labels-130.png 1800 976 18
big_dataset_depth/000000001572-segment-11489533038039664633_4820_000_4840_000_with_camera_labels-130.png 1808 1000 18
big_dataset_depth/000000001572-segment-11489533038039664633_4820_000_4840_000_with_camera_labels-130.png 1816 984 18
big_dataset_depth/000000001572-segment-11489533038039664633_4820_000_4840_000_with_camera_labels-130.png 1824 1000 18
big_dataset_depth/000000001572-segment-11489533038039664633_4820_000_4840_000_with_camera_labels-130.png 1832 1040 18
big_dataset_depth/000000001572-segment-11489533038039664633_4820_000_4840_000_with_camera_labels-130.png 1840 1040 18
big_dataset_depth/000000001572-segment-11489533038039664633_4820_000_4840_000_with_camera_labels-130.png 1848 1048 18
big_dataset_depth/000000001572-segment-11489533038039664633_4820_000_4840_000_with_camera_labels-130.png 1856 1016 19
big_dataset_depth/000000001572-segment-11489533038039664633_4820_000_4840_000_with_camera_labels-130.png 1864 1048 19
big_dataset_depth/000000001572-segment-11489533038039664633_4820_000_4840_000_with_camera_labels-130.png 1872 1000 18
big_dataset_depth/000000001572-segment-11489533038039664633_4820_000_4840_000_with_camera_labels-130.png 1880 992 18
big_dataset_depth/000000001572-segment-11489533038039664633_4820_000_4840_000_with_camera_labels-130.png 1888 992 18
big_dataset_depth/000000001572-segment-11489533038039664633_4820_000_4840_000_with_camera_labels-130.png 1896 1016 18
big_dataset_depth/000000001572-segment-11489533038039664633_4820_000_4840_000_with_camera_labels-130.png 1904 984 20
big_dataset_depth/000000001572-segment-11489533038039664633_4820_000_4840_000_with_camera_labels-130.png 1912 984 19
