big_dataset_depth/000000003596-segment-13909033332341079321_4007_930_4027_930_with_camera_labels-190.png 0 768 101
big_dataset_depth/000000003596-segment-13909033332341079321_4007_930_4027_930_with_camera_labels-190.png 16 760 101
big_dataset_depth/000000003596-segment-13909033332341079321_4007_930_4027_930_with_camera_labels-190.png 32 760 102
big_dataset_depth/000000003596-segment-13909033332341079321_4007_930_4027_930_with_camera_labels-190.png 48 760 102
big_dataset_depth/000000003596-segment-13909033332341079321_4007_930_4027_930_with_camera_labels-190.png 56 752 103
big_dataset_depth/000000003596-segment-13909033332341079321_4007_930_4027_930_with_camera_labels-190.png 72 760 102
big_dataset_depth/000000003596-segment-13909033332341079321_4007_930_4027_930_with_camera_labels-190.png 96 768 102
big_dataset_depth/000000003596-segment-13909033332341079321_4007_930_4027_930_with_camera_labels-190.png 104 768 102
big_dataset_depth/000000003596-segment-13909033332341079321_4007_930_4027_930_with_camera_labels-190.png 112 768 103
big_dataset_depth/000000003596-segment-13909033332341079321_4007_930_4027_930_with_camera_labels-190.png 120 768 103
big_dataset_depth/000000003596-segment-13909033332341079321_4007_930_4027_930_with_camera_labels-190.png 360 816 49
big_dataset_depth/000000003596-segment-13909033332341079321_4007_930_4027_930_with_camera_labels-190.png 368 800 49
big_dataset_depth/000000003596-segment-13909033332341079321_4007_930_4027_930_with_camera_labels-190.png 376 760 49
big_dataset_depth/000000003596-segment-13909033332341079321_4007_930_4027_930_with_camera_labels-190.png 440 824 52
big_dataset_depth/000000003596-segment-13909033332341079321_4007_930_4027_930_with_camera_labels-190.png 800 744 100
big_dataset_depth/000000003596-segment-13909033332341079321_4007_930_4027_930_with_camera_labels-190.png 808 744 99
big_dataset_depth/000000003596-segment-13909033332341079321_4007_930_4027_930_with_camera_labels-190.png 816 744 99
big_dataset_depth/000000003596-segment-13909033332341079321_4007_930_4027_930_with_camera_labels-190.png 1240 760 102
big_dataset_depth/000000003596-segment-13909033332341079321_4007_930_4027_930_with_camera_labels-190.png 1248 760 102
big_dataset_depth/000000003596-segment-13909033332341079321_4007_930_4027_930_with_camera_labels-190.png 1256 760 102
big_dataset_depth/000000003596-segment-13909033332341079321_4007_930_4027_930_with_camera_labels-190.png 1264 744 104
big_dataset_depth/000000003596-segment-13909033332341079321_4007_930_4027_930_with_camera_labels-190.png 1272 752 105
big_dataset_depth/000000003596-segment-13909033332341079321_4007_930_4027_930_with_camera_labels-190.png 1280 752 102
big_dataset_depth/000000003596-segment-13909033332341079321_4007_930_4027_930_with_camera_labels-190.png 1288 760 100
big_dataset_depth/000000003596-segment-13909033332341079321_4007_930_4027_930_with_camera_labels-190.png 1296 760 100
big_dataset_depth/000000003596-segment-13909033332341079321_4007_930_4027_930_with_camera_labels-190.png 1304 752 103
big_dataset_depth/000000003596-segment-13909033332341079321_4007_930_4027_930_with_camera_labels-190.png 1312 752 107
big_dataset_depth/000000003596-segment-13909033332341079321_4007_930_4027_930_with_camera_labels-190.png 1320 744 107
big_dataset_depth/000000003596-segment-13909033332341079321_4007_930_4027_930_with_camera_labels-190.png 1328 744 107
big_dataset_depth/000000003596-segment-13909033332341079321_4007_930_4027_930_with_camera_labels-190.png 1336 776 94
big_dataset_depth/000000003596-segment-13909033332341079321_4007_930_4027_930_with_camera_labels-190.png 1344 768 92
big_dataset_depth/000000003596-segment-13909033332341079321_4007_930_4027_930_with_camera_labels-190.png 1352 768 100
big_dataset_depth/000000003596-segment-13909033332341079321_4007_930_4027_930_with_camera_labels-190.png 1360 760 100
big_dataset_depth/000000003596-segment-13909033332341079321_4007_930_4027_930_with_camera_labels-190.png 1368 760 92
big_dataset_depth/000000003596-segment-13909033332341079321_4007_930_4027_930_with_camera_labels-190.png 1376 760 96
big_dataset_depth/000000003596-segment-13909033332341079321_4007_930_4027_930_with_camera_labels-190.png 1384 768 92
big_dataset_depth/000000003596-segment-13909033332341079321_4007_930_4027_930_with_camera_labels-190.png 1392 768 93
big_dataset_depth/000000003596-segment-13909033332341079321_4007_930_4027_930_with_camera_labels-190.png 1400 776 89
big_dataset_depth/000000003596-segment-13909033332341079321_4007_930_4027_930_with_camera_labels-190.png 1408 768 93
big_dataset_depth/000000003596-segment-13909033332341079321_4007_930_4027_930_with_camera_labels-190.png 1416 768 89
big_dataset_depth/000000003596-segment-13909033332341079321_4007_930_4027_930_with_camera_labels-190.png 1424 744 102
big_dataset_depth/000000003596-segment-13909033332341079321_4007_930_4027_930_with_camera_labels-190.png 1432 760 90
big_dataset_depth/000000003596-segment-13909033332341079321_4007_930_4027_930_with_camera_labels-190.png 1440 768 90
big_dataset_depth/000000003596-segment-13909033332341079321_4007_930_4027_930_with_camera_labels-190.png 1448 776 89
big_dataset_depth/000000003596-segment-13909033332341079321_4007_930_4027_930_with_camera_labels-190.png 1456 760 98
big_dataset_depth/000000003596-segment-13909033332341079321_4007_930_4027_930_with_camera_labels-190.png 1464 760 100
big_dataset_depth/000000003596-segment-13909033332341079321_4007_930_4027_930_with_camera_labels-190.png 1472 760 101
big_dataset_depth/000000003596-segment-13909033332341079321_4007_930_4027_930_with_camera_labels-190.png 1488 776 88
big_dataset_depth/000000003596-segment-13909033332341079321_4007_930_4027_930_with_camera_labels-190.png 1496 776 89
big_dataset_depth/000000003596-segment-13909033332341079321_4007_930_4027_930_with_camera_labels-190.png 1504 776 89
big_dataset_depth/000000003596-segment-13909033332341079321_4007_930_4027_930_with_camera_labels-190.png 1512 744 107
big_dataset_depth/000000003596-segment-13909033332341079321_4007_930_4027_930_with_camera_labels-190.png 1520 840 51
big_dataset_depth/000000003596-segment-13909033332341079321_4007_930_4027_930_with_camera_labels-190.png 1528 840 51
big_dataset_depth/000000003596-segment-13909033332341079321_4007_930_4027_930_with_camera_labels-190.png 1536 840 51
big_dataset_depth/000000003596-segment-13909033332341079321_4007_930_4027_930_with_camera_labels-190.png 1544 904 38
big_dataset_depth/000000003596-segment-13909033332341079321_4007_930_4027_930_with_camera_labels-190.png 1552 832 52
big_dataset_depth/000000003596-segment-13909033332341079321_4007_930_4027_930_with_camera_labels-190.png 1560 824 52
big_dataset_depth/000000003596-segment-13909033332341079321_4007_930_4027_930_with_camera_labels-190.png 1568 832 52
big_dataset_depth/000000003596-segment-13909033332341079321_4007_930_4027_930_with_camera_labels-190.png 1576 824 52
big_dataset_depth/000000003596-segment-13909033332341079321_4007_930_4027_930_with_camera_labels-190.png 1584 784 69
big_dataset_depth/000000003596-segment-13909033332341079321_4007_930_4027_930_with_camera_labels-190.png 1592 816 58
big_dataset_depth/000000003596-segment-13909033332341079321_4007_930_4027_930_with_camera_labels-190.png 1600 792 69
big_dataset_depth/000000003596-segment-13909033332341079321_4007_930_4027_930_with_camera_labels-190.png 1608 792 69
big_dataset_depth/000000003596-segment-13909033332341079321_4007_930_4027_930_with_camera_labels-190.png 1624 936 34
big_dataset_depth/000000003596-segment-13909033332341079321_4007_930_4027_930_with_camera_labels-190.png 1632 824 48
big_dataset_depth/000000003596-segment-13909033332341079321_4007_930_4027_930_with_camera_labels-190.png 1640 816 59
big_dataset_depth/000000003596-segment-13909033332341079321_4007_930_4027_930_with_camera_labels-190.png 1648 800 64
big_dataset_depth/000000003596-segment-13909033332341079321_4007_930_4027_930_with_camera_labels-190.png 1656 800 65
big_dataset_depth/000000003596-segment-13909033332341079321_4007_930_4027_930_with_camera_labels-190.png 1664 784 69
big_dataset_depth/000000003596-segment-13909033332341079321_4007_930_4027_930_with_camera_labels-190.png 1672 784 69
big_dataset_depth/000000003596-segment-13909033332341079321_4007_930_4027_930_with_camera_labels-190.png 1680 840 57
big_dataset_depth/000000003596-segment-13909033332341079321_4007_930_4027_930_with_camera_labels-190.png 1688 784 69
big_dataset_depth/000000003596-segment-13909033332341079321_4007_930_4027_930_with_camera_labels-190.png 1696 784 70
big_dataset_depth/000000003596-segment-13909033332341079321_4007_930_4027_930_with_camera_labels-190.png 1704 784 70
big_dataset_depth/000000003596-segment-13909033332341079321_4007_930_4027_930_with_camera_labels-190.png 1712 784 70
big_dataset_depth/000000003596-segment-13909033332341079321_4007_930_4027_930_with_camera_labels-190.png 1720 784 70
big_dataset_depth/000000003596-segment-13909033332341079321_4007_930_4027_930_with_camera_labels-190.png 1728 784 70
big_dataset_depth/000000003596-segment-13909033332341079321_4007_930_4027_930_with_camera_labels-190.png 1736 808 70
big_dataset_depth/000000003596-segment-13909033332341079321_4007_930_4027_930_with_camera_labels-190.png 1744 800 70
big_dataset_depth/000000003596-segment-13909033332341079321_4007_930_4027_930_with_camera_labels-190.png 1776 904 55
big_dataset_depth/000000003596-segment-13909033332341079321_4007_930_4027_930_with_camera_labels-190.png 1784 920 35
big_dataset_depth/000000003596-segment-13909033332341079321_4007_930_4027_930_with_camera_labels-190.png 1792 888 38
big_dataset_depth/000000003596-segment-13909033332341079321_4007_930_4027_930_with_camera_labels-190.png 1808 840 48
big_dataset_depth/000000003596-segment-13909033332341079321_4007_930_4027_930_with_camera_labels-190.png 1816 816 48
big_dataset_depth/000000003596-segment-13909033332341079321_4007_930_4027_930_with_camera_labels-190.png 1824 1008 27
big_dataset_depth/000000003596-segment-13909033332341079321_4007_930_4027_930_with_camera_labels-190.png 1832 928 51
big_dataset_depth/000000003596-segment-13909033332341079321_4007_930_4027_930_with_camera_labels-190.png 1840 752 100
big_dataset_depth/000000003596-segment-13909033332341079321_4007_930_4027_930_with_camera_labels-190.png 1848 752 100
big_dataset_depth/000000003596-segment-13909033332341079321_4007_930_4027_930_with_camera_labels-190.png 1856 768 98
big_dataset_depth/000000003596-segment-13909033332341079321_4007_930_4027_930_with_camera_labels-190.png 1864 760 99
big_dataset_depth/000000003596-segment-13909033332341079321_4007_930_4027_930_with_camera_labels-190.png 1872 888 63
big_dataset_depth/000000003596-segment-13909033332341079321_4007_930_4027_930_with_camera_labels-190.png 1880 1024 25
big_dataset_depth/000000003596-segment-13909033332341079321_4007_930_4027_930_with_camera_labels-190.png 1888 752 100
big_dataset_depth/000000003596-segment-13909033332341079321_4007_930_4027_930_with_camera_labels-190.png 1896 760 101
big_dataset_depth/000000003596-segment-13909033332341079321_4007_930_4027_930_with_camera_labels-190.png 1904 776 98
