big_dataset_depth/000000003922-segment-14233522945839943589_100_000_120_000_with_camera_labels-60.png 0 816 36
big_dataset_depth/000000003922-segment-14233522945839943589_100_000_120_000_with_camera_labels-60.png 8 816 38
big_dataset_depth/000000003922-segment-14233522945839943589_100_000_120_000_with_camera_labels-60.png 16 768 39
big_dataset_depth/000000003922-segment-14233522945839943589_100_000_120_000_with_camera_labels-60.png 24 864 32
big_dataset_depth/000000003922-segment-14233522945839943589_100_000_120_000_with_camera_labels-60.png 32 848 31
big_dataset_depth/000000003922-segment-14233522945839943589_100_000_120_000_with_camera_labels-60.png 40 864 32
big_dataset_depth/000000003922-segment-14233522945839943589_100_000_120_000_with_camera_labels-60.png 56 856 32
big_dataset_depth/000000003922-segment-14233522945839943589_100_000_120_000_with_camera_labels-60.png 72 848 33
big_dataset_depth/000000003922-segment-14233522945839943589_100_000_120_000_with_camera_labels-60.png 80 864 33
big_dataset_depth/000000003922-segment-14233522945839943589_100_000_120_000_with_camera_labels-60.png 88 856 33
big_dataset_depth/000000003922-segment-14233522945839943589_100_000_120_000_with_camera_labels-60.png 96 1272 13
big_dataset_depth/000000003922-segment-14233522945839943589_100_000_120_000_with_camera_labels-60.png 104 864 33
big_dataset_depth/000000003922-segment-14233522945839943589_100_000_120_000_with_camera_labels-60.png 112 856 33
big_dataset_depth/000000003922-segment-14233522945839943589_100_000_120_000_with_camera_labels-60.png 120 864 33
big_dataset_depth/000000003922-segment-14233522945839943589_100_000_120_000_with_camera_labels-60.png 128 832 34
big_dataset_depth/000000003922-segment-14233522945839943589_100_000_120_000_with_camera_labels-60.png 144 752 55
big_dataset_depth/000000003922-segment-14233522945839943589_100_000_120_000_with_camera_labels-60.png 152 752 55
big_dataset_depth/000000003922-segment-14233522945839943589_100_000_120_000_with_camera_labels-60.png 160 752 55
big_dataset_depth/000000003922-segment-14233522945839943589_100_000_120_000_with_camera_labels-60.png 168 736 57
big_dataset_depth/000000003922-segment-14233522945839943589_100_000_120_000_with_camera_labels-60.png 176 752 56
big_dataset_depth/000000003922-segment-14233522945839943589_100_000_120_000_with_camera_labels-60.png 184 752 57
big_dataset_depth/000000003922-segment-14233522945839943589_100_000_120_000_with_camera_labels-60.png 192 744 58
big_dataset_depth/000000003922-segment-14233522945839943589_100_000_120_000_with_camera_labels-60.png 200 744 58
big_dataset_depth/000000003922-segment-14233522945839943589_100_000_120_000_with_camera_labels-60.png 208 680 67
big_dataset_depth/000000003922-segment-14233522945839943589_100_000_120_000_with_camera_labels-60.png 216 744 59
big_dataset_depth/000000003922-segment-14233522945839943589_100_000_120_000_with_camera_labels-60.png 224 744 60
big_dataset_depth/000000003922-segment-14233522945839943589_100_000_120_000_with_camera_labels-60.png 232 736 60
big_dataset_depth/000000003922-segment-14233522945839943589_100_000_120_000_with_camera_labels-60.png 240 736 61
big_dataset_depth/000000003922-segment-14233522945839943589_100_000_120_000_with_camera_labels-60.png 248 728 65
big_dataset_depth/000000003922-segment-14233522945839943589_100_000_120_000_with_camera_labels-60.png 256 736 63
big_dataset_depth/000000003922-segment-14233522945839943589_100_000_120_000_with_camera_labels-60.png 264 744 63
big_dataset_depth/000000003922-segment-14233522945839943589_100_000_120_000_with_camera_labels-60.png 272 720 66
big_dataset_depth/000000003922-segment-14233522945839943589_100_000_120_000_with_camera_labels-60.png 280 728 65
big_dataset_depth/000000003922-segment-14233522945839943589_100_000_120_000_with_camera_labels-60.png 288 720 67
big_dataset_depth/000000003922-segment-14233522945839943589_100_000_120_000_with_camera_labels-60.png 296 720 70
big_dataset_depth/000000003922-segment-14233522945839943589_100_000_120_000_with_camera_labels-60.png 304 736 63
big_dataset_depth/000000003922-segment-14233522945839943589_100_000_120_000_with_camera_labels-60.png 312 752 56
big_dataset_depth/000000003922-segment-14233522945839943589_100_000_120_000_with_camera_labels-60.png 320 752 56
big_dataset_depth/000000003922-segment-14233522945839943589_100_000_120_000_with_camera_labels-60.png 328 744 56
big_dataset_depth/000000003922-segment-14233522945839943589_100_000_120_000_with_camera_labels-60.png 336 752 56
big_dataset_depth/000000003922-segment-14233522945839943589_100_000_120_000_with_camera_labels-60.png 344 736 63
big_dataset_depth/000000003922-segment-14233522945839943589_100_000_120_000_with_camera_labels-60.png 352 720 70
big_dataset_depth/000000003922-segment-14233522945839943589_100_000_120_000_with_camera_labels-60.png 360 728 70
big_dataset_depth/000000003922-segment-14233522945839943589_100_000_120_000_with_camera_labels-60.png 368 728 70
big_dataset_depth/000000003922-segment-14233522945839943589_100_000_120_000_with_camera_labels-60.png 376 720 63
big_dataset_depth/000000003922-segment-14233522945839943589_100_000_120_000_with_camera_labels-60.png 384 752 55
big_dataset_depth/000000003922-segment-14233522945839943589_100_000_120_000_with_camera_labels-60.png 392 744 55
big_dataset_depth/000000003922-segment-14233522945839943589_100_000_120_000_with_camera_labels-60.png 400 752 55
big_dataset_depth/000000003922-segment-14233522945839943589_100_000_120_000_with_camera_labels-60.png 408 760 56
big_dataset_depth/000000003922-segment-14233522945839943589_100_000_120_000_with_camera_labels-60.png 416 744 54
big_dataset_depth/000000003922-segment-14233522945839943589_100_000_120_000_with_camera_labels-60.png 424 752 55
big_dataset_depth/000000003922-segment-14233522945839943589_100_000_120_000_with_camera_labels-60.png 432 752 55
big_dataset_depth/000000003922-segment-14233522945839943589_100_000_120_000_with_camera_labels-60.png 440 768 56
big_dataset_depth/000000003922-segment-14233522945839943589_100_000_120_000_with_camera_labels-60.png 448 752 55
big_dataset_depth/000000003922-segment-14233522945839943589_100_000_120_000_with_camera_labels-60.png 456 760 55
big_dataset_depth/000000003922-segment-14233522945839943589_100_000_120_000_with_camera_labels-60.png 464 760 55
big_dataset_depth/000000003922-segment-14233522945839943589_100_000_120_000_with_camera_labels-60.png 472 760 55
big_dataset_depth/000000003922-segment-14233522945839943589_100_000_120_000_with_camera_labels-60.png 480 728 56
big_dataset_depth/000000003922-segment-14233522945839943589_100_000_120_000_with_camera_labels-60.png 488 744 57
big_dataset_depth/000000003922-segment-14233522945839943589_100_000_120_000_with_camera_labels-60.png 496 744 58
big_dataset_depth/000000003922-segment-14233522945839943589_100_000_120_000_with_camera_labels-60.png 504 752 59
big_dataset_depth/000000003922-segment-14233522945839943589_100_000_120_000_with_camera_labels-60.png 512 720 62
big_dataset_depth/000000003922-segment-14233522945839943589_100_000_120_000_with_camera_labels-60.png 520 728 62
big_dataset_depth/000000003922-segment-14233522945839943589_100_000_120_000_with_camera_labels-60.png 528 744 63
big_dataset_depth/000000003922-segment-14233522945839943589_100_000_120_000_with_camera_labels-60.png 536 744 63
big_dataset_depth/000000003922-segment-14233522945839943589_100_000_120_000_with_camera_labels-60.png 544 728 65
big_dataset_depth/000000003922-segment-14233522945839943589_100_000_120_000_with_camera_labels-60.png 552 728 66
big_dataset_depth/000000003922-segment-14233522945839943589_100_000_120_000_with_camera_labels-60.png 560 704 75
big_dataset_depth/000000003922-segment-14233522945839943589_100_000_120_000_with_camera_labels-60.png 568 712 78
big_dataset_depth/000000003922-segment-14233522945839943589_100_000_120_000_with_camera_labels-60.png 576 712 79
big_dataset_depth/000000003922-segment-14233522945839943589_100_000_120_000_with_camera_labels-60.png 584 704 78
big_dataset_depth/000000003922-segment-14233522945839943589_100_000_120_000_with_camera_labels-60.png 592 712 78
big_dataset_depth/000000003922-segment-14233522945839943589_100_000_120_000_with_camera_labels-60.png 600 704 78
big_dataset_depth/000000003922-segment-14233522945839943589_100_000_120_000_with_camera_labels-60.png 608 712 78
big_dataset_depth/000000003922-segment-14233522945839943589_100_000_120_000_with_camera_labels-60.png 616 704 78
big_dataset_depth/000000003922-segment-14233522945839943589_100_000_120_000_with_camera_labels-60.png 624 704 78
big_dataset_depth/000000003922-segment-14233522945839943589_100_000_120_000_with_camera_labels-60.png 632 720 79
big_dataset_depth/000000003922-segment-14233522945839943589_100_000_120_000_with_camera_labels-60.png 640 704 80
big_dataset_depth/000000003922-segment-14233522945839943589_100_000_120_000_with_camera_labels-60.png 648 712 83
big_dataset_depth/000000003922-segment-14233522945839943589_100_000_120_000_with_camera_labels-60.png 656 696 93
big_dataset_depth/000000003922-segment-14233522945839943589_100_000_120_000_with_camera_labels-60.png 664 704 93
big_dataset_depth/000000003922-segment-14233522945839943589_100_000_120_000_with_camera_labels-60.png 672 704 93
big_dataset_depth/000000003922-segment-14233522945839943589_100_000_120_000_with_camera_labels-60.png 680 704 93
big_dataset_depth/000000003922-segment-14233522945839943589_100_000_120_000_with_camera_labels-60.png 832 712 81
big_dataset_depth/000000003922-segment-14233522945839943589_100_000_120_000_with_camera_labels-60.png 920 688 95
big_dataset_depth/000000003922-segment-14233522945839943589_100_000_120_000_with_camera_labels-60.png 928 704 86
big_dataset_depth/000000003922-segment-14233522945839943589_100_000_120_000_with_camera_labels-60.png 936 696 85
big_dataset_depth/000000003922-segment-14233522945839943589_100_000_120_000_with_camera_labels-60.png 944 704 86
big_dataset_depth/000000003922-segment-14233522945839943589_100_000_120_000_with_camera_labels-60.png 952 704 87
big_dataset_depth/000000003922-segment-14233522945839943589_100_000_120_000_with_camera_labels-60.png 960 696 85
big_dataset_depth/000000003922-segment-14233522945839943589_100_000_120_000_with_camera_labels-60.png 968 696 85
big_dataset_depth/000000003922-segment-14233522945839943589_100_000_120_000_with_camera_labels-60.png 976 696 86
big_dataset_depth/000000003922-segment-14233522945839943589_100_000_120_000_with_camera_labels-60.png 984 704 86
big_dataset_depth/000000003922-segment-14233522945839943589_100_000_120_000_with_camera_labels-60.png 1024 696 96
big_dataset_depth/000000003922-segment-14233522945839943589_100_000_120_000_with_camera_labels-60.png 1032 704 91
big_dataset_depth/000000003922-segment-14233522945839943589_100_000_120_000_with_camera_labels-60.png 1048 712 76
big_dataset_depth/000000003922-segment-14233522945839943589_100_000_120_000_with_camera_labels-60.png 1056 728 68
big_dataset_depth/000000003922-segment-14233522945839943589_100_000_120_000_with_camera_labels-60.png 1064 720 64
big_dataset_depth/000000003922-segment-14233522945839943589_100_000_120_000_with_camera_labels-60.png 1072 728 61
big_dataset_depth/000000003922-segment-14233522945839943589_100_000_120_000_with_camera_labels-60.png 1080 728 60
big_dataset_depth/000000003922-segment-14233522945839943589_100_000_120_000_with_camera_labels-60.png 1088 736 58
big_dataset_depth/000000003922-segment-14233522945839943589_100_000_120_000_with_camera_labels-60.png 1096 720 54
big_dataset_depth/000000003922-segment-14233522945839943589_100_000_120_000_with_camera_labels-60.png 1104 728 51
big_dataset_depth/000000003922-segment-14233522945839943589_100_000_120_000_with_camera_labels-60.png 1112 744 52
big_dataset_depth/000000003922-segment-14233522945839943589_100_000_120_000_with_camera_labels-60.png 1120 760 48
big_dataset_depth/000000003922-segment-14233522945839943589_100_000_120_000_with_camera_labels-60.png 1128 752 48
big_dataset_depth/000000003922-segment-14233522945839943589_100_000_120_000_with_camera_labels-60.png 1136 784 41
big_dataset_depth/000000003922-segment-14233522945839943589_100_000_120_000_with_camera_labels-60.png 1144 784 40
big_dataset_depth/000000003922-segment-14233522945839943589_100_000_120_000_with_camera_labels-60.png 1152 808 39
big_dataset_depth/000000003922-segment-14233522945839943589_100_000_120_000_with_camera_labels-60.png 1160 800 37
big_dataset_depth/000000003922-segment-14233522945839943589_100_000_120_000_with_camera_labels-60.png 1168 816 37
big_dataset_depth/000000003922-segment-14233522945839943589_100_000_120_000_with_camera_labels-60.png 1176 816 37
big_dataset_depth/000000003922-segment-14233522945839943589_100_000_120_000_with_camera_labels-60.png 1184 808 36
big_dataset_depth/000000003922-segment-14233522945839943589_100_000_120_000_with_camera_labels-60.png 1192 800 36
big_dataset_depth/000000003922-segment-14233522945839943589_100_000_120_000_with_camera_labels-60.png 1200 800 32
big_dataset_depth/000000003922-segment-14233522945839943589_100_000_120_000_with_camera_labels-60.png 1208 840 32
big_dataset_depth/000000003922-segment-14233522945839943589_100_000_120_000_with_camera_labels-60.png 1216 832 31
big_dataset_depth/000000003922-segment-14233522945839943589_100_000_120_000_with_camera_labels-60.png 1224 864 29
big_dataset_depth/000000003922-segment-14233522945839943589_100_000_120_000_with_camera_labels-60.png 1232 856 29
big_dataset_depth/000000003922-segment-14233522945839943589_100_000_120_000_with_camera_labels-60.png 1240 872 28
big_dataset_depth/000000003922-segment-14233522945839943589_100_000_120_000_with_camera_labels-60.png 1256 888 28
big_dataset_depth/000000003922-segment-14233522945839943589_100_000_120_000_with_camera_labels-60.png 1264 840 27
big_dataset_depth/000000003922-segment-14233522945839943589_100_000_120_000_with_camera_labels-60.png 1272 840 27
big_dataset_depth/000000003922-segment-14233522945839943589_100_000_120_000_with_camera_labels-60.png 1280 848 27
big_dataset_depth/000000003922-segment-14233522945839943589_100_000_120_000_with_camera_labels-60.png 1288 872 28
big_dataset_depth/000000003922-segment-14233522945839943589_100_000_120_000_with_camera_labels-60.png 1296 896 27
big_dataset_depth/000000003922-segment-14233522945839943589_100_000_120_000_with_camera_labels-60.png 1304 848 27
big_dataset_depth/000000003922-segment-14233522945839943589_100_000_120_000_with_camera_labels-60.png 1312 864 28
big_dataset_depth/000000003922-segment-14233522945839943589_100_000_120_000_with_camera_labels-60.png 1320 848 27
big_dataset_depth/000000003922-segment-14233522945839943589_100_000_120_000_with_camera_labels-60.png 1328 848 27
big_dataset_depth/000000003922-segment-14233522945839943589_100_000_120_000_with_camera_labels-60.png 1336 872 28
big_dataset_depth/000000003922-segment-14233522945839943589_100_000_120_000_with_camera_labels-60.png 1344 848 27
big_dataset_depth/000000003922-segment-14233522945839943589_100_000_120_000_with_camera_labels-60.png 1352 856 28
big_dataset_depth/000000003922-segment-14233522945839943589_100_000_120_000_with_camera_labels-60.png 1360 848 27
big_dataset_depth/000000003922-segment-14233522945839943589_100_000_120_000_with_camera_labels-60.png 1368 888 28
big_dataset_depth/000000003922-segment-14233522945839943589_100_000_120_000_with_camera_labels-60.png 1376 872 27
big_dataset_depth/000000003922-segment-14233522945839943589_100_000_120_000_with_camera_labels-60.png 1384 848 27
big_dataset_depth/000000003922-segment-14233522945839943589_100_000_120_000_with_camera_labels-60.png 1392 848 27
big_dataset_depth/000000003922-segment-14233522945839943589_100_000_120_000_with_camera_labels-60.png 1400 864 28
big_dataset_depth/000000003922-segment-14233522945839943589_100_000_120_000_with_camera_labels-60.png 1408 880 29
big_dataset_depth/000000003922-segment-14233522945839943589_100_000_120_000_with_camera_labels-60.png 1416 864 28
big_dataset_depth/000000003922-segment-14233522945839943589_100_000_120_000_with_camera_labels-60.png 1424 872 29
big_dataset_depth/000000003922-segment-14233522945839943589_100_000_120_000_with_camera_labels-60.png 1432 856 28
big_dataset_depth/000000003922-segment-14233522945839943589_100_000_120_000_with_camera_labels-60.png 1440 864 29
big_dataset_depth/000000003922-segment-14233522945839943589_100_000_120_000_with_camera_labels-60.png 1456 880 29
big_dataset_depth/000000003922-segment-14233522945839943589_100_000_120_000_with_camera_labels-60.png 1464 880 29
big_dataset_depth/000000003922-segment-14233522945839943589_100_000_120_000_with_camera_labels-60.png 1496 1072 17
big_dataset_depth/000000003922-segment-14233522945839943589_100_000_120_000_with_camera_labels-60.png 1504 1072 17
big_dataset_depth/000000003922-segment-14233522945839943589_100_000_120_000_with_camera_labels-60.png 1512 1080 17
big_dataset_depth/000000003922-segment-14233522945839943589_100_000_120_000_with_camera_labels-60.png 1520 1096 17
big_dataset_depth/000000003922-segment-14233522945839943589_100_000_120_000_with_camera_labels-60.png 1528 1088 17
big_dataset_depth/000000003922-segment-14233522945839943589_100_000_120_000_with_camera_labels-60.png 1536 1096 17
big_dataset_depth/000000003922-segment-14233522945839943589_100_000_120_000_with_camera_labels-60.png 1544 1096 17
big_dataset_depth/000000003922-segment-14233522945839943589_100_000_120_000_with_camera_labels-60.png 1552 1056 16
big_dataset_depth/000000003922-segment-14233522945839943589_100_000_120_000_with_camera_labels-60.png 1560 1120 16
big_dataset_depth/000000003922-segment-14233522945839943589_100_000_120_000_with_camera_labels-60.png 1568 1056 16
big_dataset_depth/000000003922-segment-14233522945839943589_100_000_120_000_with_camera_labels-60.png 1576 1120 16
big_dataset_depth/000000003922-segment-14233522945839943589_100_000_120_000_with_camera_labels-60.png 1584 1064 15
big_dataset_depth/000000003922-segment-14233522945839943589_100_000_120_000_with_camera_labels-60.png 1592 1072 15
big_dataset_depth/000000003922-segment-14233522945839943589_100_000_120_000_with_camera_labels-60.png 1600 1064 15
big_dataset_depth/000000003922-segment-14233522945839943589_100_000_120_000_with_camera_labels-60.png 1608 1104 15
big_dataset_depth/000000003922-segment-14233522945839943589_100_000_120_000_with_camera_labels-60.png 1616 1088 15
big_dataset_depth/000000003922-segment-14233522945839943589_100_000_120_000_with_camera_labels-60.png 1624 1104 15
big_dataset_depth/000000003922-segment-14233522945839943589_100_000_120_000_with_camera_labels-60.png 1632 1128 15
big_dataset_depth/000000003922-segment-14233522945839943589_100_000_120_000_with_camera_labels-60.png 1648 1112 14
big_dataset_depth/000000003922-segment-14233522945839943589_100_000_120_000_with_camera_labels-60.png 1656 1168 14
big_dataset_depth/000000003922-segment-14233522945839943589_100_000_120_000_with_camera_labels-60.png 1672 1216 14
big_dataset_depth/000000003922-segment-14233522945839943589_100_000_120_000_with_camera_labels-60.png 1680 1104 14
big_dataset_depth/000000003922-segment-14233522945839943589_100_000_120_000_with_camera_labels-60.png 1688 1240 14
big_dataset_depth/000000003922-segment-14233522945839943589_100_000_120_000_with_camera_labels-60.png 1696 1264 13
big_dataset_depth/000000003922-segment-14233522945839943589_100_000_120_000_with_camera_labels-60.png 1704 1264 13
big_dataset_depth/000000003922-segment-14233522945839943589_100_000_120_000_with_camera_labels-60.png 1712 1264 13
big_dataset_depth/000000003922-segment-14233522945839943589_100_000_120_000_with_camera_labels-60.png 1720 1264 13
big_dataset_depth/000000003922-segment-14233522945839943589_100_000_120_000_with_camera_labels-60.png 1728 1264 13
big_dataset_depth/000000003922-segment-14233522945839943589_100_000_120_000_with_camera_labels-60.png 1736 1264 13
big_dataset_depth/000000003922-segment-14233522945839943589_100_000_120_000_with_camera_labels-60.png 1744 1256 13
big_dataset_depth/000000003922-segment-14233522945839943589_100_000_120_000_with_camera_labels-60.png 1752 1272 13
big_dataset_depth/000000003922-segment-14233522945839943589_100_000_120_000_with_camera_labels-60.png 1760 1272 13
big_dataset_depth/000000003922-segment-14233522945839943589_100_000_120_000_with_camera_labels-60.png 1768 1272 13
big_dataset_depth/000000003922-segment-14233522945839943589_100_000_120_000_with_camera_labels-60.png 1784 1248 13
big_dataset_depth/000000003922-segment-14233522945839943589_100_000_120_000_with_camera_labels-60.png 1792 1224 12
big_dataset_depth/000000003922-segment-14233522945839943589_100_000_120_000_with_camera_labels-60.png 1800 1224 12
big_dataset_depth/000000003922-segment-14233522945839943589_100_000_120_000_with_camera_labels-60.png 1808 1224 12
big_dataset_depth/000000003922-segment-14233522945839943589_100_000_120_000_with_camera_labels-60.png 1816 1224 12
big_dataset_depth/000000003922-segment-14233522945839943589_100_000_120_000_with_camera_labels-60.png 1824 1096 18
big_dataset_depth/000000003922-segment-14233522945839943589_100_000_120_000_with_camera_labels-60.png 1832 1224 12
big_dataset_depth/000000003922-segment-14233522945839943589_100_000_120_000_with_camera_labels-60.png 1840 1248 13
big_dataset_depth/000000003922-segment-14233522945839943589_100_000_120_000_with_camera_labels-60.png 1848 904 24
big_dataset_depth/000000003922-segment-14233522945839943589_100_000_120_000_with_camera_labels-60.png 1856 1032 21
big_dataset_depth/000000003922-segment-14233522945839943589_100_000_120_000_with_camera_labels-60.png 1864 1032 21
big_dataset_depth/000000003922-segment-14233522945839943589_100_000_120_000_with_camera_labels-60.png 1872 1232 12
big_dataset_depth/000000003922-segment-14233522945839943589_100_000_120_000_with_camera_labels-60.png 1880 968 19
big_dataset_depth/000000003922-segment-14233522945839943589_100_000_120_000_with_camera_labels-60.png 1888 1232 12
big_dataset_depth/000000003922-segment-14233522945839943589_100_000_120_000_with_camera_labels-60.png 1896 1096 18
big_dataset_depth/000000003922-segment-14233522945839943589_100_000_120_000_with_camera_labels-60.png 1904 960 19
big_dataset_depth/000000003922-segment-14233522945839943589_100_000_120_000_with_camera_labels-60.png 1912 1168 13
