big_dataset_depth/000000002018-segment-12179768245749640056_5561_070_5581_070_with_camera_labels-10.png 0 760 49
big_dataset_depth/000000002018-segment-12179768245749640056_5561_070_5581_070_with_camera_labels-10.png 8 760 49
big_dataset_depth/000000002018-segment-12179768245749640056_5561_070_5581_070_with_camera_labels-10.png 16 792 50
big_dataset_depth/000000002018-segment-12179768245749640056_5561_070_5581_070_with_camera_labels-10.png 24 760 49
big_dataset_depth/000000002018-segment-12179768245749640056_5561_070_5581_070_with_camera_labels-10.png 32 768 51
big_dataset_depth/000000002018-segment-12179768245749640056_5561_070_5581_070_with_camera_labels-10.png 40 792 49
big_dataset_depth/000000002018-segment-12179768245749640056_5561_070_5581_070_with_camera_labels-10.png 48 792 49
big_dataset_depth/000000002018-segment-12179768245749640056_5561_070_5581_070_with_camera_labels-10.png 56 784 50
big_dataset_depth/000000002018-segment-12179768245749640056_5561_070_5581_070_with_camera_labels-10.png 64 760 50
big_dataset_depth/000000002018-segment-12179768245749640056_5561_070_5581_070_with_camera_labels-10.png 72 768 52
big_dataset_depth/000000002018-segment-12179768245749640056_5561_070_5581_070_with_camera_labels-10.png 80 760 51
big_dataset_depth/000000002018-segment-12179768245749640056_5561_070_5581_070_with_camera_labels-10.png 88 760 52
big_dataset_depth/000000002018-segment-12179768245749640056_5561_070_5581_070_with_camera_labels-10.png 104 768 53
big_dataset_depth/000000002018-segment-12179768245749640056_5561_070_5581_070_with_camera_labels-10.png 112 776 53
big_dataset_depth/000000002018-segment-12179768245749640056_5561_070_5581_070_with_camera_labels-10.png 120 776 53
big_dataset_depth/000000002018-segment-12179768245749640056_5561_070_5581_070_with_camera_labels-10.png 128 776 54
big_dataset_depth/000000002018-segment-12179768245749640056_5561_070_5581_070_with_camera_labels-10.png 264 744 72
big_dataset_depth/000000002018-segment-12179768245749640056_5561_070_5581_070_with_camera_labels-10.png 272 736 72
big_dataset_depth/000000002018-segment-12179768245749640056_5561_070_5581_070_with_camera_labels-10.png 280 728 71
big_dataset_depth/000000002018-segment-12179768245749640056_5561_070_5581_070_with_camera_labels-10.png 288 728 71
big_dataset_depth/000000002018-segment-12179768245749640056_5561_070_5581_070_with_camera_labels-10.png 296 728 71
big_dataset_depth/000000002018-segment-12179768245749640056_5561_070_5581_070_with_camera_labels-10.png 304 728 71
big_dataset_depth/000000002018-segment-12179768245749640056_5561_070_5581_070_with_camera_labels-10.png 312 728 71
big_dataset_depth/000000002018-segment-12179768245749640056_5561_070_5581_070_with_camera_labels-10.png 320 728 71
big_dataset_depth/000000002018-segment-12179768245749640056_5561_070_5581_070_with_camera_labels-10.png 328 736 72
big_dataset_depth/000000002018-segment-12179768245749640056_5561_070_5581_070_with_camera_labels-10.png 336 744 72
big_dataset_depth/000000002018-segment-12179768245749640056_5561_070_5581_070_with_camera_labels-10.png 360 720 88
big_dataset_depth/000000002018-segment-12179768245749640056_5561_070_5581_070_with_camera_labels-10.png 368 720 88
big_dataset_depth/000000002018-segment-12179768245749640056_5561_070_5581_070_with_camera_labels-10.png 376 712 101
big_dataset_depth/000000002018-segment-12179768245749640056_5561_070_5581_070_with_camera_labels-10.png 392 712 102
big_dataset_depth/000000002018-segment-12179768245749640056_5561_070_5581_070_with_camera_labels-10.png 704 696 97
big_dataset_depth/000000002018-segment-12179768245749640056_5561_070_5581_070_with_camera_labels-10.png 712 696 97
big_dataset_depth/000000002018-segment-12179768245749640056_5561_070_5581_070_with_camera_labels-10.png 728 696 97
big_dataset_depth/000000002018-segment-12179768245749640056_5561_070_5581_070_with_camera_labels-10.png 736 704 96
big_dataset_depth/000000002018-segment-12179768245749640056_5561_070_5581_070_with_camera_labels-10.png 744 696 97
big_dataset_depth/000000002018-segment-12179768245749640056_5561_070_5581_070_with_camera_labels-10.png 752 696 97
big_dataset_depth/000000002018-segment-12179768245749640056_5561_070_5581_070_with_camera_labels-10.png 1136 760 65
big_dataset_depth/000000002018-segment-12179768245749640056_5561_070_5581_070_with_camera_labels-10.png 1144 736 63
big_dataset_depth/000000002018-segment-12179768245749640056_5561_070_5581_070_with_camera_labels-10.png 1152 760 61
big_dataset_depth/000000002018-segment-12179768245749640056_5561_070_5581_070_with_camera_labels-10.png 1160 760 60
big_dataset_depth/000000002018-segment-12179768245749640056_5561_070_5581_070_with_camera_labels-10.png 1168 744 60
big_dataset_depth/000000002018-segment-12179768245749640056_5561_070_5581_070_with_camera_labels-10.png 1176 744 60
big_dataset_depth/000000002018-segment-12179768245749640056_5561_070_5581_070_with_camera_labels-10.png 1184 760 60
big_dataset_depth/000000002018-segment-12179768245749640056_5561_070_5581_070_with_camera_labels-10.png 1192 744 60
big_dataset_depth/000000002018-segment-12179768245749640056_5561_070_5581_070_with_camera_labels-10.png 1200 744 60
big_dataset_depth/000000002018-segment-12179768245749640056_5561_070_5581_070_with_camera_labels-10.png 1208 744 60
big_dataset_depth/000000002018-segment-12179768245749640056_5561_070_5581_070_with_camera_labels-10.png 1216 744 60
big_dataset_depth/000000002018-segment-12179768245749640056_5561_070_5581_070_with_camera_labels-10.png 1224 744 60
big_dataset_depth/000000002018-segment-12179768245749640056_5561_070_5581_070_with_camera_labels-10.png 1232 744 60
big_dataset_depth/000000002018-segment-12179768245749640056_5561_070_5581_070_with_camera_labels-10.png 1360 640 70
big_dataset_depth/000000002018-segment-12179768245749640056_5561_070_5581_070_with_camera_labels-10.png 1368 744 70
big_dataset_depth/000000002018-segment-12179768245749640056_5561_070_5581_070_with_camera_labels-10.png 1376 736 70
big_dataset_depth/000000002018-segment-12179768245749640056_5561_070_5581_070_with_camera_labels-10.png 1384 744 69
big_dataset_depth/000000002018-segment-12179768245749640056_5561_070_5581_070_with_camera_labels-10.png 1392 736 66
big_dataset_depth/000000002018-segment-12179768245749640056_5561_070_5581_070_with_camera_labels-10.png 1400 744 64
big_dataset_depth/000000002018-segment-12179768245749640056_5561_070_5581_070_with_camera_labels-10.png 1408 752 63
big_dataset_depth/000000002018-segment-12179768245749640056_5561_070_5581_070_with_camera_labels-10.png 1416 720 66
big_dataset_depth/000000002018-segment-12179768245749640056_5561_070_5581_070_with_camera_labels-10.png 1424 744 62
big_dataset_depth/000000002018-segment-12179768245749640056_5561_070_5581_070_with_camera_labels-10.png 1432 752 61
big_dataset_depth/000000002018-segment-12179768245749640056_5561_070_5581_070_with_camera_labels-10.png 1464 720 98
big_dataset_depth/000000002018-segment-12179768245749640056_5561_070_5581_070_with_camera_labels-10.png 1472 720 89
big_dataset_depth/000000002018-segment-12179768245749640056_5561_070_5581_070_with_camera_labels-10.png 1480 600 72
big_dataset_depth/000000002018-segment-12179768245749640056_5561_070_5581_070_with_camera_labels-10.png 1488 736 80
big_dataset_depth/000000002018-segment-12179768245749640056_5561_070_5581_070_with_camera_labels-10.png 1496 728 73
big_dataset_depth/000000002018-segment-12179768245749640056_5561_070_5581_070_with_camera_labels-10.png 1504 736 73
big_dataset_depth/000000002018-segment-12179768245749640056_5561_070_5581_070_with_camera_labels-10.png 1512 744 73
big_dataset_depth/000000002018-segment-12179768245749640056_5561_070_5581_070_with_camera_labels-10.png 1520 736 80
big_dataset_depth/000000002018-segment-12179768245749640056_5561_070_5581_070_with_camera_labels-10.png 1528 840 39
big_dataset_depth/000000002018-segment-12179768245749640056_5561_070_5581_070_with_camera_labels-10.png 1560 712 100
big_dataset_depth/000000002018-segment-12179768245749640056_5561_070_5581_070_with_camera_labels-10.png 1568 856 37
big_dataset_depth/000000002018-segment-12179768245749640056_5561_070_5581_070_with_camera_labels-10.png 1576 856 36
big_dataset_depth/000000002018-segment-12179768245749640056_5561_070_5581_070_with_camera_labels-10.png 1584 784 68
big_dataset_depth/000000002018-segment-12179768245749640056_5561_070_5581_070_with_camera_labels-10.png 1592 712 101
big_dataset_depth/000000002018-segment-12179768245749640056_5561_070_5581_070_with_camera_labels-10.png 1608 712 99
big_dataset_depth/000000002018-segment-12179768245749640056_5561_070_5581_070_with_camera_labels-10.png 1624 848 38
big_dataset_depth/000000002018-segment-12179768245749640056_5561_070_5581_070_with_camera_labels-10.png 1632 808 45
big_dataset_depth/000000002018-segment-12179768245749640056_5561_070_5581_070_with_camera_labels-10.png 1640 712 101
big_dataset_depth/000000002018-segment-12179768245749640056_5561_070_5581_070_with_camera_labels-10.png 1656 712 101
big_dataset_depth/000000002018-segment-12179768245749640056_5561_070_5581_070_with_camera_labels-10.png 1664 880 32
big_dataset_depth/000000002018-segment-12179768245749640056_5561_070_5581_070_with_camera_labels-10.png 1672 880 32
big_dataset_depth/000000002018-segment-12179768245749640056_5561_070_5581_070_with_camera_labels-10.png 1680 880 32
big_dataset_depth/000000002018-segment-12179768245749640056_5561_070_5581_070_with_camera_labels-10.png 1688 712 101
big_dataset_depth/000000002018-segment-12179768245749640056_5561_070_5581_070_with_camera_labels-10.png 1696 712 100
big_dataset_depth/000000002018-segment-12179768245749640056_5561_070_5581_070_with_camera_labels-10.png 1704 712 100
big_dataset_depth/000000002018-segment-12179768245749640056_5561_070_5581_070_with_camera_labels-10.png 1712 840 54
big_dataset_depth/000000002018-segment-12179768245749640056_5561_070_5581_070_with_camera_labels-10.png 1720 712 103
big_dataset_depth/000000002018-segment-12179768245749640056_5561_070_5581_070_with_camera_labels-10.png 1728 896 31
big_dataset_depth/000000002018-segment-12179768245749640056_5561_070_5581_070_with_camera_labels-10.png 1744 712 101
big_dataset_depth/000000002018-segment-12179768245749640056_5561_070_5581_070_with_camera_labels-10.png 1752 712 101
big_dataset_depth/000000002018-segment-12179768245749640056_5561_070_5581_070_with_camera_labels-10.png 1760 712 101
big_dataset_depth/000000002018-segment-12179768245749640056_5561_070_5581_070_with_camera_labels-10.png 1768 912 29
big_dataset_depth/000000002018-segment-12179768245749640056_5561_070_5581_070_with_camera_labels-10.png 1776 912 29
big_dataset_depth/000000002018-segment-12179768245749640056_5561_070_5581_070_with_camera_labels-10.png 1808 928 28
big_dataset_depth/000000002018-segment-12179768245749640056_5561_070_5581_070_with_camera_labels-10.png 1816 928 28
big_dataset_depth/000000002018-segment-12179768245749640056_5561_070_5581_070_with_camera_labels-10.png 1824 928 28
big_dataset_depth/000000002018-segment-12179768245749640056_5561_070_5581_070_with_camera_labels-10.png 1832 928 27
big_dataset_depth/000000002018-segment-12179768245749640056_5561_070_5581_070_with_camera_labels-10.png 1840 928 27
big_dataset_depth/000000002018-segment-12179768245749640056_5561_070_5581_070_with_camera_labels-10.png 1880 952 26
big_dataset_depth/000000002018-segment-12179768245749640056_5561_070_5581_070_with_camera_labels-10.png 1888 952 26
big_dataset_depth/000000002018-segment-12179768245749640056_5561_070_5581_070_with_camera_labels-10.png 1896 832 64
big_dataset_depth/000000002018-segment-12179768245749640056_5561_070_5581_070_with_camera_labels-10.png 1904 952 26
big_dataset_depth/000000002018-segment-12179768245749640056_5561_070_5581_070_with_camera_labels-10.png 1912 720 103
