big_dataset_depth/000000000728-segment-10664823084372323928_4360_000_4380_000_with_camera_labels-80.png 0 984 52
big_dataset_depth/000000000728-segment-10664823084372323928_4360_000_4380_000_with_camera_labels-80.png 8 712 93
big_dataset_depth/000000000728-segment-10664823084372323928_4360_000_4380_000_with_camera_labels-80.png 16 1080 38
big_dataset_depth/000000000728-segment-10664823084372323928_4360_000_4380_000_with_camera_labels-80.png 24 1264 10
big_dataset_depth/000000000728-segment-10664823084372323928_4360_000_4380_000_with_camera_labels-80.png 32 936 55
big_dataset_depth/000000000728-segment-10664823084372323928_4360_000_4380_000_with_camera_labels-80.png 40 736 61
big_dataset_depth/000000000728-segment-10664823084372323928_4360_000_4380_000_with_camera_labels-80.png 48 992 45
big_dataset_depth/000000000728-segment-10664823084372323928_4360_000_4380_000_with_camera_labels-80.png 56 1000 35
big_dataset_depth/000000000728-segment-10664823084372323928_4360_000_4380_000_with_camera_labels-80.png 64 920 43
big_dataset_depth/000000000728-segment-10664823084372323928_4360_000_4380_000_with_camera_labels-80.png 72 760 59
big_dataset_depth/000000000728-segment-10664823084372323928_4360_000_4380_000_with_camera_labels-80.png 80 920 35
big_dataset_depth/000000000728-segment-10664823084372323928_4360_000_4380_000_with_camera_labels-80.png 88 1080 11
big_dataset_depth/000000000728-segment-10664823084372323928_4360_000_4380_000_with_camera_labels-80.png 96 952 35
big_dataset_depth/000000000728-segment-10664823084372323928_4360_000_4380_000_with_camera_labels-80.png 104 736 58
big_dataset_depth/000000000728-segment-10664823084372323928_4360_000_4380_000_with_camera_labels-80.png 112 736 58
big_dataset_depth/000000000728-segment-10664823084372323928_4360_000_4380_000_with_camera_labels-80.png 120 736 58
big_dataset_depth/000000000728-segment-10664823084372323928_4360_000_4380_000_with_camera_labels-80.png 128 728 58
big_dataset_depth/000000000728-segment-10664823084372323928_4360_000_4380_000_with_camera_labels-80.png 136 736 58
big_dataset_depth/000000000728-segment-10664823084372323928_4360_000_4380_000_with_camera_labels-80.png 144 736 58
big_dataset_depth/000000000728-segment-10664823084372323928_4360_000_4380_000_with_camera_labels-80.png 152 736 58
big_dataset_depth/000000000728-segment-10664823084372323928_4360_000_4380_000_with_camera_labels-80.png 160 696 78
big_dataset_depth/000000000728-segment-10664823084372323928_4360_000_4380_000_with_camera_labels-80.png 168 736 58
big_dataset_depth/000000000728-segment-10664823084372323928_4360_000_4380_000_with_camera_labels-80.png 176 936 20
big_dataset_depth/000000000728-segment-10664823084372323928_4360_000_4380_000_with_camera_labels-80.png 184 704 93
big_dataset_depth/000000000728-segment-10664823084372323928_4360_000_4380_000_with_camera_labels-80.png 192 952 20
big_dataset_depth/000000000728-segment-10664823084372323928_4360_000_4380_000_with_camera_labels-80.png 200 1008 20
big_dataset_depth/000000000728-segment-10664823084372323928_4360_000_4380_000_with_camera_labels-80.png 208 1008 20
big_dataset_depth/000000000728-segment-10664823084372323928_4360_000_4380_000_with_camera_labels-80.png 216 976 20
big_dataset_depth/000000000728-segment-10664823084372323928_4360_000_4380_000_with_camera_labels-80.png 224 1008 20
big_dataset_depth/000000000728-segment-10664823084372323928_4360_000_4380_000_with_camera_labels-80.png 232 968 20
big_dataset_depth/000000000728-segment-10664823084372323928_4360_000_4380_000_with_camera_labels-80.png 240 944 19
big_dataset_depth/000000000728-segment-10664823084372323928_4360_000_4380_000_with_camera_labels-80.png 248 952 19
big_dataset_depth/000000000728-segment-10664823084372323928_4360_000_4380_000_with_camera_labels-80.png 256 952 19
big_dataset_depth/000000000728-segment-10664823084372323928_4360_000_4380_000_with_camera_labels-80.png 264 944 19
big_dataset_depth/000000000728-segment-10664823084372323928_4360_000_4380_000_with_camera_labels-80.png 272 952 19
big_dataset_depth/000000000728-segment-10664823084372323928_4360_000_4380_000_with_camera_labels-80.png 280 952 19
big_dataset_depth/000000000728-segment-10664823084372323928_4360_000_4380_000_with_camera_labels-80.png 288 944 19
big_dataset_depth/000000000728-segment-10664823084372323928_4360_000_4380_000_with_camera_labels-80.png 296 944 19
big_dataset_depth/000000000728-segment-10664823084372323928_4360_000_4380_000_with_camera_labels-80.png 304 944 19
big_dataset_depth/000000000728-segment-10664823084372323928_4360_000_4380_000_with_camera_labels-80.png 312 936 19
big_dataset_depth/000000000728-segment-10664823084372323928_4360_000_4380_000_with_camera_labels-80.png 320 944 19
big_dataset_depth/000000000728-segment-10664823084372323928_4360_000_4380_000_with_camera_labels-80.png 328 944 19
big_dataset_depth/000000000728-segment-10664823084372323928_4360_000_4380_000_with_camera_labels-80.png 336 944 19
big_dataset_depth/000000000728-segment-10664823084372323928_4360_000_4380_000_with_camera_labels-80.png 344 952 21
big_dataset_depth/000000000728-segment-10664823084372323928_4360_000_4380_000_with_camera_labels-80.png 352 944 19
big_dataset_depth/000000000728-segment-10664823084372323928_4360_000_4380_000_with_camera_labels-80.png 360 936 19
big_dataset_depth/000000000728-segment-10664823084372323928_4360_000_4380_000_with_camera_labels-80.png 368 944 19
big_dataset_depth/000000000728-segment-10664823084372323928_4360_000_4380_000_with_camera_labels-80.png 376 944 19
big_dataset_depth/000000000728-segment-10664823084372323928_4360_000_4380_000_with_camera_labels-80.png 384 944 19
big_dataset_depth/000000000728-segment-10664823084372323928_4360_000_4380_000_with_camera_labels-80.png 392 952 20
big_dataset_depth/000000000728-segment-10664823084372323928_4360_000_4380_000_with_camera_labels-80.png 400 944 19
big_dataset_depth/000000000728-segment-10664823084372323928_4360_000_4380_000_with_camera_labels-80.png 408 936 19
big_dataset_depth/000000000728-segment-10664823084372323928_4360_000_4380_000_with_camera_labels-80.png 416 944 19
big_dataset_depth/000000000728-segment-10664823084372323928_4360_000_4380_000_with_camera_labels-80.png 424 928 19
big_dataset_depth/000000000728-segment-10664823084372323928_4360_000_4380_000_with_camera_labels-80.png 432 936 19
big_dataset_depth/000000000728-segment-10664823084372323928_4360_000_4380_000_with_camera_labels-80.png 440 944 19
big_dataset_depth/000000000728-segment-10664823084372323928_4360_000_4380_000_with_camera_labels-80.png 448 976 21
big_dataset_depth/000000000728-segment-10664823084372323928_4360_000_4380_000_with_camera_labels-80.png 456 944 20
big_dataset_depth/000000000728-segment-10664823084372323928_4360_000_4380_000_with_camera_labels-80.png 464 976 21
big_dataset_depth/000000000728-segment-10664823084372323928_4360_000_4380_000_with_camera_labels-80.png 472 992 20
big_dataset_depth/000000000728-segment-10664823084372323928_4360_000_4380_000_with_camera_labels-80.png 480 976 20
big_dataset_depth/000000000728-segment-10664823084372323928_4360_000_4380_000_with_camera_labels-80.png 488 976 20
big_dataset_depth/000000000728-segment-10664823084372323928_4360_000_4380_000_with_camera_labels-80.png 496 984 20
big_dataset_depth/000000000728-segment-10664823084372323928_4360_000_4380_000_with_camera_labels-80.png 512 912 24
big_dataset_depth/000000000728-segment-10664823084372323928_4360_000_4380_000_with_camera_labels-80.png 528 736 40
big_dataset_depth/000000000728-segment-10664823084372323928_4360_000_4380_000_with_camera_labels-80.png 544 728 57
big_dataset_depth/000000000728-segment-10664823084372323928_4360_000_4380_000_with_camera_labels-80.png 552 704 57
big_dataset_depth/000000000728-segment-10664823084372323928_4360_000_4380_000_with_camera_labels-80.png 560 720 57
big_dataset_depth/000000000728-segment-10664823084372323928_4360_000_4380_000_with_camera_labels-80.png 568 728 57
big_dataset_depth/000000000728-segment-10664823084372323928_4360_000_4380_000_with_camera_labels-80.png 576 728 58
big_dataset_depth/000000000728-segment-10664823084372323928_4360_000_4380_000_with_camera_labels-80.png 584 720 58
big_dataset_depth/000000000728-segment-10664823084372323928_4360_000_4380_000_with_camera_labels-80.png 592 736 58
big_dataset_depth/000000000728-segment-10664823084372323928_4360_000_4380_000_with_camera_labels-80.png 600 728 58
big_dataset_depth/000000000728-segment-10664823084372323928_4360_000_4380_000_with_camera_labels-80.png 608 728 58
big_dataset_depth/000000000728-segment-10664823084372323928_4360_000_4380_000_with_camera_labels-80.png 616 720 59
big_dataset_depth/000000000728-segment-10664823084372323928_4360_000_4380_000_with_camera_labels-80.png 624 720 60
big_dataset_depth/000000000728-segment-10664823084372323928_4360_000_4380_000_with_camera_labels-80.png 632 712 60
big_dataset_depth/000000000728-segment-10664823084372323928_4360_000_4380_000_with_camera_labels-80.png 640 704 60
big_dataset_depth/000000000728-segment-10664823084372323928_4360_000_4380_000_with_camera_labels-80.png 648 720 50
big_dataset_depth/000000000728-segment-10664823084372323928_4360_000_4380_000_with_camera_labels-80.png 656 752 58
big_dataset_depth/000000000728-segment-10664823084372323928_4360_000_4380_000_with_camera_labels-80.png 664 856 29
big_dataset_depth/000000000728-segment-10664823084372323928_4360_000_4380_000_with_camera_labels-80.png 672 768 55
big_dataset_depth/000000000728-segment-10664823084372323928_4360_000_4380_000_with_camera_labels-80.png 680 816 29
big_dataset_depth/000000000728-segment-10664823084372323928_4360_000_4380_000_with_camera_labels-80.png 688 856 29
big_dataset_depth/000000000728-segment-10664823084372323928_4360_000_4380_000_with_camera_labels-80.png 696 816 27
big_dataset_depth/000000000728-segment-10664823084372323928_4360_000_4380_000_with_camera_labels-80.png 704 808 26
big_dataset_depth/000000000728-segment-10664823084372323928_4360_000_4380_000_with_camera_labels-80.png 712 816 26
big_dataset_depth/000000000728-segment-10664823084372323928_4360_000_4380_000_with_camera_labels-80.png 720 888 26
big_dataset_depth/000000000728-segment-10664823084372323928_4360_000_4380_000_with_camera_labels-80.png 728 904 24
big_dataset_depth/000000000728-segment-10664823084372323928_4360_000_4380_000_with_camera_labels-80.png 736 904 24
big_dataset_depth/000000000728-segment-10664823084372323928_4360_000_4380_000_with_camera_labels-80.png 744 912 24
big_dataset_depth/000000000728-segment-10664823084372323928_4360_000_4380_000_with_camera_labels-80.png 752 880 23
big_dataset_depth/000000000728-segment-10664823084372323928_4360_000_4380_000_with_camera_labels-80.png 760 856 23
big_dataset_depth/000000000728-segment-10664823084372323928_4360_000_4380_000_with_camera_labels-80.png 768 880 24
big_dataset_depth/000000000728-segment-10664823084372323928_4360_000_4380_000_with_camera_labels-80.png 776 872 22
big_dataset_depth/000000000728-segment-10664823084372323928_4360_000_4380_000_with_camera_labels-80.png 784 872 23
big_dataset_depth/000000000728-segment-10664823084372323928_4360_000_4380_000_with_camera_labels-80.png 792 872 23
big_dataset_depth/000000000728-segment-10664823084372323928_4360_000_4380_000_with_camera_labels-80.png 800 872 22
big_dataset_depth/000000000728-segment-10664823084372323928_4360_000_4380_000_with_camera_labels-80.png 808 896 23
big_dataset_depth/000000000728-segment-10664823084372323928_4360_000_4380_000_with_camera_labels-80.png 816 872 23
big_dataset_depth/000000000728-segment-10664823084372323928_4360_000_4380_000_with_camera_labels-80.png 824 864 23
big_dataset_depth/000000000728-segment-10664823084372323928_4360_000_4380_000_with_camera_labels-80.png 832 888 24
big_dataset_depth/000000000728-segment-10664823084372323928_4360_000_4380_000_with_camera_labels-80.png 840 872 23
big_dataset_depth/000000000728-segment-10664823084372323928_4360_000_4380_000_with_camera_labels-80.png 848 904 24
big_dataset_depth/000000000728-segment-10664823084372323928_4360_000_4380_000_with_camera_labels-80.png 856 872 23
big_dataset_depth/000000000728-segment-10664823084372323928_4360_000_4380_000_with_camera_labels-80.png 864 864 23
big_dataset_depth/000000000728-segment-10664823084372323928_4360_000_4380_000_with_camera_labels-80.png 872 928 22
big_dataset_depth/000000000728-segment-10664823084372323928_4360_000_4380_000_with_camera_labels-80.png 880 872 23
big_dataset_depth/000000000728-segment-10664823084372323928_4360_000_4380_000_with_camera_labels-80.png 888 872 23
big_dataset_depth/000000000728-segment-10664823084372323928_4360_000_4380_000_with_camera_labels-80.png 896 872 23
big_dataset_depth/000000000728-segment-10664823084372323928_4360_000_4380_000_with_camera_labels-80.png 904 864 23
big_dataset_depth/000000000728-segment-10664823084372323928_4360_000_4380_000_with_camera_labels-80.png 912 872 23
big_dataset_depth/000000000728-segment-10664823084372323928_4360_000_4380_000_with_camera_labels-80.png 920 872 23
big_dataset_depth/000000000728-segment-10664823084372323928_4360_000_4380_000_with_camera_labels-80.png 928 856 23
big_dataset_depth/000000000728-segment-10664823084372323928_4360_000_4380_000_with_camera_labels-80.png 936 904 24
big_dataset_depth/000000000728-segment-10664823084372323928_4360_000_4380_000_with_camera_labels-80.png 944 856 23
big_dataset_depth/000000000728-segment-10664823084372323928_4360_000_4380_000_with_camera_labels-80.png 952 856 23
big_dataset_depth/000000000728-segment-10664823084372323928_4360_000_4380_000_with_camera_labels-80.png 960 856 23
big_dataset_depth/000000000728-segment-10664823084372323928_4360_000_4380_000_with_camera_labels-80.png 968 856 23
big_dataset_depth/000000000728-segment-10664823084372323928_4360_000_4380_000_with_camera_labels-80.png 976 856 23
big_dataset_depth/000000000728-segment-10664823084372323928_4360_000_4380_000_with_camera_labels-80.png 984 856 23
big_dataset_depth/000000000728-segment-10664823084372323928_4360_000_4380_000_with_camera_labels-80.png 992 856 23
big_dataset_depth/000000000728-segment-10664823084372323928_4360_000_4380_000_with_camera_labels-80.png 1000 944 21
big_dataset_depth/000000000728-segment-10664823084372323928_4360_000_4380_000_with_camera_labels-80.png 1008 856 23
big_dataset_depth/000000000728-segment-10664823084372323928_4360_000_4380_000_with_camera_labels-80.png 1016 792 29
big_dataset_depth/000000000728-segment-10664823084372323928_4360_000_4380_000_with_camera_labels-80.png 1024 768 36
big_dataset_depth/000000000728-segment-10664823084372323928_4360_000_4380_000_with_camera_labels-80.png 1032 768 36
big_dataset_depth/000000000728-segment-10664823084372323928_4360_000_4380_000_with_camera_labels-80.png 1040 784 36
big_dataset_depth/000000000728-segment-10664823084372323928_4360_000_4380_000_with_camera_labels-80.png 1048 760 35
big_dataset_depth/000000000728-segment-10664823084372323928_4360_000_4380_000_with_camera_labels-80.png 1056 760 35
big_dataset_depth/000000000728-segment-10664823084372323928_4360_000_4380_000_with_camera_labels-80.png 1064 768 36
big_dataset_depth/000000000728-segment-10664823084372323928_4360_000_4380_000_with_camera_labels-80.png 1072 776 36
big_dataset_depth/000000000728-segment-10664823084372323928_4360_000_4380_000_with_camera_labels-80.png 1080 760 36
big_dataset_depth/000000000728-segment-10664823084372323928_4360_000_4380_000_with_camera_labels-80.png 1088 760 36
big_dataset_depth/000000000728-segment-10664823084372323928_4360_000_4380_000_with_camera_labels-80.png 1096 760 36
big_dataset_depth/000000000728-segment-10664823084372323928_4360_000_4380_000_with_camera_labels-80.png 1104 760 37
big_dataset_depth/000000000728-segment-10664823084372323928_4360_000_4380_000_with_camera_labels-80.png 1112 760 43
big_dataset_depth/000000000728-segment-10664823084372323928_4360_000_4380_000_with_camera_labels-80.png 1120 696 60
big_dataset_depth/000000000728-segment-10664823084372323928_4360_000_4380_000_with_camera_labels-80.png 1128 696 61
big_dataset_depth/000000000728-segment-10664823084372323928_4360_000_4380_000_with_camera_labels-80.png 1136 680 66
big_dataset_depth/000000000728-segment-10664823084372323928_4360_000_4380_000_with_camera_labels-80.png 1144 696 65
big_dataset_depth/000000000728-segment-10664823084372323928_4360_000_4380_000_with_camera_labels-80.png 1152 688 66
big_dataset_depth/000000000728-segment-10664823084372323928_4360_000_4380_000_with_camera_labels-80.png 1160 640 66
big_dataset_depth/000000000728-segment-10664823084372323928_4360_000_4380_000_with_camera_labels-80.png 1168 672 44
big_dataset_depth/000000000728-segment-10664823084372323928_4360_000_4380_000_with_camera_labels-80.png 1176 736 44
big_dataset_depth/000000000728-segment-10664823084372323928_4360_000_4380_000_with_camera_labels-80.png 1184 728 43
big_dataset_depth/000000000728-segment-10664823084372323928_4360_000_4380_000_with_camera_labels-80.png 1192 736 43
big_dataset_depth/000000000728-segment-10664823084372323928_4360_000_4380_000_with_camera_labels-80.png 1200 752 42
big_dataset_depth/000000000728-segment-10664823084372323928_4360_000_4380_000_with_camera_labels-80.png 1208 752 42
big_dataset_depth/000000000728-segment-10664823084372323928_4360_000_4380_000_with_camera_labels-80.png 1216 752 42
big_dataset_depth/000000000728-segment-10664823084372323928_4360_000_4380_000_with_camera_labels-80.png 1224 752 42
big_dataset_depth/000000000728-segment-10664823084372323928_4360_000_4380_000_with_camera_labels-80.png 1232 752 42
big_dataset_depth/000000000728-segment-10664823084372323928_4360_000_4380_000_with_camera_labels-80.png 1240 752 42
big_dataset_depth/000000000728-segment-10664823084372323928_4360_000_4380_000_with_camera_labels-80.png 1248 752 42
big_dataset_depth/000000000728-segment-10664823084372323928_4360_000_4380_000_with_camera_labels-80.png 1256 736 42
big_dataset_depth/000000000728-segment-10664823084372323928_4360_000_4380_000_with_camera_labels-80.png 1264 736 43
big_dataset_depth/000000000728-segment-10664823084372323928_4360_000_4380_000_with_camera_labels-80.png 1272 736 43
big_dataset_depth/000000000728-segment-10664823084372323928_4360_000_4380_000_with_camera_labels-80.png 1280 736 43
big_dataset_depth/000000000728-segment-10664823084372323928_4360_000_4380_000_with_camera_labels-80.png 1288 736 43
big_dataset_depth/000000000728-segment-10664823084372323928_4360_000_4380_000_with_camera_labels-80.png 1304 720 35
big_dataset_depth/000000000728-segment-10664823084372323928_4360_000_4380_000_with_camera_labels-80.png 1312 736 35
big_dataset_depth/000000000728-segment-10664823084372323928_4360_000_4380_000_with_camera_labels-80.png 1320 752 35
big_dataset_depth/000000000728-segment-10664823084372323928_4360_000_4380_000_with_camera_labels-80.png 1328 752 34
big_dataset_depth/000000000728-segment-10664823084372323928_4360_000_4380_000_with_camera_labels-80.png 1336 752 34
big_dataset_depth/000000000728-segment-10664823084372323928_4360_000_4380_000_with_camera_labels-80.png 1344 752 34
big_dataset_depth/000000000728-segment-10664823084372323928_4360_000_4380_000_with_camera_labels-80.png 1352 760 35
big_dataset_depth/000000000728-segment-10664823084372323928_4360_000_4380_000_with_camera_labels-80.png 1360 784 36
big_dataset_depth/000000000728-segment-10664823084372323928_4360_000_4380_000_with_camera_labels-80.png 1368 768 36
big_dataset_depth/000000000728-segment-10664823084372323928_4360_000_4380_000_with_camera_labels-80.png 1376 768 34
big_dataset_depth/000000000728-segment-10664823084372323928_4360_000_4380_000_with_camera_labels-80.png 1384 776 34
big_dataset_depth/000000000728-segment-10664823084372323928_4360_000_4380_000_with_camera_labels-80.png 1392 784 34
big_dataset_depth/000000000728-segment-10664823084372323928_4360_000_4380_000_with_camera_labels-80.png 1400 784 34
big_dataset_depth/000000000728-segment-10664823084372323928_4360_000_4380_000_with_camera_labels-80.png 1408 784 34
big_dataset_depth/000000000728-segment-10664823084372323928_4360_000_4380_000_with_camera_labels-80.png 1416 776 34
big_dataset_depth/000000000728-segment-10664823084372323928_4360_000_4380_000_with_camera_labels-80.png 1424 784 34
big_dataset_depth/000000000728-segment-10664823084372323928_4360_000_4380_000_with_camera_labels-80.png 1432 784 34
big_dataset_depth/000000000728-segment-10664823084372323928_4360_000_4380_000_with_camera_labels-80.png 1440 768 34
big_dataset_depth/000000000728-segment-10664823084372323928_4360_000_4380_000_with_camera_labels-80.png 1464 976 21
big_dataset_depth/000000000728-segment-10664823084372323928_4360_000_4380_000_with_camera_labels-80.png 1472 976 21
big_dataset_depth/000000000728-segment-10664823084372323928_4360_000_4380_000_with_camera_labels-80.png 1480 984 20
big_dataset_depth/000000000728-segment-10664823084372323928_4360_000_4380_000_with_camera_labels-80.png 1488 992 20
big_dataset_depth/000000000728-segment-10664823084372323928_4360_000_4380_000_with_camera_labels-80.png 1496 992 20
big_dataset_depth/000000000728-segment-10664823084372323928_4360_000_4380_000_with_camera_labels-80.png 1504 992 20
big_dataset_depth/000000000728-segment-10664823084372323928_4360_000_4380_000_with_camera_labels-80.png 1512 992 19
big_dataset_depth/000000000728-segment-10664823084372323928_4360_000_4380_000_with_camera_labels-80.png 1520 1000 19
big_dataset_depth/000000000728-segment-10664823084372323928_4360_000_4380_000_with_camera_labels-80.png 1528 1008 19
big_dataset_depth/000000000728-segment-10664823084372323928_4360_000_4380_000_with_camera_labels-80.png 1536 1008 19
big_dataset_depth/000000000728-segment-10664823084372323928_4360_000_4380_000_with_camera_labels-80.png 1544 1008 19
big_dataset_depth/000000000728-segment-10664823084372323928_4360_000_4380_000_with_camera_labels-80.png 1552 1032 18
big_dataset_depth/000000000728-segment-10664823084372323928_4360_000_4380_000_with_camera_labels-80.png 1560 1032 18
big_dataset_depth/000000000728-segment-10664823084372323928_4360_000_4380_000_with_camera_labels-80.png 1568 1040 18
big_dataset_depth/000000000728-segment-10664823084372323928_4360_000_4380_000_with_camera_labels-80.png 1576 1048 18
big_dataset_depth/000000000728-segment-10664823084372323928_4360_000_4380_000_with_camera_labels-80.png 1584 1048 18
big_dataset_depth/000000000728-segment-10664823084372323928_4360_000_4380_000_with_camera_labels-80.png 1592 1048 18
big_dataset_depth/000000000728-segment-10664823084372323928_4360_000_4380_000_with_camera_labels-80.png 1600 1048 17
big_dataset_depth/000000000728-segment-10664823084372323928_4360_000_4380_000_with_camera_labels-80.png 1608 1072 17
big_dataset_depth/000000000728-segment-10664823084372323928_4360_000_4380_000_with_camera_labels-80.png 1616 1072 17
big_dataset_depth/000000000728-segment-10664823084372323928_4360_000_4380_000_with_camera_labels-80.png 1624 1072 17
big_dataset_depth/000000000728-segment-10664823084372323928_4360_000_4380_000_with_camera_labels-80.png 1640 1072 17
big_dataset_depth/000000000728-segment-10664823084372323928_4360_000_4380_000_with_camera_labels-80.png 1648 1080 17
big_dataset_depth/000000000728-segment-10664823084372323928_4360_000_4380_000_with_camera_labels-80.png 1656 1096 16
big_dataset_depth/000000000728-segment-10664823084372323928_4360_000_4380_000_with_camera_labels-80.png 1664 1096 16
big_dataset_depth/000000000728-segment-10664823084372323928_4360_000_4380_000_with_camera_labels-80.png 1672 1096 16
big_dataset_depth/000000000728-segment-10664823084372323928_4360_000_4380_000_with_camera_labels-80.png 1680 1112 16
big_dataset_depth/000000000728-segment-10664823084372323928_4360_000_4380_000_with_camera_labels-80.png 1688 1120 16
big_dataset_depth/000000000728-segment-10664823084372323928_4360_000_4380_000_with_camera_labels-80.png 1696 1120 16
big_dataset_depth/000000000728-segment-10664823084372323928_4360_000_4380_000_with_camera_labels-80.png 1704 1120 16
big_dataset_depth/000000000728-segment-10664823084372323928_4360_000_4380_000_with_camera_labels-80.png 1712 1136 15
big_dataset_depth/000000000728-segment-10664823084372323928_4360_000_4380_000_with_camera_labels-80.png 1720 1120 16
big_dataset_depth/000000000728-segment-10664823084372323928_4360_000_4380_000_with_camera_labels-80.png 1728 1120 15
big_dataset_depth/000000000728-segment-10664823084372323928_4360_000_4380_000_with_camera_labels-80.png 1736 1120 15
big_dataset_depth/000000000728-segment-10664823084372323928_4360_000_4380_000_with_camera_labels-80.png 1744 1144 15
big_dataset_depth/000000000728-segment-10664823084372323928_4360_000_4380_000_with_camera_labels-80.png 1752 1144 15
big_dataset_depth/000000000728-segment-10664823084372323928_4360_000_4380_000_with_camera_labels-80.png 1760 1144 15
big_dataset_depth/000000000728-segment-10664823084372323928_4360_000_4380_000_with_camera_labels-80.png 1768 1144 15
big_dataset_depth/000000000728-segment-10664823084372323928_4360_000_4380_000_with_camera_labels-80.png 1776 1168 15
big_dataset_depth/000000000728-segment-10664823084372323928_4360_000_4380_000_with_camera_labels-80.png 1784 1168 15
big_dataset_depth/000000000728-segment-10664823084372323928_4360_000_4380_000_with_camera_labels-80.png 1792 1192 14
big_dataset_depth/000000000728-segment-10664823084372323928_4360_000_4380_000_with_camera_labels-80.png 1800 1176 15
big_dataset_depth/000000000728-segment-10664823084372323928_4360_000_4380_000_with_camera_labels-80.png 1808 1192 14
big_dataset_depth/000000000728-segment-10664823084372323928_4360_000_4380_000_with_camera_labels-80.png 1816 968 25
big_dataset_depth/000000000728-segment-10664823084372323928_4360_000_4380_000_with_camera_labels-80.png 1824 816 38
big_dataset_depth/000000000728-segment-10664823084372323928_4360_000_4380_000_with_camera_labels-80.png 1832 976 25
big_dataset_depth/000000000728-segment-10664823084372323928_4360_000_4380_000_with_camera_labels-80.png 1840 952 35
big_dataset_depth/000000000728-segment-10664823084372323928_4360_000_4380_000_with_camera_labels-80.png 1848 1216 14
big_dataset_depth/000000000728-segment-10664823084372323928_4360_000_4380_000_with_camera_labels-80.png 1856 1216 14
big_dataset_depth/000000000728-segment-10664823084372323928_4360_000_4380_000_with_camera_labels-80.png 1864 1216 14
big_dataset_depth/000000000728-segment-10664823084372323928_4360_000_4380_000_with_camera_labels-80.png 1872 976 28
big_dataset_depth/000000000728-segment-10664823084372323928_4360_000_4380_000_with_camera_labels-80.png 1880 1064 23
big_dataset_depth/000000000728-segment-10664823084372323928_4360_000_4380_000_with_camera_labels-80.png 1888 1072 23
big_dataset_depth/000000000728-segment-10664823084372323928_4360_000_4380_000_with_camera_labels-80.png 1896 888 40
big_dataset_depth/000000000728-segment-10664823084372323928_4360_000_4380_000_with_camera_labels-80.png 1904 992 28
big_dataset_depth/000000000728-segment-10664823084372323928_4360_000_4380_000_with_camera_labels-80.png 1912 824 47
