big_dataset_depth/000000003772-segment-14076089808269682731_54_730_74_730_with_camera_labels-150.png 0 576 56
big_dataset_depth/000000003772-segment-14076089808269682731_54_730_74_730_with_camera_labels-150.png 8 560 43
big_dataset_depth/000000003772-segment-14076089808269682731_54_730_74_730_with_camera_labels-150.png 16 768 54
big_dataset_depth/000000003772-segment-14076089808269682731_54_730_74_730_with_camera_labels-150.png 24 768 54
big_dataset_depth/000000003772-segment-14076089808269682731_54_730_74_730_with_camera_labels-150.png 32 888 35
big_dataset_depth/000000003772-segment-14076089808269682731_54_730_74_730_with_camera_labels-150.png 40 768 54
big_dataset_depth/000000003772-segment-14076089808269682731_54_730_74_730_with_camera_labels-150.png 48 768 55
big_dataset_depth/000000003772-segment-14076089808269682731_54_730_74_730_with_camera_labels-150.png 56 608 61
big_dataset_depth/000000003772-segment-14076089808269682731_54_730_74_730_with_camera_labels-150.png 64 584 53
big_dataset_depth/000000003772-segment-14076089808269682731_54_730_74_730_with_camera_labels-150.png 72 576 59
big_dataset_depth/000000003772-segment-14076089808269682731_54_730_74_730_with_camera_labels-150.png 80 576 52
big_dataset_depth/000000003772-segment-14076089808269682731_54_730_74_730_with_camera_labels-150.png 88 584 59
big_dataset_depth/000000003772-segment-14076089808269682731_54_730_74_730_with_camera_labels-150.png 104 592 60
big_dataset_depth/000000003772-segment-14076089808269682731_54_730_74_730_with_camera_labels-150.png 112 608 69
big_dataset_depth/000000003772-segment-14076089808269682731_54_730_74_730_with_camera_labels-150.png 120 600 66
big_dataset_depth/000000003772-segment-14076089808269682731_54_730_74_730_with_camera_labels-150.png 128 616 69
big_dataset_depth/000000003772-segment-14076089808269682731_54_730_74_730_with_camera_labels-150.png 136 608 66
big_dataset_depth/000000003772-segment-14076089808269682731_54_730_74_730_with_camera_labels-150.png 144 616 69
big_dataset_depth/000000003772-segment-14076089808269682731_54_730_74_730_with_camera_labels-150.png 152 608 69
big_dataset_depth/000000003772-segment-14076089808269682731_54_730_74_730_with_camera_labels-150.png 160 608 69
big_dataset_depth/000000003772-segment-14076089808269682731_54_730_74_730_with_camera_labels-150.png 168 672 66
big_dataset_depth/000000003772-segment-14076089808269682731_54_730_74_730_with_camera_labels-150.png 184 728 62
big_dataset_depth/000000003772-segment-14076089808269682731_54_730_74_730_with_camera_labels-150.png 192 752 67
big_dataset_depth/000000003772-segment-14076089808269682731_54_730_74_730_with_camera_labels-150.png 200 752 66
big_dataset_depth/000000003772-segment-14076089808269682731_54_730_74_730_with_camera_labels-150.png 208 656 63
big_dataset_depth/000000003772-segment-14076089808269682731_54_730_74_730_with_camera_labels-150.png 216 584 60
big_dataset_depth/000000003772-segment-14076089808269682731_54_730_74_730_with_camera_labels-150.png 224 584 60
big_dataset_depth/000000003772-segment-14076089808269682731_54_730_74_730_with_camera_labels-150.png 232 600 61
big_dataset_depth/000000003772-segment-14076089808269682731_54_730_74_730_with_camera_labels-150.png 240 592 61
big_dataset_depth/000000003772-segment-14076089808269682731_54_730_74_730_with_camera_labels-150.png 248 608 61
big_dataset_depth/000000003772-segment-14076089808269682731_54_730_74_730_with_camera_labels-150.png 256 600 68
big_dataset_depth/000000003772-segment-14076089808269682731_54_730_74_730_with_camera_labels-150.png 264 600 68
big_dataset_depth/000000003772-segment-14076089808269682731_54_730_74_730_with_camera_labels-150.png 272 584 60
big_dataset_depth/000000003772-segment-14076089808269682731_54_730_74_730_with_camera_labels-150.png 280 600 69
big_dataset_depth/000000003772-segment-14076089808269682731_54_730_74_730_with_camera_labels-150.png 288 616 78
big_dataset_depth/000000003772-segment-14076089808269682731_54_730_74_730_with_camera_labels-150.png 296 736 82
big_dataset_depth/000000003772-segment-14076089808269682731_54_730_74_730_with_camera_labels-150.png 304 624 79
big_dataset_depth/000000003772-segment-14076089808269682731_54_730_74_730_with_camera_labels-150.png 312 736 82
big_dataset_depth/000000003772-segment-14076089808269682731_54_730_74_730_with_camera_labels-150.png 320 736 77
big_dataset_depth/000000003772-segment-14076089808269682731_54_730_74_730_with_camera_labels-150.png 328 712 78
big_dataset_depth/000000003772-segment-14076089808269682731_54_730_74_730_with_camera_labels-150.png 336 680 78
big_dataset_depth/000000003772-segment-14076089808269682731_54_730_74_730_with_camera_labels-150.png 344 736 81
big_dataset_depth/000000003772-segment-14076089808269682731_54_730_74_730_with_camera_labels-150.png 352 576 61
big_dataset_depth/000000003772-segment-14076089808269682731_54_730_74_730_with_camera_labels-150.png 360 576 62
big_dataset_depth/000000003772-segment-14076089808269682731_54_730_74_730_with_camera_labels-150.png 368 752 74
big_dataset_depth/000000003772-segment-14076089808269682731_54_730_74_730_with_camera_labels-150.png 376 784 49
big_dataset_depth/000000003772-segment-14076089808269682731_54_730_74_730_with_camera_labels-150.png 384 792 49
big_dataset_depth/000000003772-segment-14076089808269682731_54_730_74_730_with_camera_labels-150.png 392 776 49
big_dataset_depth/000000003772-segment-14076089808269682731_54_730_74_730_with_camera_labels-150.png 400 776 49
big_dataset_depth/000000003772-segment-14076089808269682731_54_730_74_730_with_camera_labels-150.png 408 776 49
big_dataset_depth/000000003772-segment-14076089808269682731_54_730_74_730_with_camera_labels-150.png 416 784 50
big_dataset_depth/000000003772-segment-14076089808269682731_54_730_74_730_with_camera_labels-150.png 424 776 49
big_dataset_depth/000000003772-segment-14076089808269682731_54_730_74_730_with_camera_labels-150.png 432 784 50
big_dataset_depth/000000003772-segment-14076089808269682731_54_730_74_730_with_camera_labels-150.png 440 776 49
big_dataset_depth/000000003772-segment-14076089808269682731_54_730_74_730_with_camera_labels-150.png 448 784 50
big_dataset_depth/000000003772-segment-14076089808269682731_54_730_74_730_with_camera_labels-150.png 456 776 49
big_dataset_depth/000000003772-segment-14076089808269682731_54_730_74_730_with_camera_labels-150.png 464 784 50
big_dataset_depth/000000003772-segment-14076089808269682731_54_730_74_730_with_camera_labels-150.png 472 792 50
big_dataset_depth/000000003772-segment-14076089808269682731_54_730_74_730_with_camera_labels-150.png 480 768 50
big_dataset_depth/000000003772-segment-14076089808269682731_54_730_74_730_with_camera_labels-150.png 496 776 54
big_dataset_depth/000000003772-segment-14076089808269682731_54_730_74_730_with_camera_labels-150.png 504 776 54
big_dataset_depth/000000003772-segment-14076089808269682731_54_730_74_730_with_camera_labels-150.png 512 768 56
big_dataset_depth/000000003772-segment-14076089808269682731_54_730_74_730_with_camera_labels-150.png 528 744 61
big_dataset_depth/000000003772-segment-14076089808269682731_54_730_74_730_with_camera_labels-150.png 536 872 20
big_dataset_depth/000000003772-segment-14076089808269682731_54_730_74_730_with_camera_labels-150.png 544 688 68
big_dataset_depth/000000003772-segment-14076089808269682731_54_730_74_730_with_camera_labels-150.png 552 776 47
big_dataset_depth/000000003772-segment-14076089808269682731_54_730_74_730_with_camera_labels-150.png 560 896 20
big_dataset_depth/000000003772-segment-14076089808269682731_54_730_74_730_with_camera_labels-150.png 568 928 20
big_dataset_depth/000000003772-segment-14076089808269682731_54_730_74_730_with_camera_labels-150.png 576 824 47
big_dataset_depth/000000003772-segment-14076089808269682731_54_730_74_730_with_camera_labels-150.png 584 992 21
big_dataset_depth/000000003772-segment-14076089808269682731_54_730_74_730_with_camera_labels-150.png 592 1008 20
big_dataset_depth/000000003772-segment-14076089808269682731_54_730_74_730_with_camera_labels-150.png 600 912 20
big_dataset_depth/000000003772-segment-14076089808269682731_54_730_74_730_with_camera_labels-150.png 608 1008 20
big_dataset_depth/000000003772-segment-14076089808269682731_54_730_74_730_with_camera_labels-150.png 616 1008 20
big_dataset_depth/000000003772-segment-14076089808269682731_54_730_74_730_with_camera_labels-150.png 624 1008 20
big_dataset_depth/000000003772-segment-14076089808269682731_54_730_74_730_with_camera_labels-150.png 632 984 20
big_dataset_depth/000000003772-segment-14076089808269682731_54_730_74_730_with_camera_labels-150.png 648 920 20
big_dataset_depth/000000003772-segment-14076089808269682731_54_730_74_730_with_camera_labels-150.png 656 912 20
big_dataset_depth/000000003772-segment-14076089808269682731_54_730_74_730_with_camera_labels-150.png 664 912 20
big_dataset_depth/000000003772-segment-14076089808269682731_54_730_74_730_with_camera_labels-150.png 672 880 20
big_dataset_depth/000000003772-segment-14076089808269682731_54_730_74_730_with_camera_labels-150.png 680 816 20
big_dataset_depth/000000003772-segment-14076089808269682731_54_730_74_730_with_camera_labels-150.png 704 712 90
big_dataset_depth/000000003772-segment-14076089808269682731_54_730_74_730_with_camera_labels-150.png 720 720 90
big_dataset_depth/000000003772-segment-14076089808269682731_54_730_74_730_with_camera_labels-150.png 824 712 73
big_dataset_depth/000000003772-segment-14076089808269682731_54_730_74_730_with_camera_labels-150.png 832 736 73
big_dataset_depth/000000003772-segment-14076089808269682731_54_730_74_730_with_camera_labels-150.png 840 696 73
big_dataset_depth/000000003772-segment-14076089808269682731_54_730_74_730_with_camera_labels-150.png 1016 696 99
big_dataset_depth/000000003772-segment-14076089808269682731_54_730_74_730_with_camera_labels-150.png 1024 696 99
big_dataset_depth/000000003772-segment-14076089808269682731_54_730_74_730_with_camera_labels-150.png 1032 696 99
big_dataset_depth/000000003772-segment-14076089808269682731_54_730_74_730_with_camera_labels-150.png 1040 696 99
big_dataset_depth/000000003772-segment-14076089808269682731_54_730_74_730_with_camera_labels-150.png 1048 696 99
big_dataset_depth/000000003772-segment-14076089808269682731_54_730_74_730_with_camera_labels-150.png 1056 696 100
big_dataset_depth/000000003772-segment-14076089808269682731_54_730_74_730_with_camera_labels-150.png 1064 696 99
big_dataset_depth/000000003772-segment-14076089808269682731_54_730_74_730_with_camera_labels-150.png 1072 712 101
big_dataset_depth/000000003772-segment-14076089808269682731_54_730_74_730_with_camera_labels-150.png 1080 696 102
big_dataset_depth/000000003772-segment-14076089808269682731_54_730_74_730_with_camera_labels-150.png 1088 712 98
big_dataset_depth/000000003772-segment-14076089808269682731_54_730_74_730_with_camera_labels-150.png 1096 712 97
big_dataset_depth/000000003772-segment-14076089808269682731_54_730_74_730_with_camera_labels-150.png 1104 768 52
big_dataset_depth/000000003772-segment-14076089808269682731_54_730_74_730_with_camera_labels-150.png 1112 776 49
big_dataset_depth/000000003772-segment-14076089808269682731_54_730_74_730_with_camera_labels-150.png 1120 768 49
big_dataset_depth/000000003772-segment-14076089808269682731_54_730_74_730_with_camera_labels-150.png 1128 776 48
big_dataset_depth/000000003772-segment-14076089808269682731_54_730_74_730_with_camera_labels-150.png 1136 784 47
big_dataset_depth/000000003772-segment-14076089808269682731_54_730_74_730_with_camera_labels-150.png 1144 792 47
big_dataset_depth/000000003772-segment-14076089808269682731_54_730_74_730_with_camera_labels-150.png 1152 760 47
big_dataset_depth/000000003772-segment-14076089808269682731_54_730_74_730_with_camera_labels-150.png 1160 784 44
big_dataset_depth/000000003772-segment-14076089808269682731_54_730_74_730_with_camera_labels-150.png 1168 808 39
big_dataset_depth/000000003772-segment-14076089808269682731_54_730_74_730_with_camera_labels-150.png 1176 824 38
big_dataset_depth/000000003772-segment-14076089808269682731_54_730_74_730_with_camera_labels-150.png 1184 824 39
big_dataset_depth/000000003772-segment-14076089808269682731_54_730_74_730_with_camera_labels-150.png 1192 816 37
big_dataset_depth/000000003772-segment-14076089808269682731_54_730_74_730_with_camera_labels-150.png 1200 792 36
big_dataset_depth/000000003772-segment-14076089808269682731_54_730_74_730_with_camera_labels-150.png 1208 840 35
big_dataset_depth/000000003772-segment-14076089808269682731_54_730_74_730_with_camera_labels-150.png 1216 848 34
big_dataset_depth/000000003772-segment-14076089808269682731_54_730_74_730_with_camera_labels-150.png 1224 856 34
big_dataset_depth/000000003772-segment-14076089808269682731_54_730_74_730_with_camera_labels-150.png 1232 824 34
big_dataset_depth/000000003772-segment-14076089808269682731_54_730_74_730_with_camera_labels-150.png 1240 808 34
big_dataset_depth/000000003772-segment-14076089808269682731_54_730_74_730_with_camera_labels-150.png 1248 800 33
big_dataset_depth/000000003772-segment-14076089808269682731_54_730_74_730_with_camera_labels-150.png 1256 808 34
big_dataset_depth/000000003772-segment-14076089808269682731_54_730_74_730_with_camera_labels-150.png 1264 824 35
big_dataset_depth/000000003772-segment-14076089808269682731_54_730_74_730_with_camera_labels-150.png 1272 816 34
big_dataset_depth/000000003772-segment-14076089808269682731_54_730_74_730_with_camera_labels-150.png 1280 800 33
big_dataset_depth/000000003772-segment-14076089808269682731_54_730_74_730_with_camera_labels-150.png 1288 832 34
big_dataset_depth/000000003772-segment-14076089808269682731_54_730_74_730_with_camera_labels-150.png 1296 816 34
big_dataset_depth/000000003772-segment-14076089808269682731_54_730_74_730_with_camera_labels-150.png 1304 808 33
big_dataset_depth/000000003772-segment-14076089808269682731_54_730_74_730_with_camera_labels-150.png 1312 816 37
big_dataset_depth/000000003772-segment-14076089808269682731_54_730_74_730_with_camera_labels-150.png 1320 816 33
big_dataset_depth/000000003772-segment-14076089808269682731_54_730_74_730_with_camera_labels-150.png 1328 840 34
big_dataset_depth/000000003772-segment-14076089808269682731_54_730_74_730_with_camera_labels-150.png 1336 816 34
big_dataset_depth/000000003772-segment-14076089808269682731_54_730_74_730_with_camera_labels-150.png 1344 808 34
big_dataset_depth/000000003772-segment-14076089808269682731_54_730_74_730_with_camera_labels-150.png 1352 800 33
big_dataset_depth/000000003772-segment-14076089808269682731_54_730_74_730_with_camera_labels-150.png 1360 848 35
big_dataset_depth/000000003772-segment-14076089808269682731_54_730_74_730_with_camera_labels-150.png 1368 848 34
big_dataset_depth/000000003772-segment-14076089808269682731_54_730_74_730_with_camera_labels-150.png 1384 816 34
big_dataset_depth/000000003772-segment-14076089808269682731_54_730_74_730_with_camera_labels-150.png 1392 752 58
big_dataset_depth/000000003772-segment-14076089808269682731_54_730_74_730_with_camera_labels-150.png 1400 752 58
big_dataset_depth/000000003772-segment-14076089808269682731_54_730_74_730_with_camera_labels-150.png 1408 712 81
big_dataset_depth/000000003772-segment-14076089808269682731_54_730_74_730_with_camera_labels-150.png 1416 704 80
big_dataset_depth/000000003772-segment-14076089808269682731_54_730_74_730_with_camera_labels-150.png 1424 712 76
big_dataset_depth/000000003772-segment-14076089808269682731_54_730_74_730_with_camera_labels-150.png 1432 744 68
big_dataset_depth/000000003772-segment-14076089808269682731_54_730_74_730_with_camera_labels-150.png 1440 864 33
big_dataset_depth/000000003772-segment-14076089808269682731_54_730_74_730_with_camera_labels-150.png 1448 712 78
big_dataset_depth/000000003772-segment-14076089808269682731_54_730_74_730_with_camera_labels-150.png 1456 728 64
big_dataset_depth/000000003772-segment-14076089808269682731_54_730_74_730_with_camera_labels-150.png 1464 728 64
big_dataset_depth/000000003772-segment-14076089808269682731_54_730_74_730_with_camera_labels-150.png 1472 744 53
big_dataset_depth/000000003772-segment-14076089808269682731_54_730_74_730_with_camera_labels-150.png 1480 736 57
big_dataset_depth/000000003772-segment-14076089808269682731_54_730_74_730_with_camera_labels-150.png 1488 744 53
big_dataset_depth/000000003772-segment-14076089808269682731_54_730_74_730_with_camera_labels-150.png 1504 824 41
big_dataset_depth/000000003772-segment-14076089808269682731_54_730_74_730_with_camera_labels-150.png 1512 824 44
big_dataset_depth/000000003772-segment-14076089808269682731_54_730_74_730_with_camera_labels-150.png 1520 824 44
big_dataset_depth/000000003772-segment-14076089808269682731_54_730_74_730_with_camera_labels-150.png 1528 744 58
big_dataset_depth/000000003772-segment-14076089808269682731_54_730_74_730_with_camera_labels-150.png 1536 752 57
big_dataset_depth/000000003772-segment-14076089808269682731_54_730_74_730_with_camera_labels-150.png 1544 704 68
big_dataset_depth/000000003772-segment-14076089808269682731_54_730_74_730_with_camera_labels-150.png 1552 744 57
big_dataset_depth/000000003772-segment-14076089808269682731_54_730_74_730_with_camera_labels-150.png 1568 752 49
big_dataset_depth/000000003772-segment-14076089808269682731_54_730_74_730_with_camera_labels-150.png 1584 928 27
big_dataset_depth/000000003772-segment-14076089808269682731_54_730_74_730_with_camera_labels-150.png 1592 928 27
big_dataset_depth/000000003772-segment-14076089808269682731_54_730_74_730_with_camera_labels-150.png 1600 864 33
big_dataset_depth/000000003772-segment-14076089808269682731_54_730_74_730_with_camera_labels-150.png 1608 928 26
big_dataset_depth/000000003772-segment-14076089808269682731_54_730_74_730_with_camera_labels-150.png 1616 760 56
big_dataset_depth/000000003772-segment-14076089808269682731_54_730_74_730_with_camera_labels-150.png 1624 752 56
big_dataset_depth/000000003772-segment-14076089808269682731_54_730_74_730_with_camera_labels-150.png 1632 744 54
big_dataset_depth/000000003772-segment-14076089808269682731_54_730_74_730_with_camera_labels-150.png 1640 944 25
big_dataset_depth/000000003772-segment-14076089808269682731_54_730_74_730_with_camera_labels-150.png 1648 944 25
big_dataset_depth/000000003772-segment-14076089808269682731_54_730_74_730_with_camera_labels-150.png 1656 744 54
big_dataset_depth/000000003772-segment-14076089808269682731_54_730_74_730_with_camera_labels-150.png 1664 752 53
big_dataset_depth/000000003772-segment-14076089808269682731_54_730_74_730_with_camera_labels-150.png 1672 720 55
big_dataset_depth/000000003772-segment-14076089808269682731_54_730_74_730_with_camera_labels-150.png 1680 960 24
big_dataset_depth/000000003772-segment-14076089808269682731_54_730_74_730_with_camera_labels-150.png 1688 784 35
big_dataset_depth/000000003772-segment-14076089808269682731_54_730_74_730_with_camera_labels-150.png 1696 808 35
big_dataset_depth/000000003772-segment-14076089808269682731_54_730_74_730_with_camera_labels-150.png 1704 808 35
big_dataset_depth/000000003772-segment-14076089808269682731_54_730_74_730_with_camera_labels-150.png 1712 832 35
big_dataset_depth/000000003772-segment-14076089808269682731_54_730_74_730_with_camera_labels-150.png 1720 832 35
big_dataset_depth/000000003772-segment-14076089808269682731_54_730_74_730_with_camera_labels-150.png 1728 840 34
big_dataset_depth/000000003772-segment-14076089808269682731_54_730_74_730_with_camera_labels-150.png 1736 832 35
big_dataset_depth/000000003772-segment-14076089808269682731_54_730_74_730_with_camera_labels-150.png 1744 832 35
big_dataset_depth/000000003772-segment-14076089808269682731_54_730_74_730_with_camera_labels-150.png 1752 832 35
big_dataset_depth/000000003772-segment-14076089808269682731_54_730_74_730_with_camera_labels-150.png 1760 824 35
big_dataset_depth/000000003772-segment-14076089808269682731_54_730_74_730_with_camera_labels-150.png 1768 840 34
big_dataset_depth/000000003772-segment-14076089808269682731_54_730_74_730_with_camera_labels-150.png 1776 832 35
big_dataset_depth/000000003772-segment-14076089808269682731_54_730_74_730_with_camera_labels-150.png 1784 832 35
big_dataset_depth/000000003772-segment-14076089808269682731_54_730_74_730_with_camera_labels-150.png 1792 824 35
big_dataset_depth/000000003772-segment-14076089808269682731_54_730_74_730_with_camera_labels-150.png 1800 768 46
big_dataset_depth/000000003772-segment-14076089808269682731_54_730_74_730_with_camera_labels-150.png 1808 736 51
big_dataset_depth/000000003772-segment-14076089808269682731_54_730_74_730_with_camera_labels-150.png 1816 744 51
big_dataset_depth/000000003772-segment-14076089808269682731_54_730_74_730_with_camera_labels-150.png 1824 752 51
big_dataset_depth/000000003772-segment-14076089808269682731_54_730_74_730_with_camera_labels-150.png 1832 744 51
big_dataset_depth/000000003772-segment-14076089808269682731_54_730_74_730_with_camera_labels-150.png 1840 760 50
big_dataset_depth/000000003772-segment-14076089808269682731_54_730_74_730_with_camera_labels-150.png 1848 768 41
big_dataset_depth/000000003772-segment-14076089808269682731_54_730_74_730_with_camera_labels-150.png 1856 744 41
big_dataset_depth/000000003772-segment-14076089808269682731_54_730_74_730_with_camera_labels-150.png 1864 720 40
big_dataset_depth/000000003772-segment-14076089808269682731_54_730_74_730_with_camera_labels-150.png 1872 776 41
big_dataset_depth/000000003772-segment-14076089808269682731_54_730_74_730_with_camera_labels-150.png 1880 768 41
big_dataset_depth/000000003772-segment-14076089808269682731_54_730_74_730_with_camera_labels-150.png 1888 776 41
big_dataset_depth/000000003772-segment-14076089808269682731_54_730_74_730_with_camera_labels-150.png 1896 760 48
big_dataset_depth/000000003772-segment-14076089808269682731_54_730_74_730_with_camera_labels-150.png 1904 760 47
big_dataset_depth/000000003772-segment-14076089808269682731_54_730_74_730_with_camera_labels-150.png 1912 744 53
