big_dataset_depth/000000002313-segment-12473470522729755785_4000_000_4020_000_with_camera_labels-160.png 0 728 85
big_dataset_depth/000000002313-segment-12473470522729755785_4000_000_4020_000_with_camera_labels-160.png 8 728 85
big_dataset_depth/000000002313-segment-12473470522729755785_4000_000_4020_000_with_camera_labels-160.png 48 736 81
big_dataset_depth/000000002313-segment-12473470522729755785_4000_000_4020_000_with_camera_labels-160.png 56 712 82
big_dataset_depth/000000002313-segment-12473470522729755785_4000_000_4020_000_with_camera_labels-160.png 64 728 82
big_dataset_depth/000000002313-segment-12473470522729755785_4000_000_4020_000_with_camera_labels-160.png 72 728 82
big_dataset_depth/000000002313-segment-12473470522729755785_4000_000_4020_000_with_camera_labels-160.png 80 736 82
big_dataset_depth/000000002313-segment-12473470522729755785_4000_000_4020_000_with_camera_labels-160.png 88 736 82
big_dataset_depth/000000002313-segment-12473470522729755785_4000_000_4020_000_with_camera_labels-160.png 96 728 81
big_dataset_depth/000000002313-segment-12473470522729755785_4000_000_4020_000_with_camera_labels-160.png 104 736 81
big_dataset_depth/000000002313-segment-12473470522729755785_4000_000_4020_000_with_camera_labels-160.png 112 728 81
big_dataset_depth/000000002313-segment-12473470522729755785_4000_000_4020_000_with_camera_labels-160.png 120 736 82
big_dataset_depth/000000002313-segment-12473470522729755785_4000_000_4020_000_with_camera_labels-160.png 136 728 88
big_dataset_depth/000000002313-segment-12473470522729755785_4000_000_4020_000_with_camera_labels-160.png 144 744 77
big_dataset_depth/000000002313-segment-12473470522729755785_4000_000_4020_000_with_camera_labels-160.png 160 712 101
big_dataset_depth/000000002313-segment-12473470522729755785_4000_000_4020_000_with_camera_labels-160.png 168 712 101
big_dataset_depth/000000002313-segment-12473470522729755785_4000_000_4020_000_with_camera_labels-160.png 176 712 100
big_dataset_depth/000000002313-segment-12473470522729755785_4000_000_4020_000_with_camera_labels-160.png 184 720 100
big_dataset_depth/000000002313-segment-12473470522729755785_4000_000_4020_000_with_camera_labels-160.png 192 712 100
big_dataset_depth/000000002313-segment-12473470522729755785_4000_000_4020_000_with_camera_labels-160.png 200 712 100
big_dataset_depth/000000002313-segment-12473470522729755785_4000_000_4020_000_with_camera_labels-160.png 208 704 101
big_dataset_depth/000000002313-segment-12473470522729755785_4000_000_4020_000_with_camera_labels-160.png 216 704 104
big_dataset_depth/000000002313-segment-12473470522729755785_4000_000_4020_000_with_camera_labels-160.png 224 704 104
big_dataset_depth/000000002313-segment-12473470522729755785_4000_000_4020_000_with_camera_labels-160.png 232 712 104
big_dataset_depth/000000002313-segment-12473470522729755785_4000_000_4020_000_with_camera_labels-160.png 240 704 104
big_dataset_depth/000000002313-segment-12473470522729755785_4000_000_4020_000_with_camera_labels-160.png 352 1272 12
big_dataset_depth/000000002313-segment-12473470522729755785_4000_000_4020_000_with_camera_labels-160.png 360 1272 12
big_dataset_depth/000000002313-segment-12473470522729755785_4000_000_4020_000_with_camera_labels-160.png 368 1272 13
big_dataset_depth/000000002313-segment-12473470522729755785_4000_000_4020_000_with_camera_labels-160.png 376 1272 13
big_dataset_depth/000000002313-segment-12473470522729755785_4000_000_4020_000_with_camera_labels-160.png 384 1272 13
big_dataset_depth/000000002313-segment-12473470522729755785_4000_000_4020_000_with_camera_labels-160.png 392 1272 13
big_dataset_depth/000000002313-segment-12473470522729755785_4000_000_4020_000_with_camera_labels-160.png 400 720 78
big_dataset_depth/000000002313-segment-12473470522729755785_4000_000_4020_000_with_camera_labels-160.png 408 1216 13
big_dataset_depth/000000002313-segment-12473470522729755785_4000_000_4020_000_with_camera_labels-160.png 416 888 56
big_dataset_depth/000000002313-segment-12473470522729755785_4000_000_4020_000_with_camera_labels-160.png 424 1216 14
big_dataset_depth/000000002313-segment-12473470522729755785_4000_000_4020_000_with_camera_labels-160.png 432 968 46
big_dataset_depth/000000002313-segment-12473470522729755785_4000_000_4020_000_with_camera_labels-160.png 440 1208 14
big_dataset_depth/000000002313-segment-12473470522729755785_4000_000_4020_000_with_camera_labels-160.png 448 960 46
big_dataset_depth/000000002313-segment-12473470522729755785_4000_000_4020_000_with_camera_labels-160.png 456 1192 14
big_dataset_depth/000000002313-segment-12473470522729755785_4000_000_4020_000_with_camera_labels-160.png 464 720 78
big_dataset_depth/000000002313-segment-12473470522729755785_4000_000_4020_000_with_camera_labels-160.png 472 1152 15
big_dataset_depth/000000002313-segment-12473470522729755785_4000_000_4020_000_with_camera_labels-160.png 488 1144 15
big_dataset_depth/000000002313-segment-12473470522729755785_4000_000_4020_000_with_camera_labels-160.png 568 1024 19
big_dataset_depth/000000002313-segment-12473470522729755785_4000_000_4020_000_with_camera_labels-160.png 576 1024 19
big_dataset_depth/000000002313-segment-12473470522729755785_4000_000_4020_000_with_camera_labels-160.png 584 1024 19
big_dataset_depth/000000002313-segment-12473470522729755785_4000_000_4020_000_with_camera_labels-160.png 592 736 28
big_dataset_depth/000000002313-segment-12473470522729755785_4000_000_4020_000_with_camera_labels-160.png 608 736 28
big_dataset_depth/000000002313-segment-12473470522729755785_4000_000_4020_000_with_camera_labels-160.png 616 840 29
big_dataset_depth/000000002313-segment-12473470522729755785_4000_000_4020_000_with_camera_labels-160.png 624 952 22
big_dataset_depth/000000002313-segment-12473470522729755785_4000_000_4020_000_with_camera_labels-160.png 632 952 22
big_dataset_depth/000000002313-segment-12473470522729755785_4000_000_4020_000_with_camera_labels-160.png 640 728 28
big_dataset_depth/000000002313-segment-12473470522729755785_4000_000_4020_000_with_camera_labels-160.png 656 720 29
big_dataset_depth/000000002313-segment-12473470522729755785_4000_000_4020_000_with_camera_labels-160.png 664 696 75
big_dataset_depth/000000002313-segment-12473470522729755785_4000_000_4020_000_with_camera_labels-160.png 672 712 75
big_dataset_depth/000000002313-segment-12473470522729755785_4000_000_4020_000_with_camera_labels-160.png 680 712 75
big_dataset_depth/000000002313-segment-12473470522729755785_4000_000_4020_000_with_camera_labels-160.png 688 704 75
big_dataset_depth/000000002313-segment-12473470522729755785_4000_000_4020_000_with_camera_labels-160.png 696 712 75
big_dataset_depth/000000002313-segment-12473470522729755785_4000_000_4020_000_with_camera_labels-160.png 704 688 77
big_dataset_depth/000000002313-segment-12473470522729755785_4000_000_4020_000_with_camera_labels-160.png 712 712 75
big_dataset_depth/000000002313-segment-12473470522729755785_4000_000_4020_000_with_camera_labels-160.png 720 712 76
big_dataset_depth/000000002313-segment-12473470522729755785_4000_000_4020_000_with_camera_labels-160.png 736 680 100
big_dataset_depth/000000002313-segment-12473470522729755785_4000_000_4020_000_with_camera_labels-160.png 752 688 99
big_dataset_depth/000000002313-segment-12473470522729755785_4000_000_4020_000_with_camera_labels-160.png 760 688 99
big_dataset_depth/000000002313-segment-12473470522729755785_4000_000_4020_000_with_camera_labels-160.png 768 688 99
big_dataset_depth/000000002313-segment-12473470522729755785_4000_000_4020_000_with_camera_labels-160.png 776 688 99
big_dataset_depth/000000002313-segment-12473470522729755785_4000_000_4020_000_with_camera_labels-160.png 784 688 78
big_dataset_depth/000000002313-segment-12473470522729755785_4000_000_4020_000_with_camera_labels-160.png 792 664 76
big_dataset_depth/000000002313-segment-12473470522729755785_4000_000_4020_000_with_camera_labels-160.png 800 712 75
big_dataset_depth/000000002313-segment-12473470522729755785_4000_000_4020_000_with_camera_labels-160.png 808 664 76
big_dataset_depth/000000002313-segment-12473470522729755785_4000_000_4020_000_with_camera_labels-160.png 1080 568 108
big_dataset_depth/000000002313-segment-12473470522729755785_4000_000_4020_000_with_camera_labels-160.png 1088 584 108
big_dataset_depth/000000002313-segment-12473470522729755785_4000_000_4020_000_with_camera_labels-160.png 1096 568 108
big_dataset_depth/000000002313-segment-12473470522729755785_4000_000_4020_000_with_camera_labels-160.png 1112 608 95
big_dataset_depth/000000002313-segment-12473470522729755785_4000_000_4020_000_with_camera_labels-160.png 1120 568 94
big_dataset_depth/000000002313-segment-12473470522729755785_4000_000_4020_000_with_camera_labels-160.png 1128 600 95
big_dataset_depth/000000002313-segment-12473470522729755785_4000_000_4020_000_with_camera_labels-160.png 1136 864 28
big_dataset_depth/000000002313-segment-12473470522729755785_4000_000_4020_000_with_camera_labels-160.png 1144 864 27
big_dataset_depth/000000002313-segment-12473470522729755785_4000_000_4020_000_with_camera_labels-160.png 1152 888 27
big_dataset_depth/000000002313-segment-12473470522729755785_4000_000_4020_000_with_camera_labels-160.png 1160 864 27
big_dataset_depth/000000002313-segment-12473470522729755785_4000_000_4020_000_with_camera_labels-160.png 1168 832 26
big_dataset_depth/000000002313-segment-12473470522729755785_4000_000_4020_000_with_camera_labels-160.png 1176 880 26
big_dataset_depth/000000002313-segment-12473470522729755785_4000_000_4020_000_with_camera_labels-160.png 1184 864 24
big_dataset_depth/000000002313-segment-12473470522729755785_4000_000_4020_000_with_camera_labels-160.png 1192 936 23
big_dataset_depth/000000002313-segment-12473470522729755785_4000_000_4020_000_with_camera_labels-160.png 1200 936 23
big_dataset_depth/000000002313-segment-12473470522729755785_4000_000_4020_000_with_camera_labels-160.png 1208 944 23
big_dataset_depth/000000002313-segment-12473470522729755785_4000_000_4020_000_with_camera_labels-160.png 1216 936 23
big_dataset_depth/000000002313-segment-12473470522729755785_4000_000_4020_000_with_camera_labels-160.png 1224 936 23
big_dataset_depth/000000002313-segment-12473470522729755785_4000_000_4020_000_with_camera_labels-160.png 1232 944 23
big_dataset_depth/000000002313-segment-12473470522729755785_4000_000_4020_000_with_camera_labels-160.png 1240 920 23
big_dataset_depth/000000002313-segment-12473470522729755785_4000_000_4020_000_with_camera_labels-160.png 1248 936 23
big_dataset_depth/000000002313-segment-12473470522729755785_4000_000_4020_000_with_camera_labels-160.png 1256 896 23
big_dataset_depth/000000002313-segment-12473470522729755785_4000_000_4020_000_with_camera_labels-160.png 1264 872 22
big_dataset_depth/000000002313-segment-12473470522729755785_4000_000_4020_000_with_camera_labels-160.png 1272 872 22
big_dataset_depth/000000002313-segment-12473470522729755785_4000_000_4020_000_with_camera_labels-160.png 1280 912 23
big_dataset_depth/000000002313-segment-12473470522729755785_4000_000_4020_000_with_camera_labels-160.png 1288 872 22
big_dataset_depth/000000002313-segment-12473470522729755785_4000_000_4020_000_with_camera_labels-160.png 1296 888 22
big_dataset_depth/000000002313-segment-12473470522729755785_4000_000_4020_000_with_camera_labels-160.png 1304 880 22
big_dataset_depth/000000002313-segment-12473470522729755785_4000_000_4020_000_with_camera_labels-160.png 1312 888 22
big_dataset_depth/000000002313-segment-12473470522729755785_4000_000_4020_000_with_camera_labels-160.png 1320 912 23
big_dataset_depth/000000002313-segment-12473470522729755785_4000_000_4020_000_with_camera_labels-160.png 1328 896 22
big_dataset_depth/000000002313-segment-12473470522729755785_4000_000_4020_000_with_camera_labels-160.png 1336 896 22
big_dataset_depth/000000002313-segment-12473470522729755785_4000_000_4020_000_with_camera_labels-160.png 1344 888 22
big_dataset_depth/000000002313-segment-12473470522729755785_4000_000_4020_000_with_camera_labels-160.png 1352 888 22
big_dataset_depth/000000002313-segment-12473470522729755785_4000_000_4020_000_with_camera_labels-160.png 1360 888 22
big_dataset_depth/000000002313-segment-12473470522729755785_4000_000_4020_000_with_camera_labels-160.png 1368 880 22
big_dataset_depth/000000002313-segment-12473470522729755785_4000_000_4020_000_with_camera_labels-160.png 1376 888 22
big_dataset_depth/000000002313-segment-12473470522729755785_4000_000_4020_000_with_camera_labels-160.png 1384 888 22
big_dataset_depth/000000002313-segment-12473470522729755785_4000_000_4020_000_with_camera_labels-160.png 1392 888 22
big_dataset_depth/000000002313-segment-12473470522729755785_4000_000_4020_000_with_camera_labels-160.png 1400 888 22
big_dataset_depth/000000002313-segment-12473470522729755785_4000_000_4020_000_with_camera_labels-160.png 1408 936 23
big_dataset_depth/000000002313-segment-12473470522729755785_4000_000_4020_000_with_camera_labels-160.png 1416 896 23
big_dataset_depth/000000002313-segment-12473470522729755785_4000_000_4020_000_with_camera_labels-160.png 1424 904 23
big_dataset_depth/000000002313-segment-12473470522729755785_4000_000_4020_000_with_camera_labels-160.png 1432 928 24
big_dataset_depth/000000002313-segment-12473470522729755785_4000_000_4020_000_with_camera_labels-160.png 1440 928 24
big_dataset_depth/000000002313-segment-12473470522729755785_4000_000_4020_000_with_camera_labels-160.png 1448 936 23
big_dataset_depth/000000002313-segment-12473470522729755785_4000_000_4020_000_with_camera_labels-160.png 1456 936 23
big_dataset_depth/000000002313-segment-12473470522729755785_4000_000_4020_000_with_camera_labels-160.png 1464 824 49
big_dataset_depth/000000002313-segment-12473470522729755785_4000_000_4020_000_with_camera_labels-160.png 1472 872 23
big_dataset_depth/000000002313-segment-12473470522729755785_4000_000_4020_000_with_camera_labels-160.png 1480 872 23
big_dataset_depth/000000002313-segment-12473470522729755785_4000_000_4020_000_with_camera_labels-160.png 1488 720 64
big_dataset_depth/000000002313-segment-12473470522729755785_4000_000_4020_000_with_camera_labels-160.png 1496 688 82
big_dataset_depth/000000002313-segment-12473470522729755785_4000_000_4020_000_with_camera_labels-160.png 1504 680 80
big_dataset_depth/000000002313-segment-12473470522729755785_4000_000_4020_000_with_camera_labels-160.png 1512 688 76
big_dataset_depth/000000002313-segment-12473470522729755785_4000_000_4020_000_with_camera_labels-160.png 1520 680 78
big_dataset_depth/000000002313-segment-12473470522729755785_4000_000_4020_000_with_camera_labels-160.png 1528 704 75
big_dataset_depth/000000002313-segment-12473470522729755785_4000_000_4020_000_with_camera_labels-160.png 1536 680 79
big_dataset_depth/000000002313-segment-12473470522729755785_4000_000_4020_000_with_camera_labels-160.png 1544 704 76
big_dataset_depth/000000002313-segment-12473470522729755785_4000_000_4020_000_with_camera_labels-160.png 1552 704 76
big_dataset_depth/000000002313-segment-12473470522729755785_4000_000_4020_000_with_camera_labels-160.png 1560 704 76
big_dataset_depth/000000002313-segment-12473470522729755785_4000_000_4020_000_with_camera_labels-160.png 1568 704 76
big_dataset_depth/000000002313-segment-12473470522729755785_4000_000_4020_000_with_camera_labels-160.png 1576 680 79
big_dataset_depth/000000002313-segment-12473470522729755785_4000_000_4020_000_with_camera_labels-160.png 1584 696 78
big_dataset_depth/000000002313-segment-12473470522729755785_4000_000_4020_000_with_camera_labels-160.png 1592 696 75
big_dataset_depth/000000002313-segment-12473470522729755785_4000_000_4020_000_with_camera_labels-160.png 1600 704 75
big_dataset_depth/000000002313-segment-12473470522729755785_4000_000_4020_000_with_camera_labels-160.png 1608 688 77
big_dataset_depth/000000002313-segment-12473470522729755785_4000_000_4020_000_with_camera_labels-160.png 1616 704 75
big_dataset_depth/000000002313-segment-12473470522729755785_4000_000_4020_000_with_camera_labels-160.png 1624 696 76
big_dataset_depth/000000002313-segment-12473470522729755785_4000_000_4020_000_with_camera_labels-160.png 1632 688 76
big_dataset_depth/000000002313-segment-12473470522729755785_4000_000_4020_000_with_camera_labels-160.png 1640 704 75
big_dataset_depth/000000002313-segment-12473470522729755785_4000_000_4020_000_with_camera_labels-160.png 1648 704 75
big_dataset_depth/000000002313-segment-12473470522729755785_4000_000_4020_000_with_camera_labels-160.png 1656 704 74
big_dataset_depth/000000002313-segment-12473470522729755785_4000_000_4020_000_with_camera_labels-160.png 1664 704 74
big_dataset_depth/000000002313-segment-12473470522729755785_4000_000_4020_000_with_camera_labels-160.png 1672 704 74
big_dataset_depth/000000002313-segment-12473470522729755785_4000_000_4020_000_with_camera_labels-160.png 1680 704 74
big_dataset_depth/000000002313-segment-12473470522729755785_4000_000_4020_000_with_camera_labels-160.png 1688 696 74
big_dataset_depth/000000002313-segment-12473470522729755785_4000_000_4020_000_with_camera_labels-160.png 1696 704 74
big_dataset_depth/000000002313-segment-12473470522729755785_4000_000_4020_000_with_camera_labels-160.png 1704 704 74
big_dataset_depth/000000002313-segment-12473470522729755785_4000_000_4020_000_with_camera_labels-160.png 1712 696 75
big_dataset_depth/000000002313-segment-12473470522729755785_4000_000_4020_000_with_camera_labels-160.png 1720 704 74
big_dataset_depth/000000002313-segment-12473470522729755785_4000_000_4020_000_with_camera_labels-160.png 1728 704 74
big_dataset_depth/000000002313-segment-12473470522729755785_4000_000_4020_000_with_camera_labels-160.png 1736 704 74
big_dataset_depth/000000002313-segment-12473470522729755785_4000_000_4020_000_with_camera_labels-160.png 1744 696 76
big_dataset_depth/000000002313-segment-12473470522729755785_4000_000_4020_000_with_camera_labels-160.png 1752 704 75
big_dataset_depth/000000002313-segment-12473470522729755785_4000_000_4020_000_with_camera_labels-160.png 1760 688 77
big_dataset_depth/000000002313-segment-12473470522729755785_4000_000_4020_000_with_camera_labels-160.png 1768 704 75
big_dataset_depth/000000002313-segment-12473470522729755785_4000_000_4020_000_with_camera_labels-160.png 1776 688 77
big_dataset_depth/000000002313-segment-12473470522729755785_4000_000_4020_000_with_camera_labels-160.png 1784 704 75
big_dataset_depth/000000002313-segment-12473470522729755785_4000_000_4020_000_with_camera_labels-160.png 1792 704 75
big_dataset_depth/000000002313-segment-12473470522729755785_4000_000_4020_000_with_camera_labels-160.png 1800 704 75
big_dataset_depth/000000002313-segment-12473470522729755785_4000_000_4020_000_with_camera_labels-160.png 1808 704 76
big_dataset_depth/000000002313-segment-12473470522729755785_4000_000_4020_000_with_camera_labels-160.png 1816 704 76
big_dataset_depth/000000002313-segment-12473470522729755785_4000_000_4020_000_with_camera_labels-160.png 1824 704 76
big_dataset_depth/000000002313-segment-12473470522729755785_4000_000_4020_000_with_camera_labels-160.png 1832 704 76
big_dataset_depth/000000002313-segment-12473470522729755785_4000_000_4020_000_with_camera_labels-160.png 1840 704 76
big_dataset_depth/000000002313-segment-12473470522729755785_4000_000_4020_000_with_camera_labels-160.png 1848 696 76
big_dataset_depth/000000002313-segment-12473470522729755785_4000_000_4020_000_with_camera_labels-160.png 1856 696 76
big_dataset_depth/000000002313-segment-12473470522729755785_4000_000_4020_000_with_camera_labels-160.png 1864 680 77
big_dataset_depth/000000002313-segment-12473470522729755785_4000_000_4020_000_with_camera_labels-160.png 1872 696 77
big_dataset_depth/000000002313-segment-12473470522729755785_4000_000_4020_000_with_camera_labels-160.png 1880 688 78
big_dataset_depth/000000002313-segment-12473470522729755785_4000_000_4020_000_with_camera_labels-160.png 1888 704 77
big_dataset_depth/000000002313-segment-12473470522729755785_4000_000_4020_000_with_camera_labels-160.png 1896 704 77
big_dataset_depth/000000002313-segment-12473470522729755785_4000_000_4020_000_with_camera_labels-160.png 1904 680 92
big_dataset_depth/000000002313-segment-12473470522729755785_4000_000_4020_000_with_camera_labels-160.png 1912 680 92
