big_dataset_depth/000000001483-segment-1172406780360799916_1660_000_1680_000_with_camera_labels-40.png 0 928 23
big_dataset_depth/000000001483-segment-1172406780360799916_1660_000_1680_000_with_camera_labels-40.png 8 1088 21
big_dataset_depth/000000001483-segment-1172406780360799916_1660_000_1680_000_with_camera_labels-40.png 16 968 25
big_dataset_depth/000000001483-segment-1172406780360799916_1660_000_1680_000_with_camera_labels-40.png 24 1184 17
big_dataset_depth/000000001483-segment-1172406780360799916_1660_000_1680_000_with_camera_labels-40.png 32 1184 17
big_dataset_depth/000000001483-segment-1172406780360799916_1660_000_1680_000_with_camera_labels-40.png 40 976 25
big_dataset_depth/000000001483-segment-1172406780360799916_1660_000_1680_000_with_camera_labels-40.png 56 984 25
big_dataset_depth/000000001483-segment-1172406780360799916_1660_000_1680_000_with_camera_labels-40.png 64 1184 17
big_dataset_depth/000000001483-segment-1172406780360799916_1660_000_1680_000_with_camera_labels-40.png 72 984 25
big_dataset_depth/000000001483-segment-1172406780360799916_1660_000_1680_000_with_camera_labels-40.png 80 1072 21
big_dataset_depth/000000001483-segment-1172406780360799916_1660_000_1680_000_with_camera_labels-40.png 88 1096 20
big_dataset_depth/000000001483-segment-1172406780360799916_1660_000_1680_000_with_camera_labels-40.png 96 1160 18
big_dataset_depth/000000001483-segment-1172406780360799916_1660_000_1680_000_with_camera_labels-40.png 104 1160 18
big_dataset_depth/000000001483-segment-1172406780360799916_1660_000_1680_000_with_camera_labels-40.png 112 1160 18
big_dataset_depth/000000001483-segment-1172406780360799916_1660_000_1680_000_with_camera_labels-40.png 120 1160 18
big_dataset_depth/000000001483-segment-1172406780360799916_1660_000_1680_000_with_camera_labels-40.png 128 1160 18
big_dataset_depth/000000001483-segment-1172406780360799916_1660_000_1680_000_with_camera_labels-40.png 136 1160 18
big_dataset_depth/000000001483-segment-1172406780360799916_1660_000_1680_000_with_camera_labels-40.png 144 1160 18
big_dataset_depth/000000001483-segment-1172406780360799916_1660_000_1680_000_with_camera_labels-40.png 152 1152 18
big_dataset_depth/000000001483-segment-1172406780360799916_1660_000_1680_000_with_camera_labels-40.png 160 1152 18
big_dataset_depth/000000001483-segment-1172406780360799916_1660_000_1680_000_with_camera_labels-40.png 168 1152 18
big_dataset_depth/000000001483-segment-1172406780360799916_1660_000_1680_000_with_camera_labels-40.png 176 1152 18
big_dataset_depth/000000001483-segment-1172406780360799916_1660_000_1680_000_with_camera_labels-40.png 184 1152 18
big_dataset_depth/000000001483-segment-1172406780360799916_1660_000_1680_000_with_camera_labels-40.png 216 1016 24
big_dataset_depth/000000001483-segment-1172406780360799916_1660_000_1680_000_with_camera_labels-40.png 224 976 25
big_dataset_depth/000000001483-segment-1172406780360799916_1660_000_1680_000_with_camera_labels-40.png 232 968 25
big_dataset_depth/000000001483-segment-1172406780360799916_1660_000_1680_000_with_camera_labels-40.png 240 960 26
big_dataset_depth/000000001483-segment-1172406780360799916_1660_000_1680_000_with_camera_labels-40.png 248 976 25
big_dataset_depth/000000001483-segment-1172406780360799916_1660_000_1680_000_with_camera_labels-40.png 256 968 26
big_dataset_depth/000000001483-segment-1172406780360799916_1660_000_1680_000_with_camera_labels-40.png 264 936 26
big_dataset_depth/000000001483-segment-1172406780360799916_1660_000_1680_000_with_camera_labels-40.png 272 944 28
big_dataset_depth/000000001483-segment-1172406780360799916_1660_000_1680_000_with_camera_labels-40.png 280 1032 24
big_dataset_depth/000000001483-segment-1172406780360799916_1660_000_1680_000_with_camera_labels-40.png 288 1032 24
big_dataset_depth/000000001483-segment-1172406780360799916_1660_000_1680_000_with_camera_labels-40.png 296 1024 24
big_dataset_depth/000000001483-segment-1172406780360799916_1660_000_1680_000_with_camera_labels-40.png 304 1024 24
big_dataset_depth/000000001483-segment-1172406780360799916_1660_000_1680_000_with_camera_labels-40.png 312 1024 24
big_dataset_depth/000000001483-segment-1172406780360799916_1660_000_1680_000_with_camera_labels-40.png 320 1024 24
big_dataset_depth/000000001483-segment-1172406780360799916_1660_000_1680_000_with_camera_labels-40.png 328 1024 24
big_dataset_depth/000000001483-segment-1172406780360799916_1660_000_1680_000_with_camera_labels-40.png 336 1024 24
big_dataset_depth/000000001483-segment-1172406780360799916_1660_000_1680_000_with_camera_labels-40.png 344 1024 24
big_dataset_depth/000000001483-segment-1172406780360799916_1660_000_1680_000_with_camera_labels-40.png 352 1024 25
big_dataset_depth/000000001483-segment-1172406780360799916_1660_000_1680_000_with_camera_labels-40.png 360 1008 25
big_dataset_depth/000000001483-segment-1172406780360799916_1660_000_1680_000_with_camera_labels-40.png 368 1008 25
big_dataset_depth/000000001483-segment-1172406780360799916_1660_000_1680_000_with_camera_labels-40.png 376 1008 25
big_dataset_depth/000000001483-segment-1172406780360799916_1660_000_1680_000_with_camera_labels-40.png 384 1008 25
big_dataset_depth/000000001483-segment-1172406780360799916_1660_000_1680_000_with_camera_labels-40.png 392 952 29
big_dataset_depth/000000001483-segment-1172406780360799916_1660_000_1680_000_with_camera_labels-40.png 400 976 27
big_dataset_depth/000000001483-segment-1172406780360799916_1660_000_1680_000_with_camera_labels-40.png 408 1008 26
big_dataset_depth/000000001483-segment-1172406780360799916_1660_000_1680_000_with_camera_labels-40.png 416 1008 26
big_dataset_depth/000000001483-segment-1172406780360799916_1660_000_1680_000_with_camera_labels-40.png 432 1000 26
big_dataset_depth/000000001483-segment-1172406780360799916_1660_000_1680_000_with_camera_labels-40.png 440 1000 26
big_dataset_depth/000000001483-segment-1172406780360799916_1660_000_1680_000_with_camera_labels-40.png 448 992 27
big_dataset_depth/000000001483-segment-1172406780360799916_1660_000_1680_000_with_camera_labels-40.png 456 952 29
big_dataset_depth/000000001483-segment-1172406780360799916_1660_000_1680_000_with_camera_labels-40.png 464 960 29
big_dataset_depth/000000001483-segment-1172406780360799916_1660_000_1680_000_with_camera_labels-40.png 472 888 32
big_dataset_depth/000000001483-segment-1172406780360799916_1660_000_1680_000_with_camera_labels-40.png 480 912 31
big_dataset_depth/000000001483-segment-1172406780360799916_1660_000_1680_000_with_camera_labels-40.png 488 936 31
big_dataset_depth/000000001483-segment-1172406780360799916_1660_000_1680_000_with_camera_labels-40.png 496 960 29
big_dataset_depth/000000001483-segment-1172406780360799916_1660_000_1680_000_with_camera_labels-40.png 504 1000 27
big_dataset_depth/000000001483-segment-1172406780360799916_1660_000_1680_000_with_camera_labels-40.png 520 960 29
big_dataset_depth/000000001483-segment-1172406780360799916_1660_000_1680_000_with_camera_labels-40.png 528 984 28
big_dataset_depth/000000001483-segment-1172406780360799916_1660_000_1680_000_with_camera_labels-40.png 536 968 29
big_dataset_depth/000000001483-segment-1172406780360799916_1660_000_1680_000_with_camera_labels-40.png 544 968 29
big_dataset_depth/000000001483-segment-1172406780360799916_1660_000_1680_000_with_camera_labels-40.png 552 984 28
big_dataset_depth/000000001483-segment-1172406780360799916_1660_000_1680_000_with_camera_labels-40.png 560 952 31
big_dataset_depth/000000001483-segment-1172406780360799916_1660_000_1680_000_with_camera_labels-40.png 568 936 31
big_dataset_depth/000000001483-segment-1172406780360799916_1660_000_1680_000_with_camera_labels-40.png 576 968 30
big_dataset_depth/000000001483-segment-1172406780360799916_1660_000_1680_000_with_camera_labels-40.png 584 1008 26
big_dataset_depth/000000001483-segment-1172406780360799916_1660_000_1680_000_with_camera_labels-40.png 592 1048 24
big_dataset_depth/000000001483-segment-1172406780360799916_1660_000_1680_000_with_camera_labels-40.png 600 1032 22
big_dataset_depth/000000001483-segment-1172406780360799916_1660_000_1680_000_with_camera_labels-40.png 608 1056 23
big_dataset_depth/000000001483-segment-1172406780360799916_1660_000_1680_000_with_camera_labels-40.png 616 1032 22
big_dataset_depth/000000001483-segment-1172406780360799916_1660_000_1680_000_with_camera_labels-40.png 624 1072 23
big_dataset_depth/000000001483-segment-1172406780360799916_1660_000_1680_000_with_camera_labels-40.png 632 1032 22
big_dataset_depth/000000001483-segment-1172406780360799916_1660_000_1680_000_with_camera_labels-40.png 640 1040 23
big_dataset_depth/000000001483-segment-1172406780360799916_1660_000_1680_000_with_camera_labels-40.png 648 1032 22
big_dataset_depth/000000001483-segment-1172406780360799916_1660_000_1680_000_with_camera_labels-40.png 656 1056 22
big_dataset_depth/000000001483-segment-1172406780360799916_1660_000_1680_000_with_camera_labels-40.png 664 1032 22
big_dataset_depth/000000001483-segment-1172406780360799916_1660_000_1680_000_with_camera_labels-40.png 672 1056 22
big_dataset_depth/000000001483-segment-1172406780360799916_1660_000_1680_000_with_camera_labels-40.png 680 1032 22
big_dataset_depth/000000001483-segment-1172406780360799916_1660_000_1680_000_with_camera_labels-40.png 688 1088 21
big_dataset_depth/000000001483-segment-1172406780360799916_1660_000_1680_000_with_camera_labels-40.png 696 1024 22
big_dataset_depth/000000001483-segment-1172406780360799916_1660_000_1680_000_with_camera_labels-40.png 704 1088 21
big_dataset_depth/000000001483-segment-1172406780360799916_1660_000_1680_000_with_camera_labels-40.png 712 1040 22
big_dataset_depth/000000001483-segment-1172406780360799916_1660_000_1680_000_with_camera_labels-40.png 720 1088 21
big_dataset_depth/000000001483-segment-1172406780360799916_1660_000_1680_000_with_camera_labels-40.png 728 1064 21
big_dataset_depth/000000001483-segment-1172406780360799916_1660_000_1680_000_with_camera_labels-40.png 736 1064 21
big_dataset_depth/000000001483-segment-1172406780360799916_1660_000_1680_000_with_camera_labels-40.png 744 1048 22
big_dataset_depth/000000001483-segment-1172406780360799916_1660_000_1680_000_with_camera_labels-40.png 752 1048 22
big_dataset_depth/000000001483-segment-1172406780360799916_1660_000_1680_000_with_camera_labels-40.png 760 1064 21
big_dataset_depth/000000001483-segment-1172406780360799916_1660_000_1680_000_with_camera_labels-40.png 768 1048 22
big_dataset_depth/000000001483-segment-1172406780360799916_1660_000_1680_000_with_camera_labels-40.png 776 1048 22
big_dataset_depth/000000001483-segment-1172406780360799916_1660_000_1680_000_with_camera_labels-40.png 784 1056 22
big_dataset_depth/000000001483-segment-1172406780360799916_1660_000_1680_000_with_camera_labels-40.png 792 1048 22
big_dataset_depth/000000001483-segment-1172406780360799916_1660_000_1680_000_with_camera_labels-40.png 800 1048 22
big_dataset_depth/000000001483-segment-1172406780360799916_1660_000_1680_000_with_camera_labels-40.png 816 1056 22
big_dataset_depth/000000001483-segment-1172406780360799916_1660_000_1680_000_with_camera_labels-40.png 824 1064 22
big_dataset_depth/000000001483-segment-1172406780360799916_1660_000_1680_000_with_camera_labels-40.png 832 1064 22
big_dataset_depth/000000001483-segment-1172406780360799916_1660_000_1680_000_with_camera_labels-40.png 840 1056 22
big_dataset_depth/000000001483-segment-1172406780360799916_1660_000_1680_000_with_camera_labels-40.png 848 1024 23
big_dataset_depth/000000001483-segment-1172406780360799916_1660_000_1680_000_with_camera_labels-40.png 856 1040 23
big_dataset_depth/000000001483-segment-1172406780360799916_1660_000_1680_000_with_camera_labels-40.png 864 1016 23
big_dataset_depth/000000001483-segment-1172406780360799916_1660_000_1680_000_with_camera_labels-40.png 872 1024 23
big_dataset_depth/000000001483-segment-1172406780360799916_1660_000_1680_000_with_camera_labels-40.png 880 1024 24
big_dataset_depth/000000001483-segment-1172406780360799916_1660_000_1680_000_with_camera_labels-40.png 888 1032 24
big_dataset_depth/000000001483-segment-1172406780360799916_1660_000_1680_000_with_camera_labels-40.png 896 1024 24
big_dataset_depth/000000001483-segment-1172406780360799916_1660_000_1680_000_with_camera_labels-40.png 904 1024 24
big_dataset_depth/000000001483-segment-1172406780360799916_1660_000_1680_000_with_camera_labels-40.png 912 1000 25
big_dataset_depth/000000001483-segment-1172406780360799916_1660_000_1680_000_with_camera_labels-40.png 920 1008 25
big_dataset_depth/000000001483-segment-1172406780360799916_1660_000_1680_000_with_camera_labels-40.png 928 1016 26
big_dataset_depth/000000001483-segment-1172406780360799916_1660_000_1680_000_with_camera_labels-40.png 936 1024 26
big_dataset_depth/000000001483-segment-1172406780360799916_1660_000_1680_000_with_camera_labels-40.png 944 1024 26
big_dataset_depth/000000001483-segment-1172406780360799916_1660_000_1680_000_with_camera_labels-40.png 952 1016 26
big_dataset_depth/000000001483-segment-1172406780360799916_1660_000_1680_000_with_camera_labels-40.png 960 1024 26
big_dataset_depth/000000001483-segment-1172406780360799916_1660_000_1680_000_with_camera_labels-40.png 968 952 35
big_dataset_depth/000000001483-segment-1172406780360799916_1660_000_1680_000_with_camera_labels-40.png 976 912 43
big_dataset_depth/000000001483-segment-1172406780360799916_1660_000_1680_000_with_camera_labels-40.png 984 912 44
big_dataset_depth/000000001483-segment-1172406780360799916_1660_000_1680_000_with_camera_labels-40.png 992 928 45
big_dataset_depth/000000001483-segment-1172406780360799916_1660_000_1680_000_with_camera_labels-40.png 1000 872 52
big_dataset_depth/000000001483-segment-1172406780360799916_1660_000_1680_000_with_camera_labels-40.png 1008 896 51
big_dataset_depth/000000001483-segment-1172406780360799916_1660_000_1680_000_with_camera_labels-40.png 1016 872 52
big_dataset_depth/000000001483-segment-1172406780360799916_1660_000_1680_000_with_camera_labels-40.png 1024 944 38
big_dataset_depth/000000001483-segment-1172406780360799916_1660_000_1680_000_with_camera_labels-40.png 1032 952 38
big_dataset_depth/000000001483-segment-1172406780360799916_1660_000_1680_000_with_camera_labels-40.png 1040 944 37
big_dataset_depth/000000001483-segment-1172406780360799916_1660_000_1680_000_with_camera_labels-40.png 1048 944 37
big_dataset_depth/000000001483-segment-1172406780360799916_1660_000_1680_000_with_camera_labels-40.png 1056 944 37
big_dataset_depth/000000001483-segment-1172406780360799916_1660_000_1680_000_with_camera_labels-40.png 1064 944 37
big_dataset_depth/000000001483-segment-1172406780360799916_1660_000_1680_000_with_camera_labels-40.png 1072 936 37
big_dataset_depth/000000001483-segment-1172406780360799916_1660_000_1680_000_with_camera_labels-40.png 1080 944 37
big_dataset_depth/000000001483-segment-1172406780360799916_1660_000_1680_000_with_camera_labels-40.png 1088 968 37
big_dataset_depth/000000001483-segment-1172406780360799916_1660_000_1680_000_with_camera_labels-40.png 1096 944 37
big_dataset_depth/000000001483-segment-1172406780360799916_1660_000_1680_000_with_camera_labels-40.png 1104 952 37
big_dataset_depth/000000001483-segment-1172406780360799916_1660_000_1680_000_with_camera_labels-40.png 1112 960 38
big_dataset_depth/000000001483-segment-1172406780360799916_1660_000_1680_000_with_camera_labels-40.png 1120 952 37
big_dataset_depth/000000001483-segment-1172406780360799916_1660_000_1680_000_with_camera_labels-40.png 1128 960 38
big_dataset_depth/000000001483-segment-1172406780360799916_1660_000_1680_000_with_camera_labels-40.png 1136 936 37
big_dataset_depth/000000001483-segment-1172406780360799916_1660_000_1680_000_with_camera_labels-40.png 1144 952 38
big_dataset_depth/000000001483-segment-1172406780360799916_1660_000_1680_000_with_camera_labels-40.png 1152 944 38
big_dataset_depth/000000001483-segment-1172406780360799916_1660_000_1680_000_with_camera_labels-40.png 1160 960 38
big_dataset_depth/000000001483-segment-1172406780360799916_1660_000_1680_000_with_camera_labels-40.png 1168 944 39
big_dataset_depth/000000001483-segment-1172406780360799916_1660_000_1680_000_with_camera_labels-40.png 1176 944 40
big_dataset_depth/000000001483-segment-1172406780360799916_1660_000_1680_000_with_camera_labels-40.png 1184 928 40
big_dataset_depth/000000001483-segment-1172406780360799916_1660_000_1680_000_with_camera_labels-40.png 1192 944 41
big_dataset_depth/000000001483-segment-1172406780360799916_1660_000_1680_000_with_camera_labels-40.png 1200 944 41
big_dataset_depth/000000001483-segment-1172406780360799916_1660_000_1680_000_with_camera_labels-40.png 1208 904 53
big_dataset_depth/000000001483-segment-1172406780360799916_1660_000_1680_000_with_camera_labels-40.png 1216 904 57
big_dataset_depth/000000001483-segment-1172406780360799916_1660_000_1680_000_with_camera_labels-40.png 1224 872 64
big_dataset_depth/000000001483-segment-1172406780360799916_1660_000_1680_000_with_camera_labels-40.png 1232 872 64
big_dataset_depth/000000001483-segment-1172406780360799916_1660_000_1680_000_with_camera_labels-40.png 1240 896 58
big_dataset_depth/000000001483-segment-1172406780360799916_1660_000_1680_000_with_camera_labels-40.png 1248 928 53
big_dataset_depth/000000001483-segment-1172406780360799916_1660_000_1680_000_with_camera_labels-40.png 1256 912 52
big_dataset_depth/000000001483-segment-1172406780360799916_1660_000_1680_000_with_camera_labels-40.png 1264 912 52
big_dataset_depth/000000001483-segment-1172406780360799916_1660_000_1680_000_with_camera_labels-40.png 1272 912 52
big_dataset_depth/000000001483-segment-1172406780360799916_1660_000_1680_000_with_camera_labels-40.png 1280 912 51
big_dataset_depth/000000001483-segment-1172406780360799916_1660_000_1680_000_with_camera_labels-40.png 1288 920 52
big_dataset_depth/000000001483-segment-1172406780360799916_1660_000_1680_000_with_camera_labels-40.png 1296 912 51
big_dataset_depth/000000001483-segment-1172406780360799916_1660_000_1680_000_with_camera_labels-40.png 1304 912 51
big_dataset_depth/000000001483-segment-1172406780360799916_1660_000_1680_000_with_camera_labels-40.png 1312 912 51
big_dataset_depth/000000001483-segment-1172406780360799916_1660_000_1680_000_with_camera_labels-40.png 1320 896 51
big_dataset_depth/000000001483-segment-1172406780360799916_1660_000_1680_000_with_camera_labels-40.png 1328 912 51
big_dataset_depth/000000001483-segment-1172406780360799916_1660_000_1680_000_with_camera_labels-40.png 1336 896 52
big_dataset_depth/000000001483-segment-1172406780360799916_1660_000_1680_000_with_camera_labels-40.png 1344 912 52
big_dataset_depth/000000001483-segment-1172406780360799916_1660_000_1680_000_with_camera_labels-40.png 1352 920 52
big_dataset_depth/000000001483-segment-1172406780360799916_1660_000_1680_000_with_camera_labels-40.png 1360 912 53
big_dataset_depth/000000001483-segment-1172406780360799916_1660_000_1680_000_with_camera_labels-40.png 1368 816 67
big_dataset_depth/000000001483-segment-1172406780360799916_1660_000_1680_000_with_camera_labels-40.png 1376 912 55
big_dataset_depth/000000001483-segment-1172406780360799916_1660_000_1680_000_with_camera_labels-40.png 1384 816 67
big_dataset_depth/000000001483-segment-1172406780360799916_1660_000_1680_000_with_camera_labels-40.png 1392 904 57
big_dataset_depth/000000001483-segment-1172406780360799916_1660_000_1680_000_with_camera_labels-40.png 1400 808 73
big_dataset_depth/000000001483-segment-1172406780360799916_1660_000_1680_000_with_camera_labels-40.png 1408 864 69
big_dataset_depth/000000001483-segment-1172406780360799916_1660_000_1680_000_with_camera_labels-40.png 1416 816 83
big_dataset_depth/000000001483-segment-1172406780360799916_1660_000_1680_000_with_camera_labels-40.png 1424 816 84
big_dataset_depth/000000001483-segment-1172406780360799916_1660_000_1680_000_with_camera_labels-40.png 1432 824 91
big_dataset_depth/000000001483-segment-1172406780360799916_1660_000_1680_000_with_camera_labels-40.png 1440 824 94
big_dataset_depth/000000001483-segment-1172406780360799916_1660_000_1680_000_with_camera_labels-40.png 1448 752 87
big_dataset_depth/000000001483-segment-1172406780360799916_1660_000_1680_000_with_camera_labels-40.png 1456 856 84
big_dataset_depth/000000001483-segment-1172406780360799916_1660_000_1680_000_with_camera_labels-40.png 1472 888 66
big_dataset_depth/000000001483-segment-1172406780360799916_1660_000_1680_000_with_camera_labels-40.png 1480 888 67
big_dataset_depth/000000001483-segment-1172406780360799916_1660_000_1680_000_with_camera_labels-40.png 1488 864 81
big_dataset_depth/000000001483-segment-1172406780360799916_1660_000_1680_000_with_camera_labels-40.png 1496 848 95
big_dataset_depth/000000001483-segment-1172406780360799916_1660_000_1680_000_with_camera_labels-40.png 1504 848 95
big_dataset_depth/000000001483-segment-1172406780360799916_1660_000_1680_000_with_camera_labels-40.png 1512 840 97
big_dataset_depth/000000001483-segment-1172406780360799916_1660_000_1680_000_with_camera_labels-40.png 1520 840 97
big_dataset_depth/000000001483-segment-1172406780360799916_1660_000_1680_000_with_camera_labels-40.png 1528 848 95
big_dataset_depth/000000001483-segment-1172406780360799916_1660_000_1680_000_with_camera_labels-40.png 1536 792 101
big_dataset_depth/000000001483-segment-1172406780360799916_1660_000_1680_000_with_camera_labels-40.png 1544 848 106
big_dataset_depth/000000001483-segment-1172406780360799916_1660_000_1680_000_with_camera_labels-40.png 1552 848 107
big_dataset_depth/000000001483-segment-1172406780360799916_1660_000_1680_000_with_camera_labels-40.png 1632 848 97
big_dataset_depth/000000001483-segment-1172406780360799916_1660_000_1680_000_with_camera_labels-40.png 1640 848 97
big_dataset_depth/000000001483-segment-1172406780360799916_1660_000_1680_000_with_camera_labels-40.png 1648 624 97
big_dataset_depth/000000001483-segment-1172406780360799916_1660_000_1680_000_with_camera_labels-40.png 1672 608 97
big_dataset_depth/000000001483-segment-1172406780360799916_1660_000_1680_000_with_camera_labels-40.png 1768 1048 28
big_dataset_depth/000000001483-segment-1172406780360799916_1660_000_1680_000_with_camera_labels-40.png 1776 1048 28
big_dataset_depth/000000001483-segment-1172406780360799916_1660_000_1680_000_with_camera_labels-40.png 1792 976 25
big_dataset_depth/000000001483-segment-1172406780360799916_1660_000_1680_000_with_camera_labels-40.png 1800 1048 24
big_dataset_depth/000000001483-segment-1172406780360799916_1660_000_1680_000_with_camera_labels-40.png 1808 1088 24
big_dataset_depth/000000001483-segment-1172406780360799916_1660_000_1680_000_with_camera_labels-40.png 1816 1096 24
big_dataset_depth/000000001483-segment-1172406780360799916_1660_000_1680_000_with_camera_labels-40.png 1824 1096 24
big_dataset_depth/000000001483-segment-1172406780360799916_1660_000_1680_000_with_camera_labels-40.png 1832 1096 24
big_dataset_depth/000000001483-segment-1172406780360799916_1660_000_1680_000_with_camera_labels-40.png 1848 1048 23
big_dataset_depth/000000001483-segment-1172406780360799916_1660_000_1680_000_with_camera_labels-40.png 1856 904 47
big_dataset_depth/000000001483-segment-1172406780360799916_1660_000_1680_000_with_camera_labels-40.png 1864 880 45
big_dataset_depth/000000001483-segment-1172406780360799916_1660_000_1680_000_with_camera_labels-40.png 1872 720 68
big_dataset_depth/000000001483-segment-1172406780360799916_1660_000_1680_000_with_camera_labels-40.png 1880 960 37
big_dataset_depth/000000001483-segment-1172406780360799916_1660_000_1680_000_with_camera_labels-40.png 1888 1008 31
big_dataset_depth/000000001483-segment-1172406780360799916_1660_000_1680_000_with_camera_labels-40.png 1896 912 39
big_dataset_depth/000000001483-segment-1172406780360799916_1660_000_1680_000_with_camera_labels-40.png 1904 1072 21
big_dataset_depth/000000001483-segment-1172406780360799916_1660_000_1680_000_with_camera_labels-40.png 1912 864 43
