big_dataset_depth/000000000194-segment-10094743350625019937_3420_000_3440_000_with_camera_labels-140.png 0 800 40
big_dataset_depth/000000000194-segment-10094743350625019937_3420_000_3440_000_with_camera_labels-140.png 8 816 35
big_dataset_depth/000000000194-segment-10094743350625019937_3420_000_3440_000_with_camera_labels-140.png 16 872 35
big_dataset_depth/000000000194-segment-10094743350625019937_3420_000_3440_000_with_camera_labels-140.png 24 816 42
big_dataset_depth/000000000194-segment-10094743350625019937_3420_000_3440_000_with_camera_labels-140.png 32 816 43
big_dataset_depth/000000000194-segment-10094743350625019937_3420_000_3440_000_with_camera_labels-140.png 40 816 43
big_dataset_depth/000000000194-segment-10094743350625019937_3420_000_3440_000_with_camera_labels-140.png 48 840 40
big_dataset_depth/000000000194-segment-10094743350625019937_3420_000_3440_000_with_camera_labels-140.png 56 848 39
big_dataset_depth/000000000194-segment-10094743350625019937_3420_000_3440_000_with_camera_labels-140.png 64 864 36
big_dataset_depth/000000000194-segment-10094743350625019937_3420_000_3440_000_with_camera_labels-140.png 72 856 36
big_dataset_depth/000000000194-segment-10094743350625019937_3420_000_3440_000_with_camera_labels-140.png 80 848 37
big_dataset_depth/000000000194-segment-10094743350625019937_3420_000_3440_000_with_camera_labels-140.png 88 832 37
big_dataset_depth/000000000194-segment-10094743350625019937_3420_000_3440_000_with_camera_labels-140.png 96 752 46
big_dataset_depth/000000000194-segment-10094743350625019937_3420_000_3440_000_with_camera_labels-140.png 104 832 41
big_dataset_depth/000000000194-segment-10094743350625019937_3420_000_3440_000_with_camera_labels-140.png 112 840 39
big_dataset_depth/000000000194-segment-10094743350625019937_3420_000_3440_000_with_camera_labels-140.png 120 888 35
big_dataset_depth/000000000194-segment-10094743350625019937_3420_000_3440_000_with_camera_labels-140.png 128 872 35
big_dataset_depth/000000000194-segment-10094743350625019937_3420_000_3440_000_with_camera_labels-140.png 136 888 35
big_dataset_depth/000000000194-segment-10094743350625019937_3420_000_3440_000_with_camera_labels-140.png 144 864 35
big_dataset_depth/000000000194-segment-10094743350625019937_3420_000_3440_000_with_camera_labels-140.png 152 880 35
big_dataset_depth/000000000194-segment-10094743350625019937_3420_000_3440_000_with_camera_labels-140.png 160 840 34
big_dataset_depth/000000000194-segment-10094743350625019937_3420_000_3440_000_with_camera_labels-140.png 168 840 34
big_dataset_depth/000000000194-segment-10094743350625019937_3420_000_3440_000_with_camera_labels-140.png 176 864 34
big_dataset_depth/000000000194-segment-10094743350625019937_3420_000_3440_000_with_camera_labels-140.png 184 848 34
big_dataset_depth/000000000194-segment-10094743350625019937_3420_000_3440_000_with_camera_labels-140.png 192 864 34
big_dataset_depth/000000000194-segment-10094743350625019937_3420_000_3440_000_with_camera_labels-140.png 200 848 34
big_dataset_depth/000000000194-segment-10094743350625019937_3420_000_3440_000_with_camera_labels-140.png 208 840 33
big_dataset_depth/000000000194-segment-10094743350625019937_3420_000_3440_000_with_camera_labels-140.png 216 840 33
big_dataset_depth/000000000194-segment-10094743350625019937_3420_000_3440_000_with_camera_labels-140.png 224 840 33
big_dataset_depth/000000000194-segment-10094743350625019937_3420_000_3440_000_with_camera_labels-140.png 232 880 34
big_dataset_depth/000000000194-segment-10094743350625019937_3420_000_3440_000_with_camera_labels-140.png 240 840 33
big_dataset_depth/000000000194-segment-10094743350625019937_3420_000_3440_000_with_camera_labels-140.png 248 840 33
big_dataset_depth/000000000194-segment-10094743350625019937_3420_000_3440_000_with_camera_labels-140.png 256 848 34
big_dataset_depth/000000000194-segment-10094743350625019937_3420_000_3440_000_with_camera_labels-140.png 264 848 34
big_dataset_depth/000000000194-segment-10094743350625019937_3420_000_3440_000_with_camera_labels-140.png 272 864 34
big_dataset_depth/000000000194-segment-10094743350625019937_3420_000_3440_000_with_camera_labels-140.png 280 872 34
big_dataset_depth/000000000194-segment-10094743350625019937_3420_000_3440_000_with_camera_labels-140.png 288 864 34
big_dataset_depth/000000000194-segment-10094743350625019937_3420_000_3440_000_with_camera_labels-140.png 296 864 34
big_dataset_depth/000000000194-segment-10094743350625019937_3420_000_3440_000_with_camera_labels-140.png 304 864 34
big_dataset_depth/000000000194-segment-10094743350625019937_3420_000_3440_000_with_camera_labels-140.png 312 864 34
big_dataset_depth/000000000194-segment-10094743350625019937_3420_000_3440_000_with_camera_labels-140.png 320 856 35
big_dataset_depth/000000000194-segment-10094743350625019937_3420_000_3440_000_with_camera_labels-140.png 328 800 35
big_dataset_depth/000000000194-segment-10094743350625019937_3420_000_3440_000_with_camera_labels-140.png 336 808 36
big_dataset_depth/000000000194-segment-10094743350625019937_3420_000_3440_000_with_camera_labels-140.png 344 824 37
big_dataset_depth/000000000194-segment-10094743350625019937_3420_000_3440_000_with_camera_labels-140.png 360 824 39
big_dataset_depth/000000000194-segment-10094743350625019937_3420_000_3440_000_with_camera_labels-140.png 368 808 38
big_dataset_depth/000000000194-segment-10094743350625019937_3420_000_3440_000_with_camera_labels-140.png 376 808 39
big_dataset_depth/000000000194-segment-10094743350625019937_3420_000_3440_000_with_camera_labels-140.png 384 832 39
big_dataset_depth/000000000194-segment-10094743350625019937_3420_000_3440_000_with_camera_labels-140.png 392 832 39
big_dataset_depth/000000000194-segment-10094743350625019937_3420_000_3440_000_with_camera_labels-140.png 400 832 39
big_dataset_depth/000000000194-segment-10094743350625019937_3420_000_3440_000_with_camera_labels-140.png 408 832 39
big_dataset_depth/000000000194-segment-10094743350625019937_3420_000_3440_000_with_camera_labels-140.png 416 832 39
big_dataset_depth/000000000194-segment-10094743350625019937_3420_000_3440_000_with_camera_labels-140.png 424 800 40
big_dataset_depth/000000000194-segment-10094743350625019937_3420_000_3440_000_with_camera_labels-140.png 432 824 42
big_dataset_depth/000000000194-segment-10094743350625019937_3420_000_3440_000_with_camera_labels-140.png 440 824 42
big_dataset_depth/000000000194-segment-10094743350625019937_3420_000_3440_000_with_camera_labels-140.png 448 808 42
big_dataset_depth/000000000194-segment-10094743350625019937_3420_000_3440_000_with_camera_labels-140.png 456 776 43
big_dataset_depth/000000000194-segment-10094743350625019937_3420_000_3440_000_with_camera_labels-140.png 464 792 45
big_dataset_depth/000000000194-segment-10094743350625019937_3420_000_3440_000_with_camera_labels-140.png 472 784 46
big_dataset_depth/000000000194-segment-10094743350625019937_3420_000_3440_000_with_camera_labels-140.png 480 800 47
big_dataset_depth/000000000194-segment-10094743350625019937_3420_000_3440_000_with_camera_labels-140.png 488 792 48
big_dataset_depth/000000000194-segment-10094743350625019937_3420_000_3440_000_with_camera_labels-140.png 496 792 48
big_dataset_depth/000000000194-segment-10094743350625019937_3420_000_3440_000_with_camera_labels-140.png 504 784 49
big_dataset_depth/000000000194-segment-10094743350625019937_3420_000_3440_000_with_camera_labels-140.png 512 776 51
big_dataset_depth/000000000194-segment-10094743350625019937_3420_000_3440_000_with_camera_labels-140.png 520 784 50
big_dataset_depth/000000000194-segment-10094743350625019937_3420_000_3440_000_with_camera_labels-140.png 528 784 52
big_dataset_depth/000000000194-segment-10094743350625019937_3420_000_3440_000_with_camera_labels-140.png 536 784 53
big_dataset_depth/000000000194-segment-10094743350625019937_3420_000_3440_000_with_camera_labels-140.png 544 688 73
big_dataset_depth/000000000194-segment-10094743350625019937_3420_000_3440_000_with_camera_labels-140.png 552 728 65
big_dataset_depth/000000000194-segment-10094743350625019937_3420_000_3440_000_with_camera_labels-140.png 560 760 56
big_dataset_depth/000000000194-segment-10094743350625019937_3420_000_3440_000_with_camera_labels-140.png 568 744 64
big_dataset_depth/000000000194-segment-10094743350625019937_3420_000_3440_000_with_camera_labels-140.png 576 744 64
big_dataset_depth/000000000194-segment-10094743350625019937_3420_000_3440_000_with_camera_labels-140.png 584 744 64
big_dataset_depth/000000000194-segment-10094743350625019937_3420_000_3440_000_with_camera_labels-140.png 592 744 64
big_dataset_depth/000000000194-segment-10094743350625019937_3420_000_3440_000_with_camera_labels-140.png 600 832 38
big_dataset_depth/000000000194-segment-10094743350625019937_3420_000_3440_000_with_camera_labels-140.png 608 768 54
big_dataset_depth/000000000194-segment-10094743350625019937_3420_000_3440_000_with_camera_labels-140.png 616 816 38
big_dataset_depth/000000000194-segment-10094743350625019937_3420_000_3440_000_with_camera_labels-140.png 624 808 38
big_dataset_depth/000000000194-segment-10094743350625019937_3420_000_3440_000_with_camera_labels-140.png 632 808 38
big_dataset_depth/000000000194-segment-10094743350625019937_3420_000_3440_000_with_camera_labels-140.png 640 808 39
big_dataset_depth/000000000194-segment-10094743350625019937_3420_000_3440_000_with_camera_labels-140.png 648 816 38
big_dataset_depth/000000000194-segment-10094743350625019937_3420_000_3440_000_with_camera_labels-140.png 656 800 38
big_dataset_depth/000000000194-segment-10094743350625019937_3420_000_3440_000_with_camera_labels-140.png 664 800 38
big_dataset_depth/000000000194-segment-10094743350625019937_3420_000_3440_000_with_camera_labels-140.png 672 816 39
big_dataset_depth/000000000194-segment-10094743350625019937_3420_000_3440_000_with_camera_labels-140.png 680 800 38
big_dataset_depth/000000000194-segment-10094743350625019937_3420_000_3440_000_with_camera_labels-140.png 688 800 38
big_dataset_depth/000000000194-segment-10094743350625019937_3420_000_3440_000_with_camera_labels-140.png 696 800 38
big_dataset_depth/000000000194-segment-10094743350625019937_3420_000_3440_000_with_camera_labels-140.png 704 808 39
big_dataset_depth/000000000194-segment-10094743350625019937_3420_000_3440_000_with_camera_labels-140.png 712 800 38
big_dataset_depth/000000000194-segment-10094743350625019937_3420_000_3440_000_with_camera_labels-140.png 720 800 38
big_dataset_depth/000000000194-segment-10094743350625019937_3420_000_3440_000_with_camera_labels-140.png 728 800 38
big_dataset_depth/000000000194-segment-10094743350625019937_3420_000_3440_000_with_camera_labels-140.png 736 816 39
big_dataset_depth/000000000194-segment-10094743350625019937_3420_000_3440_000_with_camera_labels-140.png 744 808 39
big_dataset_depth/000000000194-segment-10094743350625019937_3420_000_3440_000_with_camera_labels-140.png 752 800 43
big_dataset_depth/000000000194-segment-10094743350625019937_3420_000_3440_000_with_camera_labels-140.png 760 800 43
big_dataset_depth/000000000194-segment-10094743350625019937_3420_000_3440_000_with_camera_labels-140.png 808 712 87
big_dataset_depth/000000000194-segment-10094743350625019937_3420_000_3440_000_with_camera_labels-140.png 816 712 87
big_dataset_depth/000000000194-segment-10094743350625019937_3420_000_3440_000_with_camera_labels-140.png 824 872 53
big_dataset_depth/000000000194-segment-10094743350625019937_3420_000_3440_000_with_camera_labels-140.png 832 872 53
big_dataset_depth/000000000194-segment-10094743350625019937_3420_000_3440_000_with_camera_labels-140.png 840 1032 18
big_dataset_depth/000000000194-segment-10094743350625019937_3420_000_3440_000_with_camera_labels-140.png 848 1024 19
big_dataset_depth/000000000194-segment-10094743350625019937_3420_000_3440_000_with_camera_labels-140.png 856 1024 19
big_dataset_depth/000000000194-segment-10094743350625019937_3420_000_3440_000_with_camera_labels-140.png 864 1008 19
big_dataset_depth/000000000194-segment-10094743350625019937_3420_000_3440_000_with_camera_labels-140.png 872 984 18
big_dataset_depth/000000000194-segment-10094743350625019937_3420_000_3440_000_with_camera_labels-140.png 880 984 18
big_dataset_depth/000000000194-segment-10094743350625019937_3420_000_3440_000_with_camera_labels-140.png 888 992 18
big_dataset_depth/000000000194-segment-10094743350625019937_3420_000_3440_000_with_camera_labels-140.png 896 984 18
big_dataset_depth/000000000194-segment-10094743350625019937_3420_000_3440_000_with_camera_labels-140.png 904 984 18
big_dataset_depth/000000000194-segment-10094743350625019937_3420_000_3440_000_with_camera_labels-140.png 912 1056 18
big_dataset_depth/000000000194-segment-10094743350625019937_3420_000_3440_000_with_camera_labels-140.png 920 984 18
big_dataset_depth/000000000194-segment-10094743350625019937_3420_000_3440_000_with_camera_labels-140.png 928 984 18
big_dataset_depth/000000000194-segment-10094743350625019937_3420_000_3440_000_with_camera_labels-140.png 936 1080 17
big_dataset_depth/000000000194-segment-10094743350625019937_3420_000_3440_000_with_camera_labels-140.png 944 984 18
big_dataset_depth/000000000194-segment-10094743350625019937_3420_000_3440_000_with_camera_labels-140.png 952 984 18
big_dataset_depth/000000000194-segment-10094743350625019937_3420_000_3440_000_with_camera_labels-140.png 960 984 18
big_dataset_depth/000000000194-segment-10094743350625019937_3420_000_3440_000_with_camera_labels-140.png 968 984 18
big_dataset_depth/000000000194-segment-10094743350625019937_3420_000_3440_000_with_camera_labels-140.png 976 984 18
big_dataset_depth/000000000194-segment-10094743350625019937_3420_000_3440_000_with_camera_labels-140.png 984 984 18
big_dataset_depth/000000000194-segment-10094743350625019937_3420_000_3440_000_with_camera_labels-140.png 992 984 18
big_dataset_depth/000000000194-segment-10094743350625019937_3420_000_3440_000_with_camera_labels-140.png 1000 984 18
big_dataset_depth/000000000194-segment-10094743350625019937_3420_000_3440_000_with_camera_labels-140.png 1008 1040 18
big_dataset_depth/000000000194-segment-10094743350625019937_3420_000_3440_000_with_camera_labels-140.png 1016 984 18
big_dataset_depth/000000000194-segment-10094743350625019937_3420_000_3440_000_with_camera_labels-140.png 1024 984 18
big_dataset_depth/000000000194-segment-10094743350625019937_3420_000_3440_000_with_camera_labels-140.png 1032 984 18
big_dataset_depth/000000000194-segment-10094743350625019937_3420_000_3440_000_with_camera_labels-140.png 1040 1024 19
big_dataset_depth/000000000194-segment-10094743350625019937_3420_000_3440_000_with_camera_labels-140.png 1048 984 18
big_dataset_depth/000000000194-segment-10094743350625019937_3420_000_3440_000_with_camera_labels-140.png 1056 984 18
big_dataset_depth/000000000194-segment-10094743350625019937_3420_000_3440_000_with_camera_labels-140.png 1064 1008 18
big_dataset_depth/000000000194-segment-10094743350625019937_3420_000_3440_000_with_camera_labels-140.png 1072 984 18
big_dataset_depth/000000000194-segment-10094743350625019937_3420_000_3440_000_with_camera_labels-140.png 1080 984 18
big_dataset_depth/000000000194-segment-10094743350625019937_3420_000_3440_000_with_camera_labels-140.png 1088 1000 18
big_dataset_depth/000000000194-segment-10094743350625019937_3420_000_3440_000_with_camera_labels-140.png 1096 1024 19
big_dataset_depth/000000000194-segment-10094743350625019937_3420_000_3440_000_with_camera_labels-140.png 1104 1024 19
big_dataset_depth/000000000194-segment-10094743350625019937_3420_000_3440_000_with_camera_labels-140.png 1112 1032 19
big_dataset_depth/000000000194-segment-10094743350625019937_3420_000_3440_000_with_camera_labels-140.png 1120 872 43
big_dataset_depth/000000000194-segment-10094743350625019937_3420_000_3440_000_with_camera_labels-140.png 1128 720 67
big_dataset_depth/000000000194-segment-10094743350625019937_3420_000_3440_000_with_camera_labels-140.png 1136 728 68
big_dataset_depth/000000000194-segment-10094743350625019937_3420_000_3440_000_with_camera_labels-140.png 1144 728 68
big_dataset_depth/000000000194-segment-10094743350625019937_3420_000_3440_000_with_camera_labels-140.png 1152 720 75
big_dataset_depth/000000000194-segment-10094743350625019937_3420_000_3440_000_with_camera_labels-140.png 1160 648 94
big_dataset_depth/000000000194-segment-10094743350625019937_3420_000_3440_000_with_camera_labels-140.png 1168 712 71
big_dataset_depth/000000000194-segment-10094743350625019937_3420_000_3440_000_with_camera_labels-140.png 1176 728 71
big_dataset_depth/000000000194-segment-10094743350625019937_3420_000_3440_000_with_camera_labels-140.png 1184 720 71
big_dataset_depth/000000000194-segment-10094743350625019937_3420_000_3440_000_with_camera_labels-140.png 1192 736 71
big_dataset_depth/000000000194-segment-10094743350625019937_3420_000_3440_000_with_camera_labels-140.png 1200 712 71
big_dataset_depth/000000000194-segment-10094743350625019937_3420_000_3440_000_with_camera_labels-140.png 1208 704 89
big_dataset_depth/000000000194-segment-10094743350625019937_3420_000_3440_000_with_camera_labels-140.png 1216 704 85
big_dataset_depth/000000000194-segment-10094743350625019937_3420_000_3440_000_with_camera_labels-140.png 1224 704 83
big_dataset_depth/000000000194-segment-10094743350625019937_3420_000_3440_000_with_camera_labels-140.png 1232 704 82
big_dataset_depth/000000000194-segment-10094743350625019937_3420_000_3440_000_with_camera_labels-140.png 1240 768 52
big_dataset_depth/000000000194-segment-10094743350625019937_3420_000_3440_000_with_camera_labels-140.png 1248 744 66
big_dataset_depth/000000000194-segment-10094743350625019937_3420_000_3440_000_with_camera_labels-140.png 1256 712 81
big_dataset_depth/000000000194-segment-10094743350625019937_3420_000_3440_000_with_camera_labels-140.png 1264 736 72
big_dataset_depth/000000000194-segment-10094743350625019937_3420_000_3440_000_with_camera_labels-140.png 1272 720 72
big_dataset_depth/000000000194-segment-10094743350625019937_3420_000_3440_000_with_camera_labels-140.png 1280 736 71
big_dataset_depth/000000000194-segment-10094743350625019937_3420_000_3440_000_with_camera_labels-140.png 1288 752 52
big_dataset_depth/000000000194-segment-10094743350625019937_3420_000_3440_000_with_camera_labels-140.png 1296 712 56
big_dataset_depth/000000000194-segment-10094743350625019937_3420_000_3440_000_with_camera_labels-140.png 1304 736 68
big_dataset_depth/000000000194-segment-10094743350625019937_3420_000_3440_000_with_camera_labels-140.png 1312 736 65
big_dataset_depth/000000000194-segment-10094743350625019937_3420_000_3440_000_with_camera_labels-140.png 1320 736 63
big_dataset_depth/000000000194-segment-10094743350625019937_3420_000_3440_000_with_camera_labels-140.png 1328 736 63
big_dataset_depth/000000000194-segment-10094743350625019937_3420_000_3440_000_with_camera_labels-140.png 1336 736 62
big_dataset_depth/000000000194-segment-10094743350625019937_3420_000_3440_000_with_camera_labels-140.png 1344 744 62
big_dataset_depth/000000000194-segment-10094743350625019937_3420_000_3440_000_with_camera_labels-140.png 1352 704 58
big_dataset_depth/000000000194-segment-10094743350625019937_3420_000_3440_000_with_camera_labels-140.png 1360 744 59
big_dataset_depth/000000000194-segment-10094743350625019937_3420_000_3440_000_with_camera_labels-140.png 1368 752 58
big_dataset_depth/000000000194-segment-10094743350625019937_3420_000_3440_000_with_camera_labels-140.png 1376 752 56
big_dataset_depth/000000000194-segment-10094743350625019937_3420_000_3440_000_with_camera_labels-140.png 1384 752 58
big_dataset_depth/000000000194-segment-10094743350625019937_3420_000_3440_000_with_camera_labels-140.png 1392 760 56
big_dataset_depth/000000000194-segment-10094743350625019937_3420_000_3440_000_with_camera_labels-140.png 1400 760 54
big_dataset_depth/000000000194-segment-10094743350625019937_3420_000_3440_000_with_camera_labels-140.png 1408 736 56
big_dataset_depth/000000000194-segment-10094743350625019937_3420_000_3440_000_with_camera_labels-140.png 1416 760 53
big_dataset_depth/000000000194-segment-10094743350625019937_3420_000_3440_000_with_camera_labels-140.png 1424 760 52
big_dataset_depth/000000000194-segment-10094743350625019937_3420_000_3440_000_with_camera_labels-140.png 1432 768 51
big_dataset_depth/000000000194-segment-10094743350625019937_3420_000_3440_000_with_camera_labels-140.png 1440 760 51
big_dataset_depth/000000000194-segment-10094743350625019937_3420_000_3440_000_with_camera_labels-140.png 1448 752 51
big_dataset_depth/000000000194-segment-10094743350625019937_3420_000_3440_000_with_camera_labels-140.png 1456 768 48
big_dataset_depth/000000000194-segment-10094743350625019937_3420_000_3440_000_with_camera_labels-140.png 1464 768 48
big_dataset_depth/000000000194-segment-10094743350625019937_3420_000_3440_000_with_camera_labels-140.png 1472 752 53
big_dataset_depth/000000000194-segment-10094743350625019937_3420_000_3440_000_with_camera_labels-140.png 1480 776 47
big_dataset_depth/000000000194-segment-10094743350625019937_3420_000_3440_000_with_camera_labels-140.png 1488 760 48
big_dataset_depth/000000000194-segment-10094743350625019937_3420_000_3440_000_with_camera_labels-140.png 1496 776 47
big_dataset_depth/000000000194-segment-10094743350625019937_3420_000_3440_000_with_camera_labels-140.png 1504 768 47
big_dataset_depth/000000000194-segment-10094743350625019937_3420_000_3440_000_with_camera_labels-140.png 1512 776 47
big_dataset_depth/000000000194-segment-10094743350625019937_3420_000_3440_000_with_camera_labels-140.png 1520 776 47
big_dataset_depth/000000000194-segment-10094743350625019937_3420_000_3440_000_with_camera_labels-140.png 1528 792 43
big_dataset_depth/000000000194-segment-10094743350625019937_3420_000_3440_000_with_camera_labels-140.png 1536 760 47
big_dataset_depth/000000000194-segment-10094743350625019937_3420_000_3440_000_with_camera_labels-140.png 1544 904 28
big_dataset_depth/000000000194-segment-10094743350625019937_3420_000_3440_000_with_camera_labels-140.png 1552 824 39
big_dataset_depth/000000000194-segment-10094743350625019937_3420_000_3440_000_with_camera_labels-140.png 1568 808 40
big_dataset_depth/000000000194-segment-10094743350625019937_3420_000_3440_000_with_camera_labels-140.png 1576 856 30
big_dataset_depth/000000000194-segment-10094743350625019937_3420_000_3440_000_with_camera_labels-140.png 1584 760 46
big_dataset_depth/000000000194-segment-10094743350625019937_3420_000_3440_000_with_camera_labels-140.png 1592 776 44
big_dataset_depth/000000000194-segment-10094743350625019937_3420_000_3440_000_with_camera_labels-140.png 1600 776 44
big_dataset_depth/000000000194-segment-10094743350625019937_3420_000_3440_000_with_camera_labels-140.png 1608 584 49
big_dataset_depth/000000000194-segment-10094743350625019937_3420_000_3440_000_with_camera_labels-140.png 1616 776 43
big_dataset_depth/000000000194-segment-10094743350625019937_3420_000_3440_000_with_camera_labels-140.png 1624 584 48
big_dataset_depth/000000000194-segment-10094743350625019937_3420_000_3440_000_with_camera_labels-140.png 1632 808 30
big_dataset_depth/000000000194-segment-10094743350625019937_3420_000_3440_000_with_camera_labels-140.png 1640 792 41
big_dataset_depth/000000000194-segment-10094743350625019937_3420_000_3440_000_with_camera_labels-140.png 1648 784 42
big_dataset_depth/000000000194-segment-10094743350625019937_3420_000_3440_000_with_camera_labels-140.png 1656 784 41
big_dataset_depth/000000000194-segment-10094743350625019937_3420_000_3440_000_with_camera_labels-140.png 1664 776 42
big_dataset_depth/000000000194-segment-10094743350625019937_3420_000_3440_000_with_camera_labels-140.png 1672 784 41
big_dataset_depth/000000000194-segment-10094743350625019937_3420_000_3440_000_with_camera_labels-140.png 1680 776 42
big_dataset_depth/000000000194-segment-10094743350625019937_3420_000_3440_000_with_camera_labels-140.png 1688 776 41
big_dataset_depth/000000000194-segment-10094743350625019937_3420_000_3440_000_with_camera_labels-140.png 1696 784 41
big_dataset_depth/000000000194-segment-10094743350625019937_3420_000_3440_000_with_camera_labels-140.png 1704 792 40
big_dataset_depth/000000000194-segment-10094743350625019937_3420_000_3440_000_with_camera_labels-140.png 1712 792 41
big_dataset_depth/000000000194-segment-10094743350625019937_3420_000_3440_000_with_camera_labels-140.png 1720 784 41
big_dataset_depth/000000000194-segment-10094743350625019937_3420_000_3440_000_with_camera_labels-140.png 1728 784 41
big_dataset_depth/000000000194-segment-10094743350625019937_3420_000_3440_000_with_camera_labels-140.png 1736 776 42
big_dataset_depth/000000000194-segment-10094743350625019937_3420_000_3440_000_with_camera_labels-140.png 1744 800 40
big_dataset_depth/000000000194-segment-10094743350625019937_3420_000_3440_000_with_camera_labels-140.png 1752 776 41
big_dataset_depth/000000000194-segment-10094743350625019937_3420_000_3440_000_with_camera_labels-140.png 1760 776 41
big_dataset_depth/000000000194-segment-10094743350625019937_3420_000_3440_000_with_camera_labels-140.png 1768 776 40
big_dataset_depth/000000000194-segment-10094743350625019937_3420_000_3440_000_with_camera_labels-140.png 1776 792 39
big_dataset_depth/000000000194-segment-10094743350625019937_3420_000_3440_000_with_camera_labels-140.png 1784 776 40
big_dataset_depth/000000000194-segment-10094743350625019937_3420_000_3440_000_with_camera_labels-140.png 1792 776 40
big_dataset_depth/000000000194-segment-10094743350625019937_3420_000_3440_000_with_camera_labels-140.png 1800 728 40
big_dataset_depth/000000000194-segment-10094743350625019937_3420_000_3440_000_with_camera_labels-140.png 1808 792 39
big_dataset_depth/000000000194-segment-10094743350625019937_3420_000_3440_000_with_camera_labels-140.png 1816 792 39
big_dataset_depth/000000000194-segment-10094743350625019937_3420_000_3440_000_with_camera_labels-140.png 1824 808 38
big_dataset_depth/000000000194-segment-10094743350625019937_3420_000_3440_000_with_camera_labels-140.png 1832 800 38
big_dataset_depth/000000000194-segment-10094743350625019937_3420_000_3440_000_with_camera_labels-140.png 1840 800 38
big_dataset_depth/000000000194-segment-10094743350625019937_3420_000_3440_000_with_camera_labels-140.png 1848 920 29
big_dataset_depth/000000000194-segment-10094743350625019937_3420_000_3440_000_with_camera_labels-140.png 1856 800 38
big_dataset_depth/000000000194-segment-10094743350625019937_3420_000_3440_000_with_camera_labels-140.png 1864 808 37
big_dataset_depth/000000000194-segment-10094743350625019937_3420_000_3440_000_with_camera_labels-140.png 1872 800 38
big_dataset_depth/000000000194-segment-10094743350625019937_3420_000_3440_000_with_camera_labels-140.png 1880 808 37
big_dataset_depth/000000000194-segment-10094743350625019937_3420_000_3440_000_with_camera_labels-140.png 1888 800 38
big_dataset_depth/000000000194-segment-10094743350625019937_3420_000_3440_000_with_camera_labels-140.png 1896 800 38
big_dataset_depth/000000000194-segment-10094743350625019937_3420_000_3440_000_with_camera_labels-140.png 1904 792 38
big_dataset_depth/000000000194-segment-10094743350625019937_3420_000_3440_000_with_camera_labels-140.png 1912 792 38
