big_dataset_depth/000000001254-segment-11199484219241918646_2810_030_2830_030_with_camera_labels-150.png 0 768 62
big_dataset_depth/000000001254-segment-11199484219241918646_2810_030_2830_030_with_camera_labels-150.png 8 656 73
big_dataset_depth/000000001254-segment-11199484219241918646_2810_030_2830_030_with_camera_labels-150.png 24 608 105
big_dataset_depth/000000001254-segment-11199484219241918646_2810_030_2830_030_with_camera_labels-150.png 32 800 45
big_dataset_depth/000000001254-segment-11199484219241918646_2810_030_2830_030_with_camera_labels-150.png 40 688 105
big_dataset_depth/000000001254-segment-11199484219241918646_2810_030_2830_030_with_camera_labels-150.png 48 768 49
big_dataset_depth/000000001254-segment-11199484219241918646_2810_030_2830_030_with_camera_labels-150.png 56 768 65
big_dataset_depth/000000001254-segment-11199484219241918646_2810_030_2830_030_with_camera_labels-150.png 64 784 46
big_dataset_depth/000000001254-segment-11199484219241918646_2810_030_2830_030_with_camera_labels-150.png 72 784 46
big_dataset_depth/000000001254-segment-11199484219241918646_2810_030_2830_030_with_camera_labels-150.png 80 784 46
big_dataset_depth/000000001254-segment-11199484219241918646_2810_030_2830_030_with_camera_labels-150.png 88 752 46
big_dataset_depth/000000001254-segment-11199484219241918646_2810_030_2830_030_with_camera_labels-150.png 96 776 46
big_dataset_depth/000000001254-segment-11199484219241918646_2810_030_2830_030_with_camera_labels-150.png 120 752 71
big_dataset_depth/000000001254-segment-11199484219241918646_2810_030_2830_030_with_camera_labels-150.png 128 720 58
big_dataset_depth/000000001254-segment-11199484219241918646_2810_030_2830_030_with_camera_labels-150.png 136 776 44
big_dataset_depth/000000001254-segment-11199484219241918646_2810_030_2830_030_with_camera_labels-150.png 144 784 44
big_dataset_depth/000000001254-segment-11199484219241918646_2810_030_2830_030_with_camera_labels-150.png 160 768 59
big_dataset_depth/000000001254-segment-11199484219241918646_2810_030_2830_030_with_camera_labels-150.png 168 616 49
big_dataset_depth/000000001254-segment-11199484219241918646_2810_030_2830_030_with_camera_labels-150.png 176 584 48
big_dataset_depth/000000001254-segment-11199484219241918646_2810_030_2830_030_with_camera_labels-150.png 192 752 75
big_dataset_depth/000000001254-segment-11199484219241918646_2810_030_2830_030_with_camera_labels-150.png 200 696 60
big_dataset_depth/000000001254-segment-11199484219241918646_2810_030_2830_030_with_camera_labels-150.png 208 696 52
big_dataset_depth/000000001254-segment-11199484219241918646_2810_030_2830_030_with_camera_labels-150.png 216 704 52
big_dataset_depth/000000001254-segment-11199484219241918646_2810_030_2830_030_with_camera_labels-150.png 224 720 52
big_dataset_depth/000000001254-segment-11199484219241918646_2810_030_2830_030_with_camera_labels-150.png 232 760 54
big_dataset_depth/000000001254-segment-11199484219241918646_2810_030_2830_030_with_camera_labels-150.png 240 752 51
big_dataset_depth/000000001254-segment-11199484219241918646_2810_030_2830_030_with_camera_labels-150.png 248 768 49
big_dataset_depth/000000001254-segment-11199484219241918646_2810_030_2830_030_with_camera_labels-150.png 256 752 51
big_dataset_depth/000000001254-segment-11199484219241918646_2810_030_2830_030_with_camera_labels-150.png 264 792 45
big_dataset_depth/000000001254-segment-11199484219241918646_2810_030_2830_030_with_camera_labels-150.png 272 792 45
big_dataset_depth/000000001254-segment-11199484219241918646_2810_030_2830_030_with_camera_labels-150.png 280 776 45
big_dataset_depth/000000001254-segment-11199484219241918646_2810_030_2830_030_with_camera_labels-150.png 288 776 45
big_dataset_depth/000000001254-segment-11199484219241918646_2810_030_2830_030_with_camera_labels-150.png 296 776 45
big_dataset_depth/000000001254-segment-11199484219241918646_2810_030_2830_030_with_camera_labels-150.png 304 760 45
big_dataset_depth/000000001254-segment-11199484219241918646_2810_030_2830_030_with_camera_labels-150.png 312 760 45
big_dataset_depth/000000001254-segment-11199484219241918646_2810_030_2830_030_with_camera_labels-150.png 320 760 50
big_dataset_depth/000000001254-segment-11199484219241918646_2810_030_2830_030_with_camera_labels-150.png 336 744 61
big_dataset_depth/000000001254-segment-11199484219241918646_2810_030_2830_030_with_camera_labels-150.png 344 744 62
big_dataset_depth/000000001254-segment-11199484219241918646_2810_030_2830_030_with_camera_labels-150.png 352 744 63
big_dataset_depth/000000001254-segment-11199484219241918646_2810_030_2830_030_with_camera_labels-150.png 360 744 63
big_dataset_depth/000000001254-segment-11199484219241918646_2810_030_2830_030_with_camera_labels-150.png 368 744 63
big_dataset_depth/000000001254-segment-11199484219241918646_2810_030_2830_030_with_camera_labels-150.png 384 760 54
big_dataset_depth/000000001254-segment-11199484219241918646_2810_030_2830_030_with_camera_labels-150.png 392 752 55
big_dataset_depth/000000001254-segment-11199484219241918646_2810_030_2830_030_with_camera_labels-150.png 400 760 55
big_dataset_depth/000000001254-segment-11199484219241918646_2810_030_2830_030_with_camera_labels-150.png 408 760 55
big_dataset_depth/000000001254-segment-11199484219241918646_2810_030_2830_030_with_camera_labels-150.png 416 744 70
big_dataset_depth/000000001254-segment-11199484219241918646_2810_030_2830_030_with_camera_labels-150.png 424 744 60
big_dataset_depth/000000001254-segment-11199484219241918646_2810_030_2830_030_with_camera_labels-150.png 432 728 66
big_dataset_depth/000000001254-segment-11199484219241918646_2810_030_2830_030_with_camera_labels-150.png 440 752 60
big_dataset_depth/000000001254-segment-11199484219241918646_2810_030_2830_030_with_camera_labels-150.png 448 728 66
big_dataset_depth/000000001254-segment-11199484219241918646_2810_030_2830_030_with_camera_labels-150.png 456 752 60
big_dataset_depth/000000001254-segment-11199484219241918646_2810_030_2830_030_with_camera_labels-150.png 464 744 64
big_dataset_depth/000000001254-segment-11199484219241918646_2810_030_2830_030_with_camera_labels-150.png 480 720 90
big_dataset_depth/000000001254-segment-11199484219241918646_2810_030_2830_030_with_camera_labels-150.png 488 728 75
big_dataset_depth/000000001254-segment-11199484219241918646_2810_030_2830_030_with_camera_labels-150.png 496 672 80
big_dataset_depth/000000001254-segment-11199484219241918646_2810_030_2830_030_with_camera_labels-150.png 504 712 79
big_dataset_depth/000000001254-segment-11199484219241918646_2810_030_2830_030_with_camera_labels-150.png 512 720 79
big_dataset_depth/000000001254-segment-11199484219241918646_2810_030_2830_030_with_camera_labels-150.png 520 720 79
big_dataset_depth/000000001254-segment-11199484219241918646_2810_030_2830_030_with_camera_labels-150.png 528 600 88
big_dataset_depth/000000001254-segment-11199484219241918646_2810_030_2830_030_with_camera_labels-150.png 536 720 88
big_dataset_depth/000000001254-segment-11199484219241918646_2810_030_2830_030_with_camera_labels-150.png 544 720 87
big_dataset_depth/000000001254-segment-11199484219241918646_2810_030_2830_030_with_camera_labels-150.png 552 600 87
big_dataset_depth/000000001254-segment-11199484219241918646_2810_030_2830_030_with_camera_labels-150.png 560 720 85
big_dataset_depth/000000001254-segment-11199484219241918646_2810_030_2830_030_with_camera_labels-150.png 568 704 87
big_dataset_depth/000000001254-segment-11199484219241918646_2810_030_2830_030_with_camera_labels-150.png 576 704 87
big_dataset_depth/000000001254-segment-11199484219241918646_2810_030_2830_030_with_camera_labels-150.png 584 568 85
big_dataset_depth/000000001254-segment-11199484219241918646_2810_030_2830_030_with_camera_labels-150.png 592 712 91
big_dataset_depth/000000001254-segment-11199484219241918646_2810_030_2830_030_with_camera_labels-150.png 600 704 96
big_dataset_depth/000000001254-segment-11199484219241918646_2810_030_2830_030_with_camera_labels-150.png 608 704 97
big_dataset_depth/000000001254-segment-11199484219241918646_2810_030_2830_030_with_camera_labels-150.png 616 712 93
big_dataset_depth/000000001254-segment-11199484219241918646_2810_030_2830_030_with_camera_labels-150.png 624 704 96
big_dataset_depth/000000001254-segment-11199484219241918646_2810_030_2830_030_with_camera_labels-150.png 632 704 105
big_dataset_depth/000000001254-segment-11199484219241918646_2810_030_2830_030_with_camera_labels-150.png 640 704 105
big_dataset_depth/000000001254-segment-11199484219241918646_2810_030_2830_030_with_camera_labels-150.png 648 688 108
big_dataset_depth/000000001254-segment-11199484219241918646_2810_030_2830_030_with_camera_labels-150.png 656 624 101
big_dataset_depth/000000001254-segment-11199484219241918646_2810_030_2830_030_with_camera_labels-150.png 664 704 104
big_dataset_depth/000000001254-segment-11199484219241918646_2810_030_2830_030_with_camera_labels-150.png 672 704 102
big_dataset_depth/000000001254-segment-11199484219241918646_2810_030_2830_030_with_camera_labels-150.png 680 704 103
big_dataset_depth/000000001254-segment-11199484219241918646_2810_030_2830_030_with_camera_labels-150.png 688 608 95
big_dataset_depth/000000001254-segment-11199484219241918646_2810_030_2830_030_with_camera_labels-150.png 696 712 99
big_dataset_depth/000000001254-segment-11199484219241918646_2810_030_2830_030_with_camera_labels-150.png 704 584 95
big_dataset_depth/000000001254-segment-11199484219241918646_2810_030_2830_030_with_camera_labels-150.png 712 584 95
big_dataset_depth/000000001254-segment-11199484219241918646_2810_030_2830_030_with_camera_labels-150.png 720 584 95
big_dataset_depth/000000001254-segment-11199484219241918646_2810_030_2830_030_with_camera_labels-150.png 728 584 95
big_dataset_depth/000000001254-segment-11199484219241918646_2810_030_2830_030_with_camera_labels-150.png 736 568 98
big_dataset_depth/000000001254-segment-11199484219241918646_2810_030_2830_030_with_camera_labels-150.png 888 680 51
big_dataset_depth/000000001254-segment-11199484219241918646_2810_030_2830_030_with_camera_labels-150.png 896 776 48
big_dataset_depth/000000001254-segment-11199484219241918646_2810_030_2830_030_with_camera_labels-150.png 904 776 48
big_dataset_depth/000000001254-segment-11199484219241918646_2810_030_2830_030_with_camera_labels-150.png 912 776 48
big_dataset_depth/000000001254-segment-11199484219241918646_2810_030_2830_030_with_camera_labels-150.png 920 776 49
big_dataset_depth/000000001254-segment-11199484219241918646_2810_030_2830_030_with_camera_labels-150.png 928 784 49
big_dataset_depth/000000001254-segment-11199484219241918646_2810_030_2830_030_with_camera_labels-150.png 936 768 50
big_dataset_depth/000000001254-segment-11199484219241918646_2810_030_2830_030_with_camera_labels-150.png 944 760 50
big_dataset_depth/000000001254-segment-11199484219241918646_2810_030_2830_030_with_camera_labels-150.png 952 760 49
big_dataset_depth/000000001254-segment-11199484219241918646_2810_030_2830_030_with_camera_labels-150.png 960 768 49
big_dataset_depth/000000001254-segment-11199484219241918646_2810_030_2830_030_with_camera_labels-150.png 968 768 49
big_dataset_depth/000000001254-segment-11199484219241918646_2810_030_2830_030_with_camera_labels-150.png 976 768 49
big_dataset_depth/000000001254-segment-11199484219241918646_2810_030_2830_030_with_camera_labels-150.png 984 768 49
big_dataset_depth/000000001254-segment-11199484219241918646_2810_030_2830_030_with_camera_labels-150.png 992 752 49
big_dataset_depth/000000001254-segment-11199484219241918646_2810_030_2830_030_with_camera_labels-150.png 1008 768 50
big_dataset_depth/000000001254-segment-11199484219241918646_2810_030_2830_030_with_camera_labels-150.png 1016 768 49
big_dataset_depth/000000001254-segment-11199484219241918646_2810_030_2830_030_with_camera_labels-150.png 1024 776 49
big_dataset_depth/000000001254-segment-11199484219241918646_2810_030_2830_030_with_camera_labels-150.png 1032 776 49
big_dataset_depth/000000001254-segment-11199484219241918646_2810_030_2830_030_with_camera_labels-150.png 1040 776 49
big_dataset_depth/000000001254-segment-11199484219241918646_2810_030_2830_030_with_camera_labels-150.png 1048 760 49
big_dataset_depth/000000001254-segment-11199484219241918646_2810_030_2830_030_with_camera_labels-150.png 1056 640 49
big_dataset_depth/000000001254-segment-11199484219241918646_2810_030_2830_030_with_camera_labels-150.png 1072 704 102
big_dataset_depth/000000001254-segment-11199484219241918646_2810_030_2830_030_with_camera_labels-150.png 1080 720 86
big_dataset_depth/000000001254-segment-11199484219241918646_2810_030_2830_030_with_camera_labels-150.png 1088 704 96
big_dataset_depth/000000001254-segment-11199484219241918646_2810_030_2830_030_with_camera_labels-150.png 1096 728 76
big_dataset_depth/000000001254-segment-11199484219241918646_2810_030_2830_030_with_camera_labels-150.png 1104 712 79
big_dataset_depth/000000001254-segment-11199484219241918646_2810_030_2830_030_with_camera_labels-150.png 1112 720 79
big_dataset_depth/000000001254-segment-11199484219241918646_2810_030_2830_030_with_camera_labels-150.png 1120 720 79
big_dataset_depth/000000001254-segment-11199484219241918646_2810_030_2830_030_with_camera_labels-150.png 1128 712 83
big_dataset_depth/000000001254-segment-11199484219241918646_2810_030_2830_030_with_camera_labels-150.png 1136 720 79
big_dataset_depth/000000001254-segment-11199484219241918646_2810_030_2830_030_with_camera_labels-150.png 1144 712 79
big_dataset_depth/000000001254-segment-11199484219241918646_2810_030_2830_030_with_camera_labels-150.png 1152 720 79
big_dataset_depth/000000001254-segment-11199484219241918646_2810_030_2830_030_with_camera_labels-150.png 1160 720 78
big_dataset_depth/000000001254-segment-11199484219241918646_2810_030_2830_030_with_camera_labels-150.png 1168 624 93
big_dataset_depth/000000001254-segment-11199484219241918646_2810_030_2830_030_with_camera_labels-150.png 1176 632 93
big_dataset_depth/000000001254-segment-11199484219241918646_2810_030_2830_030_with_camera_labels-150.png 1184 640 93
big_dataset_depth/000000001254-segment-11199484219241918646_2810_030_2830_030_with_camera_labels-150.png 1192 624 86
big_dataset_depth/000000001254-segment-11199484219241918646_2810_030_2830_030_with_camera_labels-150.png 1200 640 93
big_dataset_depth/000000001254-segment-11199484219241918646_2810_030_2830_030_with_camera_labels-150.png 1208 752 70
big_dataset_depth/000000001254-segment-11199484219241918646_2810_030_2830_030_with_camera_labels-150.png 1216 736 69
big_dataset_depth/000000001254-segment-11199484219241918646_2810_030_2830_030_with_camera_labels-150.png 1224 776 54
big_dataset_depth/000000001254-segment-11199484219241918646_2810_030_2830_030_with_camera_labels-150.png 1232 736 65
big_dataset_depth/000000001254-segment-11199484219241918646_2810_030_2830_030_with_camera_labels-150.png 1240 736 65
big_dataset_depth/000000001254-segment-11199484219241918646_2810_030_2830_030_with_camera_labels-150.png 1248 736 65
big_dataset_depth/000000001254-segment-11199484219241918646_2810_030_2830_030_with_camera_labels-150.png 1256 736 64
big_dataset_depth/000000001254-segment-11199484219241918646_2810_030_2830_030_with_camera_labels-150.png 1264 752 63
big_dataset_depth/000000001254-segment-11199484219241918646_2810_030_2830_030_with_camera_labels-150.png 1272 752 63
big_dataset_depth/000000001254-segment-11199484219241918646_2810_030_2830_030_with_camera_labels-150.png 1280 872 32
big_dataset_depth/000000001254-segment-11199484219241918646_2810_030_2830_030_with_camera_labels-150.png 1288 872 32
big_dataset_depth/000000001254-segment-11199484219241918646_2810_030_2830_030_with_camera_labels-150.png 1296 736 57
big_dataset_depth/000000001254-segment-11199484219241918646_2810_030_2830_030_with_camera_labels-150.png 1304 888 30
big_dataset_depth/000000001254-segment-11199484219241918646_2810_030_2830_030_with_camera_labels-150.png 1312 760 55
big_dataset_depth/000000001254-segment-11199484219241918646_2810_030_2830_030_with_camera_labels-150.png 1328 744 63
big_dataset_depth/000000001254-segment-11199484219241918646_2810_030_2830_030_with_camera_labels-150.png 1336 808 48
big_dataset_depth/000000001254-segment-11199484219241918646_2810_030_2830_030_with_camera_labels-150.png 1344 720 66
big_dataset_depth/000000001254-segment-11199484219241918646_2810_030_2830_030_with_camera_labels-150.png 1352 744 66
big_dataset_depth/000000001254-segment-11199484219241918646_2810_030_2830_030_with_camera_labels-150.png 1368 728 67
big_dataset_depth/000000001254-segment-11199484219241918646_2810_030_2830_030_with_camera_labels-150.png 1376 832 45
big_dataset_depth/000000001254-segment-11199484219241918646_2810_030_2830_030_with_camera_labels-150.png 1384 928 26
big_dataset_depth/000000001254-segment-11199484219241918646_2810_030_2830_030_with_camera_labels-150.png 1392 768 47
big_dataset_depth/000000001254-segment-11199484219241918646_2810_030_2830_030_with_camera_labels-150.png 1400 784 45
big_dataset_depth/000000001254-segment-11199484219241918646_2810_030_2830_030_with_camera_labels-150.png 1416 872 34
big_dataset_depth/000000001254-segment-11199484219241918646_2810_030_2830_030_with_camera_labels-150.png 1424 904 30
big_dataset_depth/000000001254-segment-11199484219241918646_2810_030_2830_030_with_camera_labels-150.png 1432 960 23
big_dataset_depth/000000001254-segment-11199484219241918646_2810_030_2830_030_with_camera_labels-150.png 1440 792 44
big_dataset_depth/000000001254-segment-11199484219241918646_2810_030_2830_030_with_camera_labels-150.png 1448 976 22
big_dataset_depth/000000001254-segment-11199484219241918646_2810_030_2830_030_with_camera_labels-150.png 1456 976 22
big_dataset_depth/000000001254-segment-11199484219241918646_2810_030_2830_030_with_camera_labels-150.png 1464 976 22
big_dataset_depth/000000001254-segment-11199484219241918646_2810_030_2830_030_with_camera_labels-150.png 1472 992 22
big_dataset_depth/000000001254-segment-11199484219241918646_2810_030_2830_030_with_camera_labels-150.png 1480 896 33
big_dataset_depth/000000001254-segment-11199484219241918646_2810_030_2830_030_with_camera_labels-150.png 1488 992 21
big_dataset_depth/000000001254-segment-11199484219241918646_2810_030_2830_030_with_camera_labels-150.png 1512 760 52
big_dataset_depth/000000001254-segment-11199484219241918646_2810_030_2830_030_with_camera_labels-150.png 1528 1032 20
big_dataset_depth/000000001254-segment-11199484219241918646_2810_030_2830_030_with_camera_labels-150.png 1536 1032 20
big_dataset_depth/000000001254-segment-11199484219241918646_2810_030_2830_030_with_camera_labels-150.png 1544 1032 19
big_dataset_depth/000000001254-segment-11199484219241918646_2810_030_2830_030_with_camera_labels-150.png 1552 952 23
big_dataset_depth/000000001254-segment-11199484219241918646_2810_030_2830_030_with_camera_labels-150.png 1568 1048 19
big_dataset_depth/000000001254-segment-11199484219241918646_2810_030_2830_030_with_camera_labels-150.png 1576 1072 18
big_dataset_depth/000000001254-segment-11199484219241918646_2810_030_2830_030_with_camera_labels-150.png 1584 1072 18
big_dataset_depth/000000001254-segment-11199484219241918646_2810_030_2830_030_with_camera_labels-150.png 1592 1072 18
big_dataset_depth/000000001254-segment-11199484219241918646_2810_030_2830_030_with_camera_labels-150.png 1600 1072 18
big_dataset_depth/000000001254-segment-11199484219241918646_2810_030_2830_030_with_camera_labels-150.png 1608 1072 18
big_dataset_depth/000000001254-segment-11199484219241918646_2810_030_2830_030_with_camera_labels-150.png 1616 1088 18
big_dataset_depth/000000001254-segment-11199484219241918646_2810_030_2830_030_with_camera_labels-150.png 1624 1088 17
big_dataset_depth/000000001254-segment-11199484219241918646_2810_030_2830_030_with_camera_labels-150.png 1632 1088 17
big_dataset_depth/000000001254-segment-11199484219241918646_2810_030_2830_030_with_camera_labels-150.png 1640 1112 17
big_dataset_depth/000000001254-segment-11199484219241918646_2810_030_2830_030_with_camera_labels-150.png 1648 1112 17
big_dataset_depth/000000001254-segment-11199484219241918646_2810_030_2830_030_with_camera_labels-150.png 1656 1112 17
big_dataset_depth/000000001254-segment-11199484219241918646_2810_030_2830_030_with_camera_labels-150.png 1664 1112 17
big_dataset_depth/000000001254-segment-11199484219241918646_2810_030_2830_030_with_camera_labels-150.png 1672 1128 16
big_dataset_depth/000000001254-segment-11199484219241918646_2810_030_2830_030_with_camera_labels-150.png 1680 1128 16
big_dataset_depth/000000001254-segment-11199484219241918646_2810_030_2830_030_with_camera_labels-150.png 1688 1128 16
big_dataset_depth/000000001254-segment-11199484219241918646_2810_030_2830_030_with_camera_labels-150.png 1696 1152 16
big_dataset_depth/000000001254-segment-11199484219241918646_2810_030_2830_030_with_camera_labels-150.png 1704 1152 16
big_dataset_depth/000000001254-segment-11199484219241918646_2810_030_2830_030_with_camera_labels-150.png 1712 1152 16
big_dataset_depth/000000001254-segment-11199484219241918646_2810_030_2830_030_with_camera_labels-150.png 1720 1152 16
big_dataset_depth/000000001254-segment-11199484219241918646_2810_030_2830_030_with_camera_labels-150.png 1728 1152 16
big_dataset_depth/000000001254-segment-11199484219241918646_2810_030_2830_030_with_camera_labels-150.png 1736 1152 15
big_dataset_depth/000000001254-segment-11199484219241918646_2810_030_2830_030_with_camera_labels-150.png 1752 1184 15
big_dataset_depth/000000001254-segment-11199484219241918646_2810_030_2830_030_with_camera_labels-150.png 1760 1192 15
big_dataset_depth/000000001254-segment-11199484219241918646_2810_030_2830_030_with_camera_labels-150.png 1768 1192 15
big_dataset_depth/000000001254-segment-11199484219241918646_2810_030_2830_030_with_camera_labels-150.png 1776 1192 15
big_dataset_depth/000000001254-segment-11199484219241918646_2810_030_2830_030_with_camera_labels-150.png 1784 1192 15
big_dataset_depth/000000001254-segment-11199484219241918646_2810_030_2830_030_with_camera_labels-150.png 1792 1192 15
big_dataset_depth/000000001254-segment-11199484219241918646_2810_030_2830_030_with_camera_labels-150.png 1800 1216 14
big_dataset_depth/000000001254-segment-11199484219241918646_2810_030_2830_030_with_camera_labels-150.png 1808 1216 14
big_dataset_depth/000000001254-segment-11199484219241918646_2810_030_2830_030_with_camera_labels-150.png 1816 1216 14
big_dataset_depth/000000001254-segment-11199484219241918646_2810_030_2830_030_with_camera_labels-150.png 1824 1216 14
big_dataset_depth/000000001254-segment-11199484219241918646_2810_030_2830_030_with_camera_labels-150.png 1832 1240 14
big_dataset_depth/000000001254-segment-11199484219241918646_2810_030_2830_030_with_camera_labels-150.png 1840 1240 14
big_dataset_depth/000000001254-segment-11199484219241918646_2810_030_2830_030_with_camera_labels-150.png 1848 1240 14
big_dataset_depth/000000001254-segment-11199484219241918646_2810_030_2830_030_with_camera_labels-150.png 1856 1240 14
big_dataset_depth/000000001254-segment-11199484219241918646_2810_030_2830_030_with_camera_labels-150.png 1864 1088 19
big_dataset_depth/000000001254-segment-11199484219241918646_2810_030_2830_030_with_camera_labels-150.png 1872 1264 13
big_dataset_depth/000000001254-segment-11199484219241918646_2810_030_2830_030_with_camera_labels-150.png 1880 1144 17
big_dataset_depth/000000001254-segment-11199484219241918646_2810_030_2830_030_with_camera_labels-150.png 1888 1168 15
big_dataset_depth/000000001254-segment-11199484219241918646_2810_030_2830_030_with_camera_labels-150.png 1896 1072 19
big_dataset_depth/000000001254-segment-11199484219241918646_2810_030_2830_030_with_camera_labels-150.png 1904 1072 20
big_dataset_depth/000000001254-segment-11199484219241918646_2810_030_2830_030_with_camera_labels-150.png 1912 976 23
