big_dataset_depth/000000003592-segment-13909033332341079321_4007_930_4027_930_with_camera_labels-150.png 8 784 83
big_dataset_depth/000000003592-segment-13909033332341079321_4007_930_4027_930_with_camera_labels-150.png 16 784 83
big_dataset_depth/000000003592-segment-13909033332341079321_4007_930_4027_930_with_camera_labels-150.png 24 1080 20
big_dataset_depth/000000003592-segment-13909033332341079321_4007_930_4027_930_with_camera_labels-150.png 32 904 55
big_dataset_depth/000000003592-segment-13909033332341079321_4007_930_4027_930_with_camera_labels-150.png 40 888 62
big_dataset_depth/000000003592-segment-13909033332341079321_4007_930_4027_930_with_camera_labels-150.png 48 792 83
big_dataset_depth/000000003592-segment-13909033332341079321_4007_930_4027_930_with_camera_labels-150.png 56 768 93
big_dataset_depth/000000003592-segment-13909033332341079321_4007_930_4027_930_with_camera_labels-150.png 64 760 94
big_dataset_depth/000000003592-segment-13909033332341079321_4007_930_4027_930_with_camera_labels-150.png 72 768 91
big_dataset_depth/000000003592-segment-13909033332341079321_4007_930_4027_930_with_camera_labels-150.png 80 784 88
big_dataset_depth/000000003592-segment-13909033332341079321_4007_930_4027_930_with_camera_labels-150.png 88 760 94
big_dataset_depth/000000003592-segment-13909033332341079321_4007_930_4027_930_with_camera_labels-150.png 96 768 92
big_dataset_depth/000000003592-segment-13909033332341079321_4007_930_4027_930_with_camera_labels-150.png 104 768 94
big_dataset_depth/000000003592-segment-13909033332341079321_4007_930_4027_930_with_camera_labels-150.png 112 768 98
big_dataset_depth/000000003592-segment-13909033332341079321_4007_930_4027_930_with_camera_labels-150.png 120 768 96
big_dataset_depth/000000003592-segment-13909033332341079321_4007_930_4027_930_with_camera_labels-150.png 128 768 96
big_dataset_depth/000000003592-segment-13909033332341079321_4007_930_4027_930_with_camera_labels-150.png 136 752 96
big_dataset_depth/000000003592-segment-13909033332341079321_4007_930_4027_930_with_camera_labels-150.png 144 904 61
big_dataset_depth/000000003592-segment-13909033332341079321_4007_930_4027_930_with_camera_labels-150.png 152 792 79
big_dataset_depth/000000003592-segment-13909033332341079321_4007_930_4027_930_with_camera_labels-150.png 160 760 100
big_dataset_depth/000000003592-segment-13909033332341079321_4007_930_4027_930_with_camera_labels-150.png 176 776 100
big_dataset_depth/000000003592-segment-13909033332341079321_4007_930_4027_930_with_camera_labels-150.png 184 752 100
big_dataset_depth/000000003592-segment-13909033332341079321_4007_930_4027_930_with_camera_labels-150.png 192 896 62
big_dataset_depth/000000003592-segment-13909033332341079321_4007_930_4027_930_with_camera_labels-150.png 200 1016 23
big_dataset_depth/000000003592-segment-13909033332341079321_4007_930_4027_930_with_camera_labels-150.png 208 1016 23
big_dataset_depth/000000003592-segment-13909033332341079321_4007_930_4027_930_with_camera_labels-150.png 216 760 108
big_dataset_depth/000000003592-segment-13909033332341079321_4007_930_4027_930_with_camera_labels-150.png 224 776 102
big_dataset_depth/000000003592-segment-13909033332341079321_4007_930_4027_930_with_camera_labels-150.png 232 832 55
big_dataset_depth/000000003592-segment-13909033332341079321_4007_930_4027_930_with_camera_labels-150.png 240 872 33
big_dataset_depth/000000003592-segment-13909033332341079321_4007_930_4027_930_with_camera_labels-150.png 248 824 70
big_dataset_depth/000000003592-segment-13909033332341079321_4007_930_4027_930_with_camera_labels-150.png 256 888 32
big_dataset_depth/000000003592-segment-13909033332341079321_4007_930_4027_930_with_camera_labels-150.png 264 888 32
big_dataset_depth/000000003592-segment-13909033332341079321_4007_930_4027_930_with_camera_labels-150.png 272 888 32
big_dataset_depth/000000003592-segment-13909033332341079321_4007_930_4027_930_with_camera_labels-150.png 280 888 32
big_dataset_depth/000000003592-segment-13909033332341079321_4007_930_4027_930_with_camera_labels-150.png 288 928 29
big_dataset_depth/000000003592-segment-13909033332341079321_4007_930_4027_930_with_camera_labels-150.png 296 976 26
big_dataset_depth/000000003592-segment-13909033332341079321_4007_930_4027_930_with_camera_labels-150.png 304 976 26
big_dataset_depth/000000003592-segment-13909033332341079321_4007_930_4027_930_with_camera_labels-150.png 312 744 33
big_dataset_depth/000000003592-segment-13909033332341079321_4007_930_4027_930_with_camera_labels-150.png 376 880 37
big_dataset_depth/000000003592-segment-13909033332341079321_4007_930_4027_930_with_camera_labels-150.png 384 824 46
big_dataset_depth/000000003592-segment-13909033332341079321_4007_930_4027_930_with_camera_labels-150.png 392 824 46
big_dataset_depth/000000003592-segment-13909033332341079321_4007_930_4027_930_with_camera_labels-150.png 400 824 46
big_dataset_depth/000000003592-segment-13909033332341079321_4007_930_4027_930_with_camera_labels-150.png 416 816 47
big_dataset_depth/000000003592-segment-13909033332341079321_4007_930_4027_930_with_camera_labels-150.png 424 816 47
big_dataset_depth/000000003592-segment-13909033332341079321_4007_930_4027_930_with_camera_labels-150.png 432 816 51
big_dataset_depth/000000003592-segment-13909033332341079321_4007_930_4027_930_with_camera_labels-150.png 440 808 51
big_dataset_depth/000000003592-segment-13909033332341079321_4007_930_4027_930_with_camera_labels-150.png 456 800 51
big_dataset_depth/000000003592-segment-13909033332341079321_4007_930_4027_930_with_camera_labels-150.png 464 696 51
big_dataset_depth/000000003592-segment-13909033332341079321_4007_930_4027_930_with_camera_labels-150.png 944 768 100
big_dataset_depth/000000003592-segment-13909033332341079321_4007_930_4027_930_with_camera_labels-150.png 1224 768 99
big_dataset_depth/000000003592-segment-13909033332341079321_4007_930_4027_930_with_camera_labels-150.png 1232 768 96
big_dataset_depth/000000003592-segment-13909033332341079321_4007_930_4027_930_with_camera_labels-150.png 1240 760 108
big_dataset_depth/000000003592-segment-13909033332341079321_4007_930_4027_930_with_camera_labels-150.png 1248 760 107
big_dataset_depth/000000003592-segment-13909033332341079321_4007_930_4027_930_with_camera_labels-150.png 1256 696 100
big_dataset_depth/000000003592-segment-13909033332341079321_4007_930_4027_930_with_camera_labels-150.png 1264 768 97
big_dataset_depth/000000003592-segment-13909033332341079321_4007_930_4027_930_with_camera_labels-150.png 1272 768 96
big_dataset_depth/000000003592-segment-13909033332341079321_4007_930_4027_930_with_camera_labels-150.png 1280 632 95
big_dataset_depth/000000003592-segment-13909033332341079321_4007_930_4027_930_with_camera_labels-150.png 1288 760 105
big_dataset_depth/000000003592-segment-13909033332341079321_4007_930_4027_930_with_camera_labels-150.png 1296 760 104
big_dataset_depth/000000003592-segment-13909033332341079321_4007_930_4027_930_with_camera_labels-150.png 1304 760 103
big_dataset_depth/000000003592-segment-13909033332341079321_4007_930_4027_930_with_camera_labels-150.png 1312 760 103
big_dataset_depth/000000003592-segment-13909033332341079321_4007_930_4027_930_with_camera_labels-150.png 1320 768 97
big_dataset_depth/000000003592-segment-13909033332341079321_4007_930_4027_930_with_camera_labels-150.png 1328 760 101
big_dataset_depth/000000003592-segment-13909033332341079321_4007_930_4027_930_with_camera_labels-150.png 1336 768 89
big_dataset_depth/000000003592-segment-13909033332341079321_4007_930_4027_930_with_camera_labels-150.png 1344 768 97
big_dataset_depth/000000003592-segment-13909033332341079321_4007_930_4027_930_with_camera_labels-150.png 1352 672 96
big_dataset_depth/000000003592-segment-13909033332341079321_4007_930_4027_930_with_camera_labels-150.png 1360 768 91
big_dataset_depth/000000003592-segment-13909033332341079321_4007_930_4027_930_with_camera_labels-150.png 1368 760 94
big_dataset_depth/000000003592-segment-13909033332341079321_4007_930_4027_930_with_camera_labels-150.png 1376 760 94
big_dataset_depth/000000003592-segment-13909033332341079321_4007_930_4027_930_with_camera_labels-150.png 1384 760 94
big_dataset_depth/000000003592-segment-13909033332341079321_4007_930_4027_930_with_camera_labels-150.png 1392 760 94
big_dataset_depth/000000003592-segment-13909033332341079321_4007_930_4027_930_with_camera_labels-150.png 1400 760 105
big_dataset_depth/000000003592-segment-13909033332341079321_4007_930_4027_930_with_camera_labels-150.png 1408 736 104
big_dataset_depth/000000003592-segment-13909033332341079321_4007_930_4027_930_with_camera_labels-150.png 1416 768 103
big_dataset_depth/000000003592-segment-13909033332341079321_4007_930_4027_930_with_camera_labels-150.png 1424 696 81
big_dataset_depth/000000003592-segment-13909033332341079321_4007_930_4027_930_with_camera_labels-150.png 1440 696 57
big_dataset_depth/000000003592-segment-13909033332341079321_4007_930_4027_930_with_camera_labels-150.png 1448 664 56
big_dataset_depth/000000003592-segment-13909033332341079321_4007_930_4027_930_with_camera_labels-150.png 1456 672 55
big_dataset_depth/000000003592-segment-13909033332341079321_4007_930_4027_930_with_camera_labels-150.png 1464 712 55
big_dataset_depth/000000003592-segment-13909033332341079321_4007_930_4027_930_with_camera_labels-150.png 1472 728 56
big_dataset_depth/000000003592-segment-13909033332341079321_4007_930_4027_930_with_camera_labels-150.png 1480 728 55
big_dataset_depth/000000003592-segment-13909033332341079321_4007_930_4027_930_with_camera_labels-150.png 1488 744 54
big_dataset_depth/000000003592-segment-13909033332341079321_4007_930_4027_930_with_camera_labels-150.png 1496 744 54
big_dataset_depth/000000003592-segment-13909033332341079321_4007_930_4027_930_with_camera_labels-150.png 1504 752 54
big_dataset_depth/000000003592-segment-13909033332341079321_4007_930_4027_930_with_camera_labels-150.png 1512 760 55
big_dataset_depth/000000003592-segment-13909033332341079321_4007_930_4027_930_with_camera_labels-150.png 1520 776 55
big_dataset_depth/000000003592-segment-13909033332341079321_4007_930_4027_930_with_camera_labels-150.png 1528 784 55
big_dataset_depth/000000003592-segment-13909033332341079321_4007_930_4027_930_with_camera_labels-150.png 1536 800 55
big_dataset_depth/000000003592-segment-13909033332341079321_4007_930_4027_930_with_camera_labels-150.png 1544 816 55
big_dataset_depth/000000003592-segment-13909033332341079321_4007_930_4027_930_with_camera_labels-150.png 1552 768 55
big_dataset_depth/000000003592-segment-13909033332341079321_4007_930_4027_930_with_camera_labels-150.png 1560 728 55
big_dataset_depth/000000003592-segment-13909033332341079321_4007_930_4027_930_with_camera_labels-150.png 1568 704 55
big_dataset_depth/000000003592-segment-13909033332341079321_4007_930_4027_930_with_camera_labels-150.png 1576 704 55
big_dataset_depth/000000003592-segment-13909033332341079321_4007_930_4027_930_with_camera_labels-150.png 1584 696 55
big_dataset_depth/000000003592-segment-13909033332341079321_4007_930_4027_930_with_camera_labels-150.png 1600 912 36
big_dataset_depth/000000003592-segment-13909033332341079321_4007_930_4027_930_with_camera_labels-150.png 1608 680 54
big_dataset_depth/000000003592-segment-13909033332341079321_4007_930_4027_930_with_camera_labels-150.png 1616 688 54
big_dataset_depth/000000003592-segment-13909033332341079321_4007_930_4027_930_with_camera_labels-150.png 1624 672 51
big_dataset_depth/000000003592-segment-13909033332341079321_4007_930_4027_930_with_camera_labels-150.png 1632 664 51
big_dataset_depth/000000003592-segment-13909033332341079321_4007_930_4027_930_with_camera_labels-150.png 1640 656 50
big_dataset_depth/000000003592-segment-13909033332341079321_4007_930_4027_930_with_camera_labels-150.png 1648 928 34
big_dataset_depth/000000003592-segment-13909033332341079321_4007_930_4027_930_with_camera_labels-150.png 1656 656 51
big_dataset_depth/000000003592-segment-13909033332341079321_4007_930_4027_930_with_camera_labels-150.png 1664 672 52
big_dataset_depth/000000003592-segment-13909033332341079321_4007_930_4027_930_with_camera_labels-150.png 1672 688 51
big_dataset_depth/000000003592-segment-13909033332341079321_4007_930_4027_930_with_camera_labels-150.png 1688 856 38
big_dataset_depth/000000003592-segment-13909033332341079321_4007_930_4027_930_with_camera_labels-150.png 1696 800 42
big_dataset_depth/000000003592-segment-13909033332341079321_4007_930_4027_930_with_camera_labels-150.png 1712 680 54
big_dataset_depth/000000003592-segment-13909033332341079321_4007_930_4027_930_with_camera_labels-150.png 1728 824 53
big_dataset_depth/000000003592-segment-13909033332341079321_4007_930_4027_930_with_camera_labels-150.png 1736 912 38
big_dataset_depth/000000003592-segment-13909033332341079321_4007_930_4027_930_with_camera_labels-150.png 1744 816 53
big_dataset_depth/000000003592-segment-13909033332341079321_4007_930_4027_930_with_camera_labels-150.png 1752 960 30
big_dataset_depth/000000003592-segment-13909033332341079321_4007_930_4027_930_with_camera_labels-150.png 1760 824 53
big_dataset_depth/000000003592-segment-13909033332341079321_4007_930_4027_930_with_camera_labels-150.png 1776 712 53
big_dataset_depth/000000003592-segment-13909033332341079321_4007_930_4027_930_with_camera_labels-150.png 1784 976 28
big_dataset_depth/000000003592-segment-13909033332341079321_4007_930_4027_930_with_camera_labels-150.png 1792 848 38
big_dataset_depth/000000003592-segment-13909033332341079321_4007_930_4027_930_with_camera_labels-150.png 1800 856 38
big_dataset_depth/000000003592-segment-13909033332341079321_4007_930_4027_930_with_camera_labels-150.png 1808 712 47
big_dataset_depth/000000003592-segment-13909033332341079321_4007_930_4027_930_with_camera_labels-150.png 1832 848 38
big_dataset_depth/000000003592-segment-13909033332341079321_4007_930_4027_930_with_camera_labels-150.png 1840 992 27
big_dataset_depth/000000003592-segment-13909033332341079321_4007_930_4027_930_with_camera_labels-150.png 1848 880 39
big_dataset_depth/000000003592-segment-13909033332341079321_4007_930_4027_930_with_camera_labels-150.png 1856 992 27
big_dataset_depth/000000003592-segment-13909033332341079321_4007_930_4027_930_with_camera_labels-150.png 1872 720 49
big_dataset_depth/000000003592-segment-13909033332341079321_4007_930_4027_930_with_camera_labels-150.png 1880 1008 26
big_dataset_depth/000000003592-segment-13909033332341079321_4007_930_4027_930_with_camera_labels-150.png 1888 1008 26
big_dataset_depth/000000003592-segment-13909033332341079321_4007_930_4027_930_with_camera_labels-150.png 1896 880 40
big_dataset_depth/000000003592-segment-13909033332341079321_4007_930_4027_930_with_camera_labels-150.png 1904 880 40
big_dataset_depth/000000003592-segment-13909033332341079321_4007_930_4027_930_with_camera_labels-150.png 1912 880 40
