big_dataset_depth/000000000107-segment-10072140764565668044_4060_000_4080_000_with_camera_labels-70.png 0 840 33
big_dataset_depth/000000000107-segment-10072140764565668044_4060_000_4080_000_with_camera_labels-70.png 8 752 73
big_dataset_depth/000000000107-segment-10072140764565668044_4060_000_4080_000_with_camera_labels-70.png 16 872 32
big_dataset_depth/000000000107-segment-10072140764565668044_4060_000_4080_000_with_camera_labels-70.png 32 848 36
big_dataset_depth/000000000107-segment-10072140764565668044_4060_000_4080_000_with_camera_labels-70.png 40 808 37
big_dataset_depth/000000000107-segment-10072140764565668044_4060_000_4080_000_with_camera_labels-70.png 48 808 37
big_dataset_depth/000000000107-segment-10072140764565668044_4060_000_4080_000_with_camera_labels-70.png 56 808 37
big_dataset_depth/000000000107-segment-10072140764565668044_4060_000_4080_000_with_camera_labels-70.png 64 800 36
big_dataset_depth/000000000107-segment-10072140764565668044_4060_000_4080_000_with_camera_labels-70.png 72 808 37
big_dataset_depth/000000000107-segment-10072140764565668044_4060_000_4080_000_with_camera_labels-70.png 80 816 38
big_dataset_depth/000000000107-segment-10072140764565668044_4060_000_4080_000_with_camera_labels-70.png 88 808 36
big_dataset_depth/000000000107-segment-10072140764565668044_4060_000_4080_000_with_camera_labels-70.png 96 808 37
big_dataset_depth/000000000107-segment-10072140764565668044_4060_000_4080_000_with_camera_labels-70.png 104 808 37
big_dataset_depth/000000000107-segment-10072140764565668044_4060_000_4080_000_with_camera_labels-70.png 112 792 36
big_dataset_depth/000000000107-segment-10072140764565668044_4060_000_4080_000_with_camera_labels-70.png 120 808 37
big_dataset_depth/000000000107-segment-10072140764565668044_4060_000_4080_000_with_camera_labels-70.png 128 792 36
big_dataset_depth/000000000107-segment-10072140764565668044_4060_000_4080_000_with_camera_labels-70.png 136 800 37
big_dataset_depth/000000000107-segment-10072140764565668044_4060_000_4080_000_with_camera_labels-70.png 144 832 37
big_dataset_depth/000000000107-segment-10072140764565668044_4060_000_4080_000_with_camera_labels-70.png 152 824 37
big_dataset_depth/000000000107-segment-10072140764565668044_4060_000_4080_000_with_camera_labels-70.png 160 824 37
big_dataset_depth/000000000107-segment-10072140764565668044_4060_000_4080_000_with_camera_labels-70.png 168 824 38
big_dataset_depth/000000000107-segment-10072140764565668044_4060_000_4080_000_with_camera_labels-70.png 176 784 38
big_dataset_depth/000000000107-segment-10072140764565668044_4060_000_4080_000_with_camera_labels-70.png 184 784 39
big_dataset_depth/000000000107-segment-10072140764565668044_4060_000_4080_000_with_camera_labels-70.png 192 784 39
big_dataset_depth/000000000107-segment-10072140764565668044_4060_000_4080_000_with_camera_labels-70.png 200 792 39
big_dataset_depth/000000000107-segment-10072140764565668044_4060_000_4080_000_with_camera_labels-70.png 208 792 40
big_dataset_depth/000000000107-segment-10072140764565668044_4060_000_4080_000_with_camera_labels-70.png 216 800 41
big_dataset_depth/000000000107-segment-10072140764565668044_4060_000_4080_000_with_camera_labels-70.png 224 816 41
big_dataset_depth/000000000107-segment-10072140764565668044_4060_000_4080_000_with_camera_labels-70.png 232 816 41
big_dataset_depth/000000000107-segment-10072140764565668044_4060_000_4080_000_with_camera_labels-70.png 240 800 41
big_dataset_depth/000000000107-segment-10072140764565668044_4060_000_4080_000_with_camera_labels-70.png 248 760 44
big_dataset_depth/000000000107-segment-10072140764565668044_4060_000_4080_000_with_camera_labels-70.png 256 752 46
big_dataset_depth/000000000107-segment-10072140764565668044_4060_000_4080_000_with_camera_labels-70.png 264 776 46
big_dataset_depth/000000000107-segment-10072140764565668044_4060_000_4080_000_with_camera_labels-70.png 272 760 46
big_dataset_depth/000000000107-segment-10072140764565668044_4060_000_4080_000_with_camera_labels-70.png 280 776 46
big_dataset_depth/000000000107-segment-10072140764565668044_4060_000_4080_000_with_camera_labels-70.png 288 768 47
big_dataset_depth/000000000107-segment-10072140764565668044_4060_000_4080_000_with_camera_labels-70.png 296 760 46
big_dataset_depth/000000000107-segment-10072140764565668044_4060_000_4080_000_with_camera_labels-70.png 304 760 46
big_dataset_depth/000000000107-segment-10072140764565668044_4060_000_4080_000_with_camera_labels-70.png 312 784 47
big_dataset_depth/000000000107-segment-10072140764565668044_4060_000_4080_000_with_camera_labels-70.png 320 784 47
big_dataset_depth/000000000107-segment-10072140764565668044_4060_000_4080_000_with_camera_labels-70.png 328 792 38
big_dataset_depth/000000000107-segment-10072140764565668044_4060_000_4080_000_with_camera_labels-70.png 336 808 39
big_dataset_depth/000000000107-segment-10072140764565668044_4060_000_4080_000_with_camera_labels-70.png 344 800 38
big_dataset_depth/000000000107-segment-10072140764565668044_4060_000_4080_000_with_camera_labels-70.png 352 808 39
big_dataset_depth/000000000107-segment-10072140764565668044_4060_000_4080_000_with_camera_labels-70.png 360 808 38
big_dataset_depth/000000000107-segment-10072140764565668044_4060_000_4080_000_with_camera_labels-70.png 368 784 38
big_dataset_depth/000000000107-segment-10072140764565668044_4060_000_4080_000_with_camera_labels-70.png 376 800 38
big_dataset_depth/000000000107-segment-10072140764565668044_4060_000_4080_000_with_camera_labels-70.png 384 784 38
big_dataset_depth/000000000107-segment-10072140764565668044_4060_000_4080_000_with_camera_labels-70.png 392 784 38
big_dataset_depth/000000000107-segment-10072140764565668044_4060_000_4080_000_with_camera_labels-70.png 400 824 38
big_dataset_depth/000000000107-segment-10072140764565668044_4060_000_4080_000_with_camera_labels-70.png 408 792 38
big_dataset_depth/000000000107-segment-10072140764565668044_4060_000_4080_000_with_camera_labels-70.png 416 784 37
big_dataset_depth/000000000107-segment-10072140764565668044_4060_000_4080_000_with_camera_labels-70.png 424 784 37
big_dataset_depth/000000000107-segment-10072140764565668044_4060_000_4080_000_with_camera_labels-70.png 432 792 38
big_dataset_depth/000000000107-segment-10072140764565668044_4060_000_4080_000_with_camera_labels-70.png 440 808 38
big_dataset_depth/000000000107-segment-10072140764565668044_4060_000_4080_000_with_camera_labels-70.png 448 792 38
big_dataset_depth/000000000107-segment-10072140764565668044_4060_000_4080_000_with_camera_labels-70.png 456 784 38
big_dataset_depth/000000000107-segment-10072140764565668044_4060_000_4080_000_with_camera_labels-70.png 464 824 38
big_dataset_depth/000000000107-segment-10072140764565668044_4060_000_4080_000_with_camera_labels-70.png 472 824 38
big_dataset_depth/000000000107-segment-10072140764565668044_4060_000_4080_000_with_camera_labels-70.png 480 824 38
big_dataset_depth/000000000107-segment-10072140764565668044_4060_000_4080_000_with_camera_labels-70.png 488 792 39
big_dataset_depth/000000000107-segment-10072140764565668044_4060_000_4080_000_with_camera_labels-70.png 496 784 39
big_dataset_depth/000000000107-segment-10072140764565668044_4060_000_4080_000_with_camera_labels-70.png 504 784 40
big_dataset_depth/000000000107-segment-10072140764565668044_4060_000_4080_000_with_camera_labels-70.png 512 768 41
big_dataset_depth/000000000107-segment-10072140764565668044_4060_000_4080_000_with_camera_labels-70.png 520 800 42
big_dataset_depth/000000000107-segment-10072140764565668044_4060_000_4080_000_with_camera_labels-70.png 528 800 43
big_dataset_depth/000000000107-segment-10072140764565668044_4060_000_4080_000_with_camera_labels-70.png 536 784 45
big_dataset_depth/000000000107-segment-10072140764565668044_4060_000_4080_000_with_camera_labels-70.png 544 760 46
big_dataset_depth/000000000107-segment-10072140764565668044_4060_000_4080_000_with_camera_labels-70.png 552 776 47
big_dataset_depth/000000000107-segment-10072140764565668044_4060_000_4080_000_with_camera_labels-70.png 560 776 47
big_dataset_depth/000000000107-segment-10072140764565668044_4060_000_4080_000_with_camera_labels-70.png 568 760 48
big_dataset_depth/000000000107-segment-10072140764565668044_4060_000_4080_000_with_camera_labels-70.png 576 752 50
big_dataset_depth/000000000107-segment-10072140764565668044_4060_000_4080_000_with_camera_labels-70.png 584 768 51
big_dataset_depth/000000000107-segment-10072140764565668044_4060_000_4080_000_with_camera_labels-70.png 632 792 39
big_dataset_depth/000000000107-segment-10072140764565668044_4060_000_4080_000_with_camera_labels-70.png 640 792 39
big_dataset_depth/000000000107-segment-10072140764565668044_4060_000_4080_000_with_camera_labels-70.png 648 808 40
big_dataset_depth/000000000107-segment-10072140764565668044_4060_000_4080_000_with_camera_labels-70.png 656 784 38
big_dataset_depth/000000000107-segment-10072140764565668044_4060_000_4080_000_with_camera_labels-70.png 664 800 38
big_dataset_depth/000000000107-segment-10072140764565668044_4060_000_4080_000_with_camera_labels-70.png 672 792 39
big_dataset_depth/000000000107-segment-10072140764565668044_4060_000_4080_000_with_camera_labels-70.png 680 784 38
big_dataset_depth/000000000107-segment-10072140764565668044_4060_000_4080_000_with_camera_labels-70.png 688 784 38
big_dataset_depth/000000000107-segment-10072140764565668044_4060_000_4080_000_with_camera_labels-70.png 696 784 38
big_dataset_depth/000000000107-segment-10072140764565668044_4060_000_4080_000_with_camera_labels-70.png 704 800 39
big_dataset_depth/000000000107-segment-10072140764565668044_4060_000_4080_000_with_camera_labels-70.png 712 784 38
big_dataset_depth/000000000107-segment-10072140764565668044_4060_000_4080_000_with_camera_labels-70.png 720 784 38
big_dataset_depth/000000000107-segment-10072140764565668044_4060_000_4080_000_with_camera_labels-70.png 728 784 38
big_dataset_depth/000000000107-segment-10072140764565668044_4060_000_4080_000_with_camera_labels-70.png 736 792 39
big_dataset_depth/000000000107-segment-10072140764565668044_4060_000_4080_000_with_camera_labels-70.png 744 784 38
big_dataset_depth/000000000107-segment-10072140764565668044_4060_000_4080_000_with_camera_labels-70.png 752 784 38
big_dataset_depth/000000000107-segment-10072140764565668044_4060_000_4080_000_with_camera_labels-70.png 760 792 39
big_dataset_depth/000000000107-segment-10072140764565668044_4060_000_4080_000_with_camera_labels-70.png 768 808 39
big_dataset_depth/000000000107-segment-10072140764565668044_4060_000_4080_000_with_camera_labels-70.png 800 912 23
big_dataset_depth/000000000107-segment-10072140764565668044_4060_000_4080_000_with_camera_labels-70.png 808 936 23
big_dataset_depth/000000000107-segment-10072140764565668044_4060_000_4080_000_with_camera_labels-70.png 816 952 23
big_dataset_depth/000000000107-segment-10072140764565668044_4060_000_4080_000_with_camera_labels-70.png 824 936 23
big_dataset_depth/000000000107-segment-10072140764565668044_4060_000_4080_000_with_camera_labels-70.png 832 936 23
big_dataset_depth/000000000107-segment-10072140764565668044_4060_000_4080_000_with_camera_labels-70.png 840 928 23
big_dataset_depth/000000000107-segment-10072140764565668044_4060_000_4080_000_with_camera_labels-70.png 848 912 22
big_dataset_depth/000000000107-segment-10072140764565668044_4060_000_4080_000_with_camera_labels-70.png 856 920 22
big_dataset_depth/000000000107-segment-10072140764565668044_4060_000_4080_000_with_camera_labels-70.png 864 912 22
big_dataset_depth/000000000107-segment-10072140764565668044_4060_000_4080_000_with_camera_labels-70.png 872 912 22
big_dataset_depth/000000000107-segment-10072140764565668044_4060_000_4080_000_with_camera_labels-70.png 880 944 23
big_dataset_depth/000000000107-segment-10072140764565668044_4060_000_4080_000_with_camera_labels-70.png 888 912 22
big_dataset_depth/000000000107-segment-10072140764565668044_4060_000_4080_000_with_camera_labels-70.png 896 936 22
big_dataset_depth/000000000107-segment-10072140764565668044_4060_000_4080_000_with_camera_labels-70.png 904 912 22
big_dataset_depth/000000000107-segment-10072140764565668044_4060_000_4080_000_with_camera_labels-70.png 912 912 22
big_dataset_depth/000000000107-segment-10072140764565668044_4060_000_4080_000_with_camera_labels-70.png 920 912 22
big_dataset_depth/000000000107-segment-10072140764565668044_4060_000_4080_000_with_camera_labels-70.png 928 912 22
big_dataset_depth/000000000107-segment-10072140764565668044_4060_000_4080_000_with_camera_labels-70.png 936 912 22
big_dataset_depth/000000000107-segment-10072140764565668044_4060_000_4080_000_with_camera_labels-70.png 944 912 22
big_dataset_depth/000000000107-segment-10072140764565668044_4060_000_4080_000_with_camera_labels-70.png 952 912 22
big_dataset_depth/000000000107-segment-10072140764565668044_4060_000_4080_000_with_camera_labels-70.png 960 912 22
big_dataset_depth/000000000107-segment-10072140764565668044_4060_000_4080_000_with_camera_labels-70.png 968 920 23
big_dataset_depth/000000000107-segment-10072140764565668044_4060_000_4080_000_with_camera_labels-70.png 976 912 22
big_dataset_depth/000000000107-segment-10072140764565668044_4060_000_4080_000_with_camera_labels-70.png 984 904 22
big_dataset_depth/000000000107-segment-10072140764565668044_4060_000_4080_000_with_camera_labels-70.png 992 912 22
big_dataset_depth/000000000107-segment-10072140764565668044_4060_000_4080_000_with_camera_labels-70.png 1000 912 22
big_dataset_depth/000000000107-segment-10072140764565668044_4060_000_4080_000_with_camera_labels-70.png 1008 952 21
big_dataset_depth/000000000107-segment-10072140764565668044_4060_000_4080_000_with_camera_labels-70.png 1016 928 23
big_dataset_depth/000000000107-segment-10072140764565668044_4060_000_4080_000_with_camera_labels-70.png 1024 944 23
big_dataset_depth/000000000107-segment-10072140764565668044_4060_000_4080_000_with_camera_labels-70.png 1032 936 23
big_dataset_depth/000000000107-segment-10072140764565668044_4060_000_4080_000_with_camera_labels-70.png 1040 936 23
big_dataset_depth/000000000107-segment-10072140764565668044_4060_000_4080_000_with_camera_labels-70.png 1048 944 23
big_dataset_depth/000000000107-segment-10072140764565668044_4060_000_4080_000_with_camera_labels-70.png 1056 688 95
big_dataset_depth/000000000107-segment-10072140764565668044_4060_000_4080_000_with_camera_labels-70.png 1080 624 91
big_dataset_depth/000000000107-segment-10072140764565668044_4060_000_4080_000_with_camera_labels-70.png 1088 696 81
big_dataset_depth/000000000107-segment-10072140764565668044_4060_000_4080_000_with_camera_labels-70.png 1096 696 76
big_dataset_depth/000000000107-segment-10072140764565668044_4060_000_4080_000_with_camera_labels-70.png 1104 696 76
big_dataset_depth/000000000107-segment-10072140764565668044_4060_000_4080_000_with_camera_labels-70.png 1112 696 76
big_dataset_depth/000000000107-segment-10072140764565668044_4060_000_4080_000_with_camera_labels-70.png 1120 712 75
big_dataset_depth/000000000107-segment-10072140764565668044_4060_000_4080_000_with_camera_labels-70.png 1128 696 76
big_dataset_depth/000000000107-segment-10072140764565668044_4060_000_4080_000_with_camera_labels-70.png 1136 696 75
big_dataset_depth/000000000107-segment-10072140764565668044_4060_000_4080_000_with_camera_labels-70.png 1144 696 75
big_dataset_depth/000000000107-segment-10072140764565668044_4060_000_4080_000_with_camera_labels-70.png 1152 688 75
big_dataset_depth/000000000107-segment-10072140764565668044_4060_000_4080_000_with_camera_labels-70.png 1160 712 75
big_dataset_depth/000000000107-segment-10072140764565668044_4060_000_4080_000_with_camera_labels-70.png 1168 704 75
big_dataset_depth/000000000107-segment-10072140764565668044_4060_000_4080_000_with_camera_labels-70.png 1176 704 75
big_dataset_depth/000000000107-segment-10072140764565668044_4060_000_4080_000_with_camera_labels-70.png 1184 704 75
big_dataset_depth/000000000107-segment-10072140764565668044_4060_000_4080_000_with_camera_labels-70.png 1192 704 76
big_dataset_depth/000000000107-segment-10072140764565668044_4060_000_4080_000_with_camera_labels-70.png 1200 704 76
big_dataset_depth/000000000107-segment-10072140764565668044_4060_000_4080_000_with_camera_labels-70.png 1208 704 77
big_dataset_depth/000000000107-segment-10072140764565668044_4060_000_4080_000_with_camera_labels-70.png 1216 704 77
big_dataset_depth/000000000107-segment-10072140764565668044_4060_000_4080_000_with_camera_labels-70.png 1224 704 79
big_dataset_depth/000000000107-segment-10072140764565668044_4060_000_4080_000_with_camera_labels-70.png 1240 744 63
big_dataset_depth/000000000107-segment-10072140764565668044_4060_000_4080_000_with_camera_labels-70.png 1248 760 55
big_dataset_depth/000000000107-segment-10072140764565668044_4060_000_4080_000_with_camera_labels-70.png 1256 744 64
big_dataset_depth/000000000107-segment-10072140764565668044_4060_000_4080_000_with_camera_labels-70.png 1272 696 54
big_dataset_depth/000000000107-segment-10072140764565668044_4060_000_4080_000_with_camera_labels-70.png 1280 704 81
big_dataset_depth/000000000107-segment-10072140764565668044_4060_000_4080_000_with_camera_labels-70.png 1288 704 82
big_dataset_depth/000000000107-segment-10072140764565668044_4060_000_4080_000_with_camera_labels-70.png 1296 704 82
big_dataset_depth/000000000107-segment-10072140764565668044_4060_000_4080_000_with_camera_labels-70.png 1304 704 83
big_dataset_depth/000000000107-segment-10072140764565668044_4060_000_4080_000_with_camera_labels-70.png 1312 704 83
big_dataset_depth/000000000107-segment-10072140764565668044_4060_000_4080_000_with_camera_labels-70.png 1320 704 84
big_dataset_depth/000000000107-segment-10072140764565668044_4060_000_4080_000_with_camera_labels-70.png 1328 704 84
big_dataset_depth/000000000107-segment-10072140764565668044_4060_000_4080_000_with_camera_labels-70.png 1344 712 71
big_dataset_depth/000000000107-segment-10072140764565668044_4060_000_4080_000_with_camera_labels-70.png 1352 728 62
big_dataset_depth/000000000107-segment-10072140764565668044_4060_000_4080_000_with_camera_labels-70.png 1360 728 62
big_dataset_depth/000000000107-segment-10072140764565668044_4060_000_4080_000_with_camera_labels-70.png 1376 792 38
big_dataset_depth/000000000107-segment-10072140764565668044_4060_000_4080_000_with_camera_labels-70.png 1384 784 38
big_dataset_depth/000000000107-segment-10072140764565668044_4060_000_4080_000_with_camera_labels-70.png 1392 808 37
big_dataset_depth/000000000107-segment-10072140764565668044_4060_000_4080_000_with_camera_labels-70.png 1400 816 37
big_dataset_depth/000000000107-segment-10072140764565668044_4060_000_4080_000_with_camera_labels-70.png 1408 824 37
big_dataset_depth/000000000107-segment-10072140764565668044_4060_000_4080_000_with_camera_labels-70.png 1416 800 36
big_dataset_depth/000000000107-segment-10072140764565668044_4060_000_4080_000_with_camera_labels-70.png 1424 832 37
big_dataset_depth/000000000107-segment-10072140764565668044_4060_000_4080_000_with_camera_labels-70.png 1432 800 36
big_dataset_depth/000000000107-segment-10072140764565668044_4060_000_4080_000_with_camera_labels-70.png 1440 808 36
big_dataset_depth/000000000107-segment-10072140764565668044_4060_000_4080_000_with_camera_labels-70.png 1448 800 35
big_dataset_depth/000000000107-segment-10072140764565668044_4060_000_4080_000_with_camera_labels-70.png 1456 808 35
big_dataset_depth/000000000107-segment-10072140764565668044_4060_000_4080_000_with_camera_labels-70.png 1464 808 35
big_dataset_depth/000000000107-segment-10072140764565668044_4060_000_4080_000_with_camera_labels-70.png 1472 808 35
big_dataset_depth/000000000107-segment-10072140764565668044_4060_000_4080_000_with_camera_labels-70.png 1480 808 34
big_dataset_depth/000000000107-segment-10072140764565668044_4060_000_4080_000_with_camera_labels-70.png 1488 808 34
big_dataset_depth/000000000107-segment-10072140764565668044_4060_000_4080_000_with_camera_labels-70.png 1496 840 34
big_dataset_depth/000000000107-segment-10072140764565668044_4060_000_4080_000_with_camera_labels-70.png 1504 848 34
big_dataset_depth/000000000107-segment-10072140764565668044_4060_000_4080_000_with_camera_labels-70.png 1512 848 33
big_dataset_depth/000000000107-segment-10072140764565668044_4060_000_4080_000_with_camera_labels-70.png 1520 848 33
big_dataset_depth/000000000107-segment-10072140764565668044_4060_000_4080_000_with_camera_labels-70.png 1528 856 32
big_dataset_depth/000000000107-segment-10072140764565668044_4060_000_4080_000_with_camera_labels-70.png 1536 848 33
big_dataset_depth/000000000107-segment-10072140764565668044_4060_000_4080_000_with_camera_labels-70.png 1544 824 33
big_dataset_depth/000000000107-segment-10072140764565668044_4060_000_4080_000_with_camera_labels-70.png 1552 848 33
big_dataset_depth/000000000107-segment-10072140764565668044_4060_000_4080_000_with_camera_labels-70.png 1560 816 32
big_dataset_depth/000000000107-segment-10072140764565668044_4060_000_4080_000_with_camera_labels-70.png 1568 816 32
big_dataset_depth/000000000107-segment-10072140764565668044_4060_000_4080_000_with_camera_labels-70.png 1576 800 32
big_dataset_depth/000000000107-segment-10072140764565668044_4060_000_4080_000_with_camera_labels-70.png 1584 808 32
big_dataset_depth/000000000107-segment-10072140764565668044_4060_000_4080_000_with_camera_labels-70.png 1592 864 33
big_dataset_depth/000000000107-segment-10072140764565668044_4060_000_4080_000_with_camera_labels-70.png 1600 824 33
big_dataset_depth/000000000107-segment-10072140764565668044_4060_000_4080_000_with_camera_labels-70.png 1608 864 30
big_dataset_depth/000000000107-segment-10072140764565668044_4060_000_4080_000_with_camera_labels-70.png 1616 864 30
big_dataset_depth/000000000107-segment-10072140764565668044_4060_000_4080_000_with_camera_labels-70.png 1624 880 30
big_dataset_depth/000000000107-segment-10072140764565668044_4060_000_4080_000_with_camera_labels-70.png 1632 888 29
big_dataset_depth/000000000107-segment-10072140764565668044_4060_000_4080_000_with_camera_labels-70.png 1640 896 29
big_dataset_depth/000000000107-segment-10072140764565668044_4060_000_4080_000_with_camera_labels-70.png 1648 880 29
big_dataset_depth/000000000107-segment-10072140764565668044_4060_000_4080_000_with_camera_labels-70.png 1656 880 31
big_dataset_depth/000000000107-segment-10072140764565668044_4060_000_4080_000_with_camera_labels-70.png 1664 880 29
big_dataset_depth/000000000107-segment-10072140764565668044_4060_000_4080_000_with_camera_labels-70.png 1672 880 29
big_dataset_depth/000000000107-segment-10072140764565668044_4060_000_4080_000_with_camera_labels-70.png 1680 880 29
big_dataset_depth/000000000107-segment-10072140764565668044_4060_000_4080_000_with_camera_labels-70.png 1688 880 28
big_dataset_depth/000000000107-segment-10072140764565668044_4060_000_4080_000_with_camera_labels-70.png 1696 896 28
big_dataset_depth/000000000107-segment-10072140764565668044_4060_000_4080_000_with_camera_labels-70.png 1704 880 28
big_dataset_depth/000000000107-segment-10072140764565668044_4060_000_4080_000_with_camera_labels-70.png 1712 896 28
big_dataset_depth/000000000107-segment-10072140764565668044_4060_000_4080_000_with_camera_labels-70.png 1720 880 28
big_dataset_depth/000000000107-segment-10072140764565668044_4060_000_4080_000_with_camera_labels-70.png 1728 880 28
big_dataset_depth/000000000107-segment-10072140764565668044_4060_000_4080_000_with_camera_labels-70.png 1736 880 27
big_dataset_depth/000000000107-segment-10072140764565668044_4060_000_4080_000_with_camera_labels-70.png 1744 896 28
big_dataset_depth/000000000107-segment-10072140764565668044_4060_000_4080_000_with_camera_labels-70.png 1752 896 27
big_dataset_depth/000000000107-segment-10072140764565668044_4060_000_4080_000_with_camera_labels-70.png 1760 904 27
big_dataset_depth/000000000107-segment-10072140764565668044_4060_000_4080_000_with_camera_labels-70.png 1768 896 27
big_dataset_depth/000000000107-segment-10072140764565668044_4060_000_4080_000_with_camera_labels-70.png 1776 896 27
big_dataset_depth/000000000107-segment-10072140764565668044_4060_000_4080_000_with_camera_labels-70.png 1784 896 27
big_dataset_depth/000000000107-segment-10072140764565668044_4060_000_4080_000_with_camera_labels-70.png 1792 904 27
big_dataset_depth/000000000107-segment-10072140764565668044_4060_000_4080_000_with_camera_labels-70.png 1800 936 26
big_dataset_depth/000000000107-segment-10072140764565668044_4060_000_4080_000_with_camera_labels-70.png 1808 896 26
big_dataset_depth/000000000107-segment-10072140764565668044_4060_000_4080_000_with_camera_labels-70.png 1816 896 26
big_dataset_depth/000000000107-segment-10072140764565668044_4060_000_4080_000_with_camera_labels-70.png 1824 936 26
big_dataset_depth/000000000107-segment-10072140764565668044_4060_000_4080_000_with_camera_labels-70.png 1832 936 26
big_dataset_depth/000000000107-segment-10072140764565668044_4060_000_4080_000_with_camera_labels-70.png 1840 936 26
big_dataset_depth/000000000107-segment-10072140764565668044_4060_000_4080_000_with_camera_labels-70.png 1848 944 25
big_dataset_depth/000000000107-segment-10072140764565668044_4060_000_4080_000_with_camera_labels-70.png 1856 936 25
big_dataset_depth/000000000107-segment-10072140764565668044_4060_000_4080_000_with_camera_labels-70.png 1864 816 64
big_dataset_depth/000000000107-segment-10072140764565668044_4060_000_4080_000_with_camera_labels-70.png 1872 952 25
big_dataset_depth/000000000107-segment-10072140764565668044_4060_000_4080_000_with_camera_labels-70.png 1880 936 25
big_dataset_depth/000000000107-segment-10072140764565668044_4060_000_4080_000_with_camera_labels-70.png 1888 952 25
big_dataset_depth/000000000107-segment-10072140764565668044_4060_000_4080_000_with_camera_labels-70.png 1896 904 25
big_dataset_depth/000000000107-segment-10072140764565668044_4060_000_4080_000_with_camera_labels-70.png 1904 864 44
big_dataset_depth/000000000107-segment-10072140764565668044_4060_000_4080_000_with_camera_labels-70.png 1912 784 35
