big_dataset_depth/000000003020-segment-13238419657658219864_4630_850_4650_850_with_camera_labels-30.png 0 872 40
big_dataset_depth/000000003020-segment-13238419657658219864_4630_850_4650_850_with_camera_labels-30.png 8 880 40
big_dataset_depth/000000003020-segment-13238419657658219864_4630_850_4650_850_with_camera_labels-30.png 16 888 40
big_dataset_depth/000000003020-segment-13238419657658219864_4630_850_4650_850_with_camera_labels-30.png 24 880 40
big_dataset_depth/000000003020-segment-13238419657658219864_4630_850_4650_850_with_camera_labels-30.png 32 880 40
big_dataset_depth/000000003020-segment-13238419657658219864_4630_850_4650_850_with_camera_labels-30.png 40 864 40
big_dataset_depth/000000003020-segment-13238419657658219864_4630_850_4650_850_with_camera_labels-30.png 48 880 40
big_dataset_depth/000000003020-segment-13238419657658219864_4630_850_4650_850_with_camera_labels-30.png 56 872 40
big_dataset_depth/000000003020-segment-13238419657658219864_4630_850_4650_850_with_camera_labels-30.png 64 880 40
big_dataset_depth/000000003020-segment-13238419657658219864_4630_850_4650_850_with_camera_labels-30.png 72 880 40
big_dataset_depth/000000003020-segment-13238419657658219864_4630_850_4650_850_with_camera_labels-30.png 80 880 40
big_dataset_depth/000000003020-segment-13238419657658219864_4630_850_4650_850_with_camera_labels-30.png 88 856 40
big_dataset_depth/000000003020-segment-13238419657658219864_4630_850_4650_850_with_camera_labels-30.png 96 880 40
big_dataset_depth/000000003020-segment-13238419657658219864_4630_850_4650_850_with_camera_labels-30.png 104 880 40
big_dataset_depth/000000003020-segment-13238419657658219864_4630_850_4650_850_with_camera_labels-30.png 112 880 39
big_dataset_depth/000000003020-segment-13238419657658219864_4630_850_4650_850_with_camera_labels-30.png 120 888 39
big_dataset_depth/000000003020-segment-13238419657658219864_4630_850_4650_850_with_camera_labels-30.png 128 896 39
big_dataset_depth/000000003020-segment-13238419657658219864_4630_850_4650_850_with_camera_labels-30.png 136 888 39
big_dataset_depth/000000003020-segment-13238419657658219864_4630_850_4650_850_with_camera_labels-30.png 144 888 39
big_dataset_depth/000000003020-segment-13238419657658219864_4630_850_4650_850_with_camera_labels-30.png 152 896 39
big_dataset_depth/000000003020-segment-13238419657658219864_4630_850_4650_850_with_camera_labels-30.png 160 872 40
big_dataset_depth/000000003020-segment-13238419657658219864_4630_850_4650_850_with_camera_labels-30.png 168 864 40
big_dataset_depth/000000003020-segment-13238419657658219864_4630_850_4650_850_with_camera_labels-30.png 176 872 40
big_dataset_depth/000000003020-segment-13238419657658219864_4630_850_4650_850_with_camera_labels-30.png 184 872 40
big_dataset_depth/000000003020-segment-13238419657658219864_4630_850_4650_850_with_camera_labels-30.png 192 888 40
big_dataset_depth/000000003020-segment-13238419657658219864_4630_850_4650_850_with_camera_labels-30.png 200 888 40
big_dataset_depth/000000003020-segment-13238419657658219864_4630_850_4650_850_with_camera_labels-30.png 208 872 41
big_dataset_depth/000000003020-segment-13238419657658219864_4630_850_4650_850_with_camera_labels-30.png 216 864 42
big_dataset_depth/000000003020-segment-13238419657658219864_4630_850_4650_850_with_camera_labels-30.png 224 856 41
big_dataset_depth/000000003020-segment-13238419657658219864_4630_850_4650_850_with_camera_labels-30.png 240 792 52
big_dataset_depth/000000003020-segment-13238419657658219864_4630_850_4650_850_with_camera_labels-30.png 248 808 63
big_dataset_depth/000000003020-segment-13238419657658219864_4630_850_4650_850_with_camera_labels-30.png 256 808 62
big_dataset_depth/000000003020-segment-13238419657658219864_4630_850_4650_850_with_camera_labels-30.png 264 800 63
big_dataset_depth/000000003020-segment-13238419657658219864_4630_850_4650_850_with_camera_labels-30.png 272 792 63
big_dataset_depth/000000003020-segment-13238419657658219864_4630_850_4650_850_with_camera_labels-30.png 280 784 63
big_dataset_depth/000000003020-segment-13238419657658219864_4630_850_4650_850_with_camera_labels-30.png 288 784 64
big_dataset_depth/000000003020-segment-13238419657658219864_4630_850_4650_850_with_camera_labels-30.png 296 784 63
big_dataset_depth/000000003020-segment-13238419657658219864_4630_850_4650_850_with_camera_labels-30.png 304 784 64
big_dataset_depth/000000003020-segment-13238419657658219864_4630_850_4650_850_with_camera_labels-30.png 312 784 64
big_dataset_depth/000000003020-segment-13238419657658219864_4630_850_4650_850_with_camera_labels-30.png 320 744 98
big_dataset_depth/000000003020-segment-13238419657658219864_4630_850_4650_850_with_camera_labels-30.png 328 768 85
big_dataset_depth/000000003020-segment-13238419657658219864_4630_850_4650_850_with_camera_labels-30.png 336 776 79
big_dataset_depth/000000003020-segment-13238419657658219864_4630_850_4650_850_with_camera_labels-30.png 344 816 66
big_dataset_depth/000000003020-segment-13238419657658219864_4630_850_4650_850_with_camera_labels-30.png 352 864 44
big_dataset_depth/000000003020-segment-13238419657658219864_4630_850_4650_850_with_camera_labels-30.png 360 864 44
big_dataset_depth/000000003020-segment-13238419657658219864_4630_850_4650_850_with_camera_labels-30.png 376 864 43
big_dataset_depth/000000003020-segment-13238419657658219864_4630_850_4650_850_with_camera_labels-30.png 384 840 43
big_dataset_depth/000000003020-segment-13238419657658219864_4630_850_4650_850_with_camera_labels-30.png 392 856 44
big_dataset_depth/000000003020-segment-13238419657658219864_4630_850_4650_850_with_camera_labels-30.png 400 856 43
big_dataset_depth/000000003020-segment-13238419657658219864_4630_850_4650_850_with_camera_labels-30.png 408 856 44
big_dataset_depth/000000003020-segment-13238419657658219864_4630_850_4650_850_with_camera_labels-30.png 416 848 43
big_dataset_depth/000000003020-segment-13238419657658219864_4630_850_4650_850_with_camera_labels-30.png 424 872 43
big_dataset_depth/000000003020-segment-13238419657658219864_4630_850_4650_850_with_camera_labels-30.png 432 848 43
big_dataset_depth/000000003020-segment-13238419657658219864_4630_850_4650_850_with_camera_labels-30.png 440 864 44
big_dataset_depth/000000003020-segment-13238419657658219864_4630_850_4650_850_with_camera_labels-30.png 448 864 44
big_dataset_depth/000000003020-segment-13238419657658219864_4630_850_4650_850_with_camera_labels-30.png 456 864 44
big_dataset_depth/000000003020-segment-13238419657658219864_4630_850_4650_850_with_camera_labels-30.png 464 856 44
big_dataset_depth/000000003020-segment-13238419657658219864_4630_850_4650_850_with_camera_labels-30.png 472 864 43
big_dataset_depth/000000003020-segment-13238419657658219864_4630_850_4650_850_with_camera_labels-30.png 480 864 43
big_dataset_depth/000000003020-segment-13238419657658219864_4630_850_4650_850_with_camera_labels-30.png 488 864 43
big_dataset_depth/000000003020-segment-13238419657658219864_4630_850_4650_850_with_camera_labels-30.png 496 864 43
big_dataset_depth/000000003020-segment-13238419657658219864_4630_850_4650_850_with_camera_labels-30.png 504 848 44
big_dataset_depth/000000003020-segment-13238419657658219864_4630_850_4650_850_with_camera_labels-30.png 512 840 49
big_dataset_depth/000000003020-segment-13238419657658219864_4630_850_4650_850_with_camera_labels-30.png 520 840 49
big_dataset_depth/000000003020-segment-13238419657658219864_4630_850_4650_850_with_camera_labels-30.png 536 776 80
big_dataset_depth/000000003020-segment-13238419657658219864_4630_850_4650_850_with_camera_labels-30.png 544 784 79
big_dataset_depth/000000003020-segment-13238419657658219864_4630_850_4650_850_with_camera_labels-30.png 552 784 79
big_dataset_depth/000000003020-segment-13238419657658219864_4630_850_4650_850_with_camera_labels-30.png 776 640 90
big_dataset_depth/000000003020-segment-13238419657658219864_4630_850_4650_850_with_camera_labels-30.png 784 640 90
big_dataset_depth/000000003020-segment-13238419657658219864_4630_850_4650_850_with_camera_labels-30.png 792 624 89
big_dataset_depth/000000003020-segment-13238419657658219864_4630_850_4650_850_with_camera_labels-30.png 800 760 100
big_dataset_depth/000000003020-segment-13238419657658219864_4630_850_4650_850_with_camera_labels-30.png 808 648 91
big_dataset_depth/000000003020-segment-13238419657658219864_4630_850_4650_850_with_camera_labels-30.png 816 648 90
big_dataset_depth/000000003020-segment-13238419657658219864_4630_850_4650_850_with_camera_labels-30.png 824 648 89
big_dataset_depth/000000003020-segment-13238419657658219864_4630_850_4650_850_with_camera_labels-30.png 832 640 91
big_dataset_depth/000000003020-segment-13238419657658219864_4630_850_4650_850_with_camera_labels-30.png 840 648 90
big_dataset_depth/000000003020-segment-13238419657658219864_4630_850_4650_850_with_camera_labels-30.png 848 648 91
big_dataset_depth/000000003020-segment-13238419657658219864_4630_850_4650_850_with_camera_labels-30.png 864 736 108
big_dataset_depth/000000003020-segment-13238419657658219864_4630_850_4650_850_with_camera_labels-30.png 872 728 108
big_dataset_depth/000000003020-segment-13238419657658219864_4630_850_4650_850_with_camera_labels-30.png 880 744 104
big_dataset_depth/000000003020-segment-13238419657658219864_4630_850_4650_850_with_camera_labels-30.png 888 744 101
big_dataset_depth/000000003020-segment-13238419657658219864_4630_850_4650_850_with_camera_labels-30.png 904 744 104
big_dataset_depth/000000003020-segment-13238419657658219864_4630_850_4650_850_with_camera_labels-30.png 912 744 88
big_dataset_depth/000000003020-segment-13238419657658219864_4630_850_4650_850_with_camera_labels-30.png 920 752 88
big_dataset_depth/000000003020-segment-13238419657658219864_4630_850_4650_850_with_camera_labels-30.png 928 760 87
big_dataset_depth/000000003020-segment-13238419657658219864_4630_850_4650_850_with_camera_labels-30.png 936 760 87
big_dataset_depth/000000003020-segment-13238419657658219864_4630_850_4650_850_with_camera_labels-30.png 944 752 87
big_dataset_depth/000000003020-segment-13238419657658219864_4630_850_4650_850_with_camera_labels-30.png 952 736 87
big_dataset_depth/000000003020-segment-13238419657658219864_4630_850_4650_850_with_camera_labels-30.png 960 744 88
big_dataset_depth/000000003020-segment-13238419657658219864_4630_850_4650_850_with_camera_labels-30.png 968 728 106
big_dataset_depth/000000003020-segment-13238419657658219864_4630_850_4650_850_with_camera_labels-30.png 976 744 91
big_dataset_depth/000000003020-segment-13238419657658219864_4630_850_4650_850_with_camera_labels-30.png 984 736 91
big_dataset_depth/000000003020-segment-13238419657658219864_4630_850_4650_850_with_camera_labels-30.png 992 752 89
big_dataset_depth/000000003020-segment-13238419657658219864_4630_850_4650_850_with_camera_labels-30.png 1000 840 44
big_dataset_depth/000000003020-segment-13238419657658219864_4630_850_4650_850_with_camera_labels-30.png 1008 840 44
big_dataset_depth/000000003020-segment-13238419657658219864_4630_850_4650_850_with_camera_labels-30.png 1016 848 41
big_dataset_depth/000000003020-segment-13238419657658219864_4630_850_4650_850_with_camera_labels-30.png 1024 848 40
big_dataset_depth/000000003020-segment-13238419657658219864_4630_850_4650_850_with_camera_labels-30.png 1032 848 40
big_dataset_depth/000000003020-segment-13238419657658219864_4630_850_4650_850_with_camera_labels-30.png 1040 840 39
big_dataset_depth/000000003020-segment-13238419657658219864_4630_850_4650_850_with_camera_labels-30.png 1048 832 40
big_dataset_depth/000000003020-segment-13238419657658219864_4630_850_4650_850_with_camera_labels-30.png 1056 824 39
big_dataset_depth/000000003020-segment-13238419657658219864_4630_850_4650_850_with_camera_labels-30.png 1064 824 40
big_dataset_depth/000000003020-segment-13238419657658219864_4630_850_4650_850_with_camera_labels-30.png 1072 824 39
big_dataset_depth/000000003020-segment-13238419657658219864_4630_850_4650_850_with_camera_labels-30.png 1080 824 39
big_dataset_depth/000000003020-segment-13238419657658219864_4630_850_4650_850_with_camera_labels-30.png 1088 824 39
big_dataset_depth/000000003020-segment-13238419657658219864_4630_850_4650_850_with_camera_labels-30.png 1096 824 39
big_dataset_depth/000000003020-segment-13238419657658219864_4630_850_4650_850_with_camera_labels-30.png 1104 824 39
big_dataset_depth/000000003020-segment-13238419657658219864_4630_850_4650_850_with_camera_labels-30.png 1112 824 40
big_dataset_depth/000000003020-segment-13238419657658219864_4630_850_4650_850_with_camera_labels-30.png 1120 824 40
big_dataset_depth/000000003020-segment-13238419657658219864_4630_850_4650_850_with_camera_labels-30.png 1128 840 40
big_dataset_depth/000000003020-segment-13238419657658219864_4630_850_4650_850_with_camera_labels-30.png 1136 824 40
big_dataset_depth/000000003020-segment-13238419657658219864_4630_850_4650_850_with_camera_labels-30.png 1144 840 40
big_dataset_depth/000000003020-segment-13238419657658219864_4630_850_4650_850_with_camera_labels-30.png 1152 840 40
big_dataset_depth/000000003020-segment-13238419657658219864_4630_850_4650_850_with_camera_labels-30.png 1160 736 87
big_dataset_depth/000000003020-segment-13238419657658219864_4630_850_4650_850_with_camera_labels-30.png 1168 752 75
big_dataset_depth/000000003020-segment-13238419657658219864_4630_850_4650_850_with_camera_labels-30.png 1176 792 56
big_dataset_depth/000000003020-segment-13238419657658219864_4630_850_4650_850_with_camera_labels-30.png 1184 776 65
big_dataset_depth/000000003020-segment-13238419657658219864_4630_850_4650_850_with_camera_labels-30.png 1192 800 55
big_dataset_depth/000000003020-segment-13238419657658219864_4630_850_4650_850_with_camera_labels-30.png 1200 800 56
big_dataset_depth/000000003020-segment-13238419657658219864_4630_850_4650_850_with_camera_labels-30.png 1208 800 56
big_dataset_depth/000000003020-segment-13238419657658219864_4630_850_4650_850_with_camera_labels-30.png 1216 800 56
big_dataset_depth/000000003020-segment-13238419657658219864_4630_850_4650_850_with_camera_labels-30.png 1224 792 56
big_dataset_depth/000000003020-segment-13238419657658219864_4630_850_4650_850_with_camera_labels-30.png 1232 768 66
big_dataset_depth/000000003020-segment-13238419657658219864_4630_850_4650_850_with_camera_labels-30.png 1240 760 70
big_dataset_depth/000000003020-segment-13238419657658219864_4630_850_4650_850_with_camera_labels-30.png 1248 744 61
big_dataset_depth/000000003020-segment-13238419657658219864_4630_850_4650_850_with_camera_labels-30.png 1256 800 56
big_dataset_depth/000000003020-segment-13238419657658219864_4630_850_4650_850_with_camera_labels-30.png 1264 800 56
big_dataset_depth/000000003020-segment-13238419657658219864_4630_850_4650_850_with_camera_labels-30.png 1272 776 56
big_dataset_depth/000000003020-segment-13238419657658219864_4630_850_4650_850_with_camera_labels-30.png 1280 760 56
big_dataset_depth/000000003020-segment-13238419657658219864_4630_850_4650_850_with_camera_labels-30.png 1288 776 62
big_dataset_depth/000000003020-segment-13238419657658219864_4630_850_4650_850_with_camera_labels-30.png 1296 760 70
big_dataset_depth/000000003020-segment-13238419657658219864_4630_850_4650_850_with_camera_labels-30.png 1304 760 70
big_dataset_depth/000000003020-segment-13238419657658219864_4630_850_4650_850_with_camera_labels-30.png 1312 744 71
big_dataset_depth/000000003020-segment-13238419657658219864_4630_850_4650_850_with_camera_labels-30.png 1320 760 70
big_dataset_depth/000000003020-segment-13238419657658219864_4630_850_4650_850_with_camera_labels-30.png 1328 744 69
big_dataset_depth/000000003020-segment-13238419657658219864_4630_850_4650_850_with_camera_labels-30.png 1336 712 71
big_dataset_depth/000000003020-segment-13238419657658219864_4630_850_4650_850_with_camera_labels-30.png 1344 744 67
big_dataset_depth/000000003020-segment-13238419657658219864_4630_850_4650_850_with_camera_labels-30.png 1352 744 67
big_dataset_depth/000000003020-segment-13238419657658219864_4630_850_4650_850_with_camera_labels-30.png 1360 744 67
big_dataset_depth/000000003020-segment-13238419657658219864_4630_850_4650_850_with_camera_labels-30.png 1368 760 68
big_dataset_depth/000000003020-segment-13238419657658219864_4630_850_4650_850_with_camera_labels-30.png 1376 768 66
big_dataset_depth/000000003020-segment-13238419657658219864_4630_850_4650_850_with_camera_labels-30.png 1384 760 67
big_dataset_depth/000000003020-segment-13238419657658219864_4630_850_4650_850_with_camera_labels-30.png 1392 768 66
big_dataset_depth/000000003020-segment-13238419657658219864_4630_850_4650_850_with_camera_labels-30.png 1400 752 68
big_dataset_depth/000000003020-segment-13238419657658219864_4630_850_4650_850_with_camera_labels-30.png 1408 768 64
big_dataset_depth/000000003020-segment-13238419657658219864_4630_850_4650_850_with_camera_labels-30.png 1416 768 63
big_dataset_depth/000000003020-segment-13238419657658219864_4630_850_4650_850_with_camera_labels-30.png 1424 768 63
big_dataset_depth/000000003020-segment-13238419657658219864_4630_850_4650_850_with_camera_labels-30.png 1432 768 63
big_dataset_depth/000000003020-segment-13238419657658219864_4630_850_4650_850_with_camera_labels-30.png 1440 848 38
big_dataset_depth/000000003020-segment-13238419657658219864_4630_850_4650_850_with_camera_labels-30.png 1448 848 37
big_dataset_depth/000000003020-segment-13238419657658219864_4630_850_4650_850_with_camera_labels-30.png 1456 848 37
big_dataset_depth/000000003020-segment-13238419657658219864_4630_850_4650_850_with_camera_labels-30.png 1464 848 37
big_dataset_depth/000000003020-segment-13238419657658219864_4630_850_4650_850_with_camera_labels-30.png 1472 848 37
big_dataset_depth/000000003020-segment-13238419657658219864_4630_850_4650_850_with_camera_labels-30.png 1480 856 37
big_dataset_depth/000000003020-segment-13238419657658219864_4630_850_4650_850_with_camera_labels-30.png 1488 848 37
big_dataset_depth/000000003020-segment-13238419657658219864_4630_850_4650_850_with_camera_labels-30.png 1496 848 37
big_dataset_depth/000000003020-segment-13238419657658219864_4630_850_4650_850_with_camera_labels-30.png 1504 760 58
big_dataset_depth/000000003020-segment-13238419657658219864_4630_850_4650_850_with_camera_labels-30.png 1512 816 48
big_dataset_depth/000000003020-segment-13238419657658219864_4630_850_4650_850_with_camera_labels-30.png 1520 768 64
big_dataset_depth/000000003020-segment-13238419657658219864_4630_850_4650_850_with_camera_labels-30.png 1528 768 64
big_dataset_depth/000000003020-segment-13238419657658219864_4630_850_4650_850_with_camera_labels-30.png 1544 832 34
big_dataset_depth/000000003020-segment-13238419657658219864_4630_850_4650_850_with_camera_labels-30.png 1552 824 34
big_dataset_depth/000000003020-segment-13238419657658219864_4630_850_4650_850_with_camera_labels-30.png 1560 816 34
big_dataset_depth/000000003020-segment-13238419657658219864_4630_850_4650_850_with_camera_labels-30.png 1568 800 31
big_dataset_depth/000000003020-segment-13238419657658219864_4630_850_4650_850_with_camera_labels-30.png 1576 848 30
big_dataset_depth/000000003020-segment-13238419657658219864_4630_850_4650_850_with_camera_labels-30.png 1584 856 30
big_dataset_depth/000000003020-segment-13238419657658219864_4630_850_4650_850_with_camera_labels-30.png 1592 856 30
big_dataset_depth/000000003020-segment-13238419657658219864_4630_850_4650_850_with_camera_labels-30.png 1600 872 29
big_dataset_depth/000000003020-segment-13238419657658219864_4630_850_4650_850_with_camera_labels-30.png 1608 872 29
big_dataset_depth/000000003020-segment-13238419657658219864_4630_850_4650_850_with_camera_labels-30.png 1616 872 29
big_dataset_depth/000000003020-segment-13238419657658219864_4630_850_4650_850_with_camera_labels-30.png 1624 864 29
big_dataset_depth/000000003020-segment-13238419657658219864_4630_850_4650_850_with_camera_labels-30.png 1632 872 29
big_dataset_depth/000000003020-segment-13238419657658219864_4630_850_4650_850_with_camera_labels-30.png 1640 864 28
big_dataset_depth/000000003020-segment-13238419657658219864_4630_850_4650_850_with_camera_labels-30.png 1648 864 28
big_dataset_depth/000000003020-segment-13238419657658219864_4630_850_4650_850_with_camera_labels-30.png 1656 856 28
big_dataset_depth/000000003020-segment-13238419657658219864_4630_850_4650_850_with_camera_labels-30.png 1664 904 31
big_dataset_depth/000000003020-segment-13238419657658219864_4630_850_4650_850_with_camera_labels-30.png 1672 904 30
big_dataset_depth/000000003020-segment-13238419657658219864_4630_850_4650_850_with_camera_labels-30.png 1680 888 31
big_dataset_depth/000000003020-segment-13238419657658219864_4630_850_4650_850_with_camera_labels-30.png 1688 864 29
big_dataset_depth/000000003020-segment-13238419657658219864_4630_850_4650_850_with_camera_labels-30.png 1696 872 29
big_dataset_depth/000000003020-segment-13238419657658219864_4630_850_4650_850_with_camera_labels-30.png 1704 864 29
big_dataset_depth/000000003020-segment-13238419657658219864_4630_850_4650_850_with_camera_labels-30.png 1712 856 29
big_dataset_depth/000000003020-segment-13238419657658219864_4630_850_4650_850_with_camera_labels-30.png 1720 864 29
big_dataset_depth/000000003020-segment-13238419657658219864_4630_850_4650_850_with_camera_labels-30.png 1728 904 30
big_dataset_depth/000000003020-segment-13238419657658219864_4630_850_4650_850_with_camera_labels-30.png 1736 872 30
big_dataset_depth/000000003020-segment-13238419657658219864_4630_850_4650_850_with_camera_labels-30.png 1744 904 29
big_dataset_depth/000000003020-segment-13238419657658219864_4630_850_4650_850_with_camera_labels-30.png 1752 904 29
big_dataset_depth/000000003020-segment-13238419657658219864_4630_850_4650_850_with_camera_labels-30.png 1760 912 29
big_dataset_depth/000000003020-segment-13238419657658219864_4630_850_4650_850_with_camera_labels-30.png 1768 912 29
big_dataset_depth/000000003020-segment-13238419657658219864_4630_850_4650_850_with_camera_labels-30.png 1776 976 24
big_dataset_depth/000000003020-segment-13238419657658219864_4630_850_4650_850_with_camera_labels-30.png 1784 976 24
big_dataset_depth/000000003020-segment-13238419657658219864_4630_850_4650_850_with_camera_labels-30.png 1792 968 24
big_dataset_depth/000000003020-segment-13238419657658219864_4630_850_4650_850_with_camera_labels-30.png 1800 976 24
big_dataset_depth/000000003020-segment-13238419657658219864_4630_850_4650_850_with_camera_labels-30.png 1808 976 24
big_dataset_depth/000000003020-segment-13238419657658219864_4630_850_4650_850_with_camera_labels-30.png 1816 976 24
big_dataset_depth/000000003020-segment-13238419657658219864_4630_850_4650_850_with_camera_labels-30.png 1824 944 25
big_dataset_depth/000000003020-segment-13238419657658219864_4630_850_4650_850_with_camera_labels-30.png 1832 976 24
big_dataset_depth/000000003020-segment-13238419657658219864_4630_850_4650_850_with_camera_labels-30.png 1840 976 24
big_dataset_depth/000000003020-segment-13238419657658219864_4630_850_4650_850_with_camera_labels-30.png 1848 960 24
big_dataset_depth/000000003020-segment-13238419657658219864_4630_850_4650_850_with_camera_labels-30.png 1856 976 23
big_dataset_depth/000000003020-segment-13238419657658219864_4630_850_4650_850_with_camera_labels-30.png 1864 976 23
big_dataset_depth/000000003020-segment-13238419657658219864_4630_850_4650_850_with_camera_labels-30.png 1872 976 23
big_dataset_depth/000000003020-segment-13238419657658219864_4630_850_4650_850_with_camera_labels-30.png 1880 976 23
big_dataset_depth/000000003020-segment-13238419657658219864_4630_850_4650_850_with_camera_labels-30.png 1888 976 23
big_dataset_depth/000000003020-segment-13238419657658219864_4630_850_4650_850_with_camera_labels-30.png 1896 976 23
big_dataset_depth/000000003020-segment-13238419657658219864_4630_850_4650_850_with_camera_labels-30.png 1904 824 36
big_dataset_depth/000000003020-segment-13238419657658219864_4630_850_4650_850_with_camera_labels-30.png 1912 776 33
