big_dataset_depth/000000001831-segment-11940460932056521663_1760_000_1780_000_with_camera_labels-120.png 0 712 71
big_dataset_depth/000000001831-segment-11940460932056521663_1760_000_1780_000_with_camera_labels-120.png 8 744 58
big_dataset_depth/000000001831-segment-11940460932056521663_1760_000_1780_000_with_camera_labels-120.png 16 744 58
big_dataset_depth/000000001831-segment-11940460932056521663_1760_000_1780_000_with_camera_labels-120.png 24 744 58
big_dataset_depth/000000001831-segment-11940460932056521663_1760_000_1780_000_with_camera_labels-120.png 32 752 59
big_dataset_depth/000000001831-segment-11940460932056521663_1760_000_1780_000_with_camera_labels-120.png 40 736 58
big_dataset_depth/000000001831-segment-11940460932056521663_1760_000_1780_000_with_camera_labels-120.png 48 728 64
big_dataset_depth/000000001831-segment-11940460932056521663_1760_000_1780_000_with_camera_labels-120.png 56 728 69
big_dataset_depth/000000001831-segment-11940460932056521663_1760_000_1780_000_with_camera_labels-120.png 64 704 73
big_dataset_depth/000000001831-segment-11940460932056521663_1760_000_1780_000_with_camera_labels-120.png 72 728 69
big_dataset_depth/000000001831-segment-11940460932056521663_1760_000_1780_000_with_camera_labels-120.png 80 728 70
big_dataset_depth/000000001831-segment-11940460932056521663_1760_000_1780_000_with_camera_labels-120.png 88 728 68
big_dataset_depth/000000001831-segment-11940460932056521663_1760_000_1780_000_with_camera_labels-120.png 96 728 68
big_dataset_depth/000000001831-segment-11940460932056521663_1760_000_1780_000_with_camera_labels-120.png 104 720 68
big_dataset_depth/000000001831-segment-11940460932056521663_1760_000_1780_000_with_camera_labels-120.png 112 728 68
big_dataset_depth/000000001831-segment-11940460932056521663_1760_000_1780_000_with_camera_labels-120.png 120 720 68
big_dataset_depth/000000001831-segment-11940460932056521663_1760_000_1780_000_with_camera_labels-120.png 128 728 68
big_dataset_depth/000000001831-segment-11940460932056521663_1760_000_1780_000_with_camera_labels-120.png 136 728 68
big_dataset_depth/000000001831-segment-11940460932056521663_1760_000_1780_000_with_camera_labels-120.png 144 728 68
big_dataset_depth/000000001831-segment-11940460932056521663_1760_000_1780_000_with_camera_labels-120.png 152 728 68
big_dataset_depth/000000001831-segment-11940460932056521663_1760_000_1780_000_with_camera_labels-120.png 160 736 68
big_dataset_depth/000000001831-segment-11940460932056521663_1760_000_1780_000_with_camera_labels-120.png 168 736 68
big_dataset_depth/000000001831-segment-11940460932056521663_1760_000_1780_000_with_camera_labels-120.png 176 728 67
big_dataset_depth/000000001831-segment-11940460932056521663_1760_000_1780_000_with_camera_labels-120.png 184 720 68
big_dataset_depth/000000001831-segment-11940460932056521663_1760_000_1780_000_with_camera_labels-120.png 192 720 68
big_dataset_depth/000000001831-segment-11940460932056521663_1760_000_1780_000_with_camera_labels-120.png 200 704 71
big_dataset_depth/000000001831-segment-11940460932056521663_1760_000_1780_000_with_camera_labels-120.png 208 720 68
big_dataset_depth/000000001831-segment-11940460932056521663_1760_000_1780_000_with_camera_labels-120.png 216 696 72
big_dataset_depth/000000001831-segment-11940460932056521663_1760_000_1780_000_with_camera_labels-120.png 224 720 68
big_dataset_depth/000000001831-segment-11940460932056521663_1760_000_1780_000_with_camera_labels-120.png 232 680 71
big_dataset_depth/000000001831-segment-11940460932056521663_1760_000_1780_000_with_camera_labels-120.png 240 704 69
big_dataset_depth/000000001831-segment-11940460932056521663_1760_000_1780_000_with_camera_labels-120.png 248 712 75
big_dataset_depth/000000001831-segment-11940460932056521663_1760_000_1780_000_with_camera_labels-120.png 256 712 75
big_dataset_depth/000000001831-segment-11940460932056521663_1760_000_1780_000_with_camera_labels-120.png 264 712 75
big_dataset_depth/000000001831-segment-11940460932056521663_1760_000_1780_000_with_camera_labels-120.png 272 712 75
big_dataset_depth/000000001831-segment-11940460932056521663_1760_000_1780_000_with_camera_labels-120.png 280 712 74
big_dataset_depth/000000001831-segment-11940460932056521663_1760_000_1780_000_with_camera_labels-120.png 288 712 74
big_dataset_depth/000000001831-segment-11940460932056521663_1760_000_1780_000_with_camera_labels-120.png 296 720 74
big_dataset_depth/000000001831-segment-11940460932056521663_1760_000_1780_000_with_camera_labels-120.png 304 720 74
big_dataset_depth/000000001831-segment-11940460932056521663_1760_000_1780_000_with_camera_labels-120.png 312 720 74
big_dataset_depth/000000001831-segment-11940460932056521663_1760_000_1780_000_with_camera_labels-120.png 320 720 74
big_dataset_depth/000000001831-segment-11940460932056521663_1760_000_1780_000_with_camera_labels-120.png 328 720 74
big_dataset_depth/000000001831-segment-11940460932056521663_1760_000_1780_000_with_camera_labels-120.png 336 712 75
big_dataset_depth/000000001831-segment-11940460932056521663_1760_000_1780_000_with_camera_labels-120.png 344 712 75
big_dataset_depth/000000001831-segment-11940460932056521663_1760_000_1780_000_with_camera_labels-120.png 352 696 78
big_dataset_depth/000000001831-segment-11940460932056521663_1760_000_1780_000_with_camera_labels-120.png 360 688 79
big_dataset_depth/000000001831-segment-11940460932056521663_1760_000_1780_000_with_camera_labels-120.png 368 688 81
big_dataset_depth/000000001831-segment-11940460932056521663_1760_000_1780_000_with_camera_labels-120.png 376 696 81
big_dataset_depth/000000001831-segment-11940460932056521663_1760_000_1780_000_with_camera_labels-120.png 384 696 81
big_dataset_depth/000000001831-segment-11940460932056521663_1760_000_1780_000_with_camera_labels-120.png 392 680 83
big_dataset_depth/000000001831-segment-11940460932056521663_1760_000_1780_000_with_camera_labels-120.png 400 664 86
big_dataset_depth/000000001831-segment-11940460932056521663_1760_000_1780_000_with_camera_labels-120.png 408 680 86
big_dataset_depth/000000001831-segment-11940460932056521663_1760_000_1780_000_with_camera_labels-120.png 416 664 87
big_dataset_depth/000000001831-segment-11940460932056521663_1760_000_1780_000_with_camera_labels-120.png 424 680 87
big_dataset_depth/000000001831-segment-11940460932056521663_1760_000_1780_000_with_camera_labels-120.png 432 648 81
big_dataset_depth/000000001831-segment-11940460932056521663_1760_000_1780_000_with_camera_labels-120.png 448 712 75
big_dataset_depth/000000001831-segment-11940460932056521663_1760_000_1780_000_with_camera_labels-120.png 456 704 77
big_dataset_depth/000000001831-segment-11940460932056521663_1760_000_1780_000_with_camera_labels-120.png 464 672 94
big_dataset_depth/000000001831-segment-11940460932056521663_1760_000_1780_000_with_camera_labels-120.png 472 664 94
big_dataset_depth/000000001831-segment-11940460932056521663_1760_000_1780_000_with_camera_labels-120.png 480 664 98
big_dataset_depth/000000001831-segment-11940460932056521663_1760_000_1780_000_with_camera_labels-120.png 488 672 83
big_dataset_depth/000000001831-segment-11940460932056521663_1760_000_1780_000_with_camera_labels-120.png 496 1080 35
big_dataset_depth/000000001831-segment-11940460932056521663_1760_000_1780_000_with_camera_labels-120.png 504 976 48
big_dataset_depth/000000001831-segment-11940460932056521663_1760_000_1780_000_with_camera_labels-120.png 512 1064 37
big_dataset_depth/000000001831-segment-11940460932056521663_1760_000_1780_000_with_camera_labels-120.png 520 1248 12
big_dataset_depth/000000001831-segment-11940460932056521663_1760_000_1780_000_with_camera_labels-120.png 528 1064 36
big_dataset_depth/000000001831-segment-11940460932056521663_1760_000_1780_000_with_camera_labels-120.png 536 648 90
big_dataset_depth/000000001831-segment-11940460932056521663_1760_000_1780_000_with_camera_labels-120.png 544 936 50
big_dataset_depth/000000001831-segment-11940460932056521663_1760_000_1780_000_with_camera_labels-120.png 552 1200 13
big_dataset_depth/000000001831-segment-11940460932056521663_1760_000_1780_000_with_camera_labels-120.png 560 920 50
big_dataset_depth/000000001831-segment-11940460932056521663_1760_000_1780_000_with_camera_labels-120.png 568 1160 14
big_dataset_depth/000000001831-segment-11940460932056521663_1760_000_1780_000_with_camera_labels-120.png 576 1160 14
big_dataset_depth/000000001831-segment-11940460932056521663_1760_000_1780_000_with_camera_labels-120.png 584 1160 14
big_dataset_depth/000000001831-segment-11940460932056521663_1760_000_1780_000_with_camera_labels-120.png 592 1160 14
big_dataset_depth/000000001831-segment-11940460932056521663_1760_000_1780_000_with_camera_labels-120.png 600 1160 14
big_dataset_depth/000000001831-segment-11940460932056521663_1760_000_1780_000_with_camera_labels-120.png 608 1120 15
big_dataset_depth/000000001831-segment-11940460932056521663_1760_000_1780_000_with_camera_labels-120.png 616 1120 15
big_dataset_depth/000000001831-segment-11940460932056521663_1760_000_1780_000_with_camera_labels-120.png 624 1104 15
big_dataset_depth/000000001831-segment-11940460932056521663_1760_000_1780_000_with_camera_labels-120.png 632 1096 16
big_dataset_depth/000000001831-segment-11940460932056521663_1760_000_1780_000_with_camera_labels-120.png 648 1056 16
big_dataset_depth/000000001831-segment-11940460932056521663_1760_000_1780_000_with_camera_labels-120.png 656 1056 17
big_dataset_depth/000000001831-segment-11940460932056521663_1760_000_1780_000_with_camera_labels-120.png 664 1056 17
big_dataset_depth/000000001831-segment-11940460932056521663_1760_000_1780_000_with_camera_labels-120.png 672 984 19
big_dataset_depth/000000001831-segment-11940460932056521663_1760_000_1780_000_with_camera_labels-120.png 696 848 38
big_dataset_depth/000000001831-segment-11940460932056521663_1760_000_1780_000_with_camera_labels-120.png 704 984 19
big_dataset_depth/000000001831-segment-11940460932056521663_1760_000_1780_000_with_camera_labels-120.png 712 848 38
big_dataset_depth/000000001831-segment-11940460932056521663_1760_000_1780_000_with_camera_labels-120.png 720 712 56
big_dataset_depth/000000001831-segment-11940460932056521663_1760_000_1780_000_with_camera_labels-120.png 728 800 33
big_dataset_depth/000000001831-segment-11940460932056521663_1760_000_1780_000_with_camera_labels-120.png 736 872 27
big_dataset_depth/000000001831-segment-11940460932056521663_1760_000_1780_000_with_camera_labels-120.png 744 816 32
big_dataset_depth/000000001831-segment-11940460932056521663_1760_000_1780_000_with_camera_labels-120.png 752 808 32
big_dataset_depth/000000001831-segment-11940460932056521663_1760_000_1780_000_with_camera_labels-120.png 760 800 41
big_dataset_depth/000000001831-segment-11940460932056521663_1760_000_1780_000_with_camera_labels-120.png 768 888 26
big_dataset_depth/000000001831-segment-11940460932056521663_1760_000_1780_000_with_camera_labels-120.png 784 784 37
big_dataset_depth/000000001831-segment-11940460932056521663_1760_000_1780_000_with_camera_labels-120.png 792 856 28
big_dataset_depth/000000001831-segment-11940460932056521663_1760_000_1780_000_with_camera_labels-120.png 808 832 32
big_dataset_depth/000000001831-segment-11940460932056521663_1760_000_1780_000_with_camera_labels-120.png 856 688 71
big_dataset_depth/000000001831-segment-11940460932056521663_1760_000_1780_000_with_camera_labels-120.png 864 672 75
big_dataset_depth/000000001831-segment-11940460932056521663_1760_000_1780_000_with_camera_labels-120.png 872 672 75
big_dataset_depth/000000001831-segment-11940460932056521663_1760_000_1780_000_with_camera_labels-120.png 880 672 75
big_dataset_depth/000000001831-segment-11940460932056521663_1760_000_1780_000_with_camera_labels-120.png 896 736 46
big_dataset_depth/000000001831-segment-11940460932056521663_1760_000_1780_000_with_camera_labels-120.png 904 752 46
big_dataset_depth/000000001831-segment-11940460932056521663_1760_000_1780_000_with_camera_labels-120.png 912 736 46
big_dataset_depth/000000001831-segment-11940460932056521663_1760_000_1780_000_with_camera_labels-120.png 920 728 45
big_dataset_depth/000000001831-segment-11940460932056521663_1760_000_1780_000_with_camera_labels-120.png 928 736 46
big_dataset_depth/000000001831-segment-11940460932056521663_1760_000_1780_000_with_camera_labels-120.png 936 736 46
big_dataset_depth/000000001831-segment-11940460932056521663_1760_000_1780_000_with_camera_labels-120.png 944 736 46
big_dataset_depth/000000001831-segment-11940460932056521663_1760_000_1780_000_with_camera_labels-120.png 952 736 46
big_dataset_depth/000000001831-segment-11940460932056521663_1760_000_1780_000_with_camera_labels-120.png 960 728 45
big_dataset_depth/000000001831-segment-11940460932056521663_1760_000_1780_000_with_camera_labels-120.png 968 736 46
big_dataset_depth/000000001831-segment-11940460932056521663_1760_000_1780_000_with_camera_labels-120.png 976 736 46
big_dataset_depth/000000001831-segment-11940460932056521663_1760_000_1780_000_with_camera_labels-120.png 984 736 46
big_dataset_depth/000000001831-segment-11940460932056521663_1760_000_1780_000_with_camera_labels-120.png 992 752 47
big_dataset_depth/000000001831-segment-11940460932056521663_1760_000_1780_000_with_camera_labels-120.png 1000 752 46
big_dataset_depth/000000001831-segment-11940460932056521663_1760_000_1780_000_with_camera_labels-120.png 1048 672 73
big_dataset_depth/000000001831-segment-11940460932056521663_1760_000_1780_000_with_camera_labels-120.png 1056 672 71
big_dataset_depth/000000001831-segment-11940460932056521663_1760_000_1780_000_with_camera_labels-120.png 1064 664 70
big_dataset_depth/000000001831-segment-11940460932056521663_1760_000_1780_000_with_camera_labels-120.png 1072 664 70
big_dataset_depth/000000001831-segment-11940460932056521663_1760_000_1780_000_with_camera_labels-120.png 1080 672 70
big_dataset_depth/000000001831-segment-11940460932056521663_1760_000_1780_000_with_camera_labels-120.png 1088 672 70
big_dataset_depth/000000001831-segment-11940460932056521663_1760_000_1780_000_with_camera_labels-120.png 1096 672 70
big_dataset_depth/000000001831-segment-11940460932056521663_1760_000_1780_000_with_camera_labels-120.png 1104 672 70
big_dataset_depth/000000001831-segment-11940460932056521663_1760_000_1780_000_with_camera_labels-120.png 1112 680 70
big_dataset_depth/000000001831-segment-11940460932056521663_1760_000_1780_000_with_camera_labels-120.png 1120 680 71
big_dataset_depth/000000001831-segment-11940460932056521663_1760_000_1780_000_with_camera_labels-120.png 1128 768 39
big_dataset_depth/000000001831-segment-11940460932056521663_1760_000_1780_000_with_camera_labels-120.png 1136 784 38
big_dataset_depth/000000001831-segment-11940460932056521663_1760_000_1780_000_with_camera_labels-120.png 1144 760 36
big_dataset_depth/000000001831-segment-11940460932056521663_1760_000_1780_000_with_camera_labels-120.png 1152 792 35
big_dataset_depth/000000001831-segment-11940460932056521663_1760_000_1780_000_with_camera_labels-120.png 1160 784 34
big_dataset_depth/000000001831-segment-11940460932056521663_1760_000_1780_000_with_camera_labels-120.png 1168 808 34
big_dataset_depth/000000001831-segment-11940460932056521663_1760_000_1780_000_with_camera_labels-120.png 1176 808 34
big_dataset_depth/000000001831-segment-11940460932056521663_1760_000_1780_000_with_camera_labels-120.png 1184 816 34
big_dataset_depth/000000001831-segment-11940460932056521663_1760_000_1780_000_with_camera_labels-120.png 1192 808 34
big_dataset_depth/000000001831-segment-11940460932056521663_1760_000_1780_000_with_camera_labels-120.png 1200 792 34
big_dataset_depth/000000001831-segment-11940460932056521663_1760_000_1780_000_with_camera_labels-120.png 1208 816 35
big_dataset_depth/000000001831-segment-11940460932056521663_1760_000_1780_000_with_camera_labels-120.png 1216 792 34
big_dataset_depth/000000001831-segment-11940460932056521663_1760_000_1780_000_with_camera_labels-120.png 1224 816 34
big_dataset_depth/000000001831-segment-11940460932056521663_1760_000_1780_000_with_camera_labels-120.png 1232 792 34
big_dataset_depth/000000001831-segment-11940460932056521663_1760_000_1780_000_with_camera_labels-120.png 1240 800 34
big_dataset_depth/000000001831-segment-11940460932056521663_1760_000_1780_000_with_camera_labels-120.png 1248 792 33
big_dataset_depth/000000001831-segment-11940460932056521663_1760_000_1780_000_with_camera_labels-120.png 1256 800 34
big_dataset_depth/000000001831-segment-11940460932056521663_1760_000_1780_000_with_camera_labels-120.png 1264 816 35
big_dataset_depth/000000001831-segment-11940460932056521663_1760_000_1780_000_with_camera_labels-120.png 1272 808 34
big_dataset_depth/000000001831-segment-11940460932056521663_1760_000_1780_000_with_camera_labels-120.png 1280 800 35
big_dataset_depth/000000001831-segment-11940460932056521663_1760_000_1780_000_with_camera_labels-120.png 1288 792 34
big_dataset_depth/000000001831-segment-11940460932056521663_1760_000_1780_000_with_camera_labels-120.png 1296 792 34
big_dataset_depth/000000001831-segment-11940460932056521663_1760_000_1780_000_with_camera_labels-120.png 1304 744 46
big_dataset_depth/000000001831-segment-11940460932056521663_1760_000_1780_000_with_camera_labels-120.png 1312 800 34
big_dataset_depth/000000001831-segment-11940460932056521663_1760_000_1780_000_with_camera_labels-120.png 1320 648 87
big_dataset_depth/000000001831-segment-11940460932056521663_1760_000_1780_000_with_camera_labels-120.png 1328 664 79
big_dataset_depth/000000001831-segment-11940460932056521663_1760_000_1780_000_with_camera_labels-120.png 1336 664 78
big_dataset_depth/000000001831-segment-11940460932056521663_1760_000_1780_000_with_camera_labels-120.png 1344 648 80
big_dataset_depth/000000001831-segment-11940460932056521663_1760_000_1780_000_with_camera_labels-120.png 1352 664 80
big_dataset_depth/000000001831-segment-11940460932056521663_1760_000_1780_000_with_camera_labels-120.png 1360 656 79
big_dataset_depth/000000001831-segment-11940460932056521663_1760_000_1780_000_with_camera_labels-120.png 1368 664 77
big_dataset_depth/000000001831-segment-11940460932056521663_1760_000_1780_000_with_camera_labels-120.png 1376 672 77
big_dataset_depth/000000001831-segment-11940460932056521663_1760_000_1780_000_with_camera_labels-120.png 1384 672 76
big_dataset_depth/000000001831-segment-11940460932056521663_1760_000_1780_000_with_camera_labels-120.png 1392 672 75
big_dataset_depth/000000001831-segment-11940460932056521663_1760_000_1780_000_with_camera_labels-120.png 1400 672 74
big_dataset_depth/000000001831-segment-11940460932056521663_1760_000_1780_000_with_camera_labels-120.png 1408 672 72
big_dataset_depth/000000001831-segment-11940460932056521663_1760_000_1780_000_with_camera_labels-120.png 1416 672 72
big_dataset_depth/000000001831-segment-11940460932056521663_1760_000_1780_000_with_camera_labels-120.png 1424 672 72
big_dataset_depth/000000001831-segment-11940460932056521663_1760_000_1780_000_with_camera_labels-120.png 1432 672 72
big_dataset_depth/000000001831-segment-11940460932056521663_1760_000_1780_000_with_camera_labels-120.png 1440 672 74
big_dataset_depth/000000001831-segment-11940460932056521663_1760_000_1780_000_with_camera_labels-120.png 1448 672 73
big_dataset_depth/000000001831-segment-11940460932056521663_1760_000_1780_000_with_camera_labels-120.png 1456 672 75
big_dataset_depth/000000001831-segment-11940460932056521663_1760_000_1780_000_with_camera_labels-120.png 1464 672 75
big_dataset_depth/000000001831-segment-11940460932056521663_1760_000_1780_000_with_camera_labels-120.png 1472 672 74
big_dataset_depth/000000001831-segment-11940460932056521663_1760_000_1780_000_with_camera_labels-120.png 1480 648 74
big_dataset_depth/000000001831-segment-11940460932056521663_1760_000_1780_000_with_camera_labels-120.png 1488 680 70
big_dataset_depth/000000001831-segment-11940460932056521663_1760_000_1780_000_with_camera_labels-120.png 1496 680 71
big_dataset_depth/000000001831-segment-11940460932056521663_1760_000_1780_000_with_camera_labels-120.png 1504 672 73
big_dataset_depth/000000001831-segment-11940460932056521663_1760_000_1780_000_with_camera_labels-120.png 1512 672 73
big_dataset_depth/000000001831-segment-11940460932056521663_1760_000_1780_000_with_camera_labels-120.png 1520 672 73
big_dataset_depth/000000001831-segment-11940460932056521663_1760_000_1780_000_with_camera_labels-120.png 1528 672 73
big_dataset_depth/000000001831-segment-11940460932056521663_1760_000_1780_000_with_camera_labels-120.png 1536 672 73
big_dataset_depth/000000001831-segment-11940460932056521663_1760_000_1780_000_with_camera_labels-120.png 1544 672 73
big_dataset_depth/000000001831-segment-11940460932056521663_1760_000_1780_000_with_camera_labels-120.png 1552 584 81
big_dataset_depth/000000001831-segment-11940460932056521663_1760_000_1780_000_with_camera_labels-120.png 1568 744 41
big_dataset_depth/000000001831-segment-11940460932056521663_1760_000_1780_000_with_camera_labels-120.png 1576 760 41
big_dataset_depth/000000001831-segment-11940460932056521663_1760_000_1780_000_with_camera_labels-120.png 1592 776 41
big_dataset_depth/000000001831-segment-11940460932056521663_1760_000_1780_000_with_camera_labels-120.png 1600 784 41
big_dataset_depth/000000001831-segment-11940460932056521663_1760_000_1780_000_with_camera_labels-120.png 1608 648 75
big_dataset_depth/000000001831-segment-11940460932056521663_1760_000_1780_000_with_camera_labels-120.png 1696 800 36
big_dataset_depth/000000001831-segment-11940460932056521663_1760_000_1780_000_with_camera_labels-120.png 1712 1224 11
big_dataset_depth/000000001831-segment-11940460932056521663_1760_000_1780_000_with_camera_labels-120.png 1720 800 36
big_dataset_depth/000000001831-segment-11940460932056521663_1760_000_1780_000_with_camera_labels-120.png 1728 800 36
big_dataset_depth/000000001831-segment-11940460932056521663_1760_000_1780_000_with_camera_labels-120.png 1736 800 36
big_dataset_depth/000000001831-segment-11940460932056521663_1760_000_1780_000_with_camera_labels-120.png 1744 800 36
big_dataset_depth/000000001831-segment-11940460932056521663_1760_000_1780_000_with_camera_labels-120.png 1752 880 32
big_dataset_depth/000000001831-segment-11940460932056521663_1760_000_1780_000_with_camera_labels-120.png 1760 776 39
big_dataset_depth/000000001831-segment-11940460932056521663_1760_000_1780_000_with_camera_labels-120.png 1768 792 38
big_dataset_depth/000000001831-segment-11940460932056521663_1760_000_1780_000_with_camera_labels-120.png 1776 1192 10
big_dataset_depth/000000001831-segment-11940460932056521663_1760_000_1780_000_with_camera_labels-120.png 1784 872 33
big_dataset_depth/000000001831-segment-11940460932056521663_1760_000_1780_000_with_camera_labels-120.png 1792 728 47
big_dataset_depth/000000001831-segment-11940460932056521663_1760_000_1780_000_with_camera_labels-120.png 1800 1008 29
big_dataset_depth/000000001831-segment-11940460932056521663_1760_000_1780_000_with_camera_labels-120.png 1808 1264 10
big_dataset_depth/000000001831-segment-11940460932056521663_1760_000_1780_000_with_camera_labels-120.png 1816 1016 27
big_dataset_depth/000000001831-segment-11940460932056521663_1760_000_1780_000_with_camera_labels-120.png 1824 992 28
big_dataset_depth/000000001831-segment-11940460932056521663_1760_000_1780_000_with_camera_labels-120.png 1832 1272 10
big_dataset_depth/000000001831-segment-11940460932056521663_1760_000_1780_000_with_camera_labels-120.png 1840 928 33
big_dataset_depth/000000001831-segment-11940460932056521663_1760_000_1780_000_with_camera_labels-120.png 1848 744 48
big_dataset_depth/000000001831-segment-11940460932056521663_1760_000_1780_000_with_camera_labels-120.png 1856 1008 27
big_dataset_depth/000000001831-segment-11940460932056521663_1760_000_1780_000_with_camera_labels-120.png 1864 920 33
big_dataset_depth/000000001831-segment-11940460932056521663_1760_000_1780_000_with_camera_labels-120.png 1872 1272 10
big_dataset_depth/000000001831-segment-11940460932056521663_1760_000_1780_000_with_camera_labels-120.png 1880 728 49
big_dataset_depth/000000001831-segment-11940460932056521663_1760_000_1780_000_with_camera_labels-120.png 1888 1272 10
big_dataset_depth/000000001831-segment-11940460932056521663_1760_000_1780_000_with_camera_labels-120.png 1896 952 33
big_dataset_depth/000000001831-segment-11940460932056521663_1760_000_1780_000_with_camera_labels-120.png 1904 912 36
big_dataset_depth/000000001831-segment-11940460932056521663_1760_000_1780_000_with_camera_labels-120.png 1912 904 36
