big_dataset_depth/000000001381-segment-11379226583756500423_6230_810_6250_810_with_camera_labels-20.png 0 688 43
big_dataset_depth/000000001381-segment-11379226583756500423_6230_810_6250_810_with_camera_labels-20.png 8 928 30
big_dataset_depth/000000001381-segment-11379226583756500423_6230_810_6250_810_with_camera_labels-20.png 16 856 37
big_dataset_depth/000000001381-segment-11379226583756500423_6230_810_6250_810_with_camera_labels-20.png 24 864 35
big_dataset_depth/000000001381-segment-11379226583756500423_6230_810_6250_810_with_camera_labels-20.png 32 816 42
big_dataset_depth/000000001381-segment-11379226583756500423_6230_810_6250_810_with_camera_labels-20.png 48 800 43
big_dataset_depth/000000001381-segment-11379226583756500423_6230_810_6250_810_with_camera_labels-20.png 56 904 31
big_dataset_depth/000000001381-segment-11379226583756500423_6230_810_6250_810_with_camera_labels-20.png 64 736 41
big_dataset_depth/000000001381-segment-11379226583756500423_6230_810_6250_810_with_camera_labels-20.png 72 800 43
big_dataset_depth/000000001381-segment-11379226583756500423_6230_810_6250_810_with_camera_labels-20.png 88 728 48
big_dataset_depth/000000001381-segment-11379226583756500423_6230_810_6250_810_with_camera_labels-20.png 96 808 44
big_dataset_depth/000000001381-segment-11379226583756500423_6230_810_6250_810_with_camera_labels-20.png 104 800 46
big_dataset_depth/000000001381-segment-11379226583756500423_6230_810_6250_810_with_camera_labels-20.png 112 800 46
big_dataset_depth/000000001381-segment-11379226583756500423_6230_810_6250_810_with_camera_labels-20.png 120 800 46
big_dataset_depth/000000001381-segment-11379226583756500423_6230_810_6250_810_with_camera_labels-20.png 128 728 50
big_dataset_depth/000000001381-segment-11379226583756500423_6230_810_6250_810_with_camera_labels-20.png 136 768 47
big_dataset_depth/000000001381-segment-11379226583756500423_6230_810_6250_810_with_camera_labels-20.png 144 792 47
big_dataset_depth/000000001381-segment-11379226583756500423_6230_810_6250_810_with_camera_labels-20.png 152 768 48
big_dataset_depth/000000001381-segment-11379226583756500423_6230_810_6250_810_with_camera_labels-20.png 160 776 49
big_dataset_depth/000000001381-segment-11379226583756500423_6230_810_6250_810_with_camera_labels-20.png 168 776 49
big_dataset_depth/000000001381-segment-11379226583756500423_6230_810_6250_810_with_camera_labels-20.png 176 856 37
big_dataset_depth/000000001381-segment-11379226583756500423_6230_810_6250_810_with_camera_labels-20.png 184 776 49
big_dataset_depth/000000001381-segment-11379226583756500423_6230_810_6250_810_with_camera_labels-20.png 200 768 52
big_dataset_depth/000000001381-segment-11379226583756500423_6230_810_6250_810_with_camera_labels-20.png 208 744 51
big_dataset_depth/000000001381-segment-11379226583756500423_6230_810_6250_810_with_camera_labels-20.png 216 816 44
big_dataset_depth/000000001381-segment-11379226583756500423_6230_810_6250_810_with_camera_labels-20.png 224 752 54
big_dataset_depth/000000001381-segment-11379226583756500423_6230_810_6250_810_with_camera_labels-20.png 232 776 53
big_dataset_depth/000000001381-segment-11379226583756500423_6230_810_6250_810_with_camera_labels-20.png 240 776 53
big_dataset_depth/000000001381-segment-11379226583756500423_6230_810_6250_810_with_camera_labels-20.png 248 776 53
big_dataset_depth/000000001381-segment-11379226583756500423_6230_810_6250_810_with_camera_labels-20.png 256 776 54
big_dataset_depth/000000001381-segment-11379226583756500423_6230_810_6250_810_with_camera_labels-20.png 264 760 58
big_dataset_depth/000000001381-segment-11379226583756500423_6230_810_6250_810_with_camera_labels-20.png 272 744 62
big_dataset_depth/000000001381-segment-11379226583756500423_6230_810_6250_810_with_camera_labels-20.png 280 752 62
big_dataset_depth/000000001381-segment-11379226583756500423_6230_810_6250_810_with_camera_labels-20.png 288 752 61
big_dataset_depth/000000001381-segment-11379226583756500423_6230_810_6250_810_with_camera_labels-20.png 296 752 61
big_dataset_depth/000000001381-segment-11379226583756500423_6230_810_6250_810_with_camera_labels-20.png 304 744 63
big_dataset_depth/000000001381-segment-11379226583756500423_6230_810_6250_810_with_camera_labels-20.png 312 744 67
big_dataset_depth/000000001381-segment-11379226583756500423_6230_810_6250_810_with_camera_labels-20.png 320 744 66
big_dataset_depth/000000001381-segment-11379226583756500423_6230_810_6250_810_with_camera_labels-20.png 328 736 67
big_dataset_depth/000000001381-segment-11379226583756500423_6230_810_6250_810_with_camera_labels-20.png 336 744 66
big_dataset_depth/000000001381-segment-11379226583756500423_6230_810_6250_810_with_camera_labels-20.png 344 744 68
big_dataset_depth/000000001381-segment-11379226583756500423_6230_810_6250_810_with_camera_labels-20.png 352 736 69
big_dataset_depth/000000001381-segment-11379226583756500423_6230_810_6250_810_with_camera_labels-20.png 360 744 68
big_dataset_depth/000000001381-segment-11379226583756500423_6230_810_6250_810_with_camera_labels-20.png 368 728 75
big_dataset_depth/000000001381-segment-11379226583756500423_6230_810_6250_810_with_camera_labels-20.png 376 736 72
big_dataset_depth/000000001381-segment-11379226583756500423_6230_810_6250_810_with_camera_labels-20.png 384 728 76
big_dataset_depth/000000001381-segment-11379226583756500423_6230_810_6250_810_with_camera_labels-20.png 392 720 78
big_dataset_depth/000000001381-segment-11379226583756500423_6230_810_6250_810_with_camera_labels-20.png 400 664 78
big_dataset_depth/000000001381-segment-11379226583756500423_6230_810_6250_810_with_camera_labels-20.png 408 728 78
big_dataset_depth/000000001381-segment-11379226583756500423_6230_810_6250_810_with_camera_labels-20.png 416 632 81
big_dataset_depth/000000001381-segment-11379226583756500423_6230_810_6250_810_with_camera_labels-20.png 424 704 108
big_dataset_depth/000000001381-segment-11379226583756500423_6230_810_6250_810_with_camera_labels-20.png 432 704 108
big_dataset_depth/000000001381-segment-11379226583756500423_6230_810_6250_810_with_camera_labels-20.png 440 704 108
big_dataset_depth/000000001381-segment-11379226583756500423_6230_810_6250_810_with_camera_labels-20.png 448 624 81
big_dataset_depth/000000001381-segment-11379226583756500423_6230_810_6250_810_with_camera_labels-20.png 456 624 81
big_dataset_depth/000000001381-segment-11379226583756500423_6230_810_6250_810_with_camera_labels-20.png 464 736 79
big_dataset_depth/000000001381-segment-11379226583756500423_6230_810_6250_810_with_camera_labels-20.png 928 720 88
big_dataset_depth/000000001381-segment-11379226583756500423_6230_810_6250_810_with_camera_labels-20.png 944 616 91
big_dataset_depth/000000001381-segment-11379226583756500423_6230_810_6250_810_with_camera_labels-20.png 952 624 91
big_dataset_depth/000000001381-segment-11379226583756500423_6230_810_6250_810_with_camera_labels-20.png 960 632 91
big_dataset_depth/000000001381-segment-11379226583756500423_6230_810_6250_810_with_camera_labels-20.png 968 632 91
big_dataset_depth/000000001381-segment-11379226583756500423_6230_810_6250_810_with_camera_labels-20.png 976 624 88
big_dataset_depth/000000001381-segment-11379226583756500423_6230_810_6250_810_with_camera_labels-20.png 984 632 90
big_dataset_depth/000000001381-segment-11379226583756500423_6230_810_6250_810_with_camera_labels-20.png 992 648 90
big_dataset_depth/000000001381-segment-11379226583756500423_6230_810_6250_810_with_camera_labels-20.png 1000 680 90
big_dataset_depth/000000001381-segment-11379226583756500423_6230_810_6250_810_with_camera_labels-20.png 1008 680 90
big_dataset_depth/000000001381-segment-11379226583756500423_6230_810_6250_810_with_camera_labels-20.png 1016 704 90
big_dataset_depth/000000001381-segment-11379226583756500423_6230_810_6250_810_with_camera_labels-20.png 1024 704 90
big_dataset_depth/000000001381-segment-11379226583756500423_6230_810_6250_810_with_camera_labels-20.png 1032 704 91
big_dataset_depth/000000001381-segment-11379226583756500423_6230_810_6250_810_with_camera_labels-20.png 1040 736 72
big_dataset_depth/000000001381-segment-11379226583756500423_6230_810_6250_810_with_camera_labels-20.png 1048 624 55
big_dataset_depth/000000001381-segment-11379226583756500423_6230_810_6250_810_with_camera_labels-20.png 1056 752 60
big_dataset_depth/000000001381-segment-11379226583756500423_6230_810_6250_810_with_camera_labels-20.png 1064 624 55
big_dataset_depth/000000001381-segment-11379226583756500423_6230_810_6250_810_with_camera_labels-20.png 1072 632 55
big_dataset_depth/000000001381-segment-11379226583756500423_6230_810_6250_810_with_camera_labels-20.png 1080 632 80
big_dataset_depth/000000001381-segment-11379226583756500423_6230_810_6250_810_with_camera_labels-20.png 1088 640 106
big_dataset_depth/000000001381-segment-11379226583756500423_6230_810_6250_810_with_camera_labels-20.png 1096 656 108
big_dataset_depth/000000001381-segment-11379226583756500423_6230_810_6250_810_with_camera_labels-20.png 1104 664 108
big_dataset_depth/000000001381-segment-11379226583756500423_6230_810_6250_810_with_camera_labels-20.png 1112 648 91
big_dataset_depth/000000001381-segment-11379226583756500423_6230_810_6250_810_with_camera_labels-20.png 1120 664 108
big_dataset_depth/000000001381-segment-11379226583756500423_6230_810_6250_810_with_camera_labels-20.png 1128 664 91
big_dataset_depth/000000001381-segment-11379226583756500423_6230_810_6250_810_with_camera_labels-20.png 1136 688 107
big_dataset_depth/000000001381-segment-11379226583756500423_6230_810_6250_810_with_camera_labels-20.png 1144 720 94
big_dataset_depth/000000001381-segment-11379226583756500423_6230_810_6250_810_with_camera_labels-20.png 1152 712 107
big_dataset_depth/000000001381-segment-11379226583756500423_6230_810_6250_810_with_camera_labels-20.png 1160 712 107
big_dataset_depth/000000001381-segment-11379226583756500423_6230_810_6250_810_with_camera_labels-20.png 1168 712 107
big_dataset_depth/000000001381-segment-11379226583756500423_6230_810_6250_810_with_camera_labels-20.png 1176 648 62
big_dataset_depth/000000001381-segment-11379226583756500423_6230_810_6250_810_with_camera_labels-20.png 1184 640 62
big_dataset_depth/000000001381-segment-11379226583756500423_6230_810_6250_810_with_camera_labels-20.png 1192 640 55
big_dataset_depth/000000001381-segment-11379226583756500423_6230_810_6250_810_with_camera_labels-20.png 1200 808 41
big_dataset_depth/000000001381-segment-11379226583756500423_6230_810_6250_810_with_camera_labels-20.png 1208 808 41
big_dataset_depth/000000001381-segment-11379226583756500423_6230_810_6250_810_with_camera_labels-20.png 1216 640 47
big_dataset_depth/000000001381-segment-11379226583756500423_6230_810_6250_810_with_camera_labels-20.png 1224 648 47
big_dataset_depth/000000001381-segment-11379226583756500423_6230_810_6250_810_with_camera_labels-20.png 1232 664 48
big_dataset_depth/000000001381-segment-11379226583756500423_6230_810_6250_810_with_camera_labels-20.png 1240 648 47
big_dataset_depth/000000001381-segment-11379226583756500423_6230_810_6250_810_with_camera_labels-20.png 1248 656 48
big_dataset_depth/000000001381-segment-11379226583756500423_6230_810_6250_810_with_camera_labels-20.png 1256 656 48
big_dataset_depth/000000001381-segment-11379226583756500423_6230_810_6250_810_with_camera_labels-20.png 1264 648 47
big_dataset_depth/000000001381-segment-11379226583756500423_6230_810_6250_810_with_camera_labels-20.png 1272 696 52
big_dataset_depth/000000001381-segment-11379226583756500423_6230_810_6250_810_with_camera_labels-20.png 1280 832 36
big_dataset_depth/000000001381-segment-11379226583756500423_6230_810_6250_810_with_camera_labels-20.png 1288 752 52
big_dataset_depth/000000001381-segment-11379226583756500423_6230_810_6250_810_with_camera_labels-20.png 1296 768 50
big_dataset_depth/000000001381-segment-11379226583756500423_6230_810_6250_810_with_camera_labels-20.png 1304 736 66
big_dataset_depth/000000001381-segment-11379226583756500423_6230_810_6250_810_with_camera_labels-20.png 1312 744 70
big_dataset_depth/000000001381-segment-11379226583756500423_6230_810_6250_810_with_camera_labels-20.png 1320 736 80
big_dataset_depth/000000001381-segment-11379226583756500423_6230_810_6250_810_with_camera_labels-20.png 1328 736 80
big_dataset_depth/000000001381-segment-11379226583756500423_6230_810_6250_810_with_camera_labels-20.png 1336 728 81
big_dataset_depth/000000001381-segment-11379226583756500423_6230_810_6250_810_with_camera_labels-20.png 1344 704 81
big_dataset_depth/000000001381-segment-11379226583756500423_6230_810_6250_810_with_camera_labels-20.png 1352 792 57
big_dataset_depth/000000001381-segment-11379226583756500423_6230_810_6250_810_with_camera_labels-20.png 1360 704 86
big_dataset_depth/000000001381-segment-11379226583756500423_6230_810_6250_810_with_camera_labels-20.png 1368 680 89
big_dataset_depth/000000001381-segment-11379226583756500423_6230_810_6250_810_with_camera_labels-20.png 1376 664 99
big_dataset_depth/000000001381-segment-11379226583756500423_6230_810_6250_810_with_camera_labels-20.png 1384 664 98
big_dataset_depth/000000001381-segment-11379226583756500423_6230_810_6250_810_with_camera_labels-20.png 1392 664 97
big_dataset_depth/000000001381-segment-11379226583756500423_6230_810_6250_810_with_camera_labels-20.png 1400 664 96
big_dataset_depth/000000001381-segment-11379226583756500423_6230_810_6250_810_with_camera_labels-20.png 1408 664 95
big_dataset_depth/000000001381-segment-11379226583756500423_6230_810_6250_810_with_camera_labels-20.png 1416 888 29
big_dataset_depth/000000001381-segment-11379226583756500423_6230_810_6250_810_with_camera_labels-20.png 1424 832 45
big_dataset_depth/000000001381-segment-11379226583756500423_6230_810_6250_810_with_camera_labels-20.png 1432 776 60
big_dataset_depth/000000001381-segment-11379226583756500423_6230_810_6250_810_with_camera_labels-20.png 1440 888 29
big_dataset_depth/000000001381-segment-11379226583756500423_6230_810_6250_810_with_camera_labels-20.png 1456 832 44
big_dataset_depth/000000001381-segment-11379226583756500423_6230_810_6250_810_with_camera_labels-20.png 1464 816 35
big_dataset_depth/000000001381-segment-11379226583756500423_6230_810_6250_810_with_camera_labels-20.png 1472 672 74
big_dataset_depth/000000001381-segment-11379226583756500423_6230_810_6250_810_with_camera_labels-20.png 1480 672 80
big_dataset_depth/000000001381-segment-11379226583756500423_6230_810_6250_810_with_camera_labels-20.png 1496 920 26
big_dataset_depth/000000001381-segment-11379226583756500423_6230_810_6250_810_with_camera_labels-20.png 1504 656 35
big_dataset_depth/000000001381-segment-11379226583756500423_6230_810_6250_810_with_camera_labels-20.png 1512 936 25
big_dataset_depth/000000001381-segment-11379226583756500423_6230_810_6250_810_with_camera_labels-20.png 1520 664 34
big_dataset_depth/000000001381-segment-11379226583756500423_6230_810_6250_810_with_camera_labels-20.png 1528 664 35
big_dataset_depth/000000001381-segment-11379226583756500423_6230_810_6250_810_with_camera_labels-20.png 1536 936 25
big_dataset_depth/000000001381-segment-11379226583756500423_6230_810_6250_810_with_camera_labels-20.png 1544 936 25
big_dataset_depth/000000001381-segment-11379226583756500423_6230_810_6250_810_with_camera_labels-20.png 1552 768 30
big_dataset_depth/000000001381-segment-11379226583756500423_6230_810_6250_810_with_camera_labels-20.png 1568 696 59
big_dataset_depth/000000001381-segment-11379226583756500423_6230_810_6250_810_with_camera_labels-20.png 1576 680 58
big_dataset_depth/000000001381-segment-11379226583756500423_6230_810_6250_810_with_camera_labels-20.png 1584 960 24
big_dataset_depth/000000001381-segment-11379226583756500423_6230_810_6250_810_with_camera_labels-20.png 1592 960 24
big_dataset_depth/000000001381-segment-11379226583756500423_6230_810_6250_810_with_camera_labels-20.png 1616 704 58
big_dataset_depth/000000001381-segment-11379226583756500423_6230_810_6250_810_with_camera_labels-20.png 1624 976 23
big_dataset_depth/000000001381-segment-11379226583756500423_6230_810_6250_810_with_camera_labels-20.png 1632 976 23
big_dataset_depth/000000001381-segment-11379226583756500423_6230_810_6250_810_with_camera_labels-20.png 1640 976 23
big_dataset_depth/000000001381-segment-11379226583756500423_6230_810_6250_810_with_camera_labels-20.png 1648 976 22
big_dataset_depth/000000001381-segment-11379226583756500423_6230_810_6250_810_with_camera_labels-20.png 1656 992 22
big_dataset_depth/000000001381-segment-11379226583756500423_6230_810_6250_810_with_camera_labels-20.png 1664 992 22
big_dataset_depth/000000001381-segment-11379226583756500423_6230_810_6250_810_with_camera_labels-20.png 1672 992 22
big_dataset_depth/000000001381-segment-11379226583756500423_6230_810_6250_810_with_camera_labels-20.png 1680 992 22
big_dataset_depth/000000001381-segment-11379226583756500423_6230_810_6250_810_with_camera_labels-20.png 1688 672 80
big_dataset_depth/000000001381-segment-11379226583756500423_6230_810_6250_810_with_camera_labels-20.png 1696 992 21
big_dataset_depth/000000001381-segment-11379226583756500423_6230_810_6250_810_with_camera_labels-20.png 1704 1008 21
big_dataset_depth/000000001381-segment-11379226583756500423_6230_810_6250_810_with_camera_labels-20.png 1712 1008 21
big_dataset_depth/000000001381-segment-11379226583756500423_6230_810_6250_810_with_camera_labels-20.png 1720 1008 21
big_dataset_depth/000000001381-segment-11379226583756500423_6230_810_6250_810_with_camera_labels-20.png 1728 1016 21
big_dataset_depth/000000001381-segment-11379226583756500423_6230_810_6250_810_with_camera_labels-20.png 1736 1016 21
big_dataset_depth/000000001381-segment-11379226583756500423_6230_810_6250_810_with_camera_labels-20.png 1752 1032 20
big_dataset_depth/000000001381-segment-11379226583756500423_6230_810_6250_810_with_camera_labels-20.png 1760 1032 20
big_dataset_depth/000000001381-segment-11379226583756500423_6230_810_6250_810_with_camera_labels-20.png 1768 960 23
big_dataset_depth/000000001381-segment-11379226583756500423_6230_810_6250_810_with_camera_labels-20.png 1776 1032 20
big_dataset_depth/000000001381-segment-11379226583756500423_6230_810_6250_810_with_camera_labels-20.png 1784 1040 20
big_dataset_depth/000000001381-segment-11379226583756500423_6230_810_6250_810_with_camera_labels-20.png 1792 1048 19
big_dataset_depth/000000001381-segment-11379226583756500423_6230_810_6250_810_with_camera_labels-20.png 1800 1048 19
big_dataset_depth/000000001381-segment-11379226583756500423_6230_810_6250_810_with_camera_labels-20.png 1808 1048 19
big_dataset_depth/000000001381-segment-11379226583756500423_6230_810_6250_810_with_camera_labels-20.png 1816 1048 19
big_dataset_depth/000000001381-segment-11379226583756500423_6230_810_6250_810_with_camera_labels-20.png 1824 1048 19
big_dataset_depth/000000001381-segment-11379226583756500423_6230_810_6250_810_with_camera_labels-20.png 1832 1056 19
big_dataset_depth/000000001381-segment-11379226583756500423_6230_810_6250_810_with_camera_labels-20.png 1840 1072 19
big_dataset_depth/000000001381-segment-11379226583756500423_6230_810_6250_810_with_camera_labels-20.png 1856 1072 18
big_dataset_depth/000000001381-segment-11379226583756500423_6230_810_6250_810_with_camera_labels-20.png 1864 1072 18
big_dataset_depth/000000001381-segment-11379226583756500423_6230_810_6250_810_with_camera_labels-20.png 1872 1000 24
big_dataset_depth/000000001381-segment-11379226583756500423_6230_810_6250_810_with_camera_labels-20.png 1880 1008 24
big_dataset_depth/000000001381-segment-11379226583756500423_6230_810_6250_810_with_camera_labels-20.png 1888 864 36
big_dataset_depth/000000001381-segment-11379226583756500423_6230_810_6250_810_with_camera_labels-20.png 1896 1016 24
big_dataset_depth/000000001381-segment-11379226583756500423_6230_810_6250_810_with_camera_labels-20.png 1904 1016 24
big_dataset_depth/000000001381-segment-11379226583756500423_6230_810_6250_810_with_camera_labels-20.png 1912 984 27
