big_dataset_depth/000000001090-segment-11060291335850384275_3761_210_3781_210_with_camera_labels-110.png 0 720 85
big_dataset_depth/000000001090-segment-11060291335850384275_3761_210_3781_210_with_camera_labels-110.png 8 736 87
big_dataset_depth/000000001090-segment-11060291335850384275_3761_210_3781_210_with_camera_labels-110.png 16 752 75
big_dataset_depth/000000001090-segment-11060291335850384275_3761_210_3781_210_with_camera_labels-110.png 24 752 87
big_dataset_depth/000000001090-segment-11060291335850384275_3761_210_3781_210_with_camera_labels-110.png 32 752 75
big_dataset_depth/000000001090-segment-11060291335850384275_3761_210_3781_210_with_camera_labels-110.png 40 976 51
big_dataset_depth/000000001090-segment-11060291335850384275_3761_210_3781_210_with_camera_labels-110.png 48 792 64
big_dataset_depth/000000001090-segment-11060291335850384275_3761_210_3781_210_with_camera_labels-110.png 56 960 54
big_dataset_depth/000000001090-segment-11060291335850384275_3761_210_3781_210_with_camera_labels-110.png 64 904 56
big_dataset_depth/000000001090-segment-11060291335850384275_3761_210_3781_210_with_camera_labels-110.png 72 744 88
big_dataset_depth/000000001090-segment-11060291335850384275_3761_210_3781_210_with_camera_labels-110.png 88 728 89
big_dataset_depth/000000001090-segment-11060291335850384275_3761_210_3781_210_with_camera_labels-110.png 96 1168 16
big_dataset_depth/000000001090-segment-11060291335850384275_3761_210_3781_210_with_camera_labels-110.png 104 728 89
big_dataset_depth/000000001090-segment-11060291335850384275_3761_210_3781_210_with_camera_labels-110.png 112 752 88
big_dataset_depth/000000001090-segment-11060291335850384275_3761_210_3781_210_with_camera_labels-110.png 120 808 68
big_dataset_depth/000000001090-segment-11060291335850384275_3761_210_3781_210_with_camera_labels-110.png 128 904 46
big_dataset_depth/000000001090-segment-11060291335850384275_3761_210_3781_210_with_camera_labels-110.png 136 840 56
big_dataset_depth/000000001090-segment-11060291335850384275_3761_210_3781_210_with_camera_labels-110.png 144 808 70
big_dataset_depth/000000001090-segment-11060291335850384275_3761_210_3781_210_with_camera_labels-110.png 152 968 23
big_dataset_depth/000000001090-segment-11060291335850384275_3761_210_3781_210_with_camera_labels-110.png 168 728 93
big_dataset_depth/000000001090-segment-11060291335850384275_3761_210_3781_210_with_camera_labels-110.png 184 712 91
big_dataset_depth/000000001090-segment-11060291335850384275_3761_210_3781_210_with_camera_labels-110.png 192 1120 17
big_dataset_depth/000000001090-segment-11060291335850384275_3761_210_3781_210_with_camera_labels-110.png 224 1096 18
big_dataset_depth/000000001090-segment-11060291335850384275_3761_210_3781_210_with_camera_labels-110.png 232 840 60
big_dataset_depth/000000001090-segment-11060291335850384275_3761_210_3781_210_with_camera_labels-110.png 240 848 49
big_dataset_depth/000000001090-segment-11060291335850384275_3761_210_3781_210_with_camera_labels-110.png 248 952 26
big_dataset_depth/000000001090-segment-11060291335850384275_3761_210_3781_210_with_camera_labels-110.png 256 880 47
big_dataset_depth/000000001090-segment-11060291335850384275_3761_210_3781_210_with_camera_labels-110.png 264 728 92
big_dataset_depth/000000001090-segment-11060291335850384275_3761_210_3781_210_with_camera_labels-110.png 272 872 47
big_dataset_depth/000000001090-segment-11060291335850384275_3761_210_3781_210_with_camera_labels-110.png 280 728 95
big_dataset_depth/000000001090-segment-11060291335850384275_3761_210_3781_210_with_camera_labels-110.png 288 920 29
big_dataset_depth/000000001090-segment-11060291335850384275_3761_210_3781_210_with_camera_labels-110.png 296 920 29
big_dataset_depth/000000001090-segment-11060291335850384275_3761_210_3781_210_with_camera_labels-110.png 304 920 28
big_dataset_depth/000000001090-segment-11060291335850384275_3761_210_3781_210_with_camera_labels-110.png 312 912 29
big_dataset_depth/000000001090-segment-11060291335850384275_3761_210_3781_210_with_camera_labels-110.png 320 920 29
big_dataset_depth/000000001090-segment-11060291335850384275_3761_210_3781_210_with_camera_labels-110.png 328 936 28
big_dataset_depth/000000001090-segment-11060291335850384275_3761_210_3781_210_with_camera_labels-110.png 336 920 28
big_dataset_depth/000000001090-segment-11060291335850384275_3761_210_3781_210_with_camera_labels-110.png 344 1032 21
big_dataset_depth/000000001090-segment-11060291335850384275_3761_210_3781_210_with_camera_labels-110.png 352 928 28
big_dataset_depth/000000001090-segment-11060291335850384275_3761_210_3781_210_with_camera_labels-110.png 360 872 32
big_dataset_depth/000000001090-segment-11060291335850384275_3761_210_3781_210_with_camera_labels-110.png 368 656 33
big_dataset_depth/000000001090-segment-11060291335850384275_3761_210_3781_210_with_camera_labels-110.png 376 880 32
big_dataset_depth/000000001090-segment-11060291335850384275_3761_210_3781_210_with_camera_labels-110.png 384 904 32
big_dataset_depth/000000001090-segment-11060291335850384275_3761_210_3781_210_with_camera_labels-110.png 392 904 32
big_dataset_depth/000000001090-segment-11060291335850384275_3761_210_3781_210_with_camera_labels-110.png 400 888 35
big_dataset_depth/000000001090-segment-11060291335850384275_3761_210_3781_210_with_camera_labels-110.png 408 888 35
big_dataset_depth/000000001090-segment-11060291335850384275_3761_210_3781_210_with_camera_labels-110.png 424 880 35
big_dataset_depth/000000001090-segment-11060291335850384275_3761_210_3781_210_with_camera_labels-110.png 432 872 35
big_dataset_depth/000000001090-segment-11060291335850384275_3761_210_3781_210_with_camera_labels-110.png 440 880 39
big_dataset_depth/000000001090-segment-11060291335850384275_3761_210_3781_210_with_camera_labels-110.png 448 888 35
big_dataset_depth/000000001090-segment-11060291335850384275_3761_210_3781_210_with_camera_labels-110.png 456 888 35
big_dataset_depth/000000001090-segment-11060291335850384275_3761_210_3781_210_with_camera_labels-110.png 464 888 35
big_dataset_depth/000000001090-segment-11060291335850384275_3761_210_3781_210_with_camera_labels-110.png 472 888 35
big_dataset_depth/000000001090-segment-11060291335850384275_3761_210_3781_210_with_camera_labels-110.png 480 888 35
big_dataset_depth/000000001090-segment-11060291335850384275_3761_210_3781_210_with_camera_labels-110.png 488 888 35
big_dataset_depth/000000001090-segment-11060291335850384275_3761_210_3781_210_with_camera_labels-110.png 496 736 88
big_dataset_depth/000000001090-segment-11060291335850384275_3761_210_3781_210_with_camera_labels-110.png 512 808 53
big_dataset_depth/000000001090-segment-11060291335850384275_3761_210_3781_210_with_camera_labels-110.png 520 808 53
big_dataset_depth/000000001090-segment-11060291335850384275_3761_210_3781_210_with_camera_labels-110.png 528 808 53
big_dataset_depth/000000001090-segment-11060291335850384275_3761_210_3781_210_with_camera_labels-110.png 536 808 53
big_dataset_depth/000000001090-segment-11060291335850384275_3761_210_3781_210_with_camera_labels-110.png 544 808 53
big_dataset_depth/000000001090-segment-11060291335850384275_3761_210_3781_210_with_camera_labels-110.png 552 808 53
big_dataset_depth/000000001090-segment-11060291335850384275_3761_210_3781_210_with_camera_labels-110.png 560 808 53
big_dataset_depth/000000001090-segment-11060291335850384275_3761_210_3781_210_with_camera_labels-110.png 568 808 53
big_dataset_depth/000000001090-segment-11060291335850384275_3761_210_3781_210_with_camera_labels-110.png 576 808 53
big_dataset_depth/000000001090-segment-11060291335850384275_3761_210_3781_210_with_camera_labels-110.png 584 816 52
big_dataset_depth/000000001090-segment-11060291335850384275_3761_210_3781_210_with_camera_labels-110.png 592 808 53
big_dataset_depth/000000001090-segment-11060291335850384275_3761_210_3781_210_with_camera_labels-110.png 600 808 53
big_dataset_depth/000000001090-segment-11060291335850384275_3761_210_3781_210_with_camera_labels-110.png 608 800 53
big_dataset_depth/000000001090-segment-11060291335850384275_3761_210_3781_210_with_camera_labels-110.png 616 808 53
big_dataset_depth/000000001090-segment-11060291335850384275_3761_210_3781_210_with_camera_labels-110.png 624 808 53
big_dataset_depth/000000001090-segment-11060291335850384275_3761_210_3781_210_with_camera_labels-110.png 632 808 53
big_dataset_depth/000000001090-segment-11060291335850384275_3761_210_3781_210_with_camera_labels-110.png 640 808 53
big_dataset_depth/000000001090-segment-11060291335850384275_3761_210_3781_210_with_camera_labels-110.png 648 808 53
big_dataset_depth/000000001090-segment-11060291335850384275_3761_210_3781_210_with_camera_labels-110.png 656 736 53
big_dataset_depth/000000001090-segment-11060291335850384275_3761_210_3781_210_with_camera_labels-110.png 664 736 88
big_dataset_depth/000000001090-segment-11060291335850384275_3761_210_3781_210_with_camera_labels-110.png 672 736 88
big_dataset_depth/000000001090-segment-11060291335850384275_3761_210_3781_210_with_camera_labels-110.png 680 736 79
big_dataset_depth/000000001090-segment-11060291335850384275_3761_210_3781_210_with_camera_labels-110.png 688 744 80
big_dataset_depth/000000001090-segment-11060291335850384275_3761_210_3781_210_with_camera_labels-110.png 696 744 79
big_dataset_depth/000000001090-segment-11060291335850384275_3761_210_3781_210_with_camera_labels-110.png 704 688 67
big_dataset_depth/000000001090-segment-11060291335850384275_3761_210_3781_210_with_camera_labels-110.png 712 744 79
big_dataset_depth/000000001090-segment-11060291335850384275_3761_210_3781_210_with_camera_labels-110.png 720 736 79
big_dataset_depth/000000001090-segment-11060291335850384275_3761_210_3781_210_with_camera_labels-110.png 728 736 80
big_dataset_depth/000000001090-segment-11060291335850384275_3761_210_3781_210_with_camera_labels-110.png 736 752 78
big_dataset_depth/000000001090-segment-11060291335850384275_3761_210_3781_210_with_camera_labels-110.png 744 736 82
big_dataset_depth/000000001090-segment-11060291335850384275_3761_210_3781_210_with_camera_labels-110.png 752 728 77
big_dataset_depth/000000001090-segment-11060291335850384275_3761_210_3781_210_with_camera_labels-110.png 760 752 81
big_dataset_depth/000000001090-segment-11060291335850384275_3761_210_3781_210_with_camera_labels-110.png 768 744 72
big_dataset_depth/000000001090-segment-11060291335850384275_3761_210_3781_210_with_camera_labels-110.png 776 776 62
big_dataset_depth/000000001090-segment-11060291335850384275_3761_210_3781_210_with_camera_labels-110.png 784 784 62
big_dataset_depth/000000001090-segment-11060291335850384275_3761_210_3781_210_with_camera_labels-110.png 792 752 63
big_dataset_depth/000000001090-segment-11060291335850384275_3761_210_3781_210_with_camera_labels-110.png 800 784 57
big_dataset_depth/000000001090-segment-11060291335850384275_3761_210_3781_210_with_camera_labels-110.png 808 800 57
big_dataset_depth/000000001090-segment-11060291335850384275_3761_210_3781_210_with_camera_labels-110.png 816 792 60
big_dataset_depth/000000001090-segment-11060291335850384275_3761_210_3781_210_with_camera_labels-110.png 824 784 62
big_dataset_depth/000000001090-segment-11060291335850384275_3761_210_3781_210_with_camera_labels-110.png 832 752 67
big_dataset_depth/000000001090-segment-11060291335850384275_3761_210_3781_210_with_camera_labels-110.png 840 784 63
big_dataset_depth/000000001090-segment-11060291335850384275_3761_210_3781_210_with_camera_labels-110.png 848 792 61
big_dataset_depth/000000001090-segment-11060291335850384275_3761_210_3781_210_with_camera_labels-110.png 856 776 60
big_dataset_depth/000000001090-segment-11060291335850384275_3761_210_3781_210_with_camera_labels-110.png 864 800 61
big_dataset_depth/000000001090-segment-11060291335850384275_3761_210_3781_210_with_camera_labels-110.png 872 800 60
big_dataset_depth/000000001090-segment-11060291335850384275_3761_210_3781_210_with_camera_labels-110.png 880 800 60
big_dataset_depth/000000001090-segment-11060291335850384275_3761_210_3781_210_with_camera_labels-110.png 888 800 61
big_dataset_depth/000000001090-segment-11060291335850384275_3761_210_3781_210_with_camera_labels-110.png 896 800 61
big_dataset_depth/000000001090-segment-11060291335850384275_3761_210_3781_210_with_camera_labels-110.png 904 792 61
big_dataset_depth/000000001090-segment-11060291335850384275_3761_210_3781_210_with_camera_labels-110.png 912 792 63
big_dataset_depth/000000001090-segment-11060291335850384275_3761_210_3781_210_with_camera_labels-110.png 920 776 64
big_dataset_depth/000000001090-segment-11060291335850384275_3761_210_3781_210_with_camera_labels-110.png 928 784 64
big_dataset_depth/000000001090-segment-11060291335850384275_3761_210_3781_210_with_camera_labels-110.png 936 784 64
big_dataset_depth/000000001090-segment-11060291335850384275_3761_210_3781_210_with_camera_labels-110.png 944 784 64
big_dataset_depth/000000001090-segment-11060291335850384275_3761_210_3781_210_with_camera_labels-110.png 952 768 69
big_dataset_depth/000000001090-segment-11060291335850384275_3761_210_3781_210_with_camera_labels-110.png 960 752 74
big_dataset_depth/000000001090-segment-11060291335850384275_3761_210_3781_210_with_camera_labels-110.png 968 744 74
big_dataset_depth/000000001090-segment-11060291335850384275_3761_210_3781_210_with_camera_labels-110.png 976 768 67
big_dataset_depth/000000001090-segment-11060291335850384275_3761_210_3781_210_with_camera_labels-110.png 984 768 67
big_dataset_depth/000000001090-segment-11060291335850384275_3761_210_3781_210_with_camera_labels-110.png 992 760 67
big_dataset_depth/000000001090-segment-11060291335850384275_3761_210_3781_210_with_camera_labels-110.png 1000 752 67
big_dataset_depth/000000001090-segment-11060291335850384275_3761_210_3781_210_with_camera_labels-110.png 1008 768 63
big_dataset_depth/000000001090-segment-11060291335850384275_3761_210_3781_210_with_camera_labels-110.png 1016 784 64
big_dataset_depth/000000001090-segment-11060291335850384275_3761_210_3781_210_with_camera_labels-110.png 1024 784 63
big_dataset_depth/000000001090-segment-11060291335850384275_3761_210_3781_210_with_camera_labels-110.png 1032 784 63
big_dataset_depth/000000001090-segment-11060291335850384275_3761_210_3781_210_with_camera_labels-110.png 1040 784 63
big_dataset_depth/000000001090-segment-11060291335850384275_3761_210_3781_210_with_camera_labels-110.png 1048 784 63
big_dataset_depth/000000001090-segment-11060291335850384275_3761_210_3781_210_with_camera_labels-110.png 1056 808 58
big_dataset_depth/000000001090-segment-11060291335850384275_3761_210_3781_210_with_camera_labels-110.png 1064 792 61
big_dataset_depth/000000001090-segment-11060291335850384275_3761_210_3781_210_with_camera_labels-110.png 1072 808 58
big_dataset_depth/000000001090-segment-11060291335850384275_3761_210_3781_210_with_camera_labels-110.png 1080 792 60
big_dataset_depth/000000001090-segment-11060291335850384275_3761_210_3781_210_with_camera_labels-110.png 1088 808 58
big_dataset_depth/000000001090-segment-11060291335850384275_3761_210_3781_210_with_camera_labels-110.png 1096 808 58
big_dataset_depth/000000001090-segment-11060291335850384275_3761_210_3781_210_with_camera_labels-110.png 1104 808 59
big_dataset_depth/000000001090-segment-11060291335850384275_3761_210_3781_210_with_camera_labels-110.png 1112 808 59
big_dataset_depth/000000001090-segment-11060291335850384275_3761_210_3781_210_with_camera_labels-110.png 1120 808 59
big_dataset_depth/000000001090-segment-11060291335850384275_3761_210_3781_210_with_camera_labels-110.png 1128 808 59
big_dataset_depth/000000001090-segment-11060291335850384275_3761_210_3781_210_with_camera_labels-110.png 1136 808 59
big_dataset_depth/000000001090-segment-11060291335850384275_3761_210_3781_210_with_camera_labels-110.png 1144 784 64
big_dataset_depth/000000001090-segment-11060291335850384275_3761_210_3781_210_with_camera_labels-110.png 1152 800 60
big_dataset_depth/000000001090-segment-11060291335850384275_3761_210_3781_210_with_camera_labels-110.png 1160 776 65
big_dataset_depth/000000001090-segment-11060291335850384275_3761_210_3781_210_with_camera_labels-110.png 1168 800 61
big_dataset_depth/000000001090-segment-11060291335850384275_3761_210_3781_210_with_camera_labels-110.png 1176 784 65
big_dataset_depth/000000001090-segment-11060291335850384275_3761_210_3781_210_with_camera_labels-110.png 1184 800 61
big_dataset_depth/000000001090-segment-11060291335850384275_3761_210_3781_210_with_camera_labels-110.png 1192 800 62
big_dataset_depth/000000001090-segment-11060291335850384275_3761_210_3781_210_with_camera_labels-110.png 1200 872 31
big_dataset_depth/000000001090-segment-11060291335850384275_3761_210_3781_210_with_camera_labels-110.png 1208 896 31
big_dataset_depth/000000001090-segment-11060291335850384275_3761_210_3781_210_with_camera_labels-110.png 1216 896 31
big_dataset_depth/000000001090-segment-11060291335850384275_3761_210_3781_210_with_camera_labels-110.png 1224 912 30
big_dataset_depth/000000001090-segment-11060291335850384275_3761_210_3781_210_with_camera_labels-110.png 1232 904 30
big_dataset_depth/000000001090-segment-11060291335850384275_3761_210_3781_210_with_camera_labels-110.png 1240 912 30
big_dataset_depth/000000001090-segment-11060291335850384275_3761_210_3781_210_with_camera_labels-110.png 1248 912 30
big_dataset_depth/000000001090-segment-11060291335850384275_3761_210_3781_210_with_camera_labels-110.png 1256 904 30
big_dataset_depth/000000001090-segment-11060291335850384275_3761_210_3781_210_with_camera_labels-110.png 1264 928 28
big_dataset_depth/000000001090-segment-11060291335850384275_3761_210_3781_210_with_camera_labels-110.png 1272 928 28
big_dataset_depth/000000001090-segment-11060291335850384275_3761_210_3781_210_with_camera_labels-110.png 1280 928 28
big_dataset_depth/000000001090-segment-11060291335850384275_3761_210_3781_210_with_camera_labels-110.png 1288 904 25
big_dataset_depth/000000001090-segment-11060291335850384275_3761_210_3781_210_with_camera_labels-110.png 1296 944 25
big_dataset_depth/000000001090-segment-11060291335850384275_3761_210_3781_210_with_camera_labels-110.png 1304 960 25
big_dataset_depth/000000001090-segment-11060291335850384275_3761_210_3781_210_with_camera_labels-110.png 1312 960 25
big_dataset_depth/000000001090-segment-11060291335850384275_3761_210_3781_210_with_camera_labels-110.png 1320 968 25
big_dataset_depth/000000001090-segment-11060291335850384275_3761_210_3781_210_with_camera_labels-110.png 1336 1024 21
big_dataset_depth/000000001090-segment-11060291335850384275_3761_210_3781_210_with_camera_labels-110.png 1344 952 23
big_dataset_depth/000000001090-segment-11060291335850384275_3761_210_3781_210_with_camera_labels-110.png 1352 992 23
big_dataset_depth/000000001090-segment-11060291335850384275_3761_210_3781_210_with_camera_labels-110.png 1360 992 23
big_dataset_depth/000000001090-segment-11060291335850384275_3761_210_3781_210_with_camera_labels-110.png 1368 1000 22
big_dataset_depth/000000001090-segment-11060291335850384275_3761_210_3781_210_with_camera_labels-110.png 1384 976 21
big_dataset_depth/000000001090-segment-11060291335850384275_3761_210_3781_210_with_camera_labels-110.png 1392 992 21
big_dataset_depth/000000001090-segment-11060291335850384275_3761_210_3781_210_with_camera_labels-110.png 1400 1016 21
big_dataset_depth/000000001090-segment-11060291335850384275_3761_210_3781_210_with_camera_labels-110.png 1408 1032 21
big_dataset_depth/000000001090-segment-11060291335850384275_3761_210_3781_210_with_camera_labels-110.png 1416 1064 19
big_dataset_depth/000000001090-segment-11060291335850384275_3761_210_3781_210_with_camera_labels-110.png 1424 1032 20
big_dataset_depth/000000001090-segment-11060291335850384275_3761_210_3781_210_with_camera_labels-110.png 1432 1032 20
big_dataset_depth/000000001090-segment-11060291335850384275_3761_210_3781_210_with_camera_labels-110.png 1440 1064 19
big_dataset_depth/000000001090-segment-11060291335850384275_3761_210_3781_210_with_camera_labels-110.png 1448 1032 20
big_dataset_depth/000000001090-segment-11060291335850384275_3761_210_3781_210_with_camera_labels-110.png 1464 1080 19
big_dataset_depth/000000001090-segment-11060291335850384275_3761_210_3781_210_with_camera_labels-110.png 1472 1032 20
big_dataset_depth/000000001090-segment-11060291335850384275_3761_210_3781_210_with_camera_labels-110.png 1480 1024 21
big_dataset_depth/000000001090-segment-11060291335850384275_3761_210_3781_210_with_camera_labels-110.png 1488 1008 21
big_dataset_depth/000000001090-segment-11060291335850384275_3761_210_3781_210_with_camera_labels-110.png 1496 1016 21
big_dataset_depth/000000001090-segment-11060291335850384275_3761_210_3781_210_with_camera_labels-110.png 1520 1168 16
big_dataset_depth/000000001090-segment-11060291335850384275_3761_210_3781_210_with_camera_labels-110.png 1528 1168 16
big_dataset_depth/000000001090-segment-11060291335850384275_3761_210_3781_210_with_camera_labels-110.png 1536 1144 16
big_dataset_depth/000000001090-segment-11060291335850384275_3761_210_3781_210_with_camera_labels-110.png 1544 1112 17
big_dataset_depth/000000001090-segment-11060291335850384275_3761_210_3781_210_with_camera_labels-110.png 1552 1104 17
big_dataset_depth/000000001090-segment-11060291335850384275_3761_210_3781_210_with_camera_labels-110.png 1560 1104 17
big_dataset_depth/000000001090-segment-11060291335850384275_3761_210_3781_210_with_camera_labels-110.png 1568 1112 17
big_dataset_depth/000000001090-segment-11060291335850384275_3761_210_3781_210_with_camera_labels-110.png 1584 1216 15
big_dataset_depth/000000001090-segment-11060291335850384275_3761_210_3781_210_with_camera_labels-110.png 1592 1216 14
big_dataset_depth/000000001090-segment-11060291335850384275_3761_210_3781_210_with_camera_labels-110.png 1600 1216 14
big_dataset_depth/000000001090-segment-11060291335850384275_3761_210_3781_210_with_camera_labels-110.png 1608 1232 14
big_dataset_depth/000000001090-segment-11060291335850384275_3761_210_3781_210_with_camera_labels-110.png 1616 1240 14
big_dataset_depth/000000001090-segment-11060291335850384275_3761_210_3781_210_with_camera_labels-110.png 1624 1240 14
big_dataset_depth/000000001090-segment-11060291335850384275_3761_210_3781_210_with_camera_labels-110.png 1632 1240 14
big_dataset_depth/000000001090-segment-11060291335850384275_3761_210_3781_210_with_camera_labels-110.png 1640 1240 14
big_dataset_depth/000000001090-segment-11060291335850384275_3761_210_3781_210_with_camera_labels-110.png 1648 1176 15
big_dataset_depth/000000001090-segment-11060291335850384275_3761_210_3781_210_with_camera_labels-110.png 1656 1192 15
big_dataset_depth/000000001090-segment-11060291335850384275_3761_210_3781_210_with_camera_labels-110.png 1664 1176 15
big_dataset_depth/000000001090-segment-11060291335850384275_3761_210_3781_210_with_camera_labels-110.png 1672 1192 15
big_dataset_depth/000000001090-segment-11060291335850384275_3761_210_3781_210_with_camera_labels-110.png 1680 1176 15
big_dataset_depth/000000001090-segment-11060291335850384275_3761_210_3781_210_with_camera_labels-110.png 1688 1176 15
big_dataset_depth/000000001090-segment-11060291335850384275_3761_210_3781_210_with_camera_labels-110.png 1696 1184 15
big_dataset_depth/000000001090-segment-11060291335850384275_3761_210_3781_210_with_camera_labels-110.png 1704 1184 15
big_dataset_depth/000000001090-segment-11060291335850384275_3761_210_3781_210_with_camera_labels-110.png 1712 1184 15
big_dataset_depth/000000001090-segment-11060291335850384275_3761_210_3781_210_with_camera_labels-110.png 1720 1192 15
big_dataset_depth/000000001090-segment-11060291335850384275_3761_210_3781_210_with_camera_labels-110.png 1728 1184 15
big_dataset_depth/000000001090-segment-11060291335850384275_3761_210_3781_210_with_camera_labels-110.png 1736 1184 15
big_dataset_depth/000000001090-segment-11060291335850384275_3761_210_3781_210_with_camera_labels-110.png 1744 1184 15
big_dataset_depth/000000001090-segment-11060291335850384275_3761_210_3781_210_with_camera_labels-110.png 1752 1184 15
big_dataset_depth/000000001090-segment-11060291335850384275_3761_210_3781_210_with_camera_labels-110.png 1760 1160 15
big_dataset_depth/000000001090-segment-11060291335850384275_3761_210_3781_210_with_camera_labels-110.png 1784 1184 13
big_dataset_depth/000000001090-segment-11060291335850384275_3761_210_3781_210_with_camera_labels-110.png 1800 1240 13
big_dataset_depth/000000001090-segment-11060291335850384275_3761_210_3781_210_with_camera_labels-110.png 1816 1280 13
big_dataset_depth/000000001090-segment-11060291335850384275_3761_210_3781_210_with_camera_labels-110.png 1824 1280 13
big_dataset_depth/000000001090-segment-11060291335850384275_3761_210_3781_210_with_camera_labels-110.png 1832 1160 17
big_dataset_depth/000000001090-segment-11060291335850384275_3761_210_3781_210_with_camera_labels-110.png 1840 1264 12
big_dataset_depth/000000001090-segment-11060291335850384275_3761_210_3781_210_with_camera_labels-110.png 1848 1168 17
big_dataset_depth/000000001090-segment-11060291335850384275_3761_210_3781_210_with_camera_labels-110.png 1856 1112 20
big_dataset_depth/000000001090-segment-11060291335850384275_3761_210_3781_210_with_camera_labels-110.png 1864 1280 12
big_dataset_depth/000000001090-segment-11060291335850384275_3761_210_3781_210_with_camera_labels-110.png 1872 1112 20
big_dataset_depth/000000001090-segment-11060291335850384275_3761_210_3781_210_with_camera_labels-110.png 1880 1176 17
big_dataset_depth/000000001090-segment-11060291335850384275_3761_210_3781_210_with_camera_labels-110.png 1888 1160 19
big_dataset_depth/000000001090-segment-11060291335850384275_3761_210_3781_210_with_camera_labels-110.png 1896 1032 33
big_dataset_depth/000000001090-segment-11060291335850384275_3761_210_3781_210_with_camera_labels-110.png 1904 1008 27
big_dataset_depth/000000001090-segment-11060291335850384275_3761_210_3781_210_with_camera_labels-110.png 1912 1032 30
