big_dataset_depth/000000003584-segment-13909033332341079321_4007_930_4027_930_with_camera_labels-70.png 0 776 88
big_dataset_depth/000000003584-segment-13909033332341079321_4007_930_4027_930_with_camera_labels-70.png 8 776 89
big_dataset_depth/000000003584-segment-13909033332341079321_4007_930_4027_930_with_camera_labels-70.png 16 776 90
big_dataset_depth/000000003584-segment-13909033332341079321_4007_930_4027_930_with_camera_labels-70.png 24 776 91
big_dataset_depth/000000003584-segment-13909033332341079321_4007_930_4027_930_with_camera_labels-70.png 32 776 92
big_dataset_depth/000000003584-segment-13909033332341079321_4007_930_4027_930_with_camera_labels-70.png 40 792 85
big_dataset_depth/000000003584-segment-13909033332341079321_4007_930_4027_930_with_camera_labels-70.png 48 776 87
big_dataset_depth/000000003584-segment-13909033332341079321_4007_930_4027_930_with_camera_labels-70.png 56 768 87
big_dataset_depth/000000003584-segment-13909033332341079321_4007_930_4027_930_with_camera_labels-70.png 64 760 95
big_dataset_depth/000000003584-segment-13909033332341079321_4007_930_4027_930_with_camera_labels-70.png 72 776 94
big_dataset_depth/000000003584-segment-13909033332341079321_4007_930_4027_930_with_camera_labels-70.png 80 768 97
big_dataset_depth/000000003584-segment-13909033332341079321_4007_930_4027_930_with_camera_labels-70.png 88 776 95
big_dataset_depth/000000003584-segment-13909033332341079321_4007_930_4027_930_with_camera_labels-70.png 96 768 95
big_dataset_depth/000000003584-segment-13909033332341079321_4007_930_4027_930_with_camera_labels-70.png 104 768 95
big_dataset_depth/000000003584-segment-13909033332341079321_4007_930_4027_930_with_camera_labels-70.png 112 776 94
big_dataset_depth/000000003584-segment-13909033332341079321_4007_930_4027_930_with_camera_labels-70.png 120 768 100
big_dataset_depth/000000003584-segment-13909033332341079321_4007_930_4027_930_with_camera_labels-70.png 128 768 101
big_dataset_depth/000000003584-segment-13909033332341079321_4007_930_4027_930_with_camera_labels-70.png 136 768 102
big_dataset_depth/000000003584-segment-13909033332341079321_4007_930_4027_930_with_camera_labels-70.png 144 760 102
big_dataset_depth/000000003584-segment-13909033332341079321_4007_930_4027_930_with_camera_labels-70.png 152 768 96
big_dataset_depth/000000003584-segment-13909033332341079321_4007_930_4027_930_with_camera_labels-70.png 160 768 104
big_dataset_depth/000000003584-segment-13909033332341079321_4007_930_4027_930_with_camera_labels-70.png 168 776 99
big_dataset_depth/000000003584-segment-13909033332341079321_4007_930_4027_930_with_camera_labels-70.png 176 768 106
big_dataset_depth/000000003584-segment-13909033332341079321_4007_930_4027_930_with_camera_labels-70.png 184 760 103
big_dataset_depth/000000003584-segment-13909033332341079321_4007_930_4027_930_with_camera_labels-70.png 192 752 99
big_dataset_depth/000000003584-segment-13909033332341079321_4007_930_4027_930_with_camera_labels-70.png 200 688 68
big_dataset_depth/000000003584-segment-13909033332341079321_4007_930_4027_930_with_camera_labels-70.png 208 760 99
big_dataset_depth/000000003584-segment-13909033332341079321_4007_930_4027_930_with_camera_labels-70.png 216 736 99
big_dataset_depth/000000003584-segment-13909033332341079321_4007_930_4027_930_with_camera_labels-70.png 224 736 99
big_dataset_depth/000000003584-segment-13909033332341079321_4007_930_4027_930_with_camera_labels-70.png 232 688 37
big_dataset_depth/000000003584-segment-13909033332341079321_4007_930_4027_930_with_camera_labels-70.png 248 744 71
big_dataset_depth/000000003584-segment-13909033332341079321_4007_930_4027_930_with_camera_labels-70.png 256 752 70
big_dataset_depth/000000003584-segment-13909033332341079321_4007_930_4027_930_with_camera_labels-70.png 264 744 70
big_dataset_depth/000000003584-segment-13909033332341079321_4007_930_4027_930_with_camera_labels-70.png 272 744 70
big_dataset_depth/000000003584-segment-13909033332341079321_4007_930_4027_930_with_camera_labels-70.png 280 800 82
big_dataset_depth/000000003584-segment-13909033332341079321_4007_930_4027_930_with_camera_labels-70.png 288 872 37
big_dataset_depth/000000003584-segment-13909033332341079321_4007_930_4027_930_with_camera_labels-70.png 296 872 37
big_dataset_depth/000000003584-segment-13909033332341079321_4007_930_4027_930_with_camera_labels-70.png 304 848 37
big_dataset_depth/000000003584-segment-13909033332341079321_4007_930_4027_930_with_camera_labels-70.png 312 864 37
big_dataset_depth/000000003584-segment-13909033332341079321_4007_930_4027_930_with_camera_labels-70.png 320 816 38
big_dataset_depth/000000003584-segment-13909033332341079321_4007_930_4027_930_with_camera_labels-70.png 328 784 38
big_dataset_depth/000000003584-segment-13909033332341079321_4007_930_4027_930_with_camera_labels-70.png 344 648 37
big_dataset_depth/000000003584-segment-13909033332341079321_4007_930_4027_930_with_camera_labels-70.png 352 648 37
big_dataset_depth/000000003584-segment-13909033332341079321_4007_930_4027_930_with_camera_labels-70.png 376 784 96
big_dataset_depth/000000003584-segment-13909033332341079321_4007_930_4027_930_with_camera_labels-70.png 384 640 107
big_dataset_depth/000000003584-segment-13909033332341079321_4007_930_4027_930_with_camera_labels-70.png 392 608 108
big_dataset_depth/000000003584-segment-13909033332341079321_4007_930_4027_930_with_camera_labels-70.png 400 768 97
big_dataset_depth/000000003584-segment-13909033332341079321_4007_930_4027_930_with_camera_labels-70.png 408 768 96
big_dataset_depth/000000003584-segment-13909033332341079321_4007_930_4027_930_with_camera_labels-70.png 416 728 100
big_dataset_depth/000000003584-segment-13909033332341079321_4007_930_4027_930_with_camera_labels-70.png 424 768 96
big_dataset_depth/000000003584-segment-13909033332341079321_4007_930_4027_930_with_camera_labels-70.png 432 768 96
big_dataset_depth/000000003584-segment-13909033332341079321_4007_930_4027_930_with_camera_labels-70.png 440 768 96
big_dataset_depth/000000003584-segment-13909033332341079321_4007_930_4027_930_with_camera_labels-70.png 448 768 96
big_dataset_depth/000000003584-segment-13909033332341079321_4007_930_4027_930_with_camera_labels-70.png 456 776 97
big_dataset_depth/000000003584-segment-13909033332341079321_4007_930_4027_930_with_camera_labels-70.png 464 768 98
big_dataset_depth/000000003584-segment-13909033332341079321_4007_930_4027_930_with_camera_labels-70.png 472 760 99
big_dataset_depth/000000003584-segment-13909033332341079321_4007_930_4027_930_with_camera_labels-70.png 480 784 83
big_dataset_depth/000000003584-segment-13909033332341079321_4007_930_4027_930_with_camera_labels-70.png 488 832 47
big_dataset_depth/000000003584-segment-13909033332341079321_4007_930_4027_930_with_camera_labels-70.png 496 824 47
big_dataset_depth/000000003584-segment-13909033332341079321_4007_930_4027_930_with_camera_labels-70.png 504 824 47
big_dataset_depth/000000003584-segment-13909033332341079321_4007_930_4027_930_with_camera_labels-70.png 512 808 47
big_dataset_depth/000000003584-segment-13909033332341079321_4007_930_4027_930_with_camera_labels-70.png 520 800 47
big_dataset_depth/000000003584-segment-13909033332341079321_4007_930_4027_930_with_camera_labels-70.png 528 784 46
big_dataset_depth/000000003584-segment-13909033332341079321_4007_930_4027_930_with_camera_labels-70.png 536 776 46
big_dataset_depth/000000003584-segment-13909033332341079321_4007_930_4027_930_with_camera_labels-70.png 544 768 46
big_dataset_depth/000000003584-segment-13909033332341079321_4007_930_4027_930_with_camera_labels-70.png 560 752 65
big_dataset_depth/000000003584-segment-13909033332341079321_4007_930_4027_930_with_camera_labels-70.png 568 768 85
big_dataset_depth/000000003584-segment-13909033332341079321_4007_930_4027_930_with_camera_labels-70.png 576 776 85
big_dataset_depth/000000003584-segment-13909033332341079321_4007_930_4027_930_with_camera_labels-70.png 584 768 86
big_dataset_depth/000000003584-segment-13909033332341079321_4007_930_4027_930_with_camera_labels-70.png 592 768 87
big_dataset_depth/000000003584-segment-13909033332341079321_4007_930_4027_930_with_camera_labels-70.png 600 768 88
big_dataset_depth/000000003584-segment-13909033332341079321_4007_930_4027_930_with_camera_labels-70.png 608 776 89
big_dataset_depth/000000003584-segment-13909033332341079321_4007_930_4027_930_with_camera_labels-70.png 624 608 46
big_dataset_depth/000000003584-segment-13909033332341079321_4007_930_4027_930_with_camera_labels-70.png 632 608 46
big_dataset_depth/000000003584-segment-13909033332341079321_4007_930_4027_930_with_camera_labels-70.png 640 608 46
big_dataset_depth/000000003584-segment-13909033332341079321_4007_930_4027_930_with_camera_labels-70.png 704 776 85
big_dataset_depth/000000003584-segment-13909033332341079321_4007_930_4027_930_with_camera_labels-70.png 712 776 85
big_dataset_depth/000000003584-segment-13909033332341079321_4007_930_4027_930_with_camera_labels-70.png 720 776 85
big_dataset_depth/000000003584-segment-13909033332341079321_4007_930_4027_930_with_camera_labels-70.png 728 776 85
big_dataset_depth/000000003584-segment-13909033332341079321_4007_930_4027_930_with_camera_labels-70.png 736 776 85
big_dataset_depth/000000003584-segment-13909033332341079321_4007_930_4027_930_with_camera_labels-70.png 752 760 93
big_dataset_depth/000000003584-segment-13909033332341079321_4007_930_4027_930_with_camera_labels-70.png 760 760 98
big_dataset_depth/000000003584-segment-13909033332341079321_4007_930_4027_930_with_camera_labels-70.png 768 760 98
big_dataset_depth/000000003584-segment-13909033332341079321_4007_930_4027_930_with_camera_labels-70.png 776 768 90
big_dataset_depth/000000003584-segment-13909033332341079321_4007_930_4027_930_with_camera_labels-70.png 784 752 91
big_dataset_depth/000000003584-segment-13909033332341079321_4007_930_4027_930_with_camera_labels-70.png 792 768 87
big_dataset_depth/000000003584-segment-13909033332341079321_4007_930_4027_930_with_camera_labels-70.png 800 768 85
big_dataset_depth/000000003584-segment-13909033332341079321_4007_930_4027_930_with_camera_labels-70.png 808 760 91
big_dataset_depth/000000003584-segment-13909033332341079321_4007_930_4027_930_with_camera_labels-70.png 816 776 84
big_dataset_depth/000000003584-segment-13909033332341079321_4007_930_4027_930_with_camera_labels-70.png 824 768 89
big_dataset_depth/000000003584-segment-13909033332341079321_4007_930_4027_930_with_camera_labels-70.png 832 768 90
big_dataset_depth/000000003584-segment-13909033332341079321_4007_930_4027_930_with_camera_labels-70.png 840 760 97
big_dataset_depth/000000003584-segment-13909033332341079321_4007_930_4027_930_with_camera_labels-70.png 848 760 97
big_dataset_depth/000000003584-segment-13909033332341079321_4007_930_4027_930_with_camera_labels-70.png 856 760 102
big_dataset_depth/000000003584-segment-13909033332341079321_4007_930_4027_930_with_camera_labels-70.png 864 776 94
big_dataset_depth/000000003584-segment-13909033332341079321_4007_930_4027_930_with_camera_labels-70.png 872 776 96
big_dataset_depth/000000003584-segment-13909033332341079321_4007_930_4027_930_with_camera_labels-70.png 880 632 104
big_dataset_depth/000000003584-segment-13909033332341079321_4007_930_4027_930_with_camera_labels-70.png 888 624 105
big_dataset_depth/000000003584-segment-13909033332341079321_4007_930_4027_930_with_camera_labels-70.png 904 608 99
big_dataset_depth/000000003584-segment-13909033332341079321_4007_930_4027_930_with_camera_labels-70.png 912 624 99
big_dataset_depth/000000003584-segment-13909033332341079321_4007_930_4027_930_with_camera_labels-70.png 920 616 99
big_dataset_depth/000000003584-segment-13909033332341079321_4007_930_4027_930_with_camera_labels-70.png 936 608 102
big_dataset_depth/000000003584-segment-13909033332341079321_4007_930_4027_930_with_camera_labels-70.png 984 696 101
big_dataset_depth/000000003584-segment-13909033332341079321_4007_930_4027_930_with_camera_labels-70.png 1376 776 108
big_dataset_depth/000000003584-segment-13909033332341079321_4007_930_4027_930_with_camera_labels-70.png 1384 768 99
big_dataset_depth/000000003584-segment-13909033332341079321_4007_930_4027_930_with_camera_labels-70.png 1392 648 104
big_dataset_depth/000000003584-segment-13909033332341079321_4007_930_4027_930_with_camera_labels-70.png 1400 776 93
big_dataset_depth/000000003584-segment-13909033332341079321_4007_930_4027_930_with_camera_labels-70.png 1408 776 93
big_dataset_depth/000000003584-segment-13909033332341079321_4007_930_4027_930_with_camera_labels-70.png 1416 768 92
big_dataset_depth/000000003584-segment-13909033332341079321_4007_930_4027_930_with_camera_labels-70.png 1424 776 92
big_dataset_depth/000000003584-segment-13909033332341079321_4007_930_4027_930_with_camera_labels-70.png 1432 784 88
big_dataset_depth/000000003584-segment-13909033332341079321_4007_930_4027_930_with_camera_labels-70.png 1440 784 92
big_dataset_depth/000000003584-segment-13909033332341079321_4007_930_4027_930_with_camera_labels-70.png 1448 696 86
big_dataset_depth/000000003584-segment-13909033332341079321_4007_930_4027_930_with_camera_labels-70.png 1456 800 81
big_dataset_depth/000000003584-segment-13909033332341079321_4007_930_4027_930_with_camera_labels-70.png 1464 784 100
big_dataset_depth/000000003584-segment-13909033332341079321_4007_930_4027_930_with_camera_labels-70.png 1472 784 100
big_dataset_depth/000000003584-segment-13909033332341079321_4007_930_4027_930_with_camera_labels-70.png 1480 904 39
big_dataset_depth/000000003584-segment-13909033332341079321_4007_930_4027_930_with_camera_labels-70.png 1488 832 69
big_dataset_depth/000000003584-segment-13909033332341079321_4007_930_4027_930_with_camera_labels-70.png 1496 800 79
big_dataset_depth/000000003584-segment-13909033332341079321_4007_930_4027_930_with_camera_labels-70.png 1504 808 79
big_dataset_depth/000000003584-segment-13909033332341079321_4007_930_4027_930_with_camera_labels-70.png 1512 800 79
big_dataset_depth/000000003584-segment-13909033332341079321_4007_930_4027_930_with_camera_labels-70.png 1520 800 90
big_dataset_depth/000000003584-segment-13909033332341079321_4007_930_4027_930_with_camera_labels-70.png 1528 792 93
big_dataset_depth/000000003584-segment-13909033332341079321_4007_930_4027_930_with_camera_labels-70.png 1536 800 77
big_dataset_depth/000000003584-segment-13909033332341079321_4007_930_4027_930_with_camera_labels-70.png 1544 824 62
big_dataset_depth/000000003584-segment-13909033332341079321_4007_930_4027_930_with_camera_labels-70.png 1552 816 69
big_dataset_depth/000000003584-segment-13909033332341079321_4007_930_4027_930_with_camera_labels-70.png 1560 832 62
big_dataset_depth/000000003584-segment-13909033332341079321_4007_930_4027_930_with_camera_labels-70.png 1576 952 32
big_dataset_depth/000000003584-segment-13909033332341079321_4007_930_4027_930_with_camera_labels-70.png 1584 920 39
big_dataset_depth/000000003584-segment-13909033332341079321_4007_930_4027_930_with_camera_labels-70.png 1592 832 57
big_dataset_depth/000000003584-segment-13909033332341079321_4007_930_4027_930_with_camera_labels-70.png 1600 824 65
big_dataset_depth/000000003584-segment-13909033332341079321_4007_930_4027_930_with_camera_labels-70.png 1608 848 49
big_dataset_depth/000000003584-segment-13909033332341079321_4007_930_4027_930_with_camera_labels-70.png 1616 848 49
big_dataset_depth/000000003584-segment-13909033332341079321_4007_930_4027_930_with_camera_labels-70.png 1624 872 44
big_dataset_depth/000000003584-segment-13909033332341079321_4007_930_4027_930_with_camera_labels-70.png 1632 872 43
big_dataset_depth/000000003584-segment-13909033332341079321_4007_930_4027_930_with_camera_labels-70.png 1648 984 29
big_dataset_depth/000000003584-segment-13909033332341079321_4007_930_4027_930_with_camera_labels-70.png 1656 928 36
big_dataset_depth/000000003584-segment-13909033332341079321_4007_930_4027_930_with_camera_labels-70.png 1664 880 43
big_dataset_depth/000000003584-segment-13909033332341079321_4007_930_4027_930_with_camera_labels-70.png 1672 880 43
big_dataset_depth/000000003584-segment-13909033332341079321_4007_930_4027_930_with_camera_labels-70.png 1680 880 43
big_dataset_depth/000000003584-segment-13909033332341079321_4007_930_4027_930_with_camera_labels-70.png 1688 1000 27
big_dataset_depth/000000003584-segment-13909033332341079321_4007_930_4027_930_with_camera_labels-70.png 1696 880 44
big_dataset_depth/000000003584-segment-13909033332341079321_4007_930_4027_930_with_camera_labels-70.png 1704 952 35
big_dataset_depth/000000003584-segment-13909033332341079321_4007_930_4027_930_with_camera_labels-70.png 1712 880 44
big_dataset_depth/000000003584-segment-13909033332341079321_4007_930_4027_930_with_camera_labels-70.png 1720 944 35
big_dataset_depth/000000003584-segment-13909033332341079321_4007_930_4027_930_with_camera_labels-70.png 1728 800 76
big_dataset_depth/000000003584-segment-13909033332341079321_4007_930_4027_930_with_camera_labels-70.png 1736 872 49
big_dataset_depth/000000003584-segment-13909033332341079321_4007_930_4027_930_with_camera_labels-70.png 1744 840 60
big_dataset_depth/000000003584-segment-13909033332341079321_4007_930_4027_930_with_camera_labels-70.png 1752 872 49
big_dataset_depth/000000003584-segment-13909033332341079321_4007_930_4027_930_with_camera_labels-70.png 1760 1040 25
big_dataset_depth/000000003584-segment-13909033332341079321_4007_930_4027_930_with_camera_labels-70.png 1776 808 71
big_dataset_depth/000000003584-segment-13909033332341079321_4007_930_4027_930_with_camera_labels-70.png 1784 808 71
big_dataset_depth/000000003584-segment-13909033332341079321_4007_930_4027_930_with_camera_labels-70.png 1792 1056 24
big_dataset_depth/000000003584-segment-13909033332341079321_4007_930_4027_930_with_camera_labels-70.png 1800 1056 24
big_dataset_depth/000000003584-segment-13909033332341079321_4007_930_4027_930_with_camera_labels-70.png 1808 1056 23
big_dataset_depth/000000003584-segment-13909033332341079321_4007_930_4027_930_with_camera_labels-70.png 1816 880 39
big_dataset_depth/000000003584-segment-13909033332341079321_4007_930_4027_930_with_camera_labels-70.png 1832 896 39
big_dataset_depth/000000003584-segment-13909033332341079321_4007_930_4027_930_with_camera_labels-70.png 1840 1072 22
big_dataset_depth/000000003584-segment-13909033332341079321_4007_930_4027_930_with_camera_labels-70.png 1848 1072 22
big_dataset_depth/000000003584-segment-13909033332341079321_4007_930_4027_930_with_camera_labels-70.png 1864 896 42
big_dataset_depth/000000003584-segment-13909033332341079321_4007_930_4027_930_with_camera_labels-70.png 1872 1096 22
big_dataset_depth/000000003584-segment-13909033332341079321_4007_930_4027_930_with_camera_labels-70.png 1880 1096 22
big_dataset_depth/000000003584-segment-13909033332341079321_4007_930_4027_930_with_camera_labels-70.png 1888 1096 21
big_dataset_depth/000000003584-segment-13909033332341079321_4007_930_4027_930_with_camera_labels-70.png 1896 944 36
big_dataset_depth/000000003584-segment-13909033332341079321_4007_930_4027_930_with_camera_labels-70.png 1904 936 31
big_dataset_depth/000000003584-segment-13909033332341079321_4007_930_4027_930_with_camera_labels-70.png 1912 960 35
