big_dataset_depth/000000001470-segment-1146261869236413282_1680_000_1700_000_with_camera_labels-110.png 0 920 16
big_dataset_depth/000000001470-segment-1146261869236413282_1680_000_1700_000_with_camera_labels-110.png 8 744 38
big_dataset_depth/000000001470-segment-1146261869236413282_1680_000_1700_000_with_camera_labels-110.png 16 1032 15
big_dataset_depth/000000001470-segment-1146261869236413282_1680_000_1700_000_with_camera_labels-110.png 24 1024 16
big_dataset_depth/000000001470-segment-1146261869236413282_1680_000_1700_000_with_camera_labels-110.png 32 1024 16
big_dataset_depth/000000001470-segment-1146261869236413282_1680_000_1700_000_with_camera_labels-110.png 40 1016 16
big_dataset_depth/000000001470-segment-1146261869236413282_1680_000_1700_000_with_camera_labels-110.png 48 1032 15
big_dataset_depth/000000001470-segment-1146261869236413282_1680_000_1700_000_with_camera_labels-110.png 56 1024 15
big_dataset_depth/000000001470-segment-1146261869236413282_1680_000_1700_000_with_camera_labels-110.png 64 848 45
big_dataset_depth/000000001470-segment-1146261869236413282_1680_000_1700_000_with_camera_labels-110.png 72 1016 16
big_dataset_depth/000000001470-segment-1146261869236413282_1680_000_1700_000_with_camera_labels-110.png 80 1016 16
big_dataset_depth/000000001470-segment-1146261869236413282_1680_000_1700_000_with_camera_labels-110.png 88 1016 16
big_dataset_depth/000000001470-segment-1146261869236413282_1680_000_1700_000_with_camera_labels-110.png 96 1016 16
big_dataset_depth/000000001470-segment-1146261869236413282_1680_000_1700_000_with_camera_labels-110.png 104 1032 15
big_dataset_depth/000000001470-segment-1146261869236413282_1680_000_1700_000_with_camera_labels-110.png 112 1048 15
big_dataset_depth/000000001470-segment-1146261869236413282_1680_000_1700_000_with_camera_labels-110.png 120 1048 15
big_dataset_depth/000000001470-segment-1146261869236413282_1680_000_1700_000_with_camera_labels-110.png 144 944 17
big_dataset_depth/000000001470-segment-1146261869236413282_1680_000_1700_000_with_camera_labels-110.png 152 936 17
big_dataset_depth/000000001470-segment-1146261869236413282_1680_000_1700_000_with_camera_labels-110.png 160 976 16
big_dataset_depth/000000001470-segment-1146261869236413282_1680_000_1700_000_with_camera_labels-110.png 168 992 16
big_dataset_depth/000000001470-segment-1146261869236413282_1680_000_1700_000_with_camera_labels-110.png 176 1008 16
big_dataset_depth/000000001470-segment-1146261869236413282_1680_000_1700_000_with_camera_labels-110.png 184 1032 15
big_dataset_depth/000000001470-segment-1146261869236413282_1680_000_1700_000_with_camera_labels-110.png 200 976 17
big_dataset_depth/000000001470-segment-1146261869236413282_1680_000_1700_000_with_camera_labels-110.png 208 1024 15
big_dataset_depth/000000001470-segment-1146261869236413282_1680_000_1700_000_with_camera_labels-110.png 224 1008 16
big_dataset_depth/000000001470-segment-1146261869236413282_1680_000_1700_000_with_camera_labels-110.png 232 1024 16
big_dataset_depth/000000001470-segment-1146261869236413282_1680_000_1700_000_with_camera_labels-110.png 240 1024 16
big_dataset_depth/000000001470-segment-1146261869236413282_1680_000_1700_000_with_camera_labels-110.png 248 1040 15
big_dataset_depth/000000001470-segment-1146261869236413282_1680_000_1700_000_with_camera_labels-110.png 256 984 17
big_dataset_depth/000000001470-segment-1146261869236413282_1680_000_1700_000_with_camera_labels-110.png 264 1024 16
big_dataset_depth/000000001470-segment-1146261869236413282_1680_000_1700_000_with_camera_labels-110.png 272 1032 16
big_dataset_depth/000000001470-segment-1146261869236413282_1680_000_1700_000_with_camera_labels-110.png 280 1120 14
big_dataset_depth/000000001470-segment-1146261869236413282_1680_000_1700_000_with_camera_labels-110.png 288 1016 16
big_dataset_depth/000000001470-segment-1146261869236413282_1680_000_1700_000_with_camera_labels-110.png 296 992 17
big_dataset_depth/000000001470-segment-1146261869236413282_1680_000_1700_000_with_camera_labels-110.png 312 1056 15
big_dataset_depth/000000001470-segment-1146261869236413282_1680_000_1700_000_with_camera_labels-110.png 320 1056 15
big_dataset_depth/000000001470-segment-1146261869236413282_1680_000_1700_000_with_camera_labels-110.png 328 1192 13
big_dataset_depth/000000001470-segment-1146261869236413282_1680_000_1700_000_with_camera_labels-110.png 336 1264 12
big_dataset_depth/000000001470-segment-1146261869236413282_1680_000_1700_000_with_camera_labels-110.png 344 1264 12
big_dataset_depth/000000001470-segment-1146261869236413282_1680_000_1700_000_with_camera_labels-110.png 352 1120 14
big_dataset_depth/000000001470-segment-1146261869236413282_1680_000_1700_000_with_camera_labels-110.png 360 1264 12
big_dataset_depth/000000001470-segment-1146261869236413282_1680_000_1700_000_with_camera_labels-110.png 368 1264 12
big_dataset_depth/000000001470-segment-1146261869236413282_1680_000_1700_000_with_camera_labels-110.png 376 1264 12
big_dataset_depth/000000001470-segment-1146261869236413282_1680_000_1700_000_with_camera_labels-110.png 384 1256 12
big_dataset_depth/000000001470-segment-1146261869236413282_1680_000_1700_000_with_camera_labels-110.png 392 1240 12
big_dataset_depth/000000001470-segment-1146261869236413282_1680_000_1700_000_with_camera_labels-110.png 400 1240 13
big_dataset_depth/000000001470-segment-1146261869236413282_1680_000_1700_000_with_camera_labels-110.png 408 1216 13
big_dataset_depth/000000001470-segment-1146261869236413282_1680_000_1700_000_with_camera_labels-110.png 424 1168 13
big_dataset_depth/000000001470-segment-1146261869236413282_1680_000_1700_000_with_camera_labels-110.png 432 1168 13
big_dataset_depth/000000001470-segment-1146261869236413282_1680_000_1700_000_with_camera_labels-110.png 440 1168 13
big_dataset_depth/000000001470-segment-1146261869236413282_1680_000_1700_000_with_camera_labels-110.png 448 1168 14
big_dataset_depth/000000001470-segment-1146261869236413282_1680_000_1700_000_with_camera_labels-110.png 456 1168 14
big_dataset_depth/000000001470-segment-1146261869236413282_1680_000_1700_000_with_camera_labels-110.png 464 1152 14
big_dataset_depth/000000001470-segment-1146261869236413282_1680_000_1700_000_with_camera_labels-110.png 472 1136 14
big_dataset_depth/000000001470-segment-1146261869236413282_1680_000_1700_000_with_camera_labels-110.png 480 1128 14
big_dataset_depth/000000001470-segment-1146261869236413282_1680_000_1700_000_with_camera_labels-110.png 488 1128 14
big_dataset_depth/000000001470-segment-1146261869236413282_1680_000_1700_000_with_camera_labels-110.png 496 1120 15
big_dataset_depth/000000001470-segment-1146261869236413282_1680_000_1700_000_with_camera_labels-110.png 504 1104 15
big_dataset_depth/000000001470-segment-1146261869236413282_1680_000_1700_000_with_camera_labels-110.png 512 1088 15
big_dataset_depth/000000001470-segment-1146261869236413282_1680_000_1700_000_with_camera_labels-110.png 520 1088 15
big_dataset_depth/000000001470-segment-1146261869236413282_1680_000_1700_000_with_camera_labels-110.png 528 1064 16
big_dataset_depth/000000001470-segment-1146261869236413282_1680_000_1700_000_with_camera_labels-110.png 536 1064 16
big_dataset_depth/000000001470-segment-1146261869236413282_1680_000_1700_000_with_camera_labels-110.png 544 1048 16
big_dataset_depth/000000001470-segment-1146261869236413282_1680_000_1700_000_with_camera_labels-110.png 560 1048 17
big_dataset_depth/000000001470-segment-1146261869236413282_1680_000_1700_000_with_camera_labels-110.png 568 1048 17
big_dataset_depth/000000001470-segment-1146261869236413282_1680_000_1700_000_with_camera_labels-110.png 576 776 28
big_dataset_depth/000000001470-segment-1146261869236413282_1680_000_1700_000_with_camera_labels-110.png 584 1008 18
big_dataset_depth/000000001470-segment-1146261869236413282_1680_000_1700_000_with_camera_labels-110.png 592 1008 18
big_dataset_depth/000000001470-segment-1146261869236413282_1680_000_1700_000_with_camera_labels-110.png 600 1008 18
big_dataset_depth/000000001470-segment-1146261869236413282_1680_000_1700_000_with_camera_labels-110.png 608 992 18
big_dataset_depth/000000001470-segment-1146261869236413282_1680_000_1700_000_with_camera_labels-110.png 616 992 19
big_dataset_depth/000000001470-segment-1146261869236413282_1680_000_1700_000_with_camera_labels-110.png 632 808 27
big_dataset_depth/000000001470-segment-1146261869236413282_1680_000_1700_000_with_camera_labels-110.png 640 840 26
big_dataset_depth/000000001470-segment-1146261869236413282_1680_000_1700_000_with_camera_labels-110.png 648 936 21
big_dataset_depth/000000001470-segment-1146261869236413282_1680_000_1700_000_with_camera_labels-110.png 656 800 40
big_dataset_depth/000000001470-segment-1146261869236413282_1680_000_1700_000_with_camera_labels-110.png 664 936 21
big_dataset_depth/000000001470-segment-1146261869236413282_1680_000_1700_000_with_camera_labels-110.png 672 800 29
big_dataset_depth/000000001470-segment-1146261869236413282_1680_000_1700_000_with_camera_labels-110.png 680 808 29
big_dataset_depth/000000001470-segment-1146261869236413282_1680_000_1700_000_with_camera_labels-110.png 688 904 23
big_dataset_depth/000000001470-segment-1146261869236413282_1680_000_1700_000_with_camera_labels-110.png 696 784 41
big_dataset_depth/000000001470-segment-1146261869236413282_1680_000_1700_000_with_camera_labels-110.png 704 656 58
big_dataset_depth/000000001470-segment-1146261869236413282_1680_000_1700_000_with_camera_labels-110.png 712 880 25
big_dataset_depth/000000001470-segment-1146261869236413282_1680_000_1700_000_with_camera_labels-110.png 720 760 42
big_dataset_depth/000000001470-segment-1146261869236413282_1680_000_1700_000_with_camera_labels-110.png 728 848 27
big_dataset_depth/000000001470-segment-1146261869236413282_1680_000_1700_000_with_camera_labels-110.png 736 728 46
big_dataset_depth/000000001470-segment-1146261869236413282_1680_000_1700_000_with_camera_labels-110.png 744 832 29
big_dataset_depth/000000001470-segment-1146261869236413282_1680_000_1700_000_with_camera_labels-110.png 752 800 33
big_dataset_depth/000000001470-segment-1146261869236413282_1680_000_1700_000_with_camera_labels-110.png 760 800 33
big_dataset_depth/000000001470-segment-1146261869236413282_1680_000_1700_000_with_camera_labels-110.png 768 800 33
big_dataset_depth/000000001470-segment-1146261869236413282_1680_000_1700_000_with_camera_labels-110.png 776 800 33
big_dataset_depth/000000001470-segment-1146261869236413282_1680_000_1700_000_with_camera_labels-110.png 784 664 58
big_dataset_depth/000000001470-segment-1146261869236413282_1680_000_1700_000_with_camera_labels-110.png 792 656 58
big_dataset_depth/000000001470-segment-1146261869236413282_1680_000_1700_000_with_camera_labels-110.png 800 672 56
big_dataset_depth/000000001470-segment-1146261869236413282_1680_000_1700_000_with_camera_labels-110.png 808 656 58
big_dataset_depth/000000001470-segment-1146261869236413282_1680_000_1700_000_with_camera_labels-110.png 816 664 58
big_dataset_depth/000000001470-segment-1146261869236413282_1680_000_1700_000_with_camera_labels-110.png 824 656 58
big_dataset_depth/000000001470-segment-1146261869236413282_1680_000_1700_000_with_camera_labels-110.png 832 656 58
big_dataset_depth/000000001470-segment-1146261869236413282_1680_000_1700_000_with_camera_labels-110.png 840 656 58
big_dataset_depth/000000001470-segment-1146261869236413282_1680_000_1700_000_with_camera_labels-110.png 848 656 58
big_dataset_depth/000000001470-segment-1146261869236413282_1680_000_1700_000_with_camera_labels-110.png 856 904 20
big_dataset_depth/000000001470-segment-1146261869236413282_1680_000_1700_000_with_camera_labels-110.png 864 888 30
big_dataset_depth/000000001470-segment-1146261869236413282_1680_000_1700_000_with_camera_labels-110.png 872 952 20
big_dataset_depth/000000001470-segment-1146261869236413282_1680_000_1700_000_with_camera_labels-110.png 880 960 20
big_dataset_depth/000000001470-segment-1146261869236413282_1680_000_1700_000_with_camera_labels-110.png 888 952 20
big_dataset_depth/000000001470-segment-1146261869236413282_1680_000_1700_000_with_camera_labels-110.png 896 952 20
big_dataset_depth/000000001470-segment-1146261869236413282_1680_000_1700_000_with_camera_labels-110.png 904 944 20
big_dataset_depth/000000001470-segment-1146261869236413282_1680_000_1700_000_with_camera_labels-110.png 912 920 19
big_dataset_depth/000000001470-segment-1146261869236413282_1680_000_1700_000_with_camera_labels-110.png 920 920 19
big_dataset_depth/000000001470-segment-1146261869236413282_1680_000_1700_000_with_camera_labels-110.png 928 1000 18
big_dataset_depth/000000001470-segment-1146261869236413282_1680_000_1700_000_with_camera_labels-110.png 936 920 19
big_dataset_depth/000000001470-segment-1146261869236413282_1680_000_1700_000_with_camera_labels-110.png 944 920 19
big_dataset_depth/000000001470-segment-1146261869236413282_1680_000_1700_000_with_camera_labels-110.png 952 936 19
big_dataset_depth/000000001470-segment-1146261869236413282_1680_000_1700_000_with_camera_labels-110.png 960 920 19
big_dataset_depth/000000001470-segment-1146261869236413282_1680_000_1700_000_with_camera_labels-110.png 968 920 19
big_dataset_depth/000000001470-segment-1146261869236413282_1680_000_1700_000_with_camera_labels-110.png 976 920 20
big_dataset_depth/000000001470-segment-1146261869236413282_1680_000_1700_000_with_camera_labels-110.png 984 904 19
big_dataset_depth/000000001470-segment-1146261869236413282_1680_000_1700_000_with_camera_labels-110.png 992 936 19
big_dataset_depth/000000001470-segment-1146261869236413282_1680_000_1700_000_with_camera_labels-110.png 1000 920 19
big_dataset_depth/000000001470-segment-1146261869236413282_1680_000_1700_000_with_camera_labels-110.png 1008 904 19
big_dataset_depth/000000001470-segment-1146261869236413282_1680_000_1700_000_with_camera_labels-110.png 1016 904 19
big_dataset_depth/000000001470-segment-1146261869236413282_1680_000_1700_000_with_camera_labels-110.png 1024 928 19
big_dataset_depth/000000001470-segment-1146261869236413282_1680_000_1700_000_with_camera_labels-110.png 1032 904 19
big_dataset_depth/000000001470-segment-1146261869236413282_1680_000_1700_000_with_camera_labels-110.png 1040 904 19
big_dataset_depth/000000001470-segment-1146261869236413282_1680_000_1700_000_with_camera_labels-110.png 1048 912 19
big_dataset_depth/000000001470-segment-1146261869236413282_1680_000_1700_000_with_camera_labels-110.png 1056 920 19
big_dataset_depth/000000001470-segment-1146261869236413282_1680_000_1700_000_with_camera_labels-110.png 1064 968 20
big_dataset_depth/000000001470-segment-1146261869236413282_1680_000_1700_000_with_camera_labels-110.png 1072 920 20
big_dataset_depth/000000001470-segment-1146261869236413282_1680_000_1700_000_with_camera_labels-110.png 1080 920 19
big_dataset_depth/000000001470-segment-1146261869236413282_1680_000_1700_000_with_camera_labels-110.png 1088 920 19
big_dataset_depth/000000001470-segment-1146261869236413282_1680_000_1700_000_with_camera_labels-110.png 1096 912 19
big_dataset_depth/000000001470-segment-1146261869236413282_1680_000_1700_000_with_camera_labels-110.png 1104 920 19
big_dataset_depth/000000001470-segment-1146261869236413282_1680_000_1700_000_with_camera_labels-110.png 1112 928 20
big_dataset_depth/000000001470-segment-1146261869236413282_1680_000_1700_000_with_camera_labels-110.png 1120 952 21
big_dataset_depth/000000001470-segment-1146261869236413282_1680_000_1700_000_with_camera_labels-110.png 1128 960 20
big_dataset_depth/000000001470-segment-1146261869236413282_1680_000_1700_000_with_camera_labels-110.png 1136 952 21
big_dataset_depth/000000001470-segment-1146261869236413282_1680_000_1700_000_with_camera_labels-110.png 1144 952 21
big_dataset_depth/000000001470-segment-1146261869236413282_1680_000_1700_000_with_camera_labels-110.png 1152 952 21
big_dataset_depth/000000001470-segment-1146261869236413282_1680_000_1700_000_with_camera_labels-110.png 1160 792 37
big_dataset_depth/000000001470-segment-1146261869236413282_1680_000_1700_000_with_camera_labels-110.png 1168 688 54
big_dataset_depth/000000001470-segment-1146261869236413282_1680_000_1700_000_with_camera_labels-110.png 1176 680 54
big_dataset_depth/000000001470-segment-1146261869236413282_1680_000_1700_000_with_camera_labels-110.png 1184 656 54
big_dataset_depth/000000001470-segment-1146261869236413282_1680_000_1700_000_with_camera_labels-110.png 1192 664 54
big_dataset_depth/000000001470-segment-1146261869236413282_1680_000_1700_000_with_camera_labels-110.png 1200 656 54
big_dataset_depth/000000001470-segment-1146261869236413282_1680_000_1700_000_with_camera_labels-110.png 1208 656 54
big_dataset_depth/000000001470-segment-1146261869236413282_1680_000_1700_000_with_camera_labels-110.png 1240 600 104
big_dataset_depth/000000001470-segment-1146261869236413282_1680_000_1700_000_with_camera_labels-110.png 1256 608 95
big_dataset_depth/000000001470-segment-1146261869236413282_1680_000_1700_000_with_camera_labels-110.png 1304 696 45
big_dataset_depth/000000001470-segment-1146261869236413282_1680_000_1700_000_with_camera_labels-110.png 1312 696 44
big_dataset_depth/000000001470-segment-1146261869236413282_1680_000_1700_000_with_camera_labels-110.png 1320 704 44
big_dataset_depth/000000001470-segment-1146261869236413282_1680_000_1700_000_with_camera_labels-110.png 1328 712 45
big_dataset_depth/000000001470-segment-1146261869236413282_1680_000_1700_000_with_camera_labels-110.png 1336 720 44
big_dataset_depth/000000001470-segment-1146261869236413282_1680_000_1700_000_with_camera_labels-110.png 1344 720 44
big_dataset_depth/000000001470-segment-1146261869236413282_1680_000_1700_000_with_camera_labels-110.png 1360 912 24
big_dataset_depth/000000001470-segment-1146261869236413282_1680_000_1700_000_with_camera_labels-110.png 1368 896 23
big_dataset_depth/000000001470-segment-1146261869236413282_1680_000_1700_000_with_camera_labels-110.png 1376 920 23
big_dataset_depth/000000001470-segment-1146261869236413282_1680_000_1700_000_with_camera_labels-110.png 1384 936 22
big_dataset_depth/000000001470-segment-1146261869236413282_1680_000_1700_000_with_camera_labels-110.png 1392 920 22
big_dataset_depth/000000001470-segment-1146261869236413282_1680_000_1700_000_with_camera_labels-110.png 1400 912 22
big_dataset_depth/000000001470-segment-1146261869236413282_1680_000_1700_000_with_camera_labels-110.png 1408 928 22
big_dataset_depth/000000001470-segment-1146261869236413282_1680_000_1700_000_with_camera_labels-110.png 1416 920 21
big_dataset_depth/000000001470-segment-1146261869236413282_1680_000_1700_000_with_camera_labels-110.png 1424 928 21
big_dataset_depth/000000001470-segment-1146261869236413282_1680_000_1700_000_with_camera_labels-110.png 1432 944 21
big_dataset_depth/000000001470-segment-1146261869236413282_1680_000_1700_000_with_camera_labels-110.png 1440 904 20
big_dataset_depth/000000001470-segment-1146261869236413282_1680_000_1700_000_with_camera_labels-110.png 1448 960 20
big_dataset_depth/000000001470-segment-1146261869236413282_1680_000_1700_000_with_camera_labels-110.png 1456 944 20
big_dataset_depth/000000001470-segment-1146261869236413282_1680_000_1700_000_with_camera_labels-110.png 1464 944 20
big_dataset_depth/000000001470-segment-1146261869236413282_1680_000_1700_000_with_camera_labels-110.png 1472 952 19
big_dataset_depth/000000001470-segment-1146261869236413282_1680_000_1700_000_with_camera_labels-110.png 1480 992 19
big_dataset_depth/000000001470-segment-1146261869236413282_1680_000_1700_000_with_camera_labels-110.png 1488 1008 19
big_dataset_depth/000000001470-segment-1146261869236413282_1680_000_1700_000_with_camera_labels-110.png 1496 1008 19
big_dataset_depth/000000001470-segment-1146261869236413282_1680_000_1700_000_with_camera_labels-110.png 1504 992 19
big_dataset_depth/000000001470-segment-1146261869236413282_1680_000_1700_000_with_camera_labels-110.png 1512 1008 19
big_dataset_depth/000000001470-segment-1146261869236413282_1680_000_1700_000_with_camera_labels-110.png 1520 960 18
big_dataset_depth/000000001470-segment-1146261869236413282_1680_000_1700_000_with_camera_labels-110.png 1528 1016 19
big_dataset_depth/000000001470-segment-1146261869236413282_1680_000_1700_000_with_camera_labels-110.png 1536 960 18
big_dataset_depth/000000001470-segment-1146261869236413282_1680_000_1700_000_with_camera_labels-110.png 1544 960 18
big_dataset_depth/000000001470-segment-1146261869236413282_1680_000_1700_000_with_camera_labels-110.png 1552 944 18
big_dataset_depth/000000001470-segment-1146261869236413282_1680_000_1700_000_with_camera_labels-110.png 1560 960 18
big_dataset_depth/000000001470-segment-1146261869236413282_1680_000_1700_000_with_camera_labels-110.png 1568 960 18
big_dataset_depth/000000001470-segment-1146261869236413282_1680_000_1700_000_with_camera_labels-110.png 1576 960 18
big_dataset_depth/000000001470-segment-1146261869236413282_1680_000_1700_000_with_camera_labels-110.png 1584 944 18
big_dataset_depth/000000001470-segment-1146261869236413282_1680_000_1700_000_with_camera_labels-110.png 1592 960 18
big_dataset_depth/000000001470-segment-1146261869236413282_1680_000_1700_000_with_camera_labels-110.png 1600 960 18
big_dataset_depth/000000001470-segment-1146261869236413282_1680_000_1700_000_with_camera_labels-110.png 1608 952 18
big_dataset_depth/000000001470-segment-1146261869236413282_1680_000_1700_000_with_camera_labels-110.png 1616 960 18
big_dataset_depth/000000001470-segment-1146261869236413282_1680_000_1700_000_with_camera_labels-110.png 1624 960 18
big_dataset_depth/000000001470-segment-1146261869236413282_1680_000_1700_000_with_camera_labels-110.png 1632 960 18
big_dataset_depth/000000001470-segment-1146261869236413282_1680_000_1700_000_with_camera_labels-110.png 1640 952 18
big_dataset_depth/000000001470-segment-1146261869236413282_1680_000_1700_000_with_camera_labels-110.png 1648 960 18
big_dataset_depth/000000001470-segment-1146261869236413282_1680_000_1700_000_with_camera_labels-110.png 1656 984 19
big_dataset_depth/000000001470-segment-1146261869236413282_1680_000_1700_000_with_camera_labels-110.png 1664 968 18
big_dataset_depth/000000001470-segment-1146261869236413282_1680_000_1700_000_with_camera_labels-110.png 1672 968 18
big_dataset_depth/000000001470-segment-1146261869236413282_1680_000_1700_000_with_camera_labels-110.png 1680 968 18
big_dataset_depth/000000001470-segment-1146261869236413282_1680_000_1700_000_with_camera_labels-110.png 1688 952 18
big_dataset_depth/000000001470-segment-1146261869236413282_1680_000_1700_000_with_camera_labels-110.png 1696 968 18
big_dataset_depth/000000001470-segment-1146261869236413282_1680_000_1700_000_with_camera_labels-110.png 1704 960 18
big_dataset_depth/000000001470-segment-1146261869236413282_1680_000_1700_000_with_camera_labels-110.png 1712 968 19
big_dataset_depth/000000001470-segment-1146261869236413282_1680_000_1700_000_with_camera_labels-110.png 1728 960 18
big_dataset_depth/000000001470-segment-1146261869236413282_1680_000_1700_000_with_camera_labels-110.png 1744 976 19
big_dataset_depth/000000001470-segment-1146261869236413282_1680_000_1700_000_with_camera_labels-110.png 1752 1008 19
big_dataset_depth/000000001470-segment-1146261869236413282_1680_000_1700_000_with_camera_labels-110.png 1760 1008 19
big_dataset_depth/000000001470-segment-1146261869236413282_1680_000_1700_000_with_camera_labels-110.png 1768 1008 19
big_dataset_depth/000000001470-segment-1146261869236413282_1680_000_1700_000_with_camera_labels-110.png 1784 920 18
big_dataset_depth/000000001470-segment-1146261869236413282_1680_000_1700_000_with_camera_labels-110.png 1792 584 86
big_dataset_depth/000000001470-segment-1146261869236413282_1680_000_1700_000_with_camera_labels-110.png 1800 808 30
big_dataset_depth/000000001470-segment-1146261869236413282_1680_000_1700_000_with_camera_labels-110.png 1808 856 30
big_dataset_depth/000000001470-segment-1146261869236413282_1680_000_1700_000_with_camera_labels-110.png 1816 848 31
big_dataset_depth/000000001470-segment-1146261869236413282_1680_000_1700_000_with_camera_labels-110.png 1824 728 53
big_dataset_depth/000000001470-segment-1146261869236413282_1680_000_1700_000_with_camera_labels-110.png 1832 824 36
big_dataset_depth/000000001470-segment-1146261869236413282_1680_000_1700_000_with_camera_labels-110.png 1840 1208 13
big_dataset_depth/000000001470-segment-1146261869236413282_1680_000_1700_000_with_camera_labels-110.png 1848 848 52
big_dataset_depth/000000001470-segment-1146261869236413282_1680_000_1700_000_with_camera_labels-110.png 1856 1264 12
big_dataset_depth/000000001470-segment-1146261869236413282_1680_000_1700_000_with_camera_labels-110.png 1864 1264 12
big_dataset_depth/000000001470-segment-1146261869236413282_1680_000_1700_000_with_camera_labels-110.png 1872 976 34
big_dataset_depth/000000001470-segment-1146261869236413282_1680_000_1700_000_with_camera_labels-110.png 1880 1264 12
big_dataset_depth/000000001470-segment-1146261869236413282_1680_000_1700_000_with_camera_labels-110.png 1888 976 34
big_dataset_depth/000000001470-segment-1146261869236413282_1680_000_1700_000_with_camera_labels-110.png 1896 1240 12
big_dataset_depth/000000001470-segment-1146261869236413282_1680_000_1700_000_with_camera_labels-110.png 1904 808 57
big_dataset_depth/000000001470-segment-1146261869236413282_1680_000_1700_000_with_camera_labels-110.png 1912 688 56
