big_dataset_depth/000000002532-segment-12856053589272984699_1020_000_1040_000_with_camera_labels-150.png 0 712 57
big_dataset_depth/000000002532-segment-12856053589272984699_1020_000_1040_000_with_camera_labels-150.png 8 712 56
big_dataset_depth/000000002532-segment-12856053589272984699_1020_000_1040_000_with_camera_labels-150.png 16 712 57
big_dataset_depth/000000002532-segment-12856053589272984699_1020_000_1040_000_with_camera_labels-150.png 24 712 56
big_dataset_depth/000000002532-segment-12856053589272984699_1020_000_1040_000_with_camera_labels-150.png 32 704 57
big_dataset_depth/000000002532-segment-12856053589272984699_1020_000_1040_000_with_camera_labels-150.png 40 704 56
big_dataset_depth/000000002532-segment-12856053589272984699_1020_000_1040_000_with_camera_labels-150.png 48 704 56
big_dataset_depth/000000002532-segment-12856053589272984699_1020_000_1040_000_with_camera_labels-150.png 56 704 56
big_dataset_depth/000000002532-segment-12856053589272984699_1020_000_1040_000_with_camera_labels-150.png 64 704 56
big_dataset_depth/000000002532-segment-12856053589272984699_1020_000_1040_000_with_camera_labels-150.png 72 696 57
big_dataset_depth/000000002532-segment-12856053589272984699_1020_000_1040_000_with_camera_labels-150.png 80 696 57
big_dataset_depth/000000002532-segment-12856053589272984699_1020_000_1040_000_with_camera_labels-150.png 88 688 57
big_dataset_depth/000000002532-segment-12856053589272984699_1020_000_1040_000_with_camera_labels-150.png 96 688 58
big_dataset_depth/000000002532-segment-12856053589272984699_1020_000_1040_000_with_camera_labels-150.png 104 680 58
big_dataset_depth/000000002532-segment-12856053589272984699_1020_000_1040_000_with_camera_labels-150.png 112 672 59
big_dataset_depth/000000002532-segment-12856053589272984699_1020_000_1040_000_with_camera_labels-150.png 120 672 59
big_dataset_depth/000000002532-segment-12856053589272984699_1020_000_1040_000_with_camera_labels-150.png 128 672 60
big_dataset_depth/000000002532-segment-12856053589272984699_1020_000_1040_000_with_camera_labels-150.png 136 672 60
big_dataset_depth/000000002532-segment-12856053589272984699_1020_000_1040_000_with_camera_labels-150.png 144 664 61
big_dataset_depth/000000002532-segment-12856053589272984699_1020_000_1040_000_with_camera_labels-150.png 152 656 62
big_dataset_depth/000000002532-segment-12856053589272984699_1020_000_1040_000_with_camera_labels-150.png 160 656 62
big_dataset_depth/000000002532-segment-12856053589272984699_1020_000_1040_000_with_camera_labels-150.png 168 656 62
big_dataset_depth/000000002532-segment-12856053589272984699_1020_000_1040_000_with_camera_labels-150.png 176 648 63
big_dataset_depth/000000002532-segment-12856053589272984699_1020_000_1040_000_with_camera_labels-150.png 184 640 64
big_dataset_depth/000000002532-segment-12856053589272984699_1020_000_1040_000_with_camera_labels-150.png 192 640 57
big_dataset_depth/000000002532-segment-12856053589272984699_1020_000_1040_000_with_camera_labels-150.png 200 720 50
big_dataset_depth/000000002532-segment-12856053589272984699_1020_000_1040_000_with_camera_labels-150.png 208 712 50
big_dataset_depth/000000002532-segment-12856053589272984699_1020_000_1040_000_with_camera_labels-150.png 224 632 67
big_dataset_depth/000000002532-segment-12856053589272984699_1020_000_1040_000_with_camera_labels-150.png 232 624 67
big_dataset_depth/000000002532-segment-12856053589272984699_1020_000_1040_000_with_camera_labels-150.png 240 624 68
big_dataset_depth/000000002532-segment-12856053589272984699_1020_000_1040_000_with_camera_labels-150.png 248 736 50
big_dataset_depth/000000002532-segment-12856053589272984699_1020_000_1040_000_with_camera_labels-150.png 256 672 59
big_dataset_depth/000000002532-segment-12856053589272984699_1020_000_1040_000_with_camera_labels-150.png 264 736 50
big_dataset_depth/000000002532-segment-12856053589272984699_1020_000_1040_000_with_camera_labels-150.png 272 736 50
big_dataset_depth/000000002532-segment-12856053589272984699_1020_000_1040_000_with_camera_labels-150.png 280 728 50
big_dataset_depth/000000002532-segment-12856053589272984699_1020_000_1040_000_with_camera_labels-150.png 288 592 73
big_dataset_depth/000000002532-segment-12856053589272984699_1020_000_1040_000_with_camera_labels-150.png 296 592 73
big_dataset_depth/000000002532-segment-12856053589272984699_1020_000_1040_000_with_camera_labels-150.png 304 592 74
big_dataset_depth/000000002532-segment-12856053589272984699_1020_000_1040_000_with_camera_labels-150.png 312 672 56
big_dataset_depth/000000002532-segment-12856053589272984699_1020_000_1040_000_with_camera_labels-150.png 320 664 56
big_dataset_depth/000000002532-segment-12856053589272984699_1020_000_1040_000_with_camera_labels-150.png 328 680 56
big_dataset_depth/000000002532-segment-12856053589272984699_1020_000_1040_000_with_camera_labels-150.png 336 664 56
big_dataset_depth/000000002532-segment-12856053589272984699_1020_000_1040_000_with_camera_labels-150.png 344 664 55
big_dataset_depth/000000002532-segment-12856053589272984699_1020_000_1040_000_with_camera_labels-150.png 352 672 57
big_dataset_depth/000000002532-segment-12856053589272984699_1020_000_1040_000_with_camera_labels-150.png 360 672 57
big_dataset_depth/000000002532-segment-12856053589272984699_1020_000_1040_000_with_camera_labels-150.png 376 688 55
big_dataset_depth/000000002532-segment-12856053589272984699_1020_000_1040_000_with_camera_labels-150.png 384 688 55
big_dataset_depth/000000002532-segment-12856053589272984699_1020_000_1040_000_with_camera_labels-150.png 392 688 55
big_dataset_depth/000000002532-segment-12856053589272984699_1020_000_1040_000_with_camera_labels-150.png 400 672 58
big_dataset_depth/000000002532-segment-12856053589272984699_1020_000_1040_000_with_camera_labels-150.png 416 624 65
big_dataset_depth/000000002532-segment-12856053589272984699_1020_000_1040_000_with_camera_labels-150.png 424 624 65
big_dataset_depth/000000002532-segment-12856053589272984699_1020_000_1040_000_with_camera_labels-150.png 432 680 55
big_dataset_depth/000000002532-segment-12856053589272984699_1020_000_1040_000_with_camera_labels-150.png 440 688 55
big_dataset_depth/000000002532-segment-12856053589272984699_1020_000_1040_000_with_camera_labels-150.png 448 672 55
big_dataset_depth/000000002532-segment-12856053589272984699_1020_000_1040_000_with_camera_labels-150.png 456 672 55
big_dataset_depth/000000002532-segment-12856053589272984699_1020_000_1040_000_with_camera_labels-150.png 464 680 54
big_dataset_depth/000000002532-segment-12856053589272984699_1020_000_1040_000_with_camera_labels-150.png 472 680 55
big_dataset_depth/000000002532-segment-12856053589272984699_1020_000_1040_000_with_camera_labels-150.png 480 680 54
big_dataset_depth/000000002532-segment-12856053589272984699_1020_000_1040_000_with_camera_labels-150.png 488 680 55
big_dataset_depth/000000002532-segment-12856053589272984699_1020_000_1040_000_with_camera_labels-150.png 496 664 55
big_dataset_depth/000000002532-segment-12856053589272984699_1020_000_1040_000_with_camera_labels-150.png 504 664 54
big_dataset_depth/000000002532-segment-12856053589272984699_1020_000_1040_000_with_camera_labels-150.png 512 664 54
big_dataset_depth/000000002532-segment-12856053589272984699_1020_000_1040_000_with_camera_labels-150.png 520 664 54
big_dataset_depth/000000002532-segment-12856053589272984699_1020_000_1040_000_with_camera_labels-150.png 528 672 55
big_dataset_depth/000000002532-segment-12856053589272984699_1020_000_1040_000_with_camera_labels-150.png 536 664 55
big_dataset_depth/000000002532-segment-12856053589272984699_1020_000_1040_000_with_camera_labels-150.png 544 664 56
big_dataset_depth/000000002532-segment-12856053589272984699_1020_000_1040_000_with_camera_labels-150.png 552 648 58
big_dataset_depth/000000002532-segment-12856053589272984699_1020_000_1040_000_with_camera_labels-150.png 560 640 59
big_dataset_depth/000000002532-segment-12856053589272984699_1020_000_1040_000_with_camera_labels-150.png 712 968 15
big_dataset_depth/000000002532-segment-12856053589272984699_1020_000_1040_000_with_camera_labels-150.png 720 1040 16
big_dataset_depth/000000002532-segment-12856053589272984699_1020_000_1040_000_with_camera_labels-150.png 728 1088 16
big_dataset_depth/000000002532-segment-12856053589272984699_1020_000_1040_000_with_camera_labels-150.png 736 1080 17
big_dataset_depth/000000002532-segment-12856053589272984699_1020_000_1040_000_with_camera_labels-150.png 744 1088 16
big_dataset_depth/000000002532-segment-12856053589272984699_1020_000_1040_000_with_camera_labels-150.png 752 1064 16
big_dataset_depth/000000002532-segment-12856053589272984699_1020_000_1040_000_with_camera_labels-150.png 768 1088 16
big_dataset_depth/000000002532-segment-12856053589272984699_1020_000_1040_000_with_camera_labels-150.png 776 1080 17
big_dataset_depth/000000002532-segment-12856053589272984699_1020_000_1040_000_with_camera_labels-150.png 784 1080 17
big_dataset_depth/000000002532-segment-12856053589272984699_1020_000_1040_000_with_camera_labels-150.png 792 1000 15
big_dataset_depth/000000002532-segment-12856053589272984699_1020_000_1040_000_with_camera_labels-150.png 800 1024 15
big_dataset_depth/000000002532-segment-12856053589272984699_1020_000_1040_000_with_camera_labels-150.png 808 1008 15
big_dataset_depth/000000002532-segment-12856053589272984699_1020_000_1040_000_with_camera_labels-150.png 816 1008 15
big_dataset_depth/000000002532-segment-12856053589272984699_1020_000_1040_000_with_camera_labels-150.png 824 1024 15
big_dataset_depth/000000002532-segment-12856053589272984699_1020_000_1040_000_with_camera_labels-150.png 832 1024 15
big_dataset_depth/000000002532-segment-12856053589272984699_1020_000_1040_000_with_camera_labels-150.png 840 1024 15
big_dataset_depth/000000002532-segment-12856053589272984699_1020_000_1040_000_with_camera_labels-150.png 848 1000 15
big_dataset_depth/000000002532-segment-12856053589272984699_1020_000_1040_000_with_camera_labels-150.png 856 1016 15
big_dataset_depth/000000002532-segment-12856053589272984699_1020_000_1040_000_with_camera_labels-150.png 864 1016 15
big_dataset_depth/000000002532-segment-12856053589272984699_1020_000_1040_000_with_camera_labels-150.png 872 1040 15
big_dataset_depth/000000002532-segment-12856053589272984699_1020_000_1040_000_with_camera_labels-150.png 880 1064 16
big_dataset_depth/000000002532-segment-12856053589272984699_1020_000_1040_000_with_camera_labels-150.png 888 1040 15
big_dataset_depth/000000002532-segment-12856053589272984699_1020_000_1040_000_with_camera_labels-150.png 896 1040 15
big_dataset_depth/000000002532-segment-12856053589272984699_1020_000_1040_000_with_camera_labels-150.png 904 1048 16
big_dataset_depth/000000002532-segment-12856053589272984699_1020_000_1040_000_with_camera_labels-150.png 912 1120 15
big_dataset_depth/000000002532-segment-12856053589272984699_1020_000_1040_000_with_camera_labels-150.png 920 1040 15
big_dataset_depth/000000002532-segment-12856053589272984699_1020_000_1040_000_with_camera_labels-150.png 928 1040 15
big_dataset_depth/000000002532-segment-12856053589272984699_1020_000_1040_000_with_camera_labels-150.png 936 1096 16
big_dataset_depth/000000002532-segment-12856053589272984699_1020_000_1040_000_with_camera_labels-150.png 944 1032 15
big_dataset_depth/000000002532-segment-12856053589272984699_1020_000_1040_000_with_camera_labels-150.png 952 1016 15
big_dataset_depth/000000002532-segment-12856053589272984699_1020_000_1040_000_with_camera_labels-150.png 960 1016 15
big_dataset_depth/000000002532-segment-12856053589272984699_1020_000_1040_000_with_camera_labels-150.png 968 1016 15
big_dataset_depth/000000002532-segment-12856053589272984699_1020_000_1040_000_with_camera_labels-150.png 976 1016 15
big_dataset_depth/000000002532-segment-12856053589272984699_1020_000_1040_000_with_camera_labels-150.png 984 1016 15
big_dataset_depth/000000002532-segment-12856053589272984699_1020_000_1040_000_with_camera_labels-150.png 992 1096 16
big_dataset_depth/000000002532-segment-12856053589272984699_1020_000_1040_000_with_camera_labels-150.png 1000 1016 15
big_dataset_depth/000000002532-segment-12856053589272984699_1020_000_1040_000_with_camera_labels-150.png 1008 1016 15
big_dataset_depth/000000002532-segment-12856053589272984699_1020_000_1040_000_with_camera_labels-150.png 1016 1016 15
big_dataset_depth/000000002532-segment-12856053589272984699_1020_000_1040_000_with_camera_labels-150.png 1024 1040 18
big_dataset_depth/000000002532-segment-12856053589272984699_1020_000_1040_000_with_camera_labels-150.png 1032 1008 15
big_dataset_depth/000000002532-segment-12856053589272984699_1020_000_1040_000_with_camera_labels-150.png 1040 1008 15
big_dataset_depth/000000002532-segment-12856053589272984699_1020_000_1040_000_with_camera_labels-150.png 1048 992 15
big_dataset_depth/000000002532-segment-12856053589272984699_1020_000_1040_000_with_camera_labels-150.png 1056 1016 16
big_dataset_depth/000000002532-segment-12856053589272984699_1020_000_1040_000_with_camera_labels-150.png 1064 1056 17
big_dataset_depth/000000002532-segment-12856053589272984699_1020_000_1040_000_with_camera_labels-150.png 1072 1080 16
big_dataset_depth/000000002532-segment-12856053589272984699_1020_000_1040_000_with_camera_labels-150.png 1080 1088 16
big_dataset_depth/000000002532-segment-12856053589272984699_1020_000_1040_000_with_camera_labels-150.png 1088 1072 16
big_dataset_depth/000000002532-segment-12856053589272984699_1020_000_1040_000_with_camera_labels-150.png 1096 1080 16
big_dataset_depth/000000002532-segment-12856053589272984699_1020_000_1040_000_with_camera_labels-150.png 1104 1080 16
big_dataset_depth/000000002532-segment-12856053589272984699_1020_000_1040_000_with_camera_labels-150.png 1112 1080 16
big_dataset_depth/000000002532-segment-12856053589272984699_1020_000_1040_000_with_camera_labels-150.png 1120 1080 16
big_dataset_depth/000000002532-segment-12856053589272984699_1020_000_1040_000_with_camera_labels-150.png 1128 928 31
big_dataset_depth/000000002532-segment-12856053589272984699_1020_000_1040_000_with_camera_labels-150.png 1136 880 31
big_dataset_depth/000000002532-segment-12856053589272984699_1020_000_1040_000_with_camera_labels-150.png 1144 616 60
big_dataset_depth/000000002532-segment-12856053589272984699_1020_000_1040_000_with_camera_labels-150.png 1152 616 60
big_dataset_depth/000000002532-segment-12856053589272984699_1020_000_1040_000_with_camera_labels-150.png 1160 624 60
big_dataset_depth/000000002532-segment-12856053589272984699_1020_000_1040_000_with_camera_labels-150.png 1168 608 60
big_dataset_depth/000000002532-segment-12856053589272984699_1020_000_1040_000_with_camera_labels-150.png 1296 680 50
big_dataset_depth/000000002532-segment-12856053589272984699_1020_000_1040_000_with_camera_labels-150.png 1304 696 48
big_dataset_depth/000000002532-segment-12856053589272984699_1020_000_1040_000_with_camera_labels-150.png 1312 680 50
big_dataset_depth/000000002532-segment-12856053589272984699_1020_000_1040_000_with_camera_labels-150.png 1320 696 48
big_dataset_depth/000000002532-segment-12856053589272984699_1020_000_1040_000_with_camera_labels-150.png 1328 696 48
big_dataset_depth/000000002532-segment-12856053589272984699_1020_000_1040_000_with_camera_labels-150.png 1336 696 48
big_dataset_depth/000000002532-segment-12856053589272984699_1020_000_1040_000_with_camera_labels-150.png 1344 696 48
big_dataset_depth/000000002532-segment-12856053589272984699_1020_000_1040_000_with_camera_labels-150.png 1352 696 48
big_dataset_depth/000000002532-segment-12856053589272984699_1020_000_1040_000_with_camera_labels-150.png 1360 696 48
big_dataset_depth/000000002532-segment-12856053589272984699_1020_000_1040_000_with_camera_labels-150.png 1376 696 47
big_dataset_depth/000000002532-segment-12856053589272984699_1020_000_1040_000_with_camera_labels-150.png 1384 696 47
big_dataset_depth/000000002532-segment-12856053589272984699_1020_000_1040_000_with_camera_labels-150.png 1392 696 47
big_dataset_depth/000000002532-segment-12856053589272984699_1020_000_1040_000_with_camera_labels-150.png 1400 696 47
big_dataset_depth/000000002532-segment-12856053589272984699_1020_000_1040_000_with_camera_labels-150.png 1408 696 47
big_dataset_depth/000000002532-segment-12856053589272984699_1020_000_1040_000_with_camera_labels-150.png 1416 696 47
big_dataset_depth/000000002532-segment-12856053589272984699_1020_000_1040_000_with_camera_labels-150.png 1424 696 47
big_dataset_depth/000000002532-segment-12856053589272984699_1020_000_1040_000_with_camera_labels-150.png 1440 592 66
big_dataset_depth/000000002532-segment-12856053589272984699_1020_000_1040_000_with_camera_labels-150.png 1448 592 66
big_dataset_depth/000000002532-segment-12856053589272984699_1020_000_1040_000_with_camera_labels-150.png 1456 592 65
big_dataset_depth/000000002532-segment-12856053589272984699_1020_000_1040_000_with_camera_labels-150.png 1464 592 65
big_dataset_depth/000000002532-segment-12856053589272984699_1020_000_1040_000_with_camera_labels-150.png 1472 600 63
big_dataset_depth/000000002532-segment-12856053589272984699_1020_000_1040_000_with_camera_labels-150.png 1480 600 62
big_dataset_depth/000000002532-segment-12856053589272984699_1020_000_1040_000_with_camera_labels-150.png 1488 608 62
big_dataset_depth/000000002532-segment-12856053589272984699_1020_000_1040_000_with_camera_labels-150.png 1496 600 61
big_dataset_depth/000000002532-segment-12856053589272984699_1020_000_1040_000_with_camera_labels-150.png 1504 608 60
big_dataset_depth/000000002532-segment-12856053589272984699_1020_000_1040_000_with_camera_labels-150.png 1512 624 58
big_dataset_depth/000000002532-segment-12856053589272984699_1020_000_1040_000_with_camera_labels-150.png 1520 624 58
big_dataset_depth/000000002532-segment-12856053589272984699_1020_000_1040_000_with_camera_labels-150.png 1536 624 57
big_dataset_depth/000000002532-segment-12856053589272984699_1020_000_1040_000_with_camera_labels-150.png 1552 624 57
big_dataset_depth/000000002532-segment-12856053589272984699_1020_000_1040_000_with_camera_labels-150.png 1560 920 24
big_dataset_depth/000000002532-segment-12856053589272984699_1020_000_1040_000_with_camera_labels-150.png 1568 920 24
big_dataset_depth/000000002532-segment-12856053589272984699_1020_000_1040_000_with_camera_labels-150.png 1584 936 24
big_dataset_depth/000000002532-segment-12856053589272984699_1020_000_1040_000_with_camera_labels-150.png 1592 936 23
big_dataset_depth/000000002532-segment-12856053589272984699_1020_000_1040_000_with_camera_labels-150.png 1600 680 48
big_dataset_depth/000000002532-segment-12856053589272984699_1020_000_1040_000_with_camera_labels-150.png 1608 800 38
big_dataset_depth/000000002532-segment-12856053589272984699_1020_000_1040_000_with_camera_labels-150.png 1616 952 23
big_dataset_depth/000000002532-segment-12856053589272984699_1020_000_1040_000_with_camera_labels-150.png 1624 952 23
big_dataset_depth/000000002532-segment-12856053589272984699_1020_000_1040_000_with_camera_labels-150.png 1632 952 22
big_dataset_depth/000000002532-segment-12856053589272984699_1020_000_1040_000_with_camera_labels-150.png 1640 664 46
big_dataset_depth/000000002532-segment-12856053589272984699_1020_000_1040_000_with_camera_labels-150.png 1656 584 24
big_dataset_depth/000000002532-segment-12856053589272984699_1020_000_1040_000_with_camera_labels-150.png 1680 816 23
big_dataset_depth/000000002532-segment-12856053589272984699_1020_000_1040_000_with_camera_labels-150.png 1696 992 21
big_dataset_depth/000000002532-segment-12856053589272984699_1020_000_1040_000_with_camera_labels-150.png 1704 992 21
big_dataset_depth/000000002532-segment-12856053589272984699_1020_000_1040_000_with_camera_labels-150.png 1712 960 21
big_dataset_depth/000000002532-segment-12856053589272984699_1020_000_1040_000_with_camera_labels-150.png 1720 944 22
big_dataset_depth/000000002532-segment-12856053589272984699_1020_000_1040_000_with_camera_labels-150.png 1728 1008 20
big_dataset_depth/000000002532-segment-12856053589272984699_1020_000_1040_000_with_camera_labels-150.png 1736 1008 20
big_dataset_depth/000000002532-segment-12856053589272984699_1020_000_1040_000_with_camera_labels-150.png 1744 1008 20
big_dataset_depth/000000002532-segment-12856053589272984699_1020_000_1040_000_with_camera_labels-150.png 1752 1008 20
big_dataset_depth/000000002532-segment-12856053589272984699_1020_000_1040_000_with_camera_labels-150.png 1760 1016 19
big_dataset_depth/000000002532-segment-12856053589272984699_1020_000_1040_000_with_camera_labels-150.png 1768 1000 20
big_dataset_depth/000000002532-segment-12856053589272984699_1020_000_1040_000_with_camera_labels-150.png 1776 672 46
big_dataset_depth/000000002532-segment-12856053589272984699_1020_000_1040_000_with_camera_labels-150.png 1784 1032 19
big_dataset_depth/000000002532-segment-12856053589272984699_1020_000_1040_000_with_camera_labels-150.png 1800 1040 19
big_dataset_depth/000000002532-segment-12856053589272984699_1020_000_1040_000_with_camera_labels-150.png 1808 1032 19
big_dataset_depth/000000002532-segment-12856053589272984699_1020_000_1040_000_with_camera_labels-150.png 1816 1056 18
big_dataset_depth/000000002532-segment-12856053589272984699_1020_000_1040_000_with_camera_labels-150.png 1824 1056 18
big_dataset_depth/000000002532-segment-12856053589272984699_1020_000_1040_000_with_camera_labels-150.png 1832 1056 18
big_dataset_depth/000000002532-segment-12856053589272984699_1020_000_1040_000_with_camera_labels-150.png 1848 648 47
big_dataset_depth/000000002532-segment-12856053589272984699_1020_000_1040_000_with_camera_labels-150.png 1856 1072 18
big_dataset_depth/000000002532-segment-12856053589272984699_1020_000_1040_000_with_camera_labels-150.png 1864 896 28
big_dataset_depth/000000002532-segment-12856053589272984699_1020_000_1040_000_with_camera_labels-150.png 1872 928 27
big_dataset_depth/000000002532-segment-12856053589272984699_1020_000_1040_000_with_camera_labels-150.png 1880 864 33
big_dataset_depth/000000002532-segment-12856053589272984699_1020_000_1040_000_with_camera_labels-150.png 1888 1032 19
big_dataset_depth/000000002532-segment-12856053589272984699_1020_000_1040_000_with_camera_labels-150.png 1896 896 29
big_dataset_depth/000000002532-segment-12856053589272984699_1020_000_1040_000_with_camera_labels-150.png 1904 904 28
big_dataset_depth/000000002532-segment-12856053589272984699_1020_000_1040_000_with_camera_labels-150.png 1912 640 47
