big_dataset_depth/000000000803-segment-10734565072045778791_440_000_460_000_with_camera_labels-30.png 0 856 54
big_dataset_depth/000000000803-segment-10734565072045778791_440_000_460_000_with_camera_labels-30.png 8 968 32
big_dataset_depth/000000000803-segment-10734565072045778791_440_000_460_000_with_camera_labels-30.png 16 920 40
big_dataset_depth/000000000803-segment-10734565072045778791_440_000_460_000_with_camera_labels-30.png 24 952 33
big_dataset_depth/000000000803-segment-10734565072045778791_440_000_460_000_with_camera_labels-30.png 32 776 62
big_dataset_depth/000000000803-segment-10734565072045778791_440_000_460_000_with_camera_labels-30.png 40 952 31
big_dataset_depth/000000000803-segment-10734565072045778791_440_000_460_000_with_camera_labels-30.png 48 968 26
big_dataset_depth/000000000803-segment-10734565072045778791_440_000_460_000_with_camera_labels-30.png 64 992 25
big_dataset_depth/000000000803-segment-10734565072045778791_440_000_460_000_with_camera_labels-30.png 72 936 30
big_dataset_depth/000000000803-segment-10734565072045778791_440_000_460_000_with_camera_labels-30.png 80 992 25
big_dataset_depth/000000000803-segment-10734565072045778791_440_000_460_000_with_camera_labels-30.png 88 1000 25
big_dataset_depth/000000000803-segment-10734565072045778791_440_000_460_000_with_camera_labels-30.png 96 1000 25
big_dataset_depth/000000000803-segment-10734565072045778791_440_000_460_000_with_camera_labels-30.png 104 992 25
big_dataset_depth/000000000803-segment-10734565072045778791_440_000_460_000_with_camera_labels-30.png 112 1000 25
big_dataset_depth/000000000803-segment-10734565072045778791_440_000_460_000_with_camera_labels-30.png 120 1000 25
big_dataset_depth/000000000803-segment-10734565072045778791_440_000_460_000_with_camera_labels-30.png 128 1000 25
big_dataset_depth/000000000803-segment-10734565072045778791_440_000_460_000_with_camera_labels-30.png 136 1000 26
big_dataset_depth/000000000803-segment-10734565072045778791_440_000_460_000_with_camera_labels-30.png 144 1000 26
big_dataset_depth/000000000803-segment-10734565072045778791_440_000_460_000_with_camera_labels-30.png 160 944 30
big_dataset_depth/000000000803-segment-10734565072045778791_440_000_460_000_with_camera_labels-30.png 176 872 34
big_dataset_depth/000000000803-segment-10734565072045778791_440_000_460_000_with_camera_labels-30.png 184 928 31
big_dataset_depth/000000000803-segment-10734565072045778791_440_000_460_000_with_camera_labels-30.png 192 928 34
big_dataset_depth/000000000803-segment-10734565072045778791_440_000_460_000_with_camera_labels-30.png 200 960 30
big_dataset_depth/000000000803-segment-10734565072045778791_440_000_460_000_with_camera_labels-30.png 208 1024 19
big_dataset_depth/000000000803-segment-10734565072045778791_440_000_460_000_with_camera_labels-30.png 216 960 26
big_dataset_depth/000000000803-segment-10734565072045778791_440_000_460_000_with_camera_labels-30.png 224 984 27
big_dataset_depth/000000000803-segment-10734565072045778791_440_000_460_000_with_camera_labels-30.png 232 1120 19
big_dataset_depth/000000000803-segment-10734565072045778791_440_000_460_000_with_camera_labels-30.png 240 1000 26
big_dataset_depth/000000000803-segment-10734565072045778791_440_000_460_000_with_camera_labels-30.png 248 1112 19
big_dataset_depth/000000000803-segment-10734565072045778791_440_000_460_000_with_camera_labels-30.png 256 1128 19
big_dataset_depth/000000000803-segment-10734565072045778791_440_000_460_000_with_camera_labels-30.png 264 1120 19
big_dataset_depth/000000000803-segment-10734565072045778791_440_000_460_000_with_camera_labels-30.png 272 1112 19
big_dataset_depth/000000000803-segment-10734565072045778791_440_000_460_000_with_camera_labels-30.png 280 1088 19
big_dataset_depth/000000000803-segment-10734565072045778791_440_000_460_000_with_camera_labels-30.png 288 1072 18
big_dataset_depth/000000000803-segment-10734565072045778791_440_000_460_000_with_camera_labels-30.png 296 1064 18
big_dataset_depth/000000000803-segment-10734565072045778791_440_000_460_000_with_camera_labels-30.png 304 1152 18
big_dataset_depth/000000000803-segment-10734565072045778791_440_000_460_000_with_camera_labels-30.png 312 1088 18
big_dataset_depth/000000000803-segment-10734565072045778791_440_000_460_000_with_camera_labels-30.png 320 1080 18
big_dataset_depth/000000000803-segment-10734565072045778791_440_000_460_000_with_camera_labels-30.png 328 1088 18
big_dataset_depth/000000000803-segment-10734565072045778791_440_000_460_000_with_camera_labels-30.png 336 1088 18
big_dataset_depth/000000000803-segment-10734565072045778791_440_000_460_000_with_camera_labels-30.png 344 1072 18
big_dataset_depth/000000000803-segment-10734565072045778791_440_000_460_000_with_camera_labels-30.png 352 1128 19
big_dataset_depth/000000000803-segment-10734565072045778791_440_000_460_000_with_camera_labels-30.png 360 1088 18
big_dataset_depth/000000000803-segment-10734565072045778791_440_000_460_000_with_camera_labels-30.png 368 1072 18
big_dataset_depth/000000000803-segment-10734565072045778791_440_000_460_000_with_camera_labels-30.png 376 1088 18
big_dataset_depth/000000000803-segment-10734565072045778791_440_000_460_000_with_camera_labels-30.png 384 1128 19
big_dataset_depth/000000000803-segment-10734565072045778791_440_000_460_000_with_camera_labels-30.png 392 1112 19
big_dataset_depth/000000000803-segment-10734565072045778791_440_000_460_000_with_camera_labels-30.png 400 1088 18
big_dataset_depth/000000000803-segment-10734565072045778791_440_000_460_000_with_camera_labels-30.png 408 1144 18
big_dataset_depth/000000000803-segment-10734565072045778791_440_000_460_000_with_camera_labels-30.png 416 1104 18
big_dataset_depth/000000000803-segment-10734565072045778791_440_000_460_000_with_camera_labels-30.png 424 1080 18
big_dataset_depth/000000000803-segment-10734565072045778791_440_000_460_000_with_camera_labels-30.png 432 1136 18
big_dataset_depth/000000000803-segment-10734565072045778791_440_000_460_000_with_camera_labels-30.png 440 1080 18
big_dataset_depth/000000000803-segment-10734565072045778791_440_000_460_000_with_camera_labels-30.png 448 1072 18
big_dataset_depth/000000000803-segment-10734565072045778791_440_000_460_000_with_camera_labels-30.png 464 1088 18
big_dataset_depth/000000000803-segment-10734565072045778791_440_000_460_000_with_camera_labels-30.png 472 1056 18
big_dataset_depth/000000000803-segment-10734565072045778791_440_000_460_000_with_camera_labels-30.png 480 1112 18
big_dataset_depth/000000000803-segment-10734565072045778791_440_000_460_000_with_camera_labels-30.png 488 1056 18
big_dataset_depth/000000000803-segment-10734565072045778791_440_000_460_000_with_camera_labels-30.png 496 1112 19
big_dataset_depth/000000000803-segment-10734565072045778791_440_000_460_000_with_camera_labels-30.png 504 1104 19
big_dataset_depth/000000000803-segment-10734565072045778791_440_000_460_000_with_camera_labels-30.png 512 1120 18
big_dataset_depth/000000000803-segment-10734565072045778791_440_000_460_000_with_camera_labels-30.png 520 1120 18
big_dataset_depth/000000000803-segment-10734565072045778791_440_000_460_000_with_camera_labels-30.png 528 1112 18
big_dataset_depth/000000000803-segment-10734565072045778791_440_000_460_000_with_camera_labels-30.png 536 1120 18
big_dataset_depth/000000000803-segment-10734565072045778791_440_000_460_000_with_camera_labels-30.png 544 1120 18
big_dataset_depth/000000000803-segment-10734565072045778791_440_000_460_000_with_camera_labels-30.png 552 1080 18
big_dataset_depth/000000000803-segment-10734565072045778791_440_000_460_000_with_camera_labels-30.png 560 1040 19
big_dataset_depth/000000000803-segment-10734565072045778791_440_000_460_000_with_camera_labels-30.png 568 1024 19
big_dataset_depth/000000000803-segment-10734565072045778791_440_000_460_000_with_camera_labels-30.png 576 1024 20
big_dataset_depth/000000000803-segment-10734565072045778791_440_000_460_000_with_camera_labels-30.png 584 1024 20
big_dataset_depth/000000000803-segment-10734565072045778791_440_000_460_000_with_camera_labels-30.png 592 1080 22
big_dataset_depth/000000000803-segment-10734565072045778791_440_000_460_000_with_camera_labels-30.png 600 1080 22
big_dataset_depth/000000000803-segment-10734565072045778791_440_000_460_000_with_camera_labels-30.png 608 1072 22
big_dataset_depth/000000000803-segment-10734565072045778791_440_000_460_000_with_camera_labels-30.png 616 1080 22
big_dataset_depth/000000000803-segment-10734565072045778791_440_000_460_000_with_camera_labels-30.png 624 1080 22
big_dataset_depth/000000000803-segment-10734565072045778791_440_000_460_000_with_camera_labels-30.png 632 1064 22
big_dataset_depth/000000000803-segment-10734565072045778791_440_000_460_000_with_camera_labels-30.png 640 1016 22
big_dataset_depth/000000000803-segment-10734565072045778791_440_000_460_000_with_camera_labels-30.png 656 1000 30
big_dataset_depth/000000000803-segment-10734565072045778791_440_000_460_000_with_camera_labels-30.png 664 1000 30
big_dataset_depth/000000000803-segment-10734565072045778791_440_000_460_000_with_camera_labels-30.png 672 1016 30
big_dataset_depth/000000000803-segment-10734565072045778791_440_000_460_000_with_camera_labels-30.png 680 1000 31
big_dataset_depth/000000000803-segment-10734565072045778791_440_000_460_000_with_camera_labels-30.png 688 1000 30
big_dataset_depth/000000000803-segment-10734565072045778791_440_000_460_000_with_camera_labels-30.png 696 1000 30
big_dataset_depth/000000000803-segment-10734565072045778791_440_000_460_000_with_camera_labels-30.png 704 992 30
big_dataset_depth/000000000803-segment-10734565072045778791_440_000_460_000_with_camera_labels-30.png 712 1000 30
big_dataset_depth/000000000803-segment-10734565072045778791_440_000_460_000_with_camera_labels-30.png 720 992 32
big_dataset_depth/000000000803-segment-10734565072045778791_440_000_460_000_with_camera_labels-30.png 728 1032 24
big_dataset_depth/000000000803-segment-10734565072045778791_440_000_460_000_with_camera_labels-30.png 736 984 32
big_dataset_depth/000000000803-segment-10734565072045778791_440_000_460_000_with_camera_labels-30.png 744 952 32
big_dataset_depth/000000000803-segment-10734565072045778791_440_000_460_000_with_camera_labels-30.png 752 976 32
big_dataset_depth/000000000803-segment-10734565072045778791_440_000_460_000_with_camera_labels-30.png 760 960 32
big_dataset_depth/000000000803-segment-10734565072045778791_440_000_460_000_with_camera_labels-30.png 768 976 31
big_dataset_depth/000000000803-segment-10734565072045778791_440_000_460_000_with_camera_labels-30.png 776 960 31
big_dataset_depth/000000000803-segment-10734565072045778791_440_000_460_000_with_camera_labels-30.png 784 1032 19
big_dataset_depth/000000000803-segment-10734565072045778791_440_000_460_000_with_camera_labels-30.png 792 992 25
big_dataset_depth/000000000803-segment-10734565072045778791_440_000_460_000_with_camera_labels-30.png 808 936 32
big_dataset_depth/000000000803-segment-10734565072045778791_440_000_460_000_with_camera_labels-30.png 816 928 32
big_dataset_depth/000000000803-segment-10734565072045778791_440_000_460_000_with_camera_labels-30.png 824 1032 18
big_dataset_depth/000000000803-segment-10734565072045778791_440_000_460_000_with_camera_labels-30.png 832 992 23
big_dataset_depth/000000000803-segment-10734565072045778791_440_000_460_000_with_camera_labels-30.png 840 1016 19
big_dataset_depth/000000000803-segment-10734565072045778791_440_000_460_000_with_camera_labels-30.png 856 888 33
big_dataset_depth/000000000803-segment-10734565072045778791_440_000_460_000_with_camera_labels-30.png 864 936 33
big_dataset_depth/000000000803-segment-10734565072045778791_440_000_460_000_with_camera_labels-30.png 872 960 26
big_dataset_depth/000000000803-segment-10734565072045778791_440_000_460_000_with_camera_labels-30.png 880 1016 19
big_dataset_depth/000000000803-segment-10734565072045778791_440_000_460_000_with_camera_labels-30.png 888 1032 19
big_dataset_depth/000000000803-segment-10734565072045778791_440_000_460_000_with_camera_labels-30.png 896 1024 19
big_dataset_depth/000000000803-segment-10734565072045778791_440_000_460_000_with_camera_labels-30.png 904 1032 19
big_dataset_depth/000000000803-segment-10734565072045778791_440_000_460_000_with_camera_labels-30.png 912 1032 19
big_dataset_depth/000000000803-segment-10734565072045778791_440_000_460_000_with_camera_labels-30.png 920 1024 19
big_dataset_depth/000000000803-segment-10734565072045778791_440_000_460_000_with_camera_labels-30.png 928 920 24
big_dataset_depth/000000000803-segment-10734565072045778791_440_000_460_000_with_camera_labels-30.png 936 944 21
big_dataset_depth/000000000803-segment-10734565072045778791_440_000_460_000_with_camera_labels-30.png 944 968 22
big_dataset_depth/000000000803-segment-10734565072045778791_440_000_460_000_with_camera_labels-30.png 952 920 23
big_dataset_depth/000000000803-segment-10734565072045778791_440_000_460_000_with_camera_labels-30.png 960 952 22
big_dataset_depth/000000000803-segment-10734565072045778791_440_000_460_000_with_camera_labels-30.png 968 952 22
big_dataset_depth/000000000803-segment-10734565072045778791_440_000_460_000_with_camera_labels-30.png 976 968 21
big_dataset_depth/000000000803-segment-10734565072045778791_440_000_460_000_with_camera_labels-30.png 984 944 22
big_dataset_depth/000000000803-segment-10734565072045778791_440_000_460_000_with_camera_labels-30.png 992 968 21
big_dataset_depth/000000000803-segment-10734565072045778791_440_000_460_000_with_camera_labels-30.png 1000 960 21
big_dataset_depth/000000000803-segment-10734565072045778791_440_000_460_000_with_camera_labels-30.png 1008 968 20
big_dataset_depth/000000000803-segment-10734565072045778791_440_000_460_000_with_camera_labels-30.png 1016 984 20
big_dataset_depth/000000000803-segment-10734565072045778791_440_000_460_000_with_camera_labels-30.png 1024 976 20
big_dataset_depth/000000000803-segment-10734565072045778791_440_000_460_000_with_camera_labels-30.png 1032 984 20
big_dataset_depth/000000000803-segment-10734565072045778791_440_000_460_000_with_camera_labels-30.png 1040 984 20
big_dataset_depth/000000000803-segment-10734565072045778791_440_000_460_000_with_camera_labels-30.png 1048 976 20
big_dataset_depth/000000000803-segment-10734565072045778791_440_000_460_000_with_camera_labels-30.png 1056 968 21
big_dataset_depth/000000000803-segment-10734565072045778791_440_000_460_000_with_camera_labels-30.png 1064 984 20
big_dataset_depth/000000000803-segment-10734565072045778791_440_000_460_000_with_camera_labels-30.png 1072 936 22
big_dataset_depth/000000000803-segment-10734565072045778791_440_000_460_000_with_camera_labels-30.png 1080 928 23
big_dataset_depth/000000000803-segment-10734565072045778791_440_000_460_000_with_camera_labels-30.png 1096 1248 13
big_dataset_depth/000000000803-segment-10734565072045778791_440_000_460_000_with_camera_labels-30.png 1104 1248 13
big_dataset_depth/000000000803-segment-10734565072045778791_440_000_460_000_with_camera_labels-30.png 1112 1248 12
big_dataset_depth/000000000803-segment-10734565072045778791_440_000_460_000_with_camera_labels-30.png 1120 1248 12
big_dataset_depth/000000000803-segment-10734565072045778791_440_000_460_000_with_camera_labels-30.png 1128 1248 12
big_dataset_depth/000000000803-segment-10734565072045778791_440_000_460_000_with_camera_labels-30.png 1136 1248 12
big_dataset_depth/000000000803-segment-10734565072045778791_440_000_460_000_with_camera_labels-30.png 1144 1256 12
big_dataset_depth/000000000803-segment-10734565072045778791_440_000_460_000_with_camera_labels-30.png 1160 1264 12
big_dataset_depth/000000000803-segment-10734565072045778791_440_000_460_000_with_camera_labels-30.png 1168 1248 13
big_dataset_depth/000000000803-segment-10734565072045778791_440_000_460_000_with_camera_labels-30.png 1176 944 22
big_dataset_depth/000000000803-segment-10734565072045778791_440_000_460_000_with_camera_labels-30.png 1184 1248 13
big_dataset_depth/000000000803-segment-10734565072045778791_440_000_460_000_with_camera_labels-30.png 1192 952 22
big_dataset_depth/000000000803-segment-10734565072045778791_440_000_460_000_with_camera_labels-30.png 1200 1224 13
big_dataset_depth/000000000803-segment-10734565072045778791_440_000_460_000_with_camera_labels-30.png 1208 1224 13
big_dataset_depth/000000000803-segment-10734565072045778791_440_000_460_000_with_camera_labels-30.png 1216 1040 17
big_dataset_depth/000000000803-segment-10734565072045778791_440_000_460_000_with_camera_labels-30.png 1224 1136 15
big_dataset_depth/000000000803-segment-10734565072045778791_440_000_460_000_with_camera_labels-30.png 1240 1232 13
big_dataset_depth/000000000803-segment-10734565072045778791_440_000_460_000_with_camera_labels-30.png 1248 1232 13
big_dataset_depth/000000000803-segment-10734565072045778791_440_000_460_000_with_camera_labels-30.png 1256 1232 13
big_dataset_depth/000000000803-segment-10734565072045778791_440_000_460_000_with_camera_labels-30.png 1264 1232 13
big_dataset_depth/000000000803-segment-10734565072045778791_440_000_460_000_with_camera_labels-30.png 1272 1144 14
big_dataset_depth/000000000803-segment-10734565072045778791_440_000_460_000_with_camera_labels-30.png 1288 1152 14
big_dataset_depth/000000000803-segment-10734565072045778791_440_000_460_000_with_camera_labels-30.png 1304 1208 13
big_dataset_depth/000000000803-segment-10734565072045778791_440_000_460_000_with_camera_labels-30.png 1312 1112 15
big_dataset_depth/000000000803-segment-10734565072045778791_440_000_460_000_with_camera_labels-30.png 1320 1208 13
big_dataset_depth/000000000803-segment-10734565072045778791_440_000_460_000_with_camera_labels-30.png 1328 1208 13
big_dataset_depth/000000000803-segment-10734565072045778791_440_000_460_000_with_camera_labels-30.png 1344 1008 18
big_dataset_depth/000000000803-segment-10734565072045778791_440_000_460_000_with_camera_labels-30.png 1352 1192 14
big_dataset_depth/000000000803-segment-10734565072045778791_440_000_460_000_with_camera_labels-30.png 1360 1192 14
big_dataset_depth/000000000803-segment-10734565072045778791_440_000_460_000_with_camera_labels-30.png 1368 1192 14
big_dataset_depth/000000000803-segment-10734565072045778791_440_000_460_000_with_camera_labels-30.png 1376 1192 14
big_dataset_depth/000000000803-segment-10734565072045778791_440_000_460_000_with_camera_labels-30.png 1384 1192 14
big_dataset_depth/000000000803-segment-10734565072045778791_440_000_460_000_with_camera_labels-30.png 1392 1192 14
big_dataset_depth/000000000803-segment-10734565072045778791_440_000_460_000_with_camera_labels-30.png 1400 1072 16
big_dataset_depth/000000000803-segment-10734565072045778791_440_000_460_000_with_camera_labels-30.png 1408 992 19
big_dataset_depth/000000000803-segment-10734565072045778791_440_000_460_000_with_camera_labels-30.png 1416 1096 16
big_dataset_depth/000000000803-segment-10734565072045778791_440_000_460_000_with_camera_labels-30.png 1424 992 19
big_dataset_depth/000000000803-segment-10734565072045778791_440_000_460_000_with_camera_labels-30.png 1432 976 19
big_dataset_depth/000000000803-segment-10734565072045778791_440_000_460_000_with_camera_labels-30.png 1440 1072 16
big_dataset_depth/000000000803-segment-10734565072045778791_440_000_460_000_with_camera_labels-30.png 1448 976 19
big_dataset_depth/000000000803-segment-10734565072045778791_440_000_460_000_with_camera_labels-30.png 1456 976 19
big_dataset_depth/000000000803-segment-10734565072045778791_440_000_460_000_with_camera_labels-30.png 1464 960 19
big_dataset_depth/000000000803-segment-10734565072045778791_440_000_460_000_with_camera_labels-30.png 1472 984 19
big_dataset_depth/000000000803-segment-10734565072045778791_440_000_460_000_with_camera_labels-30.png 1488 1152 14
big_dataset_depth/000000000803-segment-10734565072045778791_440_000_460_000_with_camera_labels-30.png 1496 1032 18
big_dataset_depth/000000000803-segment-10734565072045778791_440_000_460_000_with_camera_labels-30.png 1504 1152 14
big_dataset_depth/000000000803-segment-10734565072045778791_440_000_460_000_with_camera_labels-30.png 1512 1160 14
big_dataset_depth/000000000803-segment-10734565072045778791_440_000_460_000_with_camera_labels-30.png 1520 1056 17
big_dataset_depth/000000000803-segment-10734565072045778791_440_000_460_000_with_camera_labels-30.png 1528 1056 17
big_dataset_depth/000000000803-segment-10734565072045778791_440_000_460_000_with_camera_labels-30.png 1536 1056 17
big_dataset_depth/000000000803-segment-10734565072045778791_440_000_460_000_with_camera_labels-30.png 1544 1056 17
big_dataset_depth/000000000803-segment-10734565072045778791_440_000_460_000_with_camera_labels-30.png 1552 1056 17
big_dataset_depth/000000000803-segment-10734565072045778791_440_000_460_000_with_camera_labels-30.png 1560 1136 15
big_dataset_depth/000000000803-segment-10734565072045778791_440_000_460_000_with_camera_labels-30.png 1568 1056 17
big_dataset_depth/000000000803-segment-10734565072045778791_440_000_460_000_with_camera_labels-30.png 1576 1056 17
big_dataset_depth/000000000803-segment-10734565072045778791_440_000_460_000_with_camera_labels-30.png 1584 1072 17
big_dataset_depth/000000000803-segment-10734565072045778791_440_000_460_000_with_camera_labels-30.png 1592 1056 17
big_dataset_depth/000000000803-segment-10734565072045778791_440_000_460_000_with_camera_labels-30.png 1600 1056 17
big_dataset_depth/000000000803-segment-10734565072045778791_440_000_460_000_with_camera_labels-30.png 1608 1064 17
big_dataset_depth/000000000803-segment-10734565072045778791_440_000_460_000_with_camera_labels-30.png 1616 1064 17
big_dataset_depth/000000000803-segment-10734565072045778791_440_000_460_000_with_camera_labels-30.png 1624 1064 17
big_dataset_depth/000000000803-segment-10734565072045778791_440_000_460_000_with_camera_labels-30.png 1632 1064 17
big_dataset_depth/000000000803-segment-10734565072045778791_440_000_460_000_with_camera_labels-30.png 1640 1064 17
big_dataset_depth/000000000803-segment-10734565072045778791_440_000_460_000_with_camera_labels-30.png 1648 1064 17
big_dataset_depth/000000000803-segment-10734565072045778791_440_000_460_000_with_camera_labels-30.png 1656 1064 17
big_dataset_depth/000000000803-segment-10734565072045778791_440_000_460_000_with_camera_labels-30.png 1664 1024 18
big_dataset_depth/000000000803-segment-10734565072045778791_440_000_460_000_with_camera_labels-30.png 1672 1064 17
big_dataset_depth/000000000803-segment-10734565072045778791_440_000_460_000_with_camera_labels-30.png 1680 1048 17
big_dataset_depth/000000000803-segment-10734565072045778791_440_000_460_000_with_camera_labels-30.png 1688 1032 18
big_dataset_depth/000000000803-segment-10734565072045778791_440_000_460_000_with_camera_labels-30.png 1696 1008 19
big_dataset_depth/000000000803-segment-10734565072045778791_440_000_460_000_with_camera_labels-30.png 1704 1000 19
big_dataset_depth/000000000803-segment-10734565072045778791_440_000_460_000_with_camera_labels-30.png 1712 1008 19
big_dataset_depth/000000000803-segment-10734565072045778791_440_000_460_000_with_camera_labels-30.png 1720 1024 18
big_dataset_depth/000000000803-segment-10734565072045778791_440_000_460_000_with_camera_labels-30.png 1728 1024 18
big_dataset_depth/000000000803-segment-10734565072045778791_440_000_460_000_with_camera_labels-30.png 1736 1008 19
big_dataset_depth/000000000803-segment-10734565072045778791_440_000_460_000_with_camera_labels-30.png 1744 1016 18
big_dataset_depth/000000000803-segment-10734565072045778791_440_000_460_000_with_camera_labels-30.png 1752 1024 18
big_dataset_depth/000000000803-segment-10734565072045778791_440_000_460_000_with_camera_labels-30.png 1760 1032 18
big_dataset_depth/000000000803-segment-10734565072045778791_440_000_460_000_with_camera_labels-30.png 1768 1032 18
big_dataset_depth/000000000803-segment-10734565072045778791_440_000_460_000_with_camera_labels-30.png 1776 1032 18
big_dataset_depth/000000000803-segment-10734565072045778791_440_000_460_000_with_camera_labels-30.png 1784 1032 18
big_dataset_depth/000000000803-segment-10734565072045778791_440_000_460_000_with_camera_labels-30.png 1792 1016 19
big_dataset_depth/000000000803-segment-10734565072045778791_440_000_460_000_with_camera_labels-30.png 1800 1016 19
big_dataset_depth/000000000803-segment-10734565072045778791_440_000_460_000_with_camera_labels-30.png 1808 1016 19
big_dataset_depth/000000000803-segment-10734565072045778791_440_000_460_000_with_camera_labels-30.png 1816 1008 19
big_dataset_depth/000000000803-segment-10734565072045778791_440_000_460_000_with_camera_labels-30.png 1824 1016 19
big_dataset_depth/000000000803-segment-10734565072045778791_440_000_460_000_with_camera_labels-30.png 1832 968 21
big_dataset_depth/000000000803-segment-10734565072045778791_440_000_460_000_with_camera_labels-30.png 1840 968 21
big_dataset_depth/000000000803-segment-10734565072045778791_440_000_460_000_with_camera_labels-30.png 1848 984 21
big_dataset_depth/000000000803-segment-10734565072045778791_440_000_460_000_with_camera_labels-30.png 1864 984 21
big_dataset_depth/000000000803-segment-10734565072045778791_440_000_460_000_with_camera_labels-30.png 1872 888 37
big_dataset_depth/000000000803-segment-10734565072045778791_440_000_460_000_with_camera_labels-30.png 1880 848 45
big_dataset_depth/000000000803-segment-10734565072045778791_440_000_460_000_with_camera_labels-30.png 1888 976 21
big_dataset_depth/000000000803-segment-10734565072045778791_440_000_460_000_with_camera_labels-30.png 1896 936 23
big_dataset_depth/000000000803-segment-10734565072045778791_440_000_460_000_with_camera_labels-30.png 1904 944 29
big_dataset_depth/000000000803-segment-10734565072045778791_440_000_460_000_with_camera_labels-30.png 1912 960 29
