big_dataset_depth/000000001272-segment-11219370372259322863_5320_000_5340_000_with_camera_labels-130.png 0 720 79
big_dataset_depth/000000001272-segment-11219370372259322863_5320_000_5340_000_with_camera_labels-130.png 8 776 54
big_dataset_depth/000000001272-segment-11219370372259322863_5320_000_5340_000_with_camera_labels-130.png 16 736 67
big_dataset_depth/000000001272-segment-11219370372259322863_5320_000_5340_000_with_camera_labels-130.png 24 672 100
big_dataset_depth/000000001272-segment-11219370372259322863_5320_000_5340_000_with_camera_labels-130.png 32 712 99
big_dataset_depth/000000001272-segment-11219370372259322863_5320_000_5340_000_with_camera_labels-130.png 40 768 52
big_dataset_depth/000000001272-segment-11219370372259322863_5320_000_5340_000_with_camera_labels-130.png 48 760 52
big_dataset_depth/000000001272-segment-11219370372259322863_5320_000_5340_000_with_camera_labels-130.png 56 792 52
big_dataset_depth/000000001272-segment-11219370372259322863_5320_000_5340_000_with_camera_labels-130.png 64 712 77
big_dataset_depth/000000001272-segment-11219370372259322863_5320_000_5340_000_with_camera_labels-130.png 80 600 50
big_dataset_depth/000000001272-segment-11219370372259322863_5320_000_5340_000_with_camera_labels-130.png 88 776 51
big_dataset_depth/000000001272-segment-11219370372259322863_5320_000_5340_000_with_camera_labels-130.png 96 608 105
big_dataset_depth/000000001272-segment-11219370372259322863_5320_000_5340_000_with_camera_labels-130.png 104 768 54
big_dataset_depth/000000001272-segment-11219370372259322863_5320_000_5340_000_with_camera_labels-130.png 112 736 52
big_dataset_depth/000000001272-segment-11219370372259322863_5320_000_5340_000_with_camera_labels-130.png 128 776 53
big_dataset_depth/000000001272-segment-11219370372259322863_5320_000_5340_000_with_camera_labels-130.png 136 704 71
big_dataset_depth/000000001272-segment-11219370372259322863_5320_000_5340_000_with_camera_labels-130.png 152 616 105
big_dataset_depth/000000001272-segment-11219370372259322863_5320_000_5340_000_with_camera_labels-130.png 160 616 95
big_dataset_depth/000000001272-segment-11219370372259322863_5320_000_5340_000_with_camera_labels-130.png 168 680 85
big_dataset_depth/000000001272-segment-11219370372259322863_5320_000_5340_000_with_camera_labels-130.png 176 768 56
big_dataset_depth/000000001272-segment-11219370372259322863_5320_000_5340_000_with_camera_labels-130.png 184 672 108
big_dataset_depth/000000001272-segment-11219370372259322863_5320_000_5340_000_with_camera_labels-130.png 192 752 56
big_dataset_depth/000000001272-segment-11219370372259322863_5320_000_5340_000_with_camera_labels-130.png 208 728 68
big_dataset_depth/000000001272-segment-11219370372259322863_5320_000_5340_000_with_camera_labels-130.png 216 720 68
big_dataset_depth/000000001272-segment-11219370372259322863_5320_000_5340_000_with_camera_labels-130.png 224 752 65
big_dataset_depth/000000001272-segment-11219370372259322863_5320_000_5340_000_with_camera_labels-130.png 232 640 70
big_dataset_depth/000000001272-segment-11219370372259322863_5320_000_5340_000_with_camera_labels-130.png 240 704 70
big_dataset_depth/000000001272-segment-11219370372259322863_5320_000_5340_000_with_camera_labels-130.png 256 704 87
big_dataset_depth/000000001272-segment-11219370372259322863_5320_000_5340_000_with_camera_labels-130.png 264 688 97
big_dataset_depth/000000001272-segment-11219370372259322863_5320_000_5340_000_with_camera_labels-130.png 272 616 76
big_dataset_depth/000000001272-segment-11219370372259322863_5320_000_5340_000_with_camera_labels-130.png 280 728 67
big_dataset_depth/000000001272-segment-11219370372259322863_5320_000_5340_000_with_camera_labels-130.png 288 728 67
big_dataset_depth/000000001272-segment-11219370372259322863_5320_000_5340_000_with_camera_labels-130.png 296 728 67
big_dataset_depth/000000001272-segment-11219370372259322863_5320_000_5340_000_with_camera_labels-130.png 304 728 67
big_dataset_depth/000000001272-segment-11219370372259322863_5320_000_5340_000_with_camera_labels-130.png 312 728 67
big_dataset_depth/000000001272-segment-11219370372259322863_5320_000_5340_000_with_camera_labels-130.png 320 704 69
big_dataset_depth/000000001272-segment-11219370372259322863_5320_000_5340_000_with_camera_labels-130.png 328 712 67
big_dataset_depth/000000001272-segment-11219370372259322863_5320_000_5340_000_with_camera_labels-130.png 336 600 65
big_dataset_depth/000000001272-segment-11219370372259322863_5320_000_5340_000_with_camera_labels-130.png 344 688 86
big_dataset_depth/000000001272-segment-11219370372259322863_5320_000_5340_000_with_camera_labels-130.png 352 576 65
big_dataset_depth/000000001272-segment-11219370372259322863_5320_000_5340_000_with_camera_labels-130.png 360 648 104
big_dataset_depth/000000001272-segment-11219370372259322863_5320_000_5340_000_with_camera_labels-130.png 368 656 106
big_dataset_depth/000000001272-segment-11219370372259322863_5320_000_5340_000_with_camera_labels-130.png 376 640 104
big_dataset_depth/000000001272-segment-11219370372259322863_5320_000_5340_000_with_camera_labels-130.png 384 640 104
big_dataset_depth/000000001272-segment-11219370372259322863_5320_000_5340_000_with_camera_labels-130.png 392 648 104
big_dataset_depth/000000001272-segment-11219370372259322863_5320_000_5340_000_with_camera_labels-130.png 400 656 104
big_dataset_depth/000000001272-segment-11219370372259322863_5320_000_5340_000_with_camera_labels-130.png 408 648 105
big_dataset_depth/000000001272-segment-11219370372259322863_5320_000_5340_000_with_camera_labels-130.png 416 648 106
big_dataset_depth/000000001272-segment-11219370372259322863_5320_000_5340_000_with_camera_labels-130.png 424 680 101
big_dataset_depth/000000001272-segment-11219370372259322863_5320_000_5340_000_with_camera_labels-130.png 432 672 101
big_dataset_depth/000000001272-segment-11219370372259322863_5320_000_5340_000_with_camera_labels-130.png 440 648 107
big_dataset_depth/000000001272-segment-11219370372259322863_5320_000_5340_000_with_camera_labels-130.png 448 640 107
big_dataset_depth/000000001272-segment-11219370372259322863_5320_000_5340_000_with_camera_labels-130.png 456 648 107
big_dataset_depth/000000001272-segment-11219370372259322863_5320_000_5340_000_with_camera_labels-130.png 464 648 107
big_dataset_depth/000000001272-segment-11219370372259322863_5320_000_5340_000_with_camera_labels-130.png 472 664 107
big_dataset_depth/000000001272-segment-11219370372259322863_5320_000_5340_000_with_camera_labels-130.png 480 656 107
big_dataset_depth/000000001272-segment-11219370372259322863_5320_000_5340_000_with_camera_labels-130.png 488 600 106
big_dataset_depth/000000001272-segment-11219370372259322863_5320_000_5340_000_with_camera_labels-130.png 496 592 108
big_dataset_depth/000000001272-segment-11219370372259322863_5320_000_5340_000_with_camera_labels-130.png 504 592 104
big_dataset_depth/000000001272-segment-11219370372259322863_5320_000_5340_000_with_camera_labels-130.png 512 672 104
big_dataset_depth/000000001272-segment-11219370372259322863_5320_000_5340_000_with_camera_labels-130.png 520 680 102
big_dataset_depth/000000001272-segment-11219370372259322863_5320_000_5340_000_with_camera_labels-130.png 528 688 102
big_dataset_depth/000000001272-segment-11219370372259322863_5320_000_5340_000_with_camera_labels-130.png 944 560 107
big_dataset_depth/000000001272-segment-11219370372259322863_5320_000_5340_000_with_camera_labels-130.png 952 568 108
big_dataset_depth/000000001272-segment-11219370372259322863_5320_000_5340_000_with_camera_labels-130.png 960 560 109
big_dataset_depth/000000001272-segment-11219370372259322863_5320_000_5340_000_with_camera_labels-130.png 968 568 105
big_dataset_depth/000000001272-segment-11219370372259322863_5320_000_5340_000_with_camera_labels-130.png 976 584 104
big_dataset_depth/000000001272-segment-11219370372259322863_5320_000_5340_000_with_camera_labels-130.png 984 584 104
big_dataset_depth/000000001272-segment-11219370372259322863_5320_000_5340_000_with_camera_labels-130.png 992 608 106
big_dataset_depth/000000001272-segment-11219370372259322863_5320_000_5340_000_with_camera_labels-130.png 1000 608 106
big_dataset_depth/000000001272-segment-11219370372259322863_5320_000_5340_000_with_camera_labels-130.png 1008 616 106
big_dataset_depth/000000001272-segment-11219370372259322863_5320_000_5340_000_with_camera_labels-130.png 1016 632 106
big_dataset_depth/000000001272-segment-11219370372259322863_5320_000_5340_000_with_camera_labels-130.png 1024 632 105
big_dataset_depth/000000001272-segment-11219370372259322863_5320_000_5340_000_with_camera_labels-130.png 1032 672 107
big_dataset_depth/000000001272-segment-11219370372259322863_5320_000_5340_000_with_camera_labels-130.png 1040 664 107
big_dataset_depth/000000001272-segment-11219370372259322863_5320_000_5340_000_with_camera_labels-130.png 1048 680 103
big_dataset_depth/000000001272-segment-11219370372259322863_5320_000_5340_000_with_camera_labels-130.png 1056 680 100
big_dataset_depth/000000001272-segment-11219370372259322863_5320_000_5340_000_with_camera_labels-130.png 1064 680 100
big_dataset_depth/000000001272-segment-11219370372259322863_5320_000_5340_000_with_camera_labels-130.png 1072 576 86
big_dataset_depth/000000001272-segment-11219370372259322863_5320_000_5340_000_with_camera_labels-130.png 1080 584 86
big_dataset_depth/000000001272-segment-11219370372259322863_5320_000_5340_000_with_camera_labels-130.png 1088 776 88
big_dataset_depth/000000001272-segment-11219370372259322863_5320_000_5340_000_with_camera_labels-130.png 1096 784 88
big_dataset_depth/000000001272-segment-11219370372259322863_5320_000_5340_000_with_camera_labels-130.png 1104 784 88
big_dataset_depth/000000001272-segment-11219370372259322863_5320_000_5340_000_with_camera_labels-130.png 1112 800 87
big_dataset_depth/000000001272-segment-11219370372259322863_5320_000_5340_000_with_camera_labels-130.png 1120 696 85
big_dataset_depth/000000001272-segment-11219370372259322863_5320_000_5340_000_with_camera_labels-130.png 1152 696 79
big_dataset_depth/000000001272-segment-11219370372259322863_5320_000_5340_000_with_camera_labels-130.png 1168 696 74
big_dataset_depth/000000001272-segment-11219370372259322863_5320_000_5340_000_with_camera_labels-130.png 1192 704 70
big_dataset_depth/000000001272-segment-11219370372259322863_5320_000_5340_000_with_camera_labels-130.png 1200 712 70
big_dataset_depth/000000001272-segment-11219370372259322863_5320_000_5340_000_with_camera_labels-130.png 1208 712 70
big_dataset_depth/000000001272-segment-11219370372259322863_5320_000_5340_000_with_camera_labels-130.png 1216 720 65
big_dataset_depth/000000001272-segment-11219370372259322863_5320_000_5340_000_with_camera_labels-130.png 1256 720 64
big_dataset_depth/000000001272-segment-11219370372259322863_5320_000_5340_000_with_camera_labels-130.png 1264 736 52
big_dataset_depth/000000001272-segment-11219370372259322863_5320_000_5340_000_with_camera_labels-130.png 1272 784 38
big_dataset_depth/000000001272-segment-11219370372259322863_5320_000_5340_000_with_camera_labels-130.png 1280 784 38
big_dataset_depth/000000001272-segment-11219370372259322863_5320_000_5340_000_with_camera_labels-130.png 1288 784 38
big_dataset_depth/000000001272-segment-11219370372259322863_5320_000_5340_000_with_camera_labels-130.png 1296 784 36
big_dataset_depth/000000001272-segment-11219370372259322863_5320_000_5340_000_with_camera_labels-130.png 1304 776 35
big_dataset_depth/000000001272-segment-11219370372259322863_5320_000_5340_000_with_camera_labels-130.png 1312 792 35
big_dataset_depth/000000001272-segment-11219370372259322863_5320_000_5340_000_with_camera_labels-130.png 1320 808 35
big_dataset_depth/000000001272-segment-11219370372259322863_5320_000_5340_000_with_camera_labels-130.png 1328 800 34
big_dataset_depth/000000001272-segment-11219370372259322863_5320_000_5340_000_with_camera_labels-130.png 1336 792 34
big_dataset_depth/000000001272-segment-11219370372259322863_5320_000_5340_000_with_camera_labels-130.png 1344 784 34
big_dataset_depth/000000001272-segment-11219370372259322863_5320_000_5340_000_with_camera_labels-130.png 1352 784 34
big_dataset_depth/000000001272-segment-11219370372259322863_5320_000_5340_000_with_camera_labels-130.png 1360 784 34
big_dataset_depth/000000001272-segment-11219370372259322863_5320_000_5340_000_with_camera_labels-130.png 1368 784 34
big_dataset_depth/000000001272-segment-11219370372259322863_5320_000_5340_000_with_camera_labels-130.png 1376 784 34
big_dataset_depth/000000001272-segment-11219370372259322863_5320_000_5340_000_with_camera_labels-130.png 1384 784 34
big_dataset_depth/000000001272-segment-11219370372259322863_5320_000_5340_000_with_camera_labels-130.png 1392 792 34
big_dataset_depth/000000001272-segment-11219370372259322863_5320_000_5340_000_with_camera_labels-130.png 1400 784 34
big_dataset_depth/000000001272-segment-11219370372259322863_5320_000_5340_000_with_camera_labels-130.png 1408 792 34
big_dataset_depth/000000001272-segment-11219370372259322863_5320_000_5340_000_with_camera_labels-130.png 1416 824 35
big_dataset_depth/000000001272-segment-11219370372259322863_5320_000_5340_000_with_camera_labels-130.png 1424 792 34
big_dataset_depth/000000001272-segment-11219370372259322863_5320_000_5340_000_with_camera_labels-130.png 1432 784 34
big_dataset_depth/000000001272-segment-11219370372259322863_5320_000_5340_000_with_camera_labels-130.png 1440 784 34
big_dataset_depth/000000001272-segment-11219370372259322863_5320_000_5340_000_with_camera_labels-130.png 1448 792 34
big_dataset_depth/000000001272-segment-11219370372259322863_5320_000_5340_000_with_camera_labels-130.png 1456 800 34
big_dataset_depth/000000001272-segment-11219370372259322863_5320_000_5340_000_with_camera_labels-130.png 1464 880 34
big_dataset_depth/000000001272-segment-11219370372259322863_5320_000_5340_000_with_camera_labels-130.png 1472 864 34
big_dataset_depth/000000001272-segment-11219370372259322863_5320_000_5340_000_with_camera_labels-130.png 1480 808 35
big_dataset_depth/000000001272-segment-11219370372259322863_5320_000_5340_000_with_camera_labels-130.png 1488 824 34
big_dataset_depth/000000001272-segment-11219370372259322863_5320_000_5340_000_with_camera_labels-130.png 1496 808 36
big_dataset_depth/000000001272-segment-11219370372259322863_5320_000_5340_000_with_camera_labels-130.png 1504 784 38
big_dataset_depth/000000001272-segment-11219370372259322863_5320_000_5340_000_with_camera_labels-130.png 1512 784 38
big_dataset_depth/000000001272-segment-11219370372259322863_5320_000_5340_000_with_camera_labels-130.png 1520 728 65
big_dataset_depth/000000001272-segment-11219370372259322863_5320_000_5340_000_with_camera_labels-130.png 1528 792 37
big_dataset_depth/000000001272-segment-11219370372259322863_5320_000_5340_000_with_camera_labels-130.png 1536 840 31
big_dataset_depth/000000001272-segment-11219370372259322863_5320_000_5340_000_with_camera_labels-130.png 1552 664 90
big_dataset_depth/000000001272-segment-11219370372259322863_5320_000_5340_000_with_camera_labels-130.png 1560 792 35
big_dataset_depth/000000001272-segment-11219370372259322863_5320_000_5340_000_with_camera_labels-130.png 1568 824 32
big_dataset_depth/000000001272-segment-11219370372259322863_5320_000_5340_000_with_camera_labels-130.png 1576 824 32
big_dataset_depth/000000001272-segment-11219370372259322863_5320_000_5340_000_with_camera_labels-130.png 1592 800 32
big_dataset_depth/000000001272-segment-11219370372259322863_5320_000_5340_000_with_camera_labels-130.png 1600 864 29
big_dataset_depth/000000001272-segment-11219370372259322863_5320_000_5340_000_with_camera_labels-130.png 1608 864 28
big_dataset_depth/000000001272-segment-11219370372259322863_5320_000_5340_000_with_camera_labels-130.png 1616 864 28
big_dataset_depth/000000001272-segment-11219370372259322863_5320_000_5340_000_with_camera_labels-130.png 1624 864 28
big_dataset_depth/000000001272-segment-11219370372259322863_5320_000_5340_000_with_camera_labels-130.png 1632 664 86
big_dataset_depth/000000001272-segment-11219370372259322863_5320_000_5340_000_with_camera_labels-130.png 1640 880 27
big_dataset_depth/000000001272-segment-11219370372259322863_5320_000_5340_000_with_camera_labels-130.png 1648 880 27
big_dataset_depth/000000001272-segment-11219370372259322863_5320_000_5340_000_with_camera_labels-130.png 1656 880 27
big_dataset_depth/000000001272-segment-11219370372259322863_5320_000_5340_000_with_camera_labels-130.png 1664 880 27
big_dataset_depth/000000001272-segment-11219370372259322863_5320_000_5340_000_with_camera_labels-130.png 1672 896 26
big_dataset_depth/000000001272-segment-11219370372259322863_5320_000_5340_000_with_camera_labels-130.png 1680 896 26
big_dataset_depth/000000001272-segment-11219370372259322863_5320_000_5340_000_with_camera_labels-130.png 1688 768 56
big_dataset_depth/000000001272-segment-11219370372259322863_5320_000_5340_000_with_camera_labels-130.png 1696 896 26
big_dataset_depth/000000001272-segment-11219370372259322863_5320_000_5340_000_with_camera_labels-130.png 1704 896 26
big_dataset_depth/000000001272-segment-11219370372259322863_5320_000_5340_000_with_camera_labels-130.png 1712 912 25
big_dataset_depth/000000001272-segment-11219370372259322863_5320_000_5340_000_with_camera_labels-130.png 1720 912 25
big_dataset_depth/000000001272-segment-11219370372259322863_5320_000_5340_000_with_camera_labels-130.png 1728 912 25
big_dataset_depth/000000001272-segment-11219370372259322863_5320_000_5340_000_with_camera_labels-130.png 1744 912 24
big_dataset_depth/000000001272-segment-11219370372259322863_5320_000_5340_000_with_camera_labels-130.png 1752 928 24
big_dataset_depth/000000001272-segment-11219370372259322863_5320_000_5340_000_with_camera_labels-130.png 1760 936 24
big_dataset_depth/000000001272-segment-11219370372259322863_5320_000_5340_000_with_camera_labels-130.png 1768 936 24
big_dataset_depth/000000001272-segment-11219370372259322863_5320_000_5340_000_with_camera_labels-130.png 1776 936 24
big_dataset_depth/000000001272-segment-11219370372259322863_5320_000_5340_000_with_camera_labels-130.png 1784 936 23
big_dataset_depth/000000001272-segment-11219370372259322863_5320_000_5340_000_with_camera_labels-130.png 1792 952 23
big_dataset_depth/000000001272-segment-11219370372259322863_5320_000_5340_000_with_camera_labels-130.png 1800 952 23
big_dataset_depth/000000001272-segment-11219370372259322863_5320_000_5340_000_with_camera_labels-130.png 1808 952 23
big_dataset_depth/000000001272-segment-11219370372259322863_5320_000_5340_000_with_camera_labels-130.png 1816 952 23
big_dataset_depth/000000001272-segment-11219370372259322863_5320_000_5340_000_with_camera_labels-130.png 1824 952 23
big_dataset_depth/000000001272-segment-11219370372259322863_5320_000_5340_000_with_camera_labels-130.png 1832 952 22
big_dataset_depth/000000001272-segment-11219370372259322863_5320_000_5340_000_with_camera_labels-130.png 1840 664 85
big_dataset_depth/000000001272-segment-11219370372259322863_5320_000_5340_000_with_camera_labels-130.png 1848 968 22
big_dataset_depth/000000001272-segment-11219370372259322863_5320_000_5340_000_with_camera_labels-130.png 1856 688 77
big_dataset_depth/000000001272-segment-11219370372259322863_5320_000_5340_000_with_camera_labels-130.png 1864 816 55
big_dataset_depth/000000001272-segment-11219370372259322863_5320_000_5340_000_with_camera_labels-130.png 1872 736 50
big_dataset_depth/000000001272-segment-11219370372259322863_5320_000_5340_000_with_camera_labels-130.png 1880 784 24
big_dataset_depth/000000001272-segment-11219370372259322863_5320_000_5340_000_with_camera_labels-130.png 1888 872 40
big_dataset_depth/000000001272-segment-11219370372259322863_5320_000_5340_000_with_camera_labels-130.png 1896 800 40
big_dataset_depth/000000001272-segment-11219370372259322863_5320_000_5340_000_with_camera_labels-130.png 1904 880 39
big_dataset_depth/000000001272-segment-11219370372259322863_5320_000_5340_000_with_camera_labels-130.png 1912 688 75
