big_dataset_depth/000000000606-segment-10526338824408452410_5714_660_5734_660_with_camera_labels-60.png 0 744 60
big_dataset_depth/000000000606-segment-10526338824408452410_5714_660_5734_660_with_camera_labels-60.png 8 800 53
big_dataset_depth/000000000606-segment-10526338824408452410_5714_660_5734_660_with_camera_labels-60.png 16 776 52
big_dataset_depth/000000000606-segment-10526338824408452410_5714_660_5734_660_with_camera_labels-60.png 24 776 52
big_dataset_depth/000000000606-segment-10526338824408452410_5714_660_5734_660_with_camera_labels-60.png 32 776 52
big_dataset_depth/000000000606-segment-10526338824408452410_5714_660_5734_660_with_camera_labels-60.png 40 776 51
big_dataset_depth/000000000606-segment-10526338824408452410_5714_660_5734_660_with_camera_labels-60.png 48 784 51
big_dataset_depth/000000000606-segment-10526338824408452410_5714_660_5734_660_with_camera_labels-60.png 56 840 42
big_dataset_depth/000000000606-segment-10526338824408452410_5714_660_5734_660_with_camera_labels-60.png 64 888 34
big_dataset_depth/000000000606-segment-10526338824408452410_5714_660_5734_660_with_camera_labels-60.png 72 800 51
big_dataset_depth/000000000606-segment-10526338824408452410_5714_660_5734_660_with_camera_labels-60.png 80 784 51
big_dataset_depth/000000000606-segment-10526338824408452410_5714_660_5734_660_with_camera_labels-60.png 88 784 51
big_dataset_depth/000000000606-segment-10526338824408452410_5714_660_5734_660_with_camera_labels-60.png 96 784 51
big_dataset_depth/000000000606-segment-10526338824408452410_5714_660_5734_660_with_camera_labels-60.png 104 800 51
big_dataset_depth/000000000606-segment-10526338824408452410_5714_660_5734_660_with_camera_labels-60.png 112 784 57
big_dataset_depth/000000000606-segment-10526338824408452410_5714_660_5734_660_with_camera_labels-60.png 120 872 36
big_dataset_depth/000000000606-segment-10526338824408452410_5714_660_5734_660_with_camera_labels-60.png 128 800 51
big_dataset_depth/000000000606-segment-10526338824408452410_5714_660_5734_660_with_camera_labels-60.png 136 800 51
big_dataset_depth/000000000606-segment-10526338824408452410_5714_660_5734_660_with_camera_labels-60.png 152 824 44
big_dataset_depth/000000000606-segment-10526338824408452410_5714_660_5734_660_with_camera_labels-60.png 160 776 61
big_dataset_depth/000000000606-segment-10526338824408452410_5714_660_5734_660_with_camera_labels-60.png 168 792 51
big_dataset_depth/000000000606-segment-10526338824408452410_5714_660_5734_660_with_camera_labels-60.png 176 712 71
big_dataset_depth/000000000606-segment-10526338824408452410_5714_660_5734_660_with_camera_labels-60.png 184 792 51
big_dataset_depth/000000000606-segment-10526338824408452410_5714_660_5734_660_with_camera_labels-60.png 192 792 51
big_dataset_depth/000000000606-segment-10526338824408452410_5714_660_5734_660_with_camera_labels-60.png 200 784 51
big_dataset_depth/000000000606-segment-10526338824408452410_5714_660_5734_660_with_camera_labels-60.png 208 744 61
big_dataset_depth/000000000606-segment-10526338824408452410_5714_660_5734_660_with_camera_labels-60.png 216 776 51
big_dataset_depth/000000000606-segment-10526338824408452410_5714_660_5734_660_with_camera_labels-60.png 224 736 71
big_dataset_depth/000000000606-segment-10526338824408452410_5714_660_5734_660_with_camera_labels-60.png 232 712 70
big_dataset_depth/000000000606-segment-10526338824408452410_5714_660_5734_660_with_camera_labels-60.png 240 736 70
big_dataset_depth/000000000606-segment-10526338824408452410_5714_660_5734_660_with_camera_labels-60.png 248 728 71
big_dataset_depth/000000000606-segment-10526338824408452410_5714_660_5734_660_with_camera_labels-60.png 256 728 71
big_dataset_depth/000000000606-segment-10526338824408452410_5714_660_5734_660_with_camera_labels-60.png 264 728 71
big_dataset_depth/000000000606-segment-10526338824408452410_5714_660_5734_660_with_camera_labels-60.png 272 736 70
big_dataset_depth/000000000606-segment-10526338824408452410_5714_660_5734_660_with_camera_labels-60.png 280 728 71
big_dataset_depth/000000000606-segment-10526338824408452410_5714_660_5734_660_with_camera_labels-60.png 288 736 71
big_dataset_depth/000000000606-segment-10526338824408452410_5714_660_5734_660_with_camera_labels-60.png 296 736 71
big_dataset_depth/000000000606-segment-10526338824408452410_5714_660_5734_660_with_camera_labels-60.png 304 736 70
big_dataset_depth/000000000606-segment-10526338824408452410_5714_660_5734_660_with_camera_labels-60.png 312 736 71
big_dataset_depth/000000000606-segment-10526338824408452410_5714_660_5734_660_with_camera_labels-60.png 320 728 71
big_dataset_depth/000000000606-segment-10526338824408452410_5714_660_5734_660_with_camera_labels-60.png 328 744 69
big_dataset_depth/000000000606-segment-10526338824408452410_5714_660_5734_660_with_camera_labels-60.png 336 744 69
big_dataset_depth/000000000606-segment-10526338824408452410_5714_660_5734_660_with_camera_labels-60.png 352 736 69
big_dataset_depth/000000000606-segment-10526338824408452410_5714_660_5734_660_with_camera_labels-60.png 360 736 71
big_dataset_depth/000000000606-segment-10526338824408452410_5714_660_5734_660_with_camera_labels-60.png 368 736 71
big_dataset_depth/000000000606-segment-10526338824408452410_5714_660_5734_660_with_camera_labels-60.png 376 728 72
big_dataset_depth/000000000606-segment-10526338824408452410_5714_660_5734_660_with_camera_labels-60.png 384 736 70
big_dataset_depth/000000000606-segment-10526338824408452410_5714_660_5734_660_with_camera_labels-60.png 392 728 70
big_dataset_depth/000000000606-segment-10526338824408452410_5714_660_5734_660_with_camera_labels-60.png 400 744 70
big_dataset_depth/000000000606-segment-10526338824408452410_5714_660_5734_660_with_camera_labels-60.png 408 744 70
big_dataset_depth/000000000606-segment-10526338824408452410_5714_660_5734_660_with_camera_labels-60.png 416 744 70
big_dataset_depth/000000000606-segment-10526338824408452410_5714_660_5734_660_with_camera_labels-60.png 424 744 70
big_dataset_depth/000000000606-segment-10526338824408452410_5714_660_5734_660_with_camera_labels-60.png 432 744 70
big_dataset_depth/000000000606-segment-10526338824408452410_5714_660_5734_660_with_camera_labels-60.png 440 736 70
big_dataset_depth/000000000606-segment-10526338824408452410_5714_660_5734_660_with_camera_labels-60.png 448 736 71
big_dataset_depth/000000000606-segment-10526338824408452410_5714_660_5734_660_with_camera_labels-60.png 456 720 74
big_dataset_depth/000000000606-segment-10526338824408452410_5714_660_5734_660_with_camera_labels-60.png 464 736 75
big_dataset_depth/000000000606-segment-10526338824408452410_5714_660_5734_660_with_camera_labels-60.png 472 728 74
big_dataset_depth/000000000606-segment-10526338824408452410_5714_660_5734_660_with_camera_labels-60.png 480 736 73
big_dataset_depth/000000000606-segment-10526338824408452410_5714_660_5734_660_with_camera_labels-60.png 488 736 73
big_dataset_depth/000000000606-segment-10526338824408452410_5714_660_5734_660_with_camera_labels-60.png 496 736 73
big_dataset_depth/000000000606-segment-10526338824408452410_5714_660_5734_660_with_camera_labels-60.png 504 736 74
big_dataset_depth/000000000606-segment-10526338824408452410_5714_660_5734_660_with_camera_labels-60.png 512 720 74
big_dataset_depth/000000000606-segment-10526338824408452410_5714_660_5734_660_with_camera_labels-60.png 520 728 74
big_dataset_depth/000000000606-segment-10526338824408452410_5714_660_5734_660_with_camera_labels-60.png 528 728 74
big_dataset_depth/000000000606-segment-10526338824408452410_5714_660_5734_660_with_camera_labels-60.png 536 736 74
big_dataset_depth/000000000606-segment-10526338824408452410_5714_660_5734_660_with_camera_labels-60.png 544 712 74
big_dataset_depth/000000000606-segment-10526338824408452410_5714_660_5734_660_with_camera_labels-60.png 552 656 102
big_dataset_depth/000000000606-segment-10526338824408452410_5714_660_5734_660_with_camera_labels-60.png 560 696 92
big_dataset_depth/000000000606-segment-10526338824408452410_5714_660_5734_660_with_camera_labels-60.png 568 704 92
big_dataset_depth/000000000606-segment-10526338824408452410_5714_660_5734_660_with_camera_labels-60.png 576 704 92
big_dataset_depth/000000000606-segment-10526338824408452410_5714_660_5734_660_with_camera_labels-60.png 584 696 93
big_dataset_depth/000000000606-segment-10526338824408452410_5714_660_5734_660_with_camera_labels-60.png 592 696 102
big_dataset_depth/000000000606-segment-10526338824408452410_5714_660_5734_660_with_camera_labels-60.png 600 712 97
big_dataset_depth/000000000606-segment-10526338824408452410_5714_660_5734_660_with_camera_labels-60.png 608 712 97
big_dataset_depth/000000000606-segment-10526338824408452410_5714_660_5734_660_with_camera_labels-60.png 616 712 97
big_dataset_depth/000000000606-segment-10526338824408452410_5714_660_5734_660_with_camera_labels-60.png 624 696 107
big_dataset_depth/000000000606-segment-10526338824408452410_5714_660_5734_660_with_camera_labels-60.png 632 696 106
big_dataset_depth/000000000606-segment-10526338824408452410_5714_660_5734_660_with_camera_labels-60.png 640 688 107
big_dataset_depth/000000000606-segment-10526338824408452410_5714_660_5734_660_with_camera_labels-60.png 648 696 106
big_dataset_depth/000000000606-segment-10526338824408452410_5714_660_5734_660_with_camera_labels-60.png 656 688 107
big_dataset_depth/000000000606-segment-10526338824408452410_5714_660_5734_660_with_camera_labels-60.png 664 712 101
big_dataset_depth/000000000606-segment-10526338824408452410_5714_660_5734_660_with_camera_labels-60.png 1008 696 106
big_dataset_depth/000000000606-segment-10526338824408452410_5714_660_5734_660_with_camera_labels-60.png 1016 704 106
big_dataset_depth/000000000606-segment-10526338824408452410_5714_660_5734_660_with_camera_labels-60.png 1024 696 106
big_dataset_depth/000000000606-segment-10526338824408452410_5714_660_5734_660_with_camera_labels-60.png 1048 616 72
big_dataset_depth/000000000606-segment-10526338824408452410_5714_660_5734_660_with_camera_labels-60.png 1056 632 72
big_dataset_depth/000000000606-segment-10526338824408452410_5714_660_5734_660_with_camera_labels-60.png 1064 640 72
big_dataset_depth/000000000606-segment-10526338824408452410_5714_660_5734_660_with_camera_labels-60.png 1072 640 72
big_dataset_depth/000000000606-segment-10526338824408452410_5714_660_5734_660_with_camera_labels-60.png 1080 688 107
big_dataset_depth/000000000606-segment-10526338824408452410_5714_660_5734_660_with_camera_labels-60.png 1088 680 95
big_dataset_depth/000000000606-segment-10526338824408452410_5714_660_5734_660_with_camera_labels-60.png 1096 616 73
big_dataset_depth/000000000606-segment-10526338824408452410_5714_660_5734_660_with_camera_labels-60.png 1104 648 72
big_dataset_depth/000000000606-segment-10526338824408452410_5714_660_5734_660_with_camera_labels-60.png 1112 680 96
big_dataset_depth/000000000606-segment-10526338824408452410_5714_660_5734_660_with_camera_labels-60.png 1120 640 72
big_dataset_depth/000000000606-segment-10526338824408452410_5714_660_5734_660_with_camera_labels-60.png 1128 712 72
big_dataset_depth/000000000606-segment-10526338824408452410_5714_660_5734_660_with_camera_labels-60.png 1136 720 72
big_dataset_depth/000000000606-segment-10526338824408452410_5714_660_5734_660_with_camera_labels-60.png 1144 720 72
big_dataset_depth/000000000606-segment-10526338824408452410_5714_660_5734_660_with_camera_labels-60.png 1152 720 72
big_dataset_depth/000000000606-segment-10526338824408452410_5714_660_5734_660_with_camera_labels-60.png 1160 720 72
big_dataset_depth/000000000606-segment-10526338824408452410_5714_660_5734_660_with_camera_labels-60.png 1168 712 78
big_dataset_depth/000000000606-segment-10526338824408452410_5714_660_5734_660_with_camera_labels-60.png 1176 720 72
big_dataset_depth/000000000606-segment-10526338824408452410_5714_660_5734_660_with_camera_labels-60.png 1184 696 81
big_dataset_depth/000000000606-segment-10526338824408452410_5714_660_5734_660_with_camera_labels-60.png 1192 712 73
big_dataset_depth/000000000606-segment-10526338824408452410_5714_660_5734_660_with_camera_labels-60.png 1200 728 70
big_dataset_depth/000000000606-segment-10526338824408452410_5714_660_5734_660_with_camera_labels-60.png 1208 712 71
big_dataset_depth/000000000606-segment-10526338824408452410_5714_660_5734_660_with_camera_labels-60.png 1216 704 76
big_dataset_depth/000000000606-segment-10526338824408452410_5714_660_5734_660_with_camera_labels-60.png 1224 712 70
big_dataset_depth/000000000606-segment-10526338824408452410_5714_660_5734_660_with_camera_labels-60.png 1232 712 75
big_dataset_depth/000000000606-segment-10526338824408452410_5714_660_5734_660_with_camera_labels-60.png 1240 712 72
big_dataset_depth/000000000606-segment-10526338824408452410_5714_660_5734_660_with_camera_labels-60.png 1248 712 72
big_dataset_depth/000000000606-segment-10526338824408452410_5714_660_5734_660_with_camera_labels-60.png 1256 704 74
big_dataset_depth/000000000606-segment-10526338824408452410_5714_660_5734_660_with_camera_labels-60.png 1264 736 66
big_dataset_depth/000000000606-segment-10526338824408452410_5714_660_5734_660_with_camera_labels-60.png 1272 728 68
big_dataset_depth/000000000606-segment-10526338824408452410_5714_660_5734_660_with_camera_labels-60.png 1280 728 68
big_dataset_depth/000000000606-segment-10526338824408452410_5714_660_5734_660_with_camera_labels-60.png 1288 728 68
big_dataset_depth/000000000606-segment-10526338824408452410_5714_660_5734_660_with_camera_labels-60.png 1304 864 33
big_dataset_depth/000000000606-segment-10526338824408452410_5714_660_5734_660_with_camera_labels-60.png 1312 768 58
big_dataset_depth/000000000606-segment-10526338824408452410_5714_660_5734_660_with_camera_labels-60.png 1320 720 71
big_dataset_depth/000000000606-segment-10526338824408452410_5714_660_5734_660_with_camera_labels-60.png 1328 800 51
big_dataset_depth/000000000606-segment-10526338824408452410_5714_660_5734_660_with_camera_labels-60.png 1336 720 70
big_dataset_depth/000000000606-segment-10526338824408452410_5714_660_5734_660_with_camera_labels-60.png 1344 720 70
big_dataset_depth/000000000606-segment-10526338824408452410_5714_660_5734_660_with_camera_labels-60.png 1352 720 70
big_dataset_depth/000000000606-segment-10526338824408452410_5714_660_5734_660_with_camera_labels-60.png 1360 888 29
big_dataset_depth/000000000606-segment-10526338824408452410_5714_660_5734_660_with_camera_labels-60.png 1368 888 29
big_dataset_depth/000000000606-segment-10526338824408452410_5714_660_5734_660_with_camera_labels-60.png 1392 848 20
big_dataset_depth/000000000606-segment-10526338824408452410_5714_660_5734_660_with_camera_labels-60.png 1400 1000 21
big_dataset_depth/000000000606-segment-10526338824408452410_5714_660_5734_660_with_camera_labels-60.png 1408 1000 20
big_dataset_depth/000000000606-segment-10526338824408452410_5714_660_5734_660_with_camera_labels-60.png 1416 1000 20
big_dataset_depth/000000000606-segment-10526338824408452410_5714_660_5734_660_with_camera_labels-60.png 1424 1024 20
big_dataset_depth/000000000606-segment-10526338824408452410_5714_660_5734_660_with_camera_labels-60.png 1432 1016 20
big_dataset_depth/000000000606-segment-10526338824408452410_5714_660_5734_660_with_camera_labels-60.png 1440 1016 20
big_dataset_depth/000000000606-segment-10526338824408452410_5714_660_5734_660_with_camera_labels-60.png 1448 1016 20
big_dataset_depth/000000000606-segment-10526338824408452410_5714_660_5734_660_with_camera_labels-60.png 1456 1024 20
big_dataset_depth/000000000606-segment-10526338824408452410_5714_660_5734_660_with_camera_labels-60.png 1464 1016 20
big_dataset_depth/000000000606-segment-10526338824408452410_5714_660_5734_660_with_camera_labels-60.png 1472 1016 20
big_dataset_depth/000000000606-segment-10526338824408452410_5714_660_5734_660_with_camera_labels-60.png 1480 1024 20
big_dataset_depth/000000000606-segment-10526338824408452410_5714_660_5734_660_with_camera_labels-60.png 1488 1016 20
big_dataset_depth/000000000606-segment-10526338824408452410_5714_660_5734_660_with_camera_labels-60.png 1496 1024 20
big_dataset_depth/000000000606-segment-10526338824408452410_5714_660_5734_660_with_camera_labels-60.png 1504 856 45
big_dataset_depth/000000000606-segment-10526338824408452410_5714_660_5734_660_with_camera_labels-60.png 1512 1024 20
big_dataset_depth/000000000606-segment-10526338824408452410_5714_660_5734_660_with_camera_labels-60.png 1520 1008 20
big_dataset_depth/000000000606-segment-10526338824408452410_5714_660_5734_660_with_camera_labels-60.png 1528 1000 21
big_dataset_depth/000000000606-segment-10526338824408452410_5714_660_5734_660_with_camera_labels-60.png 1536 824 28
big_dataset_depth/000000000606-segment-10526338824408452410_5714_660_5734_660_with_camera_labels-60.png 1544 808 30
big_dataset_depth/000000000606-segment-10526338824408452410_5714_660_5734_660_with_camera_labels-60.png 1552 816 36
big_dataset_depth/000000000606-segment-10526338824408452410_5714_660_5734_660_with_camera_labels-60.png 1560 752 36
big_dataset_depth/000000000606-segment-10526338824408452410_5714_660_5734_660_with_camera_labels-60.png 1568 816 35
big_dataset_depth/000000000606-segment-10526338824408452410_5714_660_5734_660_with_camera_labels-60.png 1576 816 35
big_dataset_depth/000000000606-segment-10526338824408452410_5714_660_5734_660_with_camera_labels-60.png 1584 800 35
big_dataset_depth/000000000606-segment-10526338824408452410_5714_660_5734_660_with_camera_labels-60.png 1592 816 35
big_dataset_depth/000000000606-segment-10526338824408452410_5714_660_5734_660_with_camera_labels-60.png 1600 816 34
big_dataset_depth/000000000606-segment-10526338824408452410_5714_660_5734_660_with_camera_labels-60.png 1608 816 34
big_dataset_depth/000000000606-segment-10526338824408452410_5714_660_5734_660_with_camera_labels-60.png 1616 816 34
big_dataset_depth/000000000606-segment-10526338824408452410_5714_660_5734_660_with_camera_labels-60.png 1624 800 34
big_dataset_depth/000000000606-segment-10526338824408452410_5714_660_5734_660_with_camera_labels-60.png 1632 808 35
big_dataset_depth/000000000606-segment-10526338824408452410_5714_660_5734_660_with_camera_labels-60.png 1640 800 35
big_dataset_depth/000000000606-segment-10526338824408452410_5714_660_5734_660_with_camera_labels-60.png 1648 808 35
big_dataset_depth/000000000606-segment-10526338824408452410_5714_660_5734_660_with_camera_labels-60.png 1656 800 36
big_dataset_depth/000000000606-segment-10526338824408452410_5714_660_5734_660_with_camera_labels-60.png 1664 848 31
big_dataset_depth/000000000606-segment-10526338824408452410_5714_660_5734_660_with_camera_labels-60.png 1672 800 36
big_dataset_depth/000000000606-segment-10526338824408452410_5714_660_5734_660_with_camera_labels-60.png 1680 848 31
big_dataset_depth/000000000606-segment-10526338824408452410_5714_660_5734_660_with_camera_labels-60.png 1688 848 30
big_dataset_depth/000000000606-segment-10526338824408452410_5714_660_5734_660_with_camera_labels-60.png 1696 832 31
big_dataset_depth/000000000606-segment-10526338824408452410_5714_660_5734_660_with_camera_labels-60.png 1704 848 30
big_dataset_depth/000000000606-segment-10526338824408452410_5714_660_5734_660_with_camera_labels-60.png 1712 840 30
big_dataset_depth/000000000606-segment-10526338824408452410_5714_660_5734_660_with_camera_labels-60.png 1720 848 30
big_dataset_depth/000000000606-segment-10526338824408452410_5714_660_5734_660_with_camera_labels-60.png 1728 832 31
big_dataset_depth/000000000606-segment-10526338824408452410_5714_660_5734_660_with_camera_labels-60.png 1736 808 31
big_dataset_depth/000000000606-segment-10526338824408452410_5714_660_5734_660_with_camera_labels-60.png 1744 832 31
big_dataset_depth/000000000606-segment-10526338824408452410_5714_660_5734_660_with_camera_labels-60.png 1752 832 31
big_dataset_depth/000000000606-segment-10526338824408452410_5714_660_5734_660_with_camera_labels-60.png 1760 824 31
big_dataset_depth/000000000606-segment-10526338824408452410_5714_660_5734_660_with_camera_labels-60.png 1768 832 31
big_dataset_depth/000000000606-segment-10526338824408452410_5714_660_5734_660_with_camera_labels-60.png 1784 800 32
big_dataset_depth/000000000606-segment-10526338824408452410_5714_660_5734_660_with_camera_labels-60.png 1808 920 25
big_dataset_depth/000000000606-segment-10526338824408452410_5714_660_5734_660_with_camera_labels-60.png 1816 1000 21
big_dataset_depth/000000000606-segment-10526338824408452410_5714_660_5734_660_with_camera_labels-60.png 1824 936 25
big_dataset_depth/000000000606-segment-10526338824408452410_5714_660_5734_660_with_camera_labels-60.png 1832 856 26
big_dataset_depth/000000000606-segment-10526338824408452410_5714_660_5734_660_with_camera_labels-60.png 1840 768 32
big_dataset_depth/000000000606-segment-10526338824408452410_5714_660_5734_660_with_camera_labels-60.png 1848 784 33
big_dataset_depth/000000000606-segment-10526338824408452410_5714_660_5734_660_with_camera_labels-60.png 1856 800 33
big_dataset_depth/000000000606-segment-10526338824408452410_5714_660_5734_660_with_camera_labels-60.png 1864 776 33
big_dataset_depth/000000000606-segment-10526338824408452410_5714_660_5734_660_with_camera_labels-60.png 1888 1000 21
big_dataset_depth/000000000606-segment-10526338824408452410_5714_660_5734_660_with_camera_labels-60.png 1896 880 25
big_dataset_depth/000000000606-segment-10526338824408452410_5714_660_5734_660_with_camera_labels-60.png 1904 920 24
big_dataset_depth/000000000606-segment-10526338824408452410_5714_660_5734_660_with_camera_labels-60.png 1912 888 25
