big_dataset_depth/000000000496-segment-1051897962568538022_238_170_258_170_with_camera_labels-160.png 0 712 47
big_dataset_depth/000000000496-segment-1051897962568538022_238_170_258_170_with_camera_labels-160.png 8 840 42
big_dataset_depth/000000000496-segment-1051897962568538022_238_170_258_170_with_camera_labels-160.png 16 896 35
big_dataset_depth/000000000496-segment-1051897962568538022_238_170_258_170_with_camera_labels-160.png 24 848 41
big_dataset_depth/000000000496-segment-1051897962568538022_238_170_258_170_with_camera_labels-160.png 32 896 35
big_dataset_depth/000000000496-segment-1051897962568538022_238_170_258_170_with_camera_labels-160.png 40 840 43
big_dataset_depth/000000000496-segment-1051897962568538022_238_170_258_170_with_camera_labels-160.png 56 816 46
big_dataset_depth/000000000496-segment-1051897962568538022_238_170_258_170_with_camera_labels-160.png 64 832 45
big_dataset_depth/000000000496-segment-1051897962568538022_238_170_258_170_with_camera_labels-160.png 72 816 45
big_dataset_depth/000000000496-segment-1051897962568538022_238_170_258_170_with_camera_labels-160.png 88 816 45
big_dataset_depth/000000000496-segment-1051897962568538022_238_170_258_170_with_camera_labels-160.png 96 816 45
big_dataset_depth/000000000496-segment-1051897962568538022_238_170_258_170_with_camera_labels-160.png 104 800 45
big_dataset_depth/000000000496-segment-1051897962568538022_238_170_258_170_with_camera_labels-160.png 112 760 50
big_dataset_depth/000000000496-segment-1051897962568538022_238_170_258_170_with_camera_labels-160.png 120 800 51
big_dataset_depth/000000000496-segment-1051897962568538022_238_170_258_170_with_camera_labels-160.png 128 800 51
big_dataset_depth/000000000496-segment-1051897962568538022_238_170_258_170_with_camera_labels-160.png 136 800 52
big_dataset_depth/000000000496-segment-1051897962568538022_238_170_258_170_with_camera_labels-160.png 144 832 46
big_dataset_depth/000000000496-segment-1051897962568538022_238_170_258_170_with_camera_labels-160.png 152 808 51
big_dataset_depth/000000000496-segment-1051897962568538022_238_170_258_170_with_camera_labels-160.png 160 800 53
big_dataset_depth/000000000496-segment-1051897962568538022_238_170_258_170_with_camera_labels-160.png 168 800 54
big_dataset_depth/000000000496-segment-1051897962568538022_238_170_258_170_with_camera_labels-160.png 176 808 52
big_dataset_depth/000000000496-segment-1051897962568538022_238_170_258_170_with_camera_labels-160.png 184 792 55
big_dataset_depth/000000000496-segment-1051897962568538022_238_170_258_170_with_camera_labels-160.png 192 800 55
big_dataset_depth/000000000496-segment-1051897962568538022_238_170_258_170_with_camera_labels-160.png 200 792 56
big_dataset_depth/000000000496-segment-1051897962568538022_238_170_258_170_with_camera_labels-160.png 208 792 56
big_dataset_depth/000000000496-segment-1051897962568538022_238_170_258_170_with_camera_labels-160.png 216 792 57
big_dataset_depth/000000000496-segment-1051897962568538022_238_170_258_170_with_camera_labels-160.png 224 792 57
big_dataset_depth/000000000496-segment-1051897962568538022_238_170_258_170_with_camera_labels-160.png 232 800 56
big_dataset_depth/000000000496-segment-1051897962568538022_238_170_258_170_with_camera_labels-160.png 240 792 58
big_dataset_depth/000000000496-segment-1051897962568538022_238_170_258_170_with_camera_labels-160.png 248 800 57
big_dataset_depth/000000000496-segment-1051897962568538022_238_170_258_170_with_camera_labels-160.png 256 800 55
big_dataset_depth/000000000496-segment-1051897962568538022_238_170_258_170_with_camera_labels-160.png 264 800 55
big_dataset_depth/000000000496-segment-1051897962568538022_238_170_258_170_with_camera_labels-160.png 272 784 55
big_dataset_depth/000000000496-segment-1051897962568538022_238_170_258_170_with_camera_labels-160.png 280 776 55
big_dataset_depth/000000000496-segment-1051897962568538022_238_170_258_170_with_camera_labels-160.png 288 776 55
big_dataset_depth/000000000496-segment-1051897962568538022_238_170_258_170_with_camera_labels-160.png 296 776 55
big_dataset_depth/000000000496-segment-1051897962568538022_238_170_258_170_with_camera_labels-160.png 304 776 57
big_dataset_depth/000000000496-segment-1051897962568538022_238_170_258_170_with_camera_labels-160.png 312 776 57
big_dataset_depth/000000000496-segment-1051897962568538022_238_170_258_170_with_camera_labels-160.png 320 784 58
big_dataset_depth/000000000496-segment-1051897962568538022_238_170_258_170_with_camera_labels-160.png 328 768 60
big_dataset_depth/000000000496-segment-1051897962568538022_238_170_258_170_with_camera_labels-160.png 336 784 62
big_dataset_depth/000000000496-segment-1051897962568538022_238_170_258_170_with_camera_labels-160.png 344 760 61
big_dataset_depth/000000000496-segment-1051897962568538022_238_170_258_170_with_camera_labels-160.png 352 784 62
big_dataset_depth/000000000496-segment-1051897962568538022_238_170_258_170_with_camera_labels-160.png 360 768 62
big_dataset_depth/000000000496-segment-1051897962568538022_238_170_258_170_with_camera_labels-160.png 368 768 62
big_dataset_depth/000000000496-segment-1051897962568538022_238_170_258_170_with_camera_labels-160.png 376 744 65
big_dataset_depth/000000000496-segment-1051897962568538022_238_170_258_170_with_camera_labels-160.png 384 760 70
big_dataset_depth/000000000496-segment-1051897962568538022_238_170_258_170_with_camera_labels-160.png 392 768 69
big_dataset_depth/000000000496-segment-1051897962568538022_238_170_258_170_with_camera_labels-160.png 400 768 69
big_dataset_depth/000000000496-segment-1051897962568538022_238_170_258_170_with_camera_labels-160.png 408 768 70
big_dataset_depth/000000000496-segment-1051897962568538022_238_170_258_170_with_camera_labels-160.png 416 760 73
big_dataset_depth/000000000496-segment-1051897962568538022_238_170_258_170_with_camera_labels-160.png 424 744 78
big_dataset_depth/000000000496-segment-1051897962568538022_238_170_258_170_with_camera_labels-160.png 432 752 80
big_dataset_depth/000000000496-segment-1051897962568538022_238_170_258_170_with_camera_labels-160.png 440 744 80
big_dataset_depth/000000000496-segment-1051897962568538022_238_170_258_170_with_camera_labels-160.png 448 752 82
big_dataset_depth/000000000496-segment-1051897962568538022_238_170_258_170_with_camera_labels-160.png 456 744 83
big_dataset_depth/000000000496-segment-1051897962568538022_238_170_258_170_with_camera_labels-160.png 464 728 80
big_dataset_depth/000000000496-segment-1051897962568538022_238_170_258_170_with_camera_labels-160.png 472 744 85
big_dataset_depth/000000000496-segment-1051897962568538022_238_170_258_170_with_camera_labels-160.png 480 752 80
big_dataset_depth/000000000496-segment-1051897962568538022_238_170_258_170_with_camera_labels-160.png 488 752 80
big_dataset_depth/000000000496-segment-1051897962568538022_238_170_258_170_with_camera_labels-160.png 496 744 80
big_dataset_depth/000000000496-segment-1051897962568538022_238_170_258_170_with_camera_labels-160.png 504 736 79
big_dataset_depth/000000000496-segment-1051897962568538022_238_170_258_170_with_camera_labels-160.png 512 752 84
big_dataset_depth/000000000496-segment-1051897962568538022_238_170_258_170_with_camera_labels-160.png 520 744 88
big_dataset_depth/000000000496-segment-1051897962568538022_238_170_258_170_with_camera_labels-160.png 528 744 88
big_dataset_depth/000000000496-segment-1051897962568538022_238_170_258_170_with_camera_labels-160.png 536 736 89
big_dataset_depth/000000000496-segment-1051897962568538022_238_170_258_170_with_camera_labels-160.png 544 744 91
big_dataset_depth/000000000496-segment-1051897962568538022_238_170_258_170_with_camera_labels-160.png 552 728 91
big_dataset_depth/000000000496-segment-1051897962568538022_238_170_258_170_with_camera_labels-160.png 560 728 96
big_dataset_depth/000000000496-segment-1051897962568538022_238_170_258_170_with_camera_labels-160.png 568 728 104
big_dataset_depth/000000000496-segment-1051897962568538022_238_170_258_170_with_camera_labels-160.png 576 736 101
big_dataset_depth/000000000496-segment-1051897962568538022_238_170_258_170_with_camera_labels-160.png 584 720 101
big_dataset_depth/000000000496-segment-1051897962568538022_238_170_258_170_with_camera_labels-160.png 592 720 104
big_dataset_depth/000000000496-segment-1051897962568538022_238_170_258_170_with_camera_labels-160.png 600 728 106
big_dataset_depth/000000000496-segment-1051897962568538022_238_170_258_170_with_camera_labels-160.png 608 736 105
big_dataset_depth/000000000496-segment-1051897962568538022_238_170_258_170_with_camera_labels-160.png 616 736 106
big_dataset_depth/000000000496-segment-1051897962568538022_238_170_258_170_with_camera_labels-160.png 624 736 104
big_dataset_depth/000000000496-segment-1051897962568538022_238_170_258_170_with_camera_labels-160.png 632 688 106
big_dataset_depth/000000000496-segment-1051897962568538022_238_170_258_170_with_camera_labels-160.png 640 680 106
big_dataset_depth/000000000496-segment-1051897962568538022_238_170_258_170_with_camera_labels-160.png 648 680 106
big_dataset_depth/000000000496-segment-1051897962568538022_238_170_258_170_with_camera_labels-160.png 656 680 107
big_dataset_depth/000000000496-segment-1051897962568538022_238_170_258_170_with_camera_labels-160.png 664 736 107
big_dataset_depth/000000000496-segment-1051897962568538022_238_170_258_170_with_camera_labels-160.png 672 592 105
big_dataset_depth/000000000496-segment-1051897962568538022_238_170_258_170_with_camera_labels-160.png 680 584 105
big_dataset_depth/000000000496-segment-1051897962568538022_238_170_258_170_with_camera_labels-160.png 688 584 105
big_dataset_depth/000000000496-segment-1051897962568538022_238_170_258_170_with_camera_labels-160.png 696 584 105
big_dataset_depth/000000000496-segment-1051897962568538022_238_170_258_170_with_camera_labels-160.png 704 584 105
big_dataset_depth/000000000496-segment-1051897962568538022_238_170_258_170_with_camera_labels-160.png 712 584 105
big_dataset_depth/000000000496-segment-1051897962568538022_238_170_258_170_with_camera_labels-160.png 1192 776 67
big_dataset_depth/000000000496-segment-1051897962568538022_238_170_258_170_with_camera_labels-160.png 1248 888 33
big_dataset_depth/000000000496-segment-1051897962568538022_238_170_258_170_with_camera_labels-160.png 1256 888 33
big_dataset_depth/000000000496-segment-1051897962568538022_238_170_258_170_with_camera_labels-160.png 1280 904 31
big_dataset_depth/000000000496-segment-1051897962568538022_238_170_258_170_with_camera_labels-160.png 1304 920 30
big_dataset_depth/000000000496-segment-1051897962568538022_238_170_258_170_with_camera_labels-160.png 1352 952 27
big_dataset_depth/000000000496-segment-1051897962568538022_238_170_258_170_with_camera_labels-160.png 1360 952 26
big_dataset_depth/000000000496-segment-1051897962568538022_238_170_258_170_with_camera_labels-160.png 1384 968 25
big_dataset_depth/000000000496-segment-1051897962568538022_238_170_258_170_with_camera_labels-160.png 1400 984 24
big_dataset_depth/000000000496-segment-1051897962568538022_238_170_258_170_with_camera_labels-160.png 1408 984 24
big_dataset_depth/000000000496-segment-1051897962568538022_238_170_258_170_with_camera_labels-160.png 1416 984 24
big_dataset_depth/000000000496-segment-1051897962568538022_238_170_258_170_with_camera_labels-160.png 1424 1000 23
big_dataset_depth/000000000496-segment-1051897962568538022_238_170_258_170_with_camera_labels-160.png 1432 1000 23
big_dataset_depth/000000000496-segment-1051897962568538022_238_170_258_170_with_camera_labels-160.png 1440 1000 23
big_dataset_depth/000000000496-segment-1051897962568538022_238_170_258_170_with_camera_labels-160.png 1456 1016 22
big_dataset_depth/000000000496-segment-1051897962568538022_238_170_258_170_with_camera_labels-160.png 1464 1016 22
big_dataset_depth/000000000496-segment-1051897962568538022_238_170_258_170_with_camera_labels-160.png 1472 1016 22
big_dataset_depth/000000000496-segment-1051897962568538022_238_170_258_170_with_camera_labels-160.png 1488 1040 21
big_dataset_depth/000000000496-segment-1051897962568538022_238_170_258_170_with_camera_labels-160.png 1512 1056 20
big_dataset_depth/000000000496-segment-1051897962568538022_238_170_258_170_with_camera_labels-160.png 1520 1056 20
big_dataset_depth/000000000496-segment-1051897962568538022_238_170_258_170_with_camera_labels-160.png 1528 1056 20
big_dataset_depth/000000000496-segment-1051897962568538022_238_170_258_170_with_camera_labels-160.png 1536 1056 20
big_dataset_depth/000000000496-segment-1051897962568538022_238_170_258_170_with_camera_labels-160.png 1544 1056 20
big_dataset_depth/000000000496-segment-1051897962568538022_238_170_258_170_with_camera_labels-160.png 1576 1080 19
big_dataset_depth/000000000496-segment-1051897962568538022_238_170_258_170_with_camera_labels-160.png 1584 1096 19
big_dataset_depth/000000000496-segment-1051897962568538022_238_170_258_170_with_camera_labels-160.png 1600 1096 19
big_dataset_depth/000000000496-segment-1051897962568538022_238_170_258_170_with_camera_labels-160.png 1608 1104 18
big_dataset_depth/000000000496-segment-1051897962568538022_238_170_258_170_with_camera_labels-160.png 1616 1112 18
big_dataset_depth/000000000496-segment-1051897962568538022_238_170_258_170_with_camera_labels-160.png 1624 784 61
big_dataset_depth/000000000496-segment-1051897962568538022_238_170_258_170_with_camera_labels-160.png 1632 1120 18
big_dataset_depth/000000000496-segment-1051897962568538022_238_170_258_170_with_camera_labels-160.png 1640 1120 18
big_dataset_depth/000000000496-segment-1051897962568538022_238_170_258_170_with_camera_labels-160.png 1648 1120 18
big_dataset_depth/000000000496-segment-1051897962568538022_238_170_258_170_with_camera_labels-160.png 1656 1120 17
big_dataset_depth/000000000496-segment-1051897962568538022_238_170_258_170_with_camera_labels-160.png 1664 1136 17
big_dataset_depth/000000000496-segment-1051897962568538022_238_170_258_170_with_camera_labels-160.png 1672 1136 17
big_dataset_depth/000000000496-segment-1051897962568538022_238_170_258_170_with_camera_labels-160.png 1680 1152 17
big_dataset_depth/000000000496-segment-1051897962568538022_238_170_258_170_with_camera_labels-160.png 1688 1160 17
big_dataset_depth/000000000496-segment-1051897962568538022_238_170_258_170_with_camera_labels-160.png 1696 1160 17
big_dataset_depth/000000000496-segment-1051897962568538022_238_170_258_170_with_camera_labels-160.png 1704 1160 17
big_dataset_depth/000000000496-segment-1051897962568538022_238_170_258_170_with_camera_labels-160.png 1712 1160 16
big_dataset_depth/000000000496-segment-1051897962568538022_238_170_258_170_with_camera_labels-160.png 1720 1184 16
big_dataset_depth/000000000496-segment-1051897962568538022_238_170_258_170_with_camera_labels-160.png 1728 1184 16
big_dataset_depth/000000000496-segment-1051897962568538022_238_170_258_170_with_camera_labels-160.png 1736 1184 16
big_dataset_depth/000000000496-segment-1051897962568538022_238_170_258_170_with_camera_labels-160.png 1744 1184 16
big_dataset_depth/000000000496-segment-1051897962568538022_238_170_258_170_with_camera_labels-160.png 1752 1184 16
big_dataset_depth/000000000496-segment-1051897962568538022_238_170_258_170_with_camera_labels-160.png 1760 1192 16
big_dataset_depth/000000000496-segment-1051897962568538022_238_170_258_170_with_camera_labels-160.png 1768 1208 15
big_dataset_depth/000000000496-segment-1051897962568538022_238_170_258_170_with_camera_labels-160.png 1776 1208 15
big_dataset_depth/000000000496-segment-1051897962568538022_238_170_258_170_with_camera_labels-160.png 1784 1208 15
big_dataset_depth/000000000496-segment-1051897962568538022_238_170_258_170_with_camera_labels-160.png 1792 1216 15
big_dataset_depth/000000000496-segment-1051897962568538022_238_170_258_170_with_camera_labels-160.png 1800 1232 15
big_dataset_depth/000000000496-segment-1051897962568538022_238_170_258_170_with_camera_labels-160.png 1808 1232 15
big_dataset_depth/000000000496-segment-1051897962568538022_238_170_258_170_with_camera_labels-160.png 1816 1232 15
big_dataset_depth/000000000496-segment-1051897962568538022_238_170_258_170_with_camera_labels-160.png 1824 1232 15
big_dataset_depth/000000000496-segment-1051897962568538022_238_170_258_170_with_camera_labels-160.png 1832 1096 29
big_dataset_depth/000000000496-segment-1051897962568538022_238_170_258_170_with_camera_labels-160.png 1840 1104 30
big_dataset_depth/000000000496-segment-1051897962568538022_238_170_258_170_with_camera_labels-160.png 1848 1256 14
big_dataset_depth/000000000496-segment-1051897962568538022_238_170_258_170_with_camera_labels-160.png 1856 1056 31
big_dataset_depth/000000000496-segment-1051897962568538022_238_170_258_170_with_camera_labels-160.png 1864 1120 26
big_dataset_depth/000000000496-segment-1051897962568538022_238_170_258_170_with_camera_labels-160.png 1872 1280 14
big_dataset_depth/000000000496-segment-1051897962568538022_238_170_258_170_with_camera_labels-160.png 1880 1136 25
big_dataset_depth/000000000496-segment-1051897962568538022_238_170_258_170_with_camera_labels-160.png 1888 1280 14
big_dataset_depth/000000000496-segment-1051897962568538022_238_170_258_170_with_camera_labels-160.png 1896 1280 14
big_dataset_depth/000000000496-segment-1051897962568538022_238_170_258_170_with_camera_labels-160.png 1904 1280 14
big_dataset_depth/000000000496-segment-1051897962568538022_238_170_258_170_with_camera_labels-160.png 1912 1280 14
