big_dataset_depth/000000002466-segment-1306458236359471795_2524_330_2544_330_with_camera_labels-90.png 0 736 75
big_dataset_depth/000000002466-segment-1306458236359471795_2524_330_2544_330_with_camera_labels-90.png 8 736 75
big_dataset_depth/000000002466-segment-1306458236359471795_2524_330_2544_330_with_camera_labels-90.png 16 728 76
big_dataset_depth/000000002466-segment-1306458236359471795_2524_330_2544_330_with_camera_labels-90.png 24 736 76
big_dataset_depth/000000002466-segment-1306458236359471795_2524_330_2544_330_with_camera_labels-90.png 32 720 77
big_dataset_depth/000000002466-segment-1306458236359471795_2524_330_2544_330_with_camera_labels-90.png 40 720 78
big_dataset_depth/000000002466-segment-1306458236359471795_2524_330_2544_330_with_camera_labels-90.png 48 720 78
big_dataset_depth/000000002466-segment-1306458236359471795_2524_330_2544_330_with_camera_labels-90.png 64 720 79
big_dataset_depth/000000002466-segment-1306458236359471795_2524_330_2544_330_with_camera_labels-90.png 72 712 81
big_dataset_depth/000000002466-segment-1306458236359471795_2524_330_2544_330_with_camera_labels-90.png 80 712 81
big_dataset_depth/000000002466-segment-1306458236359471795_2524_330_2544_330_with_camera_labels-90.png 88 720 81
big_dataset_depth/000000002466-segment-1306458236359471795_2524_330_2544_330_with_camera_labels-90.png 96 720 82
big_dataset_depth/000000002466-segment-1306458236359471795_2524_330_2544_330_with_camera_labels-90.png 104 720 82
big_dataset_depth/000000002466-segment-1306458236359471795_2524_330_2544_330_with_camera_labels-90.png 112 712 83
big_dataset_depth/000000002466-segment-1306458236359471795_2524_330_2544_330_with_camera_labels-90.png 120 712 84
big_dataset_depth/000000002466-segment-1306458236359471795_2524_330_2544_330_with_camera_labels-90.png 128 712 85
big_dataset_depth/000000002466-segment-1306458236359471795_2524_330_2544_330_with_camera_labels-90.png 136 712 86
big_dataset_depth/000000002466-segment-1306458236359471795_2524_330_2544_330_with_camera_labels-90.png 144 704 87
big_dataset_depth/000000002466-segment-1306458236359471795_2524_330_2544_330_with_camera_labels-90.png 152 704 87
big_dataset_depth/000000002466-segment-1306458236359471795_2524_330_2544_330_with_camera_labels-90.png 160 704 88
big_dataset_depth/000000002466-segment-1306458236359471795_2524_330_2544_330_with_camera_labels-90.png 168 712 88
big_dataset_depth/000000002466-segment-1306458236359471795_2524_330_2544_330_with_camera_labels-90.png 176 712 89
big_dataset_depth/000000002466-segment-1306458236359471795_2524_330_2544_330_with_camera_labels-90.png 184 704 90
big_dataset_depth/000000002466-segment-1306458236359471795_2524_330_2544_330_with_camera_labels-90.png 192 704 91
big_dataset_depth/000000002466-segment-1306458236359471795_2524_330_2544_330_with_camera_labels-90.png 208 696 93
big_dataset_depth/000000002466-segment-1306458236359471795_2524_330_2544_330_with_camera_labels-90.png 216 696 94
big_dataset_depth/000000002466-segment-1306458236359471795_2524_330_2544_330_with_camera_labels-90.png 224 696 95
big_dataset_depth/000000002466-segment-1306458236359471795_2524_330_2544_330_with_camera_labels-90.png 232 696 96
big_dataset_depth/000000002466-segment-1306458236359471795_2524_330_2544_330_with_camera_labels-90.png 240 696 97
big_dataset_depth/000000002466-segment-1306458236359471795_2524_330_2544_330_with_camera_labels-90.png 248 696 98
big_dataset_depth/000000002466-segment-1306458236359471795_2524_330_2544_330_with_camera_labels-90.png 256 696 98
big_dataset_depth/000000002466-segment-1306458236359471795_2524_330_2544_330_with_camera_labels-90.png 264 696 99
big_dataset_depth/000000002466-segment-1306458236359471795_2524_330_2544_330_with_camera_labels-90.png 272 696 100
big_dataset_depth/000000002466-segment-1306458236359471795_2524_330_2544_330_with_camera_labels-90.png 280 696 101
big_dataset_depth/000000002466-segment-1306458236359471795_2524_330_2544_330_with_camera_labels-90.png 288 696 102
big_dataset_depth/000000002466-segment-1306458236359471795_2524_330_2544_330_with_camera_labels-90.png 296 696 104
big_dataset_depth/000000002466-segment-1306458236359471795_2524_330_2544_330_with_camera_labels-90.png 304 688 105
big_dataset_depth/000000002466-segment-1306458236359471795_2524_330_2544_330_with_camera_labels-90.png 312 688 106
big_dataset_depth/000000002466-segment-1306458236359471795_2524_330_2544_330_with_camera_labels-90.png 320 688 108
big_dataset_depth/000000002466-segment-1306458236359471795_2524_330_2544_330_with_camera_labels-90.png 328 696 108
big_dataset_depth/000000002466-segment-1306458236359471795_2524_330_2544_330_with_camera_labels-90.png 768 696 75
big_dataset_depth/000000002466-segment-1306458236359471795_2524_330_2544_330_with_camera_labels-90.png 776 696 75
big_dataset_depth/000000002466-segment-1306458236359471795_2524_330_2544_330_with_camera_labels-90.png 784 696 75
big_dataset_depth/000000002466-segment-1306458236359471795_2524_330_2544_330_with_camera_labels-90.png 792 696 75
big_dataset_depth/000000002466-segment-1306458236359471795_2524_330_2544_330_with_camera_labels-90.png 800 696 75
big_dataset_depth/000000002466-segment-1306458236359471795_2524_330_2544_330_with_camera_labels-90.png 808 696 75
big_dataset_depth/000000002466-segment-1306458236359471795_2524_330_2544_330_with_camera_labels-90.png 816 704 75
big_dataset_depth/000000002466-segment-1306458236359471795_2524_330_2544_330_with_camera_labels-90.png 824 696 75
big_dataset_depth/000000002466-segment-1306458236359471795_2524_330_2544_330_with_camera_labels-90.png 832 696 75
big_dataset_depth/000000002466-segment-1306458236359471795_2524_330_2544_330_with_camera_labels-90.png 952 760 51
big_dataset_depth/000000002466-segment-1306458236359471795_2524_330_2544_330_with_camera_labels-90.png 960 744 50
big_dataset_depth/000000002466-segment-1306458236359471795_2524_330_2544_330_with_camera_labels-90.png 968 728 50
big_dataset_depth/000000002466-segment-1306458236359471795_2524_330_2544_330_with_camera_labels-90.png 976 744 50
big_dataset_depth/000000002466-segment-1306458236359471795_2524_330_2544_330_with_camera_labels-90.png 984 728 50
big_dataset_depth/000000002466-segment-1306458236359471795_2524_330_2544_330_with_camera_labels-90.png 992 728 50
big_dataset_depth/000000002466-segment-1306458236359471795_2524_330_2544_330_with_camera_labels-90.png 1000 728 49
big_dataset_depth/000000002466-segment-1306458236359471795_2524_330_2544_330_with_camera_labels-90.png 1008 728 49
big_dataset_depth/000000002466-segment-1306458236359471795_2524_330_2544_330_with_camera_labels-90.png 1016 736 50
big_dataset_depth/000000002466-segment-1306458236359471795_2524_330_2544_330_with_camera_labels-90.png 1024 744 50
big_dataset_depth/000000002466-segment-1306458236359471795_2524_330_2544_330_with_camera_labels-90.png 1032 728 50
big_dataset_depth/000000002466-segment-1306458236359471795_2524_330_2544_330_with_camera_labels-90.png 1040 752 50
big_dataset_depth/000000002466-segment-1306458236359471795_2524_330_2544_330_with_camera_labels-90.png 1056 760 51
big_dataset_depth/000000002466-segment-1306458236359471795_2524_330_2544_330_with_camera_labels-90.png 1272 712 108
big_dataset_depth/000000002466-segment-1306458236359471795_2524_330_2544_330_with_camera_labels-90.png 1280 712 108
big_dataset_depth/000000002466-segment-1306458236359471795_2524_330_2544_330_with_camera_labels-90.png 1288 712 108
big_dataset_depth/000000002466-segment-1306458236359471795_2524_330_2544_330_with_camera_labels-90.png 1296 712 108
big_dataset_depth/000000002466-segment-1306458236359471795_2524_330_2544_330_with_camera_labels-90.png 1304 712 106
big_dataset_depth/000000002466-segment-1306458236359471795_2524_330_2544_330_with_camera_labels-90.png 1312 720 105
big_dataset_depth/000000002466-segment-1306458236359471795_2524_330_2544_330_with_camera_labels-90.png 1320 720 105
big_dataset_depth/000000002466-segment-1306458236359471795_2524_330_2544_330_with_camera_labels-90.png 1328 720 104
big_dataset_depth/000000002466-segment-1306458236359471795_2524_330_2544_330_with_camera_labels-90.png 1336 720 104
big_dataset_depth/000000002466-segment-1306458236359471795_2524_330_2544_330_with_camera_labels-90.png 1344 720 104
big_dataset_depth/000000002466-segment-1306458236359471795_2524_330_2544_330_with_camera_labels-90.png 1352 712 104
big_dataset_depth/000000002466-segment-1306458236359471795_2524_330_2544_330_with_camera_labels-90.png 1360 712 104
big_dataset_depth/000000002466-segment-1306458236359471795_2524_330_2544_330_with_camera_labels-90.png 1376 712 105
big_dataset_depth/000000002466-segment-1306458236359471795_2524_330_2544_330_with_camera_labels-90.png 1384 728 104
big_dataset_depth/000000002466-segment-1306458236359471795_2524_330_2544_330_with_camera_labels-90.png 1392 728 104
big_dataset_depth/000000002466-segment-1306458236359471795_2524_330_2544_330_with_camera_labels-90.png 1400 728 104
big_dataset_depth/000000002466-segment-1306458236359471795_2524_330_2544_330_with_camera_labels-90.png 1408 728 105
big_dataset_depth/000000002466-segment-1306458236359471795_2524_330_2544_330_with_camera_labels-90.png 1416 720 106
big_dataset_depth/000000002466-segment-1306458236359471795_2524_330_2544_330_with_camera_labels-90.png 1424 744 77
big_dataset_depth/000000002466-segment-1306458236359471795_2524_330_2544_330_with_camera_labels-90.png 1432 728 86
big_dataset_depth/000000002466-segment-1306458236359471795_2524_330_2544_330_with_camera_labels-90.png 1440 736 77
big_dataset_depth/000000002466-segment-1306458236359471795_2524_330_2544_330_with_camera_labels-90.png 1448 744 76
big_dataset_depth/000000002466-segment-1306458236359471795_2524_330_2544_330_with_camera_labels-90.png 1456 736 76
big_dataset_depth/000000002466-segment-1306458236359471795_2524_330_2544_330_with_camera_labels-90.png 1464 752 76
big_dataset_depth/000000002466-segment-1306458236359471795_2524_330_2544_330_with_camera_labels-90.png 1472 736 77
big_dataset_depth/000000002466-segment-1306458236359471795_2524_330_2544_330_with_camera_labels-90.png 1480 736 77
big_dataset_depth/000000002466-segment-1306458236359471795_2524_330_2544_330_with_camera_labels-90.png 1488 752 76
big_dataset_depth/000000002466-segment-1306458236359471795_2524_330_2544_330_with_camera_labels-90.png 1496 712 78
big_dataset_depth/000000002466-segment-1306458236359471795_2524_330_2544_330_with_camera_labels-90.png 1504 768 62
big_dataset_depth/000000002466-segment-1306458236359471795_2524_330_2544_330_with_camera_labels-90.png 1512 768 63
big_dataset_depth/000000002466-segment-1306458236359471795_2524_330_2544_330_with_camera_labels-90.png 1520 768 62
big_dataset_depth/000000002466-segment-1306458236359471795_2524_330_2544_330_with_camera_labels-90.png 1528 768 62
big_dataset_depth/000000002466-segment-1306458236359471795_2524_330_2544_330_with_camera_labels-90.png 1536 760 62
big_dataset_depth/000000002466-segment-1306458236359471795_2524_330_2544_330_with_camera_labels-90.png 1544 776 62
big_dataset_depth/000000002466-segment-1306458236359471795_2524_330_2544_330_with_camera_labels-90.png 1552 776 62
big_dataset_depth/000000002466-segment-1306458236359471795_2524_330_2544_330_with_camera_labels-90.png 1560 776 62
big_dataset_depth/000000002466-segment-1306458236359471795_2524_330_2544_330_with_camera_labels-90.png 1568 776 62
big_dataset_depth/000000002466-segment-1306458236359471795_2524_330_2544_330_with_camera_labels-90.png 1576 776 62
big_dataset_depth/000000002466-segment-1306458236359471795_2524_330_2544_330_with_camera_labels-90.png 1584 776 62
big_dataset_depth/000000002466-segment-1306458236359471795_2524_330_2544_330_with_camera_labels-90.png 1592 760 52
big_dataset_depth/000000002466-segment-1306458236359471795_2524_330_2544_330_with_camera_labels-90.png 1600 792 51
big_dataset_depth/000000002466-segment-1306458236359471795_2524_330_2544_330_with_camera_labels-90.png 1608 800 51
big_dataset_depth/000000002466-segment-1306458236359471795_2524_330_2544_330_with_camera_labels-90.png 1616 792 51
big_dataset_depth/000000002466-segment-1306458236359471795_2524_330_2544_330_with_camera_labels-90.png 1624 800 51
big_dataset_depth/000000002466-segment-1306458236359471795_2524_330_2544_330_with_camera_labels-90.png 1632 784 50
big_dataset_depth/000000002466-segment-1306458236359471795_2524_330_2544_330_with_camera_labels-90.png 1640 800 50
big_dataset_depth/000000002466-segment-1306458236359471795_2524_330_2544_330_with_camera_labels-90.png 1648 800 48
big_dataset_depth/000000002466-segment-1306458236359471795_2524_330_2544_330_with_camera_labels-90.png 1656 792 48
big_dataset_depth/000000002466-segment-1306458236359471795_2524_330_2544_330_with_camera_labels-90.png 1664 816 49
big_dataset_depth/000000002466-segment-1306458236359471795_2524_330_2544_330_with_camera_labels-90.png 1672 800 48
big_dataset_depth/000000002466-segment-1306458236359471795_2524_330_2544_330_with_camera_labels-90.png 1680 816 48
big_dataset_depth/000000002466-segment-1306458236359471795_2524_330_2544_330_with_camera_labels-90.png 1688 800 48
big_dataset_depth/000000002466-segment-1306458236359471795_2524_330_2544_330_with_camera_labels-90.png 1696 800 48
big_dataset_depth/000000002466-segment-1306458236359471795_2524_330_2544_330_with_camera_labels-90.png 1704 808 48
big_dataset_depth/000000002466-segment-1306458236359471795_2524_330_2544_330_with_camera_labels-90.png 1712 800 48
big_dataset_depth/000000002466-segment-1306458236359471795_2524_330_2544_330_with_camera_labels-90.png 1720 800 47
big_dataset_depth/000000002466-segment-1306458236359471795_2524_330_2544_330_with_camera_labels-90.png 1728 816 47
big_dataset_depth/000000002466-segment-1306458236359471795_2524_330_2544_330_with_camera_labels-90.png 1736 824 48
big_dataset_depth/000000002466-segment-1306458236359471795_2524_330_2544_330_with_camera_labels-90.png 1752 824 47
big_dataset_depth/000000002466-segment-1306458236359471795_2524_330_2544_330_with_camera_labels-90.png 1760 824 48
big_dataset_depth/000000002466-segment-1306458236359471795_2524_330_2544_330_with_camera_labels-90.png 1768 824 48
big_dataset_depth/000000002466-segment-1306458236359471795_2524_330_2544_330_with_camera_labels-90.png 1776 816 48
big_dataset_depth/000000002466-segment-1306458236359471795_2524_330_2544_330_with_camera_labels-90.png 1784 824 47
big_dataset_depth/000000002466-segment-1306458236359471795_2524_330_2544_330_with_camera_labels-90.png 1792 816 48
big_dataset_depth/000000002466-segment-1306458236359471795_2524_330_2544_330_with_camera_labels-90.png 1800 816 48
big_dataset_depth/000000002466-segment-1306458236359471795_2524_330_2544_330_with_camera_labels-90.png 1808 824 48
big_dataset_depth/000000002466-segment-1306458236359471795_2524_330_2544_330_with_camera_labels-90.png 1816 816 48
big_dataset_depth/000000002466-segment-1306458236359471795_2524_330_2544_330_with_camera_labels-90.png 1824 824 47
big_dataset_depth/000000002466-segment-1306458236359471795_2524_330_2544_330_with_camera_labels-90.png 1832 808 48
big_dataset_depth/000000002466-segment-1306458236359471795_2524_330_2544_330_with_camera_labels-90.png 1840 832 47
big_dataset_depth/000000002466-segment-1306458236359471795_2524_330_2544_330_with_camera_labels-90.png 1848 816 47
big_dataset_depth/000000002466-segment-1306458236359471795_2524_330_2544_330_with_camera_labels-90.png 1856 840 47
big_dataset_depth/000000002466-segment-1306458236359471795_2524_330_2544_330_with_camera_labels-90.png 1864 840 46
big_dataset_depth/000000002466-segment-1306458236359471795_2524_330_2544_330_with_camera_labels-90.png 1872 848 46
big_dataset_depth/000000002466-segment-1306458236359471795_2524_330_2544_330_with_camera_labels-90.png 1880 824 46
big_dataset_depth/000000002466-segment-1306458236359471795_2524_330_2544_330_with_camera_labels-90.png 1888 848 46
big_dataset_depth/000000002466-segment-1306458236359471795_2524_330_2544_330_with_camera_labels-90.png 1896 824 47
big_dataset_depth/000000002466-segment-1306458236359471795_2524_330_2544_330_with_camera_labels-90.png 1904 848 46
big_dataset_depth/000000002466-segment-1306458236359471795_2524_330_2544_330_with_camera_labels-90.png 1912 856 45
