big_dataset_depth/000000001914-segment-12027892938363296829_4086_280_4106_280_with_camera_labels-170.png 0 976 48
big_dataset_depth/000000001914-segment-12027892938363296829_4086_280_4106_280_with_camera_labels-170.png 8 1000 48
big_dataset_depth/000000001914-segment-12027892938363296829_4086_280_4106_280_with_camera_labels-170.png 16 1176 14
big_dataset_depth/000000001914-segment-12027892938363296829_4086_280_4106_280_with_camera_labels-170.png 24 904 62
big_dataset_depth/000000001914-segment-12027892938363296829_4086_280_4106_280_with_camera_labels-170.png 32 896 66
big_dataset_depth/000000001914-segment-12027892938363296829_4086_280_4106_280_with_camera_labels-170.png 40 1176 14
big_dataset_depth/000000001914-segment-12027892938363296829_4086_280_4106_280_with_camera_labels-170.png 48 888 66
big_dataset_depth/000000001914-segment-12027892938363296829_4086_280_4106_280_with_camera_labels-170.png 56 1176 14
big_dataset_depth/000000001914-segment-12027892938363296829_4086_280_4106_280_with_camera_labels-170.png 64 768 89
big_dataset_depth/000000001914-segment-12027892938363296829_4086_280_4106_280_with_camera_labels-170.png 72 784 81
big_dataset_depth/000000001914-segment-12027892938363296829_4086_280_4106_280_with_camera_labels-170.png 80 760 89
big_dataset_depth/000000001914-segment-12027892938363296829_4086_280_4106_280_with_camera_labels-170.png 88 776 79
big_dataset_depth/000000001914-segment-12027892938363296829_4086_280_4106_280_with_camera_labels-170.png 96 760 89
big_dataset_depth/000000001914-segment-12027892938363296829_4086_280_4106_280_with_camera_labels-170.png 104 768 89
big_dataset_depth/000000001914-segment-12027892938363296829_4086_280_4106_280_with_camera_labels-170.png 112 760 94
big_dataset_depth/000000001914-segment-12027892938363296829_4086_280_4106_280_with_camera_labels-170.png 120 760 99
big_dataset_depth/000000001914-segment-12027892938363296829_4086_280_4106_280_with_camera_labels-170.png 128 760 100
big_dataset_depth/000000001914-segment-12027892938363296829_4086_280_4106_280_with_camera_labels-170.png 136 760 92
big_dataset_depth/000000001914-segment-12027892938363296829_4086_280_4106_280_with_camera_labels-170.png 160 752 103
big_dataset_depth/000000001914-segment-12027892938363296829_4086_280_4106_280_with_camera_labels-170.png 184 672 87
big_dataset_depth/000000001914-segment-12027892938363296829_4086_280_4106_280_with_camera_labels-170.png 200 760 94
big_dataset_depth/000000001914-segment-12027892938363296829_4086_280_4106_280_with_camera_labels-170.png 208 768 91
big_dataset_depth/000000001914-segment-12027892938363296829_4086_280_4106_280_with_camera_labels-170.png 216 760 94
big_dataset_depth/000000001914-segment-12027892938363296829_4086_280_4106_280_with_camera_labels-170.png 224 760 95
big_dataset_depth/000000001914-segment-12027892938363296829_4086_280_4106_280_with_camera_labels-170.png 232 720 100
big_dataset_depth/000000001914-segment-12027892938363296829_4086_280_4106_280_with_camera_labels-170.png 240 808 56
big_dataset_depth/000000001914-segment-12027892938363296829_4086_280_4106_280_with_camera_labels-170.png 248 768 82
big_dataset_depth/000000001914-segment-12027892938363296829_4086_280_4106_280_with_camera_labels-170.png 256 808 56
big_dataset_depth/000000001914-segment-12027892938363296829_4086_280_4106_280_with_camera_labels-170.png 264 728 107
big_dataset_depth/000000001914-segment-12027892938363296829_4086_280_4106_280_with_camera_labels-170.png 272 776 71
big_dataset_depth/000000001914-segment-12027892938363296829_4086_280_4106_280_with_camera_labels-170.png 280 776 71
big_dataset_depth/000000001914-segment-12027892938363296829_4086_280_4106_280_with_camera_labels-170.png 288 776 71
big_dataset_depth/000000001914-segment-12027892938363296829_4086_280_4106_280_with_camera_labels-170.png 296 776 71
big_dataset_depth/000000001914-segment-12027892938363296829_4086_280_4106_280_with_camera_labels-170.png 304 768 71
big_dataset_depth/000000001914-segment-12027892938363296829_4086_280_4106_280_with_camera_labels-170.png 312 760 71
big_dataset_depth/000000001914-segment-12027892938363296829_4086_280_4106_280_with_camera_labels-170.png 320 784 71
big_dataset_depth/000000001914-segment-12027892938363296829_4086_280_4106_280_with_camera_labels-170.png 328 776 72
big_dataset_depth/000000001914-segment-12027892938363296829_4086_280_4106_280_with_camera_labels-170.png 344 672 103
big_dataset_depth/000000001914-segment-12027892938363296829_4086_280_4106_280_with_camera_labels-170.png 352 640 101
big_dataset_depth/000000001914-segment-12027892938363296829_4086_280_4106_280_with_camera_labels-170.png 360 776 75
big_dataset_depth/000000001914-segment-12027892938363296829_4086_280_4106_280_with_camera_labels-170.png 368 632 102
big_dataset_depth/000000001914-segment-12027892938363296829_4086_280_4106_280_with_camera_labels-170.png 376 760 104
big_dataset_depth/000000001914-segment-12027892938363296829_4086_280_4106_280_with_camera_labels-170.png 408 776 73
big_dataset_depth/000000001914-segment-12027892938363296829_4086_280_4106_280_with_camera_labels-170.png 416 776 73
big_dataset_depth/000000001914-segment-12027892938363296829_4086_280_4106_280_with_camera_labels-170.png 424 768 73
big_dataset_depth/000000001914-segment-12027892938363296829_4086_280_4106_280_with_camera_labels-170.png 464 984 20
big_dataset_depth/000000001914-segment-12027892938363296829_4086_280_4106_280_with_camera_labels-170.png 472 1000 21
big_dataset_depth/000000001914-segment-12027892938363296829_4086_280_4106_280_with_camera_labels-170.png 480 1000 20
big_dataset_depth/000000001914-segment-12027892938363296829_4086_280_4106_280_with_camera_labels-170.png 488 1016 20
big_dataset_depth/000000001914-segment-12027892938363296829_4086_280_4106_280_with_camera_labels-170.png 496 1024 20
big_dataset_depth/000000001914-segment-12027892938363296829_4086_280_4106_280_with_camera_labels-170.png 504 1016 20
big_dataset_depth/000000001914-segment-12027892938363296829_4086_280_4106_280_with_camera_labels-170.png 512 1016 20
big_dataset_depth/000000001914-segment-12027892938363296829_4086_280_4106_280_with_camera_labels-170.png 520 1024 20
big_dataset_depth/000000001914-segment-12027892938363296829_4086_280_4106_280_with_camera_labels-170.png 528 1016 20
big_dataset_depth/000000001914-segment-12027892938363296829_4086_280_4106_280_with_camera_labels-170.png 536 1008 20
big_dataset_depth/000000001914-segment-12027892938363296829_4086_280_4106_280_with_camera_labels-170.png 576 792 46
big_dataset_depth/000000001914-segment-12027892938363296829_4086_280_4106_280_with_camera_labels-170.png 584 808 45
big_dataset_depth/000000001914-segment-12027892938363296829_4086_280_4106_280_with_camera_labels-170.png 592 800 43
big_dataset_depth/000000001914-segment-12027892938363296829_4086_280_4106_280_with_camera_labels-170.png 600 808 43
big_dataset_depth/000000001914-segment-12027892938363296829_4086_280_4106_280_with_camera_labels-170.png 608 824 42
big_dataset_depth/000000001914-segment-12027892938363296829_4086_280_4106_280_with_camera_labels-170.png 616 824 42
big_dataset_depth/000000001914-segment-12027892938363296829_4086_280_4106_280_with_camera_labels-170.png 624 912 30
big_dataset_depth/000000001914-segment-12027892938363296829_4086_280_4106_280_with_camera_labels-170.png 632 920 30
big_dataset_depth/000000001914-segment-12027892938363296829_4086_280_4106_280_with_camera_labels-170.png 640 1032 20
big_dataset_depth/000000001914-segment-12027892938363296829_4086_280_4106_280_with_camera_labels-170.png 648 1008 19
big_dataset_depth/000000001914-segment-12027892938363296829_4086_280_4106_280_with_camera_labels-170.png 656 1048 19
big_dataset_depth/000000001914-segment-12027892938363296829_4086_280_4106_280_with_camera_labels-170.png 664 1000 19
big_dataset_depth/000000001914-segment-12027892938363296829_4086_280_4106_280_with_camera_labels-170.png 672 1000 20
big_dataset_depth/000000001914-segment-12027892938363296829_4086_280_4106_280_with_camera_labels-170.png 680 1024 19
big_dataset_depth/000000001914-segment-12027892938363296829_4086_280_4106_280_with_camera_labels-170.png 688 1000 19
big_dataset_depth/000000001914-segment-12027892938363296829_4086_280_4106_280_with_camera_labels-170.png 696 968 19
big_dataset_depth/000000001914-segment-12027892938363296829_4086_280_4106_280_with_camera_labels-170.png 704 992 19
big_dataset_depth/000000001914-segment-12027892938363296829_4086_280_4106_280_with_camera_labels-170.png 712 992 19
big_dataset_depth/000000001914-segment-12027892938363296829_4086_280_4106_280_with_camera_labels-170.png 720 1000 19
big_dataset_depth/000000001914-segment-12027892938363296829_4086_280_4106_280_with_camera_labels-170.png 728 992 19
big_dataset_depth/000000001914-segment-12027892938363296829_4086_280_4106_280_with_camera_labels-170.png 736 992 19
big_dataset_depth/000000001914-segment-12027892938363296829_4086_280_4106_280_with_camera_labels-170.png 744 1000 19
big_dataset_depth/000000001914-segment-12027892938363296829_4086_280_4106_280_with_camera_labels-170.png 752 992 19
big_dataset_depth/000000001914-segment-12027892938363296829_4086_280_4106_280_with_camera_labels-170.png 760 1008 19
big_dataset_depth/000000001914-segment-12027892938363296829_4086_280_4106_280_with_camera_labels-170.png 768 1016 19
big_dataset_depth/000000001914-segment-12027892938363296829_4086_280_4106_280_with_camera_labels-170.png 776 1024 19
big_dataset_depth/000000001914-segment-12027892938363296829_4086_280_4106_280_with_camera_labels-170.png 784 1008 19
big_dataset_depth/000000001914-segment-12027892938363296829_4086_280_4106_280_with_camera_labels-170.png 792 1048 19
big_dataset_depth/000000001914-segment-12027892938363296829_4086_280_4106_280_with_camera_labels-170.png 800 1008 19
big_dataset_depth/000000001914-segment-12027892938363296829_4086_280_4106_280_with_camera_labels-170.png 808 1008 19
big_dataset_depth/000000001914-segment-12027892938363296829_4086_280_4106_280_with_camera_labels-170.png 816 1032 20
big_dataset_depth/000000001914-segment-12027892938363296829_4086_280_4106_280_with_camera_labels-170.png 824 1000 19
big_dataset_depth/000000001914-segment-12027892938363296829_4086_280_4106_280_with_camera_labels-170.png 832 992 19
big_dataset_depth/000000001914-segment-12027892938363296829_4086_280_4106_280_with_camera_labels-170.png 840 992 19
big_dataset_depth/000000001914-segment-12027892938363296829_4086_280_4106_280_with_camera_labels-170.png 848 992 19
big_dataset_depth/000000001914-segment-12027892938363296829_4086_280_4106_280_with_camera_labels-170.png 856 992 19
big_dataset_depth/000000001914-segment-12027892938363296829_4086_280_4106_280_with_camera_labels-170.png 864 1024 19
big_dataset_depth/000000001914-segment-12027892938363296829_4086_280_4106_280_with_camera_labels-170.png 872 1008 19
big_dataset_depth/000000001914-segment-12027892938363296829_4086_280_4106_280_with_camera_labels-170.png 880 1040 18
big_dataset_depth/000000001914-segment-12027892938363296829_4086_280_4106_280_with_camera_labels-170.png 888 1008 19
big_dataset_depth/000000001914-segment-12027892938363296829_4086_280_4106_280_with_camera_labels-170.png 896 1008 19
big_dataset_depth/000000001914-segment-12027892938363296829_4086_280_4106_280_with_camera_labels-170.png 904 1024 20
big_dataset_depth/000000001914-segment-12027892938363296829_4086_280_4106_280_with_camera_labels-170.png 912 1024 20
big_dataset_depth/000000001914-segment-12027892938363296829_4086_280_4106_280_with_camera_labels-170.png 920 1024 20
big_dataset_depth/000000001914-segment-12027892938363296829_4086_280_4106_280_with_camera_labels-170.png 928 1024 20
big_dataset_depth/000000001914-segment-12027892938363296829_4086_280_4106_280_with_camera_labels-170.png 936 1024 20
big_dataset_depth/000000001914-segment-12027892938363296829_4086_280_4106_280_with_camera_labels-170.png 944 872 62
big_dataset_depth/000000001914-segment-12027892938363296829_4086_280_4106_280_with_camera_labels-170.png 952 704 103
big_dataset_depth/000000001914-segment-12027892938363296829_4086_280_4106_280_with_camera_labels-170.png 960 712 103
big_dataset_depth/000000001914-segment-12027892938363296829_4086_280_4106_280_with_camera_labels-170.png 1056 712 97
big_dataset_depth/000000001914-segment-12027892938363296829_4086_280_4106_280_with_camera_labels-170.png 1064 712 97
big_dataset_depth/000000001914-segment-12027892938363296829_4086_280_4106_280_with_camera_labels-170.png 1072 736 83
big_dataset_depth/000000001914-segment-12027892938363296829_4086_280_4106_280_with_camera_labels-170.png 1080 712 82
big_dataset_depth/000000001914-segment-12027892938363296829_4086_280_4106_280_with_camera_labels-170.png 1088 712 82
big_dataset_depth/000000001914-segment-12027892938363296829_4086_280_4106_280_with_camera_labels-170.png 1096 720 82
big_dataset_depth/000000001914-segment-12027892938363296829_4086_280_4106_280_with_camera_labels-170.png 1104 728 82
big_dataset_depth/000000001914-segment-12027892938363296829_4086_280_4106_280_with_camera_labels-170.png 1112 704 82
big_dataset_depth/000000001914-segment-12027892938363296829_4086_280_4106_280_with_camera_labels-170.png 1120 712 82
big_dataset_depth/000000001914-segment-12027892938363296829_4086_280_4106_280_with_camera_labels-170.png 1128 728 82
big_dataset_depth/000000001914-segment-12027892938363296829_4086_280_4106_280_with_camera_labels-170.png 1136 712 83
big_dataset_depth/000000001914-segment-12027892938363296829_4086_280_4106_280_with_camera_labels-170.png 1144 592 82
big_dataset_depth/000000001914-segment-12027892938363296829_4086_280_4106_280_with_camera_labels-170.png 1152 592 82
big_dataset_depth/000000001914-segment-12027892938363296829_4086_280_4106_280_with_camera_labels-170.png 1160 608 81
big_dataset_depth/000000001914-segment-12027892938363296829_4086_280_4106_280_with_camera_labels-170.png 1168 608 82
big_dataset_depth/000000001914-segment-12027892938363296829_4086_280_4106_280_with_camera_labels-170.png 1176 624 82
big_dataset_depth/000000001914-segment-12027892938363296829_4086_280_4106_280_with_camera_labels-170.png 1184 640 84
big_dataset_depth/000000001914-segment-12027892938363296829_4086_280_4106_280_with_camera_labels-170.png 1192 736 90
big_dataset_depth/000000001914-segment-12027892938363296829_4086_280_4106_280_with_camera_labels-170.png 1200 736 87
big_dataset_depth/000000001914-segment-12027892938363296829_4086_280_4106_280_with_camera_labels-170.png 1208 736 85
big_dataset_depth/000000001914-segment-12027892938363296829_4086_280_4106_280_with_camera_labels-170.png 1216 624 79
big_dataset_depth/000000001914-segment-12027892938363296829_4086_280_4106_280_with_camera_labels-170.png 1224 744 80
big_dataset_depth/000000001914-segment-12027892938363296829_4086_280_4106_280_with_camera_labels-170.png 1240 704 80
big_dataset_depth/000000001914-segment-12027892938363296829_4086_280_4106_280_with_camera_labels-170.png 1248 728 87
big_dataset_depth/000000001914-segment-12027892938363296829_4086_280_4106_280_with_camera_labels-170.png 1256 720 94
big_dataset_depth/000000001914-segment-12027892938363296829_4086_280_4106_280_with_camera_labels-170.png 1264 704 104
big_dataset_depth/000000001914-segment-12027892938363296829_4086_280_4106_280_with_camera_labels-170.png 1272 728 88
big_dataset_depth/000000001914-segment-12027892938363296829_4086_280_4106_280_with_camera_labels-170.png 1280 712 100
big_dataset_depth/000000001914-segment-12027892938363296829_4086_280_4106_280_with_camera_labels-170.png 1288 704 101
big_dataset_depth/000000001914-segment-12027892938363296829_4086_280_4106_280_with_camera_labels-170.png 1296 704 102
big_dataset_depth/000000001914-segment-12027892938363296829_4086_280_4106_280_with_camera_labels-170.png 1304 704 102
big_dataset_depth/000000001914-segment-12027892938363296829_4086_280_4106_280_with_camera_labels-170.png 1312 696 100
big_dataset_depth/000000001914-segment-12027892938363296829_4086_280_4106_280_with_camera_labels-170.png 1328 712 93
big_dataset_depth/000000001914-segment-12027892938363296829_4086_280_4106_280_with_camera_labels-170.png 1336 800 38
big_dataset_depth/000000001914-segment-12027892938363296829_4086_280_4106_280_with_camera_labels-170.png 1344 816 38
big_dataset_depth/000000001914-segment-12027892938363296829_4086_280_4106_280_with_camera_labels-170.png 1352 816 38
big_dataset_depth/000000001914-segment-12027892938363296829_4086_280_4106_280_with_camera_labels-170.png 1360 816 38
big_dataset_depth/000000001914-segment-12027892938363296829_4086_280_4106_280_with_camera_labels-170.png 1368 816 38
big_dataset_depth/000000001914-segment-12027892938363296829_4086_280_4106_280_with_camera_labels-170.png 1376 816 38
big_dataset_depth/000000001914-segment-12027892938363296829_4086_280_4106_280_with_camera_labels-170.png 1384 816 38
big_dataset_depth/000000001914-segment-12027892938363296829_4086_280_4106_280_with_camera_labels-170.png 1392 824 38
big_dataset_depth/000000001914-segment-12027892938363296829_4086_280_4106_280_with_camera_labels-170.png 1400 816 38
big_dataset_depth/000000001914-segment-12027892938363296829_4086_280_4106_280_with_camera_labels-170.png 1408 816 38
big_dataset_depth/000000001914-segment-12027892938363296829_4086_280_4106_280_with_camera_labels-170.png 1416 816 38
big_dataset_depth/000000001914-segment-12027892938363296829_4086_280_4106_280_with_camera_labels-170.png 1424 832 39
big_dataset_depth/000000001914-segment-12027892938363296829_4086_280_4106_280_with_camera_labels-170.png 1432 816 38
big_dataset_depth/000000001914-segment-12027892938363296829_4086_280_4106_280_with_camera_labels-170.png 1440 832 38
big_dataset_depth/000000001914-segment-12027892938363296829_4086_280_4106_280_with_camera_labels-170.png 1448 824 38
big_dataset_depth/000000001914-segment-12027892938363296829_4086_280_4106_280_with_camera_labels-170.png 1456 824 38
big_dataset_depth/000000001914-segment-12027892938363296829_4086_280_4106_280_with_camera_labels-170.png 1464 832 38
big_dataset_depth/000000001914-segment-12027892938363296829_4086_280_4106_280_with_camera_labels-170.png 1472 824 38
big_dataset_depth/000000001914-segment-12027892938363296829_4086_280_4106_280_with_camera_labels-170.png 1480 848 38
big_dataset_depth/000000001914-segment-12027892938363296829_4086_280_4106_280_with_camera_labels-170.png 1488 840 39
big_dataset_depth/000000001914-segment-12027892938363296829_4086_280_4106_280_with_camera_labels-170.png 1496 824 40
big_dataset_depth/000000001914-segment-12027892938363296829_4086_280_4106_280_with_camera_labels-170.png 1504 816 40
big_dataset_depth/000000001914-segment-12027892938363296829_4086_280_4106_280_with_camera_labels-170.png 1512 824 42
big_dataset_depth/000000001914-segment-12027892938363296829_4086_280_4106_280_with_camera_labels-170.png 1520 824 42
big_dataset_depth/000000001914-segment-12027892938363296829_4086_280_4106_280_with_camera_labels-170.png 1528 808 43
big_dataset_depth/000000001914-segment-12027892938363296829_4086_280_4106_280_with_camera_labels-170.png 1536 808 43
big_dataset_depth/000000001914-segment-12027892938363296829_4086_280_4106_280_with_camera_labels-170.png 1544 712 70
big_dataset_depth/000000001914-segment-12027892938363296829_4086_280_4106_280_with_camera_labels-170.png 1552 672 90
big_dataset_depth/000000001914-segment-12027892938363296829_4086_280_4106_280_with_camera_labels-170.png 1560 680 90
big_dataset_depth/000000001914-segment-12027892938363296829_4086_280_4106_280_with_camera_labels-170.png 1568 744 57
big_dataset_depth/000000001914-segment-12027892938363296829_4086_280_4106_280_with_camera_labels-170.png 1576 744 57
big_dataset_depth/000000001914-segment-12027892938363296829_4086_280_4106_280_with_camera_labels-170.png 1584 672 91
big_dataset_depth/000000001914-segment-12027892938363296829_4086_280_4106_280_with_camera_labels-170.png 1592 688 88
big_dataset_depth/000000001914-segment-12027892938363296829_4086_280_4106_280_with_camera_labels-170.png 1600 752 58
big_dataset_depth/000000001914-segment-12027892938363296829_4086_280_4106_280_with_camera_labels-170.png 1608 752 57
big_dataset_depth/000000001914-segment-12027892938363296829_4086_280_4106_280_with_camera_labels-170.png 1616 752 57
big_dataset_depth/000000001914-segment-12027892938363296829_4086_280_4106_280_with_camera_labels-170.png 1624 752 57
big_dataset_depth/000000001914-segment-12027892938363296829_4086_280_4106_280_with_camera_labels-170.png 1632 752 56
big_dataset_depth/000000001914-segment-12027892938363296829_4086_280_4106_280_with_camera_labels-170.png 1640 752 56
big_dataset_depth/000000001914-segment-12027892938363296829_4086_280_4106_280_with_camera_labels-170.png 1648 752 56
big_dataset_depth/000000001914-segment-12027892938363296829_4086_280_4106_280_with_camera_labels-170.png 1664 840 36
big_dataset_depth/000000001914-segment-12027892938363296829_4086_280_4106_280_with_camera_labels-170.png 1672 872 33
big_dataset_depth/000000001914-segment-12027892938363296829_4086_280_4106_280_with_camera_labels-170.png 1680 864 34
big_dataset_depth/000000001914-segment-12027892938363296829_4086_280_4106_280_with_camera_labels-170.png 1688 872 33
big_dataset_depth/000000001914-segment-12027892938363296829_4086_280_4106_280_with_camera_labels-170.png 1696 872 33
big_dataset_depth/000000001914-segment-12027892938363296829_4086_280_4106_280_with_camera_labels-170.png 1704 824 42
big_dataset_depth/000000001914-segment-12027892938363296829_4086_280_4106_280_with_camera_labels-170.png 1712 744 57
big_dataset_depth/000000001914-segment-12027892938363296829_4086_280_4106_280_with_camera_labels-170.png 1728 888 31
big_dataset_depth/000000001914-segment-12027892938363296829_4086_280_4106_280_with_camera_labels-170.png 1736 728 66
big_dataset_depth/000000001914-segment-12027892938363296829_4086_280_4106_280_with_camera_labels-170.png 1744 888 31
big_dataset_depth/000000001914-segment-12027892938363296829_4086_280_4106_280_with_camera_labels-170.png 1752 688 83
big_dataset_depth/000000001914-segment-12027892938363296829_4086_280_4106_280_with_camera_labels-170.png 1768 648 97
big_dataset_depth/000000001914-segment-12027892938363296829_4086_280_4106_280_with_camera_labels-170.png 1776 688 83
big_dataset_depth/000000001914-segment-12027892938363296829_4086_280_4106_280_with_camera_labels-170.png 1784 904 30
big_dataset_depth/000000001914-segment-12027892938363296829_4086_280_4106_280_with_camera_labels-170.png 1792 904 30
big_dataset_depth/000000001914-segment-12027892938363296829_4086_280_4106_280_with_camera_labels-170.png 1800 904 29
big_dataset_depth/000000001914-segment-12027892938363296829_4086_280_4106_280_with_camera_labels-170.png 1808 912 29
big_dataset_depth/000000001914-segment-12027892938363296829_4086_280_4106_280_with_camera_labels-170.png 1832 920 28
big_dataset_depth/000000001914-segment-12027892938363296829_4086_280_4106_280_with_camera_labels-170.png 1840 920 28
big_dataset_depth/000000001914-segment-12027892938363296829_4086_280_4106_280_with_camera_labels-170.png 1848 848 46
big_dataset_depth/000000001914-segment-12027892938363296829_4086_280_4106_280_with_camera_labels-170.png 1856 928 28
big_dataset_depth/000000001914-segment-12027892938363296829_4086_280_4106_280_with_camera_labels-170.png 1864 888 31
big_dataset_depth/000000001914-segment-12027892938363296829_4086_280_4106_280_with_camera_labels-170.png 1872 872 32
big_dataset_depth/000000001914-segment-12027892938363296829_4086_280_4106_280_with_camera_labels-170.png 1880 816 37
big_dataset_depth/000000001914-segment-12027892938363296829_4086_280_4106_280_with_camera_labels-170.png 1888 752 59
big_dataset_depth/000000001914-segment-12027892938363296829_4086_280_4106_280_with_camera_labels-170.png 1896 816 36
big_dataset_depth/000000001914-segment-12027892938363296829_4086_280_4106_280_with_camera_labels-170.png 1904 752 59
big_dataset_depth/000000001914-segment-12027892938363296829_4086_280_4106_280_with_camera_labels-170.png 1912 736 66
