big_dataset_depth/000000002440-segment-12844373518178303651_2140_000_2160_000_with_camera_labels-30.png 0 920 29
big_dataset_depth/000000002440-segment-12844373518178303651_2140_000_2160_000_with_camera_labels-30.png 8 944 25
big_dataset_depth/000000002440-segment-12844373518178303651_2140_000_2160_000_with_camera_labels-30.png 16 952 25
big_dataset_depth/000000002440-segment-12844373518178303651_2140_000_2160_000_with_camera_labels-30.png 24 944 25
big_dataset_depth/000000002440-segment-12844373518178303651_2140_000_2160_000_with_camera_labels-30.png 32 952 25
big_dataset_depth/000000002440-segment-12844373518178303651_2140_000_2160_000_with_camera_labels-30.png 40 952 26
big_dataset_depth/000000002440-segment-12844373518178303651_2140_000_2160_000_with_camera_labels-30.png 48 936 26
big_dataset_depth/000000002440-segment-12844373518178303651_2140_000_2160_000_with_camera_labels-30.png 56 928 26
big_dataset_depth/000000002440-segment-12844373518178303651_2140_000_2160_000_with_camera_labels-30.png 64 936 26
big_dataset_depth/000000002440-segment-12844373518178303651_2140_000_2160_000_with_camera_labels-30.png 72 928 26
big_dataset_depth/000000002440-segment-12844373518178303651_2140_000_2160_000_with_camera_labels-30.png 80 928 27
big_dataset_depth/000000002440-segment-12844373518178303651_2140_000_2160_000_with_camera_labels-30.png 88 944 28
big_dataset_depth/000000002440-segment-12844373518178303651_2140_000_2160_000_with_camera_labels-30.png 96 928 28
big_dataset_depth/000000002440-segment-12844373518178303651_2140_000_2160_000_with_camera_labels-30.png 104 944 28
big_dataset_depth/000000002440-segment-12844373518178303651_2140_000_2160_000_with_camera_labels-30.png 112 944 28
big_dataset_depth/000000002440-segment-12844373518178303651_2140_000_2160_000_with_camera_labels-30.png 120 944 28
big_dataset_depth/000000002440-segment-12844373518178303651_2140_000_2160_000_with_camera_labels-30.png 128 928 29
big_dataset_depth/000000002440-segment-12844373518178303651_2140_000_2160_000_with_camera_labels-30.png 136 936 28
big_dataset_depth/000000002440-segment-12844373518178303651_2140_000_2160_000_with_camera_labels-30.png 144 928 29
big_dataset_depth/000000002440-segment-12844373518178303651_2140_000_2160_000_with_camera_labels-30.png 152 912 29
big_dataset_depth/000000002440-segment-12844373518178303651_2140_000_2160_000_with_camera_labels-30.png 160 912 30
big_dataset_depth/000000002440-segment-12844373518178303651_2140_000_2160_000_with_camera_labels-30.png 168 896 30
big_dataset_depth/000000002440-segment-12844373518178303651_2140_000_2160_000_with_camera_labels-30.png 176 896 30
big_dataset_depth/000000002440-segment-12844373518178303651_2140_000_2160_000_with_camera_labels-30.png 184 896 30
big_dataset_depth/000000002440-segment-12844373518178303651_2140_000_2160_000_with_camera_labels-30.png 192 928 30
big_dataset_depth/000000002440-segment-12844373518178303651_2140_000_2160_000_with_camera_labels-30.png 200 904 31
big_dataset_depth/000000002440-segment-12844373518178303651_2140_000_2160_000_with_camera_labels-30.png 208 912 32
big_dataset_depth/000000002440-segment-12844373518178303651_2140_000_2160_000_with_camera_labels-30.png 216 896 32
big_dataset_depth/000000002440-segment-12844373518178303651_2140_000_2160_000_with_camera_labels-30.png 224 912 32
big_dataset_depth/000000002440-segment-12844373518178303651_2140_000_2160_000_with_camera_labels-30.png 232 896 33
big_dataset_depth/000000002440-segment-12844373518178303651_2140_000_2160_000_with_camera_labels-30.png 240 896 32
big_dataset_depth/000000002440-segment-12844373518178303651_2140_000_2160_000_with_camera_labels-30.png 248 800 78
big_dataset_depth/000000002440-segment-12844373518178303651_2140_000_2160_000_with_camera_labels-30.png 256 888 34
big_dataset_depth/000000002440-segment-12844373518178303651_2140_000_2160_000_with_camera_labels-30.png 264 896 33
big_dataset_depth/000000002440-segment-12844373518178303651_2140_000_2160_000_with_camera_labels-30.png 296 864 39
big_dataset_depth/000000002440-segment-12844373518178303651_2140_000_2160_000_with_camera_labels-30.png 304 864 41
big_dataset_depth/000000002440-segment-12844373518178303651_2140_000_2160_000_with_camera_labels-30.png 328 840 44
big_dataset_depth/000000002440-segment-12844373518178303651_2140_000_2160_000_with_camera_labels-30.png 336 848 45
big_dataset_depth/000000002440-segment-12844373518178303651_2140_000_2160_000_with_camera_labels-30.png 344 848 45
big_dataset_depth/000000002440-segment-12844373518178303651_2140_000_2160_000_with_camera_labels-30.png 352 776 80
big_dataset_depth/000000002440-segment-12844373518178303651_2140_000_2160_000_with_camera_labels-30.png 360 768 80
big_dataset_depth/000000002440-segment-12844373518178303651_2140_000_2160_000_with_camera_labels-30.png 368 784 72
big_dataset_depth/000000002440-segment-12844373518178303651_2140_000_2160_000_with_camera_labels-30.png 376 808 65
big_dataset_depth/000000002440-segment-12844373518178303651_2140_000_2160_000_with_camera_labels-30.png 384 808 66
big_dataset_depth/000000002440-segment-12844373518178303651_2140_000_2160_000_with_camera_labels-30.png 392 800 68
big_dataset_depth/000000002440-segment-12844373518178303651_2140_000_2160_000_with_camera_labels-30.png 408 800 71
big_dataset_depth/000000002440-segment-12844373518178303651_2140_000_2160_000_with_camera_labels-30.png 416 800 66
big_dataset_depth/000000002440-segment-12844373518178303651_2140_000_2160_000_with_camera_labels-30.png 424 808 65
big_dataset_depth/000000002440-segment-12844373518178303651_2140_000_2160_000_with_camera_labels-30.png 432 792 65
big_dataset_depth/000000002440-segment-12844373518178303651_2140_000_2160_000_with_camera_labels-30.png 440 792 76
big_dataset_depth/000000002440-segment-12844373518178303651_2140_000_2160_000_with_camera_labels-30.png 448 776 76
big_dataset_depth/000000002440-segment-12844373518178303651_2140_000_2160_000_with_camera_labels-30.png 456 776 78
big_dataset_depth/000000002440-segment-12844373518178303651_2140_000_2160_000_with_camera_labels-30.png 464 776 78
big_dataset_depth/000000002440-segment-12844373518178303651_2140_000_2160_000_with_camera_labels-30.png 480 776 81
big_dataset_depth/000000002440-segment-12844373518178303651_2140_000_2160_000_with_camera_labels-30.png 488 776 81
big_dataset_depth/000000002440-segment-12844373518178303651_2140_000_2160_000_with_camera_labels-30.png 496 768 83
big_dataset_depth/000000002440-segment-12844373518178303651_2140_000_2160_000_with_camera_labels-30.png 504 768 84
big_dataset_depth/000000002440-segment-12844373518178303651_2140_000_2160_000_with_camera_labels-30.png 512 768 84
big_dataset_depth/000000002440-segment-12844373518178303651_2140_000_2160_000_with_camera_labels-30.png 520 768 85
big_dataset_depth/000000002440-segment-12844373518178303651_2140_000_2160_000_with_camera_labels-30.png 528 768 86
big_dataset_depth/000000002440-segment-12844373518178303651_2140_000_2160_000_with_camera_labels-30.png 536 768 86
big_dataset_depth/000000002440-segment-12844373518178303651_2140_000_2160_000_with_camera_labels-30.png 568 768 91
big_dataset_depth/000000002440-segment-12844373518178303651_2140_000_2160_000_with_camera_labels-30.png 624 752 93
big_dataset_depth/000000002440-segment-12844373518178303651_2140_000_2160_000_with_camera_labels-30.png 632 752 94
big_dataset_depth/000000002440-segment-12844373518178303651_2140_000_2160_000_with_camera_labels-30.png 640 752 95
big_dataset_depth/000000002440-segment-12844373518178303651_2140_000_2160_000_with_camera_labels-30.png 648 752 96
big_dataset_depth/000000002440-segment-12844373518178303651_2140_000_2160_000_with_camera_labels-30.png 656 752 96
big_dataset_depth/000000002440-segment-12844373518178303651_2140_000_2160_000_with_camera_labels-30.png 672 752 97
big_dataset_depth/000000002440-segment-12844373518178303651_2140_000_2160_000_with_camera_labels-30.png 680 752 97
big_dataset_depth/000000002440-segment-12844373518178303651_2140_000_2160_000_with_camera_labels-30.png 688 752 98
big_dataset_depth/000000002440-segment-12844373518178303651_2140_000_2160_000_with_camera_labels-30.png 696 752 98
big_dataset_depth/000000002440-segment-12844373518178303651_2140_000_2160_000_with_camera_labels-30.png 704 752 99
big_dataset_depth/000000002440-segment-12844373518178303651_2140_000_2160_000_with_camera_labels-30.png 712 752 100
big_dataset_depth/000000002440-segment-12844373518178303651_2140_000_2160_000_with_camera_labels-30.png 720 752 100
big_dataset_depth/000000002440-segment-12844373518178303651_2140_000_2160_000_with_camera_labels-30.png 728 752 101
big_dataset_depth/000000002440-segment-12844373518178303651_2140_000_2160_000_with_camera_labels-30.png 736 752 101
big_dataset_depth/000000002440-segment-12844373518178303651_2140_000_2160_000_with_camera_labels-30.png 744 752 102
big_dataset_depth/000000002440-segment-12844373518178303651_2140_000_2160_000_with_camera_labels-30.png 752 752 102
big_dataset_depth/000000002440-segment-12844373518178303651_2140_000_2160_000_with_camera_labels-30.png 760 752 103
big_dataset_depth/000000002440-segment-12844373518178303651_2140_000_2160_000_with_camera_labels-30.png 792 744 106
big_dataset_depth/000000002440-segment-12844373518178303651_2140_000_2160_000_with_camera_labels-30.png 800 744 106
big_dataset_depth/000000002440-segment-12844373518178303651_2140_000_2160_000_with_camera_labels-30.png 808 744 107
big_dataset_depth/000000002440-segment-12844373518178303651_2140_000_2160_000_with_camera_labels-30.png 816 744 107
big_dataset_depth/000000002440-segment-12844373518178303651_2140_000_2160_000_with_camera_labels-30.png 824 744 107
big_dataset_depth/000000002440-segment-12844373518178303651_2140_000_2160_000_with_camera_labels-30.png 832 744 108
big_dataset_depth/000000002440-segment-12844373518178303651_2140_000_2160_000_with_camera_labels-30.png 904 792 66
big_dataset_depth/000000002440-segment-12844373518178303651_2140_000_2160_000_with_camera_labels-30.png 928 744 75
big_dataset_depth/000000002440-segment-12844373518178303651_2140_000_2160_000_with_camera_labels-30.png 936 760 70
big_dataset_depth/000000002440-segment-12844373518178303651_2140_000_2160_000_with_camera_labels-30.png 944 744 74
big_dataset_depth/000000002440-segment-12844373518178303651_2140_000_2160_000_with_camera_labels-30.png 952 736 74
big_dataset_depth/000000002440-segment-12844373518178303651_2140_000_2160_000_with_camera_labels-30.png 960 728 72
big_dataset_depth/000000002440-segment-12844373518178303651_2140_000_2160_000_with_camera_labels-30.png 968 712 75
big_dataset_depth/000000002440-segment-12844373518178303651_2140_000_2160_000_with_camera_labels-30.png 976 712 75
big_dataset_depth/000000002440-segment-12844373518178303651_2140_000_2160_000_with_camera_labels-30.png 984 712 72
big_dataset_depth/000000002440-segment-12844373518178303651_2140_000_2160_000_with_camera_labels-30.png 992 736 66
big_dataset_depth/000000002440-segment-12844373518178303651_2140_000_2160_000_with_camera_labels-30.png 1000 696 72
big_dataset_depth/000000002440-segment-12844373518178303651_2140_000_2160_000_with_camera_labels-30.png 1008 744 62
big_dataset_depth/000000002440-segment-12844373518178303651_2140_000_2160_000_with_camera_labels-30.png 1016 688 70
big_dataset_depth/000000002440-segment-12844373518178303651_2140_000_2160_000_with_camera_labels-30.png 1024 688 69
big_dataset_depth/000000002440-segment-12844373518178303651_2140_000_2160_000_with_camera_labels-30.png 1032 792 53
big_dataset_depth/000000002440-segment-12844373518178303651_2140_000_2160_000_with_camera_labels-30.png 1040 760 57
big_dataset_depth/000000002440-segment-12844373518178303651_2140_000_2160_000_with_camera_labels-30.png 1048 760 57
big_dataset_depth/000000002440-segment-12844373518178303651_2140_000_2160_000_with_camera_labels-30.png 1056 752 57
big_dataset_depth/000000002440-segment-12844373518178303651_2140_000_2160_000_with_camera_labels-30.png 1064 744 56
big_dataset_depth/000000002440-segment-12844373518178303651_2140_000_2160_000_with_camera_labels-30.png 1072 736 56
big_dataset_depth/000000002440-segment-12844373518178303651_2140_000_2160_000_with_camera_labels-30.png 1080 728 56
big_dataset_depth/000000002440-segment-12844373518178303651_2140_000_2160_000_with_camera_labels-30.png 1088 760 53
big_dataset_depth/000000002440-segment-12844373518178303651_2140_000_2160_000_with_camera_labels-30.png 1096 744 54
big_dataset_depth/000000002440-segment-12844373518178303651_2140_000_2160_000_with_camera_labels-30.png 1104 752 53
big_dataset_depth/000000002440-segment-12844373518178303651_2140_000_2160_000_with_camera_labels-30.png 1112 720 55
big_dataset_depth/000000002440-segment-12844373518178303651_2140_000_2160_000_with_camera_labels-30.png 1120 720 54
big_dataset_depth/000000002440-segment-12844373518178303651_2140_000_2160_000_with_camera_labels-30.png 1128 744 51
big_dataset_depth/000000002440-segment-12844373518178303651_2140_000_2160_000_with_camera_labels-30.png 1136 640 64
big_dataset_depth/000000002440-segment-12844373518178303651_2140_000_2160_000_with_camera_labels-30.png 1144 744 49
big_dataset_depth/000000002440-segment-12844373518178303651_2140_000_2160_000_with_camera_labels-30.png 1152 840 35
big_dataset_depth/000000002440-segment-12844373518178303651_2140_000_2160_000_with_camera_labels-30.png 1160 792 43
big_dataset_depth/000000002440-segment-12844373518178303651_2140_000_2160_000_with_camera_labels-30.png 1176 856 34
big_dataset_depth/000000002440-segment-12844373518178303651_2140_000_2160_000_with_camera_labels-30.png 1184 864 33
big_dataset_depth/000000002440-segment-12844373518178303651_2140_000_2160_000_with_camera_labels-30.png 1192 880 32
big_dataset_depth/000000002440-segment-12844373518178303651_2140_000_2160_000_with_camera_labels-30.png 1200 800 41
big_dataset_depth/000000002440-segment-12844373518178303651_2140_000_2160_000_with_camera_labels-30.png 1208 816 35
big_dataset_depth/000000002440-segment-12844373518178303651_2140_000_2160_000_with_camera_labels-30.png 1216 792 41
big_dataset_depth/000000002440-segment-12844373518178303651_2140_000_2160_000_with_camera_labels-30.png 1224 896 29
big_dataset_depth/000000002440-segment-12844373518178303651_2140_000_2160_000_with_camera_labels-30.png 1232 904 29
big_dataset_depth/000000002440-segment-12844373518178303651_2140_000_2160_000_with_camera_labels-30.png 1240 824 34
big_dataset_depth/000000002440-segment-12844373518178303651_2140_000_2160_000_with_camera_labels-30.png 1256 880 29
big_dataset_depth/000000002440-segment-12844373518178303651_2140_000_2160_000_with_camera_labels-30.png 1264 872 28
big_dataset_depth/000000002440-segment-12844373518178303651_2140_000_2160_000_with_camera_labels-30.png 1272 896 28
big_dataset_depth/000000002440-segment-12844373518178303651_2140_000_2160_000_with_camera_labels-30.png 1280 816 33
big_dataset_depth/000000002440-segment-12844373518178303651_2140_000_2160_000_with_camera_labels-30.png 1288 696 48
big_dataset_depth/000000002440-segment-12844373518178303651_2140_000_2160_000_with_camera_labels-30.png 1304 944 25
big_dataset_depth/000000002440-segment-12844373518178303651_2140_000_2160_000_with_camera_labels-30.png 1312 864 28
big_dataset_depth/000000002440-segment-12844373518178303651_2140_000_2160_000_with_camera_labels-30.png 1320 880 27
big_dataset_depth/000000002440-segment-12844373518178303651_2140_000_2160_000_with_camera_labels-30.png 1328 736 36
big_dataset_depth/000000002440-segment-12844373518178303651_2140_000_2160_000_with_camera_labels-30.png 1336 960 24
big_dataset_depth/000000002440-segment-12844373518178303651_2140_000_2160_000_with_camera_labels-30.png 1344 960 24
big_dataset_depth/000000002440-segment-12844373518178303651_2140_000_2160_000_with_camera_labels-30.png 1352 960 23
big_dataset_depth/000000002440-segment-12844373518178303651_2140_000_2160_000_with_camera_labels-30.png 1360 960 23
big_dataset_depth/000000002440-segment-12844373518178303651_2140_000_2160_000_with_camera_labels-30.png 1368 968 23
big_dataset_depth/000000002440-segment-12844373518178303651_2140_000_2160_000_with_camera_labels-30.png 1376 976 22
big_dataset_depth/000000002440-segment-12844373518178303651_2140_000_2160_000_with_camera_labels-30.png 1384 808 30
big_dataset_depth/000000002440-segment-12844373518178303651_2140_000_2160_000_with_camera_labels-30.png 1392 728 35
big_dataset_depth/000000002440-segment-12844373518178303651_2140_000_2160_000_with_camera_labels-30.png 1400 784 30
big_dataset_depth/000000002440-segment-12844373518178303651_2140_000_2160_000_with_camera_labels-30.png 1408 944 23
big_dataset_depth/000000002440-segment-12844373518178303651_2140_000_2160_000_with_camera_labels-30.png 1416 744 33
big_dataset_depth/000000002440-segment-12844373518178303651_2140_000_2160_000_with_camera_labels-30.png 1424 944 22
big_dataset_depth/000000002440-segment-12844373518178303651_2140_000_2160_000_with_camera_labels-30.png 1440 896 24
big_dataset_depth/000000002440-segment-12844373518178303651_2140_000_2160_000_with_camera_labels-30.png 1448 840 26
big_dataset_depth/000000002440-segment-12844373518178303651_2140_000_2160_000_with_camera_labels-30.png 1456 1032 20
big_dataset_depth/000000002440-segment-12844373518178303651_2140_000_2160_000_with_camera_labels-30.png 1464 1032 20
big_dataset_depth/000000002440-segment-12844373518178303651_2140_000_2160_000_with_camera_labels-30.png 1472 1032 20
big_dataset_depth/000000002440-segment-12844373518178303651_2140_000_2160_000_with_camera_labels-30.png 1480 992 21
big_dataset_depth/000000002440-segment-12844373518178303651_2140_000_2160_000_with_camera_labels-30.png 1488 792 28
big_dataset_depth/000000002440-segment-12844373518178303651_2140_000_2160_000_with_camera_labels-30.png 1496 920 22
big_dataset_depth/000000002440-segment-12844373518178303651_2140_000_2160_000_with_camera_labels-30.png 1504 928 23
big_dataset_depth/000000002440-segment-12844373518178303651_2140_000_2160_000_with_camera_labels-30.png 1512 976 21
big_dataset_depth/000000002440-segment-12844373518178303651_2140_000_2160_000_with_camera_labels-30.png 1520 968 21
big_dataset_depth/000000002440-segment-12844373518178303651_2140_000_2160_000_with_camera_labels-30.png 1528 904 23
big_dataset_depth/000000002440-segment-12844373518178303651_2140_000_2160_000_with_camera_labels-30.png 1536 736 29
big_dataset_depth/000000002440-segment-12844373518178303651_2140_000_2160_000_with_camera_labels-30.png 1544 824 26
big_dataset_depth/000000002440-segment-12844373518178303651_2140_000_2160_000_with_camera_labels-30.png 1552 768 28
big_dataset_depth/000000002440-segment-12844373518178303651_2140_000_2160_000_with_camera_labels-30.png 1560 1096 17
big_dataset_depth/000000002440-segment-12844373518178303651_2140_000_2160_000_with_camera_labels-30.png 1576 968 20
big_dataset_depth/000000002440-segment-12844373518178303651_2140_000_2160_000_with_camera_labels-30.png 1592 984 20
big_dataset_depth/000000002440-segment-12844373518178303651_2140_000_2160_000_with_camera_labels-30.png 1608 904 22
big_dataset_depth/000000002440-segment-12844373518178303651_2140_000_2160_000_with_camera_labels-30.png 1616 1024 19
big_dataset_depth/000000002440-segment-12844373518178303651_2140_000_2160_000_with_camera_labels-30.png 1624 1144 16
big_dataset_depth/000000002440-segment-12844373518178303651_2140_000_2160_000_with_camera_labels-30.png 1648 1024 19
big_dataset_depth/000000002440-segment-12844373518178303651_2140_000_2160_000_with_camera_labels-30.png 1664 1048 18
big_dataset_depth/000000002440-segment-12844373518178303651_2140_000_2160_000_with_camera_labels-30.png 1672 1192 15
big_dataset_depth/000000002440-segment-12844373518178303651_2140_000_2160_000_with_camera_labels-30.png 1680 1192 15
big_dataset_depth/000000002440-segment-12844373518178303651_2140_000_2160_000_with_camera_labels-30.png 1688 1192 15
big_dataset_depth/000000002440-segment-12844373518178303651_2140_000_2160_000_with_camera_labels-30.png 1696 1200 15
big_dataset_depth/000000002440-segment-12844373518178303651_2140_000_2160_000_with_camera_labels-30.png 1704 760 26
big_dataset_depth/000000002440-segment-12844373518178303651_2140_000_2160_000_with_camera_labels-30.png 1712 1200 15
big_dataset_depth/000000002440-segment-12844373518178303651_2140_000_2160_000_with_camera_labels-30.png 1720 1200 15
big_dataset_depth/000000002440-segment-12844373518178303651_2140_000_2160_000_with_camera_labels-30.png 1728 1200 15
big_dataset_depth/000000002440-segment-12844373518178303651_2140_000_2160_000_with_camera_labels-30.png 1736 1200 14
big_dataset_depth/000000002440-segment-12844373518178303651_2140_000_2160_000_with_camera_labels-30.png 1744 1248 14
big_dataset_depth/000000002440-segment-12844373518178303651_2140_000_2160_000_with_camera_labels-30.png 1752 1248 14
big_dataset_depth/000000002440-segment-12844373518178303651_2140_000_2160_000_with_camera_labels-30.png 1760 1248 14
big_dataset_depth/000000002440-segment-12844373518178303651_2140_000_2160_000_with_camera_labels-30.png 1768 1248 14
big_dataset_depth/000000002440-segment-12844373518178303651_2140_000_2160_000_with_camera_labels-30.png 1776 1200 14
big_dataset_depth/000000002440-segment-12844373518178303651_2140_000_2160_000_with_camera_labels-30.png 1792 1272 13
big_dataset_depth/000000002440-segment-12844373518178303651_2140_000_2160_000_with_camera_labels-30.png 1800 1280 13
big_dataset_depth/000000002440-segment-12844373518178303651_2140_000_2160_000_with_camera_labels-30.png 1808 1280 13
big_dataset_depth/000000002440-segment-12844373518178303651_2140_000_2160_000_with_camera_labels-30.png 1816 1280 13
big_dataset_depth/000000002440-segment-12844373518178303651_2140_000_2160_000_with_camera_labels-30.png 1824 1280 13
big_dataset_depth/000000002440-segment-12844373518178303651_2140_000_2160_000_with_camera_labels-30.png 1832 640 28
big_dataset_depth/000000002440-segment-12844373518178303651_2140_000_2160_000_with_camera_labels-30.png 1840 808 23
big_dataset_depth/000000002440-segment-12844373518178303651_2140_000_2160_000_with_camera_labels-30.png 1848 1208 14
big_dataset_depth/000000002440-segment-12844373518178303651_2140_000_2160_000_with_camera_labels-30.png 1856 1208 14
big_dataset_depth/000000002440-segment-12844373518178303651_2140_000_2160_000_with_camera_labels-30.png 1864 1208 14
big_dataset_depth/000000002440-segment-12844373518178303651_2140_000_2160_000_with_camera_labels-30.png 1872 1208 14
big_dataset_depth/000000002440-segment-12844373518178303651_2140_000_2160_000_with_camera_labels-30.png 1880 1088 16
big_dataset_depth/000000002440-segment-12844373518178303651_2140_000_2160_000_with_camera_labels-30.png 1888 1088 16
big_dataset_depth/000000002440-segment-12844373518178303651_2140_000_2160_000_with_camera_labels-30.png 1896 1128 15
big_dataset_depth/000000002440-segment-12844373518178303651_2140_000_2160_000_with_camera_labels-30.png 1904 960 19
big_dataset_depth/000000002440-segment-12844373518178303651_2140_000_2160_000_with_camera_labels-30.png 1912 728 24
