big_dataset_depth/000000001711-segment-11839652018869852123_2565_000_2585_000_with_camera_labels-120.png 0 648 83
big_dataset_depth/000000001711-segment-11839652018869852123_2565_000_2585_000_with_camera_labels-120.png 8 656 84
big_dataset_depth/000000001711-segment-11839652018869852123_2565_000_2585_000_with_camera_labels-120.png 16 656 84
big_dataset_depth/000000001711-segment-11839652018869852123_2565_000_2585_000_with_camera_labels-120.png 24 656 85
big_dataset_depth/000000001711-segment-11839652018869852123_2565_000_2585_000_with_camera_labels-120.png 32 1248 14
big_dataset_depth/000000001711-segment-11839652018869852123_2565_000_2585_000_with_camera_labels-120.png 40 888 57
big_dataset_depth/000000001711-segment-11839652018869852123_2565_000_2585_000_with_camera_labels-120.png 48 816 59
big_dataset_depth/000000001711-segment-11839652018869852123_2565_000_2585_000_with_camera_labels-120.png 56 1064 38
big_dataset_depth/000000001711-segment-11839652018869852123_2565_000_2585_000_with_camera_labels-120.png 64 904 43
big_dataset_depth/000000001711-segment-11839652018869852123_2565_000_2585_000_with_camera_labels-120.png 72 960 51
big_dataset_depth/000000001711-segment-11839652018869852123_2565_000_2585_000_with_camera_labels-120.png 80 1264 13
big_dataset_depth/000000001711-segment-11839652018869852123_2565_000_2585_000_with_camera_labels-120.png 88 888 38
big_dataset_depth/000000001711-segment-11839652018869852123_2565_000_2585_000_with_camera_labels-120.png 96 1280 14
big_dataset_depth/000000001711-segment-11839652018869852123_2565_000_2585_000_with_camera_labels-120.png 104 1008 32
big_dataset_depth/000000001711-segment-11839652018869852123_2565_000_2585_000_with_camera_labels-120.png 112 1280 14
big_dataset_depth/000000001711-segment-11839652018869852123_2565_000_2585_000_with_camera_labels-120.png 120 1264 13
big_dataset_depth/000000001711-segment-11839652018869852123_2565_000_2585_000_with_camera_labels-120.png 128 872 43
big_dataset_depth/000000001711-segment-11839652018869852123_2565_000_2585_000_with_camera_labels-120.png 136 1280 14
big_dataset_depth/000000001711-segment-11839652018869852123_2565_000_2585_000_with_camera_labels-120.png 144 1272 14
big_dataset_depth/000000001711-segment-11839652018869852123_2565_000_2585_000_with_camera_labels-120.png 152 920 40
big_dataset_depth/000000001711-segment-11839652018869852123_2565_000_2585_000_with_camera_labels-120.png 160 1272 14
big_dataset_depth/000000001711-segment-11839652018869852123_2565_000_2585_000_with_camera_labels-120.png 168 1008 34
big_dataset_depth/000000001711-segment-11839652018869852123_2565_000_2585_000_with_camera_labels-120.png 176 1272 14
big_dataset_depth/000000001711-segment-11839652018869852123_2565_000_2585_000_with_camera_labels-120.png 184 1248 14
big_dataset_depth/000000001711-segment-11839652018869852123_2565_000_2585_000_with_camera_labels-120.png 192 896 42
big_dataset_depth/000000001711-segment-11839652018869852123_2565_000_2585_000_with_camera_labels-120.png 200 952 35
big_dataset_depth/000000001711-segment-11839652018869852123_2565_000_2585_000_with_camera_labels-120.png 208 752 56
big_dataset_depth/000000001711-segment-11839652018869852123_2565_000_2585_000_with_camera_labels-120.png 216 960 15
big_dataset_depth/000000001711-segment-11839652018869852123_2565_000_2585_000_with_camera_labels-120.png 224 736 57
big_dataset_depth/000000001711-segment-11839652018869852123_2565_000_2585_000_with_camera_labels-120.png 232 736 58
big_dataset_depth/000000001711-segment-11839652018869852123_2565_000_2585_000_with_camera_labels-120.png 368 720 69
big_dataset_depth/000000001711-segment-11839652018869852123_2565_000_2585_000_with_camera_labels-120.png 376 800 35
big_dataset_depth/000000001711-segment-11839652018869852123_2565_000_2585_000_with_camera_labels-120.png 384 720 59
big_dataset_depth/000000001711-segment-11839652018869852123_2565_000_2585_000_with_camera_labels-120.png 392 704 72
big_dataset_depth/000000001711-segment-11839652018869852123_2565_000_2585_000_with_camera_labels-120.png 400 720 72
big_dataset_depth/000000001711-segment-11839652018869852123_2565_000_2585_000_with_camera_labels-120.png 408 696 74
big_dataset_depth/000000001711-segment-11839652018869852123_2565_000_2585_000_with_camera_labels-120.png 416 704 75
big_dataset_depth/000000001711-segment-11839652018869852123_2565_000_2585_000_with_camera_labels-120.png 432 696 77
big_dataset_depth/000000001711-segment-11839652018869852123_2565_000_2585_000_with_camera_labels-120.png 440 696 78
big_dataset_depth/000000001711-segment-11839652018869852123_2565_000_2585_000_with_camera_labels-120.png 448 696 79
big_dataset_depth/000000001711-segment-11839652018869852123_2565_000_2585_000_with_camera_labels-120.png 456 760 39
big_dataset_depth/000000001711-segment-11839652018869852123_2565_000_2585_000_with_camera_labels-120.png 464 696 81
big_dataset_depth/000000001711-segment-11839652018869852123_2565_000_2585_000_with_camera_labels-120.png 472 696 82
big_dataset_depth/000000001711-segment-11839652018869852123_2565_000_2585_000_with_camera_labels-120.png 480 696 83
big_dataset_depth/000000001711-segment-11839652018869852123_2565_000_2585_000_with_camera_labels-120.png 488 680 85
big_dataset_depth/000000001711-segment-11839652018869852123_2565_000_2585_000_with_camera_labels-120.png 496 688 86
big_dataset_depth/000000001711-segment-11839652018869852123_2565_000_2585_000_with_camera_labels-120.png 504 792 43
big_dataset_depth/000000001711-segment-11839652018869852123_2565_000_2585_000_with_camera_labels-120.png 512 744 58
big_dataset_depth/000000001711-segment-11839652018869852123_2565_000_2585_000_with_camera_labels-120.png 520 752 44
big_dataset_depth/000000001711-segment-11839652018869852123_2565_000_2585_000_with_camera_labels-120.png 544 696 94
big_dataset_depth/000000001711-segment-11839652018869852123_2565_000_2585_000_with_camera_labels-120.png 552 752 47
big_dataset_depth/000000001711-segment-11839652018869852123_2565_000_2585_000_with_camera_labels-120.png 560 688 98
big_dataset_depth/000000001711-segment-11839652018869852123_2565_000_2585_000_with_camera_labels-120.png 576 672 103
big_dataset_depth/000000001711-segment-11839652018869852123_2565_000_2585_000_with_camera_labels-120.png 584 688 104
big_dataset_depth/000000001711-segment-11839652018869852123_2565_000_2585_000_with_camera_labels-120.png 592 744 52
big_dataset_depth/000000001711-segment-11839652018869852123_2565_000_2585_000_with_camera_labels-120.png 600 696 80
big_dataset_depth/000000001711-segment-11839652018869852123_2565_000_2585_000_with_camera_labels-120.png 616 744 56
big_dataset_depth/000000001711-segment-11839652018869852123_2565_000_2585_000_with_camera_labels-120.png 624 744 56
big_dataset_depth/000000001711-segment-11839652018869852123_2565_000_2585_000_with_camera_labels-120.png 632 728 56
big_dataset_depth/000000001711-segment-11839652018869852123_2565_000_2585_000_with_camera_labels-120.png 648 736 61
big_dataset_depth/000000001711-segment-11839652018869852123_2565_000_2585_000_with_camera_labels-120.png 656 712 60
big_dataset_depth/000000001711-segment-11839652018869852123_2565_000_2585_000_with_camera_labels-120.png 672 712 64
big_dataset_depth/000000001711-segment-11839652018869852123_2565_000_2585_000_with_camera_labels-120.png 696 720 69
big_dataset_depth/000000001711-segment-11839652018869852123_2565_000_2585_000_with_camera_labels-120.png 704 704 73
big_dataset_depth/000000001711-segment-11839652018869852123_2565_000_2585_000_with_camera_labels-120.png 712 720 73
big_dataset_depth/000000001711-segment-11839652018869852123_2565_000_2585_000_with_camera_labels-120.png 720 712 78
big_dataset_depth/000000001711-segment-11839652018869852123_2565_000_2585_000_with_camera_labels-120.png 728 704 77
big_dataset_depth/000000001711-segment-11839652018869852123_2565_000_2585_000_with_camera_labels-120.png 736 704 82
big_dataset_depth/000000001711-segment-11839652018869852123_2565_000_2585_000_with_camera_labels-120.png 744 688 82
big_dataset_depth/000000001711-segment-11839652018869852123_2565_000_2585_000_with_camera_labels-120.png 752 696 86
big_dataset_depth/000000001711-segment-11839652018869852123_2565_000_2585_000_with_camera_labels-120.png 760 704 91
big_dataset_depth/000000001711-segment-11839652018869852123_2565_000_2585_000_with_camera_labels-120.png 768 696 92
big_dataset_depth/000000001711-segment-11839652018869852123_2565_000_2585_000_with_camera_labels-120.png 776 688 94
big_dataset_depth/000000001711-segment-11839652018869852123_2565_000_2585_000_with_camera_labels-120.png 784 696 99
big_dataset_depth/000000001711-segment-11839652018869852123_2565_000_2585_000_with_camera_labels-120.png 792 688 103
big_dataset_depth/000000001711-segment-11839652018869852123_2565_000_2585_000_with_camera_labels-120.png 800 696 104
big_dataset_depth/000000001711-segment-11839652018869852123_2565_000_2585_000_with_camera_labels-120.png 1120 760 57
big_dataset_depth/000000001711-segment-11839652018869852123_2565_000_2585_000_with_camera_labels-120.png 1128 760 54
big_dataset_depth/000000001711-segment-11839652018869852123_2565_000_2585_000_with_camera_labels-120.png 1136 768 53
big_dataset_depth/000000001711-segment-11839652018869852123_2565_000_2585_000_with_camera_labels-120.png 1144 744 52
big_dataset_depth/000000001711-segment-11839652018869852123_2565_000_2585_000_with_camera_labels-120.png 1152 744 52
big_dataset_depth/000000001711-segment-11839652018869852123_2565_000_2585_000_with_camera_labels-120.png 1160 752 52
big_dataset_depth/000000001711-segment-11839652018869852123_2565_000_2585_000_with_camera_labels-120.png 1168 760 53
big_dataset_depth/000000001711-segment-11839652018869852123_2565_000_2585_000_with_camera_labels-120.png 1176 760 53
big_dataset_depth/000000001711-segment-11839652018869852123_2565_000_2585_000_with_camera_labels-120.png 1184 768 54
big_dataset_depth/000000001711-segment-11839652018869852123_2565_000_2585_000_with_camera_labels-120.png 1192 760 53
big_dataset_depth/000000001711-segment-11839652018869852123_2565_000_2585_000_with_camera_labels-120.png 1200 752 52
big_dataset_depth/000000001711-segment-11839652018869852123_2565_000_2585_000_with_camera_labels-120.png 1208 752 52
big_dataset_depth/000000001711-segment-11839652018869852123_2565_000_2585_000_with_camera_labels-120.png 1216 760 53
big_dataset_depth/000000001711-segment-11839652018869852123_2565_000_2585_000_with_camera_labels-120.png 1224 768 54
big_dataset_depth/000000001711-segment-11839652018869852123_2565_000_2585_000_with_camera_labels-120.png 1232 768 54
big_dataset_depth/000000001711-segment-11839652018869852123_2565_000_2585_000_with_camera_labels-120.png 1264 720 92
big_dataset_depth/000000001711-segment-11839652018869852123_2565_000_2585_000_with_camera_labels-120.png 1432 704 108
big_dataset_depth/000000001711-segment-11839652018869852123_2565_000_2585_000_with_camera_labels-120.png 1440 704 106
big_dataset_depth/000000001711-segment-11839652018869852123_2565_000_2585_000_with_camera_labels-120.png 1448 704 105
big_dataset_depth/000000001711-segment-11839652018869852123_2565_000_2585_000_with_camera_labels-120.png 1456 712 102
big_dataset_depth/000000001711-segment-11839652018869852123_2565_000_2585_000_with_camera_labels-120.png 1464 704 102
big_dataset_depth/000000001711-segment-11839652018869852123_2565_000_2585_000_with_camera_labels-120.png 1472 704 102
big_dataset_depth/000000001711-segment-11839652018869852123_2565_000_2585_000_with_camera_labels-120.png 1480 704 99
big_dataset_depth/000000001711-segment-11839652018869852123_2565_000_2585_000_with_camera_labels-120.png 1488 696 100
big_dataset_depth/000000001711-segment-11839652018869852123_2565_000_2585_000_with_camera_labels-120.png 1496 720 95
big_dataset_depth/000000001711-segment-11839652018869852123_2565_000_2585_000_with_camera_labels-120.png 1504 720 94
big_dataset_depth/000000001711-segment-11839652018869852123_2565_000_2585_000_with_camera_labels-120.png 1512 704 96
big_dataset_depth/000000001711-segment-11839652018869852123_2565_000_2585_000_with_camera_labels-120.png 1520 720 91
big_dataset_depth/000000001711-segment-11839652018869852123_2565_000_2585_000_with_camera_labels-120.png 1528 704 94
big_dataset_depth/000000001711-segment-11839652018869852123_2565_000_2585_000_with_camera_labels-120.png 1536 728 89
big_dataset_depth/000000001711-segment-11839652018869852123_2565_000_2585_000_with_camera_labels-120.png 1544 720 88
big_dataset_depth/000000001711-segment-11839652018869852123_2565_000_2585_000_with_camera_labels-120.png 1552 720 87
big_dataset_depth/000000001711-segment-11839652018869852123_2565_000_2585_000_with_camera_labels-120.png 1560 712 88
big_dataset_depth/000000001711-segment-11839652018869852123_2565_000_2585_000_with_camera_labels-120.png 1568 728 85
big_dataset_depth/000000001711-segment-11839652018869852123_2565_000_2585_000_with_camera_labels-120.png 1576 728 84
big_dataset_depth/000000001711-segment-11839652018869852123_2565_000_2585_000_with_camera_labels-120.png 1584 712 86
big_dataset_depth/000000001711-segment-11839652018869852123_2565_000_2585_000_with_camera_labels-120.png 1592 728 82
big_dataset_depth/000000001711-segment-11839652018869852123_2565_000_2585_000_with_camera_labels-120.png 1600 712 84
big_dataset_depth/000000001711-segment-11839652018869852123_2565_000_2585_000_with_camera_labels-120.png 1608 736 80
big_dataset_depth/000000001711-segment-11839652018869852123_2565_000_2585_000_with_camera_labels-120.png 1616 728 79
big_dataset_depth/000000001711-segment-11839652018869852123_2565_000_2585_000_with_camera_labels-120.png 1624 744 77
big_dataset_depth/000000001711-segment-11839652018869852123_2565_000_2585_000_with_camera_labels-120.png 1632 744 77
big_dataset_depth/000000001711-segment-11839652018869852123_2565_000_2585_000_with_camera_labels-120.png 1640 720 80
big_dataset_depth/000000001711-segment-11839652018869852123_2565_000_2585_000_with_camera_labels-120.png 1648 744 75
big_dataset_depth/000000001711-segment-11839652018869852123_2565_000_2585_000_with_camera_labels-120.png 1656 712 78
big_dataset_depth/000000001711-segment-11839652018869852123_2565_000_2585_000_with_camera_labels-120.png 1664 744 74
big_dataset_depth/000000001711-segment-11839652018869852123_2565_000_2585_000_with_camera_labels-120.png 1672 744 73
big_dataset_depth/000000001711-segment-11839652018869852123_2565_000_2585_000_with_camera_labels-120.png 1680 744 72
big_dataset_depth/000000001711-segment-11839652018869852123_2565_000_2585_000_with_camera_labels-120.png 1688 744 72
big_dataset_depth/000000001711-segment-11839652018869852123_2565_000_2585_000_with_camera_labels-120.png 1696 720 75
big_dataset_depth/000000001711-segment-11839652018869852123_2565_000_2585_000_with_camera_labels-120.png 1704 760 70
big_dataset_depth/000000001711-segment-11839652018869852123_2565_000_2585_000_with_camera_labels-120.png 1712 760 69
big_dataset_depth/000000001711-segment-11839652018869852123_2565_000_2585_000_with_camera_labels-120.png 1720 760 69
big_dataset_depth/000000001711-segment-11839652018869852123_2565_000_2585_000_with_camera_labels-120.png 1728 760 68
big_dataset_depth/000000001711-segment-11839652018869852123_2565_000_2585_000_with_camera_labels-120.png 1736 736 71
big_dataset_depth/000000001711-segment-11839652018869852123_2565_000_2585_000_with_camera_labels-120.png 1744 760 67
big_dataset_depth/000000001711-segment-11839652018869852123_2565_000_2585_000_with_camera_labels-120.png 1752 760 66
big_dataset_depth/000000001711-segment-11839652018869852123_2565_000_2585_000_with_camera_labels-120.png 1760 752 66
big_dataset_depth/000000001711-segment-11839652018869852123_2565_000_2585_000_with_camera_labels-120.png 1768 768 65
big_dataset_depth/000000001711-segment-11839652018869852123_2565_000_2585_000_with_camera_labels-120.png 1776 768 65
big_dataset_depth/000000001711-segment-11839652018869852123_2565_000_2585_000_with_camera_labels-120.png 1784 768 64
big_dataset_depth/000000001711-segment-11839652018869852123_2565_000_2585_000_with_camera_labels-120.png 1792 768 63
big_dataset_depth/000000001711-segment-11839652018869852123_2565_000_2585_000_with_camera_labels-120.png 1800 768 63
big_dataset_depth/000000001711-segment-11839652018869852123_2565_000_2585_000_with_camera_labels-120.png 1808 768 63
big_dataset_depth/000000001711-segment-11839652018869852123_2565_000_2585_000_with_camera_labels-120.png 1816 760 62
big_dataset_depth/000000001711-segment-11839652018869852123_2565_000_2585_000_with_camera_labels-120.png 1824 768 62
big_dataset_depth/000000001711-segment-11839652018869852123_2565_000_2585_000_with_camera_labels-120.png 1832 768 61
big_dataset_depth/000000001711-segment-11839652018869852123_2565_000_2585_000_with_camera_labels-120.png 1840 768 61
big_dataset_depth/000000001711-segment-11839652018869852123_2565_000_2585_000_with_camera_labels-120.png 1848 784 60
big_dataset_depth/000000001711-segment-11839652018869852123_2565_000_2585_000_with_camera_labels-120.png 1856 784 60
big_dataset_depth/000000001711-segment-11839652018869852123_2565_000_2585_000_with_camera_labels-120.png 1864 776 59
big_dataset_depth/000000001711-segment-11839652018869852123_2565_000_2585_000_with_camera_labels-120.png 1872 776 59
big_dataset_depth/000000001711-segment-11839652018869852123_2565_000_2585_000_with_camera_labels-120.png 1880 784 58
big_dataset_depth/000000001711-segment-11839652018869852123_2565_000_2585_000_with_camera_labels-120.png 1888 776 58
big_dataset_depth/000000001711-segment-11839652018869852123_2565_000_2585_000_with_camera_labels-120.png 1896 784 58
big_dataset_depth/000000001711-segment-11839652018869852123_2565_000_2585_000_with_camera_labels-120.png 1904 776 57
big_dataset_depth/000000001711-segment-11839652018869852123_2565_000_2585_000_with_camera_labels-120.png 1912 784 57
