big_dataset_depth/000000002837-segment-13177337129001451839_9160_000_9180_000_with_camera_labels-0.png 0 696 76
big_dataset_depth/000000002837-segment-13177337129001451839_9160_000_9180_000_with_camera_labels-0.png 8 824 44
big_dataset_depth/000000002837-segment-13177337129001451839_9160_000_9180_000_with_camera_labels-0.png 16 824 44
big_dataset_depth/000000002837-segment-13177337129001451839_9160_000_9180_000_with_camera_labels-0.png 24 712 69
big_dataset_depth/000000002837-segment-13177337129001451839_9160_000_9180_000_with_camera_labels-0.png 32 816 44
big_dataset_depth/000000002837-segment-13177337129001451839_9160_000_9180_000_with_camera_labels-0.png 40 840 43
big_dataset_depth/000000002837-segment-13177337129001451839_9160_000_9180_000_with_camera_labels-0.png 48 840 43
big_dataset_depth/000000002837-segment-13177337129001451839_9160_000_9180_000_with_camera_labels-0.png 56 832 43
big_dataset_depth/000000002837-segment-13177337129001451839_9160_000_9180_000_with_camera_labels-0.png 64 824 44
big_dataset_depth/000000002837-segment-13177337129001451839_9160_000_9180_000_with_camera_labels-0.png 72 832 44
big_dataset_depth/000000002837-segment-13177337129001451839_9160_000_9180_000_with_camera_labels-0.png 80 824 44
big_dataset_depth/000000002837-segment-13177337129001451839_9160_000_9180_000_with_camera_labels-0.png 88 824 44
big_dataset_depth/000000002837-segment-13177337129001451839_9160_000_9180_000_with_camera_labels-0.png 96 824 44
big_dataset_depth/000000002837-segment-13177337129001451839_9160_000_9180_000_with_camera_labels-0.png 104 800 45
big_dataset_depth/000000002837-segment-13177337129001451839_9160_000_9180_000_with_camera_labels-0.png 112 776 45
big_dataset_depth/000000002837-segment-13177337129001451839_9160_000_9180_000_with_camera_labels-0.png 120 816 45
big_dataset_depth/000000002837-segment-13177337129001451839_9160_000_9180_000_with_camera_labels-0.png 128 776 47
big_dataset_depth/000000002837-segment-13177337129001451839_9160_000_9180_000_with_camera_labels-0.png 136 816 45
big_dataset_depth/000000002837-segment-13177337129001451839_9160_000_9180_000_with_camera_labels-0.png 144 816 45
big_dataset_depth/000000002837-segment-13177337129001451839_9160_000_9180_000_with_camera_labels-0.png 152 816 45
big_dataset_depth/000000002837-segment-13177337129001451839_9160_000_9180_000_with_camera_labels-0.png 160 816 45
big_dataset_depth/000000002837-segment-13177337129001451839_9160_000_9180_000_with_camera_labels-0.png 168 816 45
big_dataset_depth/000000002837-segment-13177337129001451839_9160_000_9180_000_with_camera_labels-0.png 176 792 46
big_dataset_depth/000000002837-segment-13177337129001451839_9160_000_9180_000_with_camera_labels-0.png 184 808 46
big_dataset_depth/000000002837-segment-13177337129001451839_9160_000_9180_000_with_camera_labels-0.png 192 760 46
big_dataset_depth/000000002837-segment-13177337129001451839_9160_000_9180_000_with_camera_labels-0.png 200 784 46
big_dataset_depth/000000002837-segment-13177337129001451839_9160_000_9180_000_with_camera_labels-0.png 208 808 46
big_dataset_depth/000000002837-segment-13177337129001451839_9160_000_9180_000_with_camera_labels-0.png 216 792 47
big_dataset_depth/000000002837-segment-13177337129001451839_9160_000_9180_000_with_camera_labels-0.png 224 792 45
big_dataset_depth/000000002837-segment-13177337129001451839_9160_000_9180_000_with_camera_labels-0.png 232 792 46
big_dataset_depth/000000002837-segment-13177337129001451839_9160_000_9180_000_with_camera_labels-0.png 240 808 46
big_dataset_depth/000000002837-segment-13177337129001451839_9160_000_9180_000_with_camera_labels-0.png 264 744 84
big_dataset_depth/000000002837-segment-13177337129001451839_9160_000_9180_000_with_camera_labels-0.png 272 848 41
big_dataset_depth/000000002837-segment-13177337129001451839_9160_000_9180_000_with_camera_labels-0.png 280 744 84
big_dataset_depth/000000002837-segment-13177337129001451839_9160_000_9180_000_with_camera_labels-0.png 288 720 74
big_dataset_depth/000000002837-segment-13177337129001451839_9160_000_9180_000_with_camera_labels-0.png 296 776 53
big_dataset_depth/000000002837-segment-13177337129001451839_9160_000_9180_000_with_camera_labels-0.png 304 776 53
big_dataset_depth/000000002837-segment-13177337129001451839_9160_000_9180_000_with_camera_labels-0.png 312 776 53
big_dataset_depth/000000002837-segment-13177337129001451839_9160_000_9180_000_with_camera_labels-0.png 320 768 53
big_dataset_depth/000000002837-segment-13177337129001451839_9160_000_9180_000_with_camera_labels-0.png 328 792 50
big_dataset_depth/000000002837-segment-13177337129001451839_9160_000_9180_000_with_camera_labels-0.png 336 768 51
big_dataset_depth/000000002837-segment-13177337129001451839_9160_000_9180_000_with_camera_labels-0.png 344 792 50
big_dataset_depth/000000002837-segment-13177337129001451839_9160_000_9180_000_with_camera_labels-0.png 352 776 51
big_dataset_depth/000000002837-segment-13177337129001451839_9160_000_9180_000_with_camera_labels-0.png 360 768 52
big_dataset_depth/000000002837-segment-13177337129001451839_9160_000_9180_000_with_camera_labels-0.png 368 776 49
big_dataset_depth/000000002837-segment-13177337129001451839_9160_000_9180_000_with_camera_labels-0.png 376 808 42
big_dataset_depth/000000002837-segment-13177337129001451839_9160_000_9180_000_with_camera_labels-0.png 384 824 42
big_dataset_depth/000000002837-segment-13177337129001451839_9160_000_9180_000_with_camera_labels-0.png 392 832 42
big_dataset_depth/000000002837-segment-13177337129001451839_9160_000_9180_000_with_camera_labels-0.png 400 824 43
big_dataset_depth/000000002837-segment-13177337129001451839_9160_000_9180_000_with_camera_labels-0.png 408 808 43
big_dataset_depth/000000002837-segment-13177337129001451839_9160_000_9180_000_with_camera_labels-0.png 416 832 42
big_dataset_depth/000000002837-segment-13177337129001451839_9160_000_9180_000_with_camera_labels-0.png 424 808 42
big_dataset_depth/000000002837-segment-13177337129001451839_9160_000_9180_000_with_camera_labels-0.png 432 800 44
big_dataset_depth/000000002837-segment-13177337129001451839_9160_000_9180_000_with_camera_labels-0.png 440 744 43
big_dataset_depth/000000002837-segment-13177337129001451839_9160_000_9180_000_with_camera_labels-0.png 456 728 81
big_dataset_depth/000000002837-segment-13177337129001451839_9160_000_9180_000_with_camera_labels-0.png 464 744 72
big_dataset_depth/000000002837-segment-13177337129001451839_9160_000_9180_000_with_camera_labels-0.png 472 736 79
big_dataset_depth/000000002837-segment-13177337129001451839_9160_000_9180_000_with_camera_labels-0.png 480 720 78
big_dataset_depth/000000002837-segment-13177337129001451839_9160_000_9180_000_with_camera_labels-0.png 488 712 79
big_dataset_depth/000000002837-segment-13177337129001451839_9160_000_9180_000_with_camera_labels-0.png 496 728 73
big_dataset_depth/000000002837-segment-13177337129001451839_9160_000_9180_000_with_camera_labels-0.png 504 760 60
big_dataset_depth/000000002837-segment-13177337129001451839_9160_000_9180_000_with_camera_labels-0.png 512 720 69
big_dataset_depth/000000002837-segment-13177337129001451839_9160_000_9180_000_with_camera_labels-0.png 520 752 69
big_dataset_depth/000000002837-segment-13177337129001451839_9160_000_9180_000_with_camera_labels-0.png 528 744 68
big_dataset_depth/000000002837-segment-13177337129001451839_9160_000_9180_000_with_camera_labels-0.png 536 776 60
big_dataset_depth/000000002837-segment-13177337129001451839_9160_000_9180_000_with_camera_labels-0.png 544 840 40
big_dataset_depth/000000002837-segment-13177337129001451839_9160_000_9180_000_with_camera_labels-0.png 552 808 49
big_dataset_depth/000000002837-segment-13177337129001451839_9160_000_9180_000_with_camera_labels-0.png 560 840 40
big_dataset_depth/000000002837-segment-13177337129001451839_9160_000_9180_000_with_camera_labels-0.png 568 840 39
big_dataset_depth/000000002837-segment-13177337129001451839_9160_000_9180_000_with_camera_labels-0.png 576 800 39
big_dataset_depth/000000002837-segment-13177337129001451839_9160_000_9180_000_with_camera_labels-0.png 584 816 39
big_dataset_depth/000000002837-segment-13177337129001451839_9160_000_9180_000_with_camera_labels-0.png 592 832 40
big_dataset_depth/000000002837-segment-13177337129001451839_9160_000_9180_000_with_camera_labels-0.png 600 808 39
big_dataset_depth/000000002837-segment-13177337129001451839_9160_000_9180_000_with_camera_labels-0.png 608 832 38
big_dataset_depth/000000002837-segment-13177337129001451839_9160_000_9180_000_with_camera_labels-0.png 616 808 39
big_dataset_depth/000000002837-segment-13177337129001451839_9160_000_9180_000_with_camera_labels-0.png 624 832 39
big_dataset_depth/000000002837-segment-13177337129001451839_9160_000_9180_000_with_camera_labels-0.png 632 808 39
big_dataset_depth/000000002837-segment-13177337129001451839_9160_000_9180_000_with_camera_labels-0.png 640 824 38
big_dataset_depth/000000002837-segment-13177337129001451839_9160_000_9180_000_with_camera_labels-0.png 648 808 39
big_dataset_depth/000000002837-segment-13177337129001451839_9160_000_9180_000_with_camera_labels-0.png 656 808 39
big_dataset_depth/000000002837-segment-13177337129001451839_9160_000_9180_000_with_camera_labels-0.png 664 832 41
big_dataset_depth/000000002837-segment-13177337129001451839_9160_000_9180_000_with_camera_labels-0.png 672 808 39
big_dataset_depth/000000002837-segment-13177337129001451839_9160_000_9180_000_with_camera_labels-0.png 680 816 39
big_dataset_depth/000000002837-segment-13177337129001451839_9160_000_9180_000_with_camera_labels-0.png 688 832 39
big_dataset_depth/000000002837-segment-13177337129001451839_9160_000_9180_000_with_camera_labels-0.png 696 840 39
big_dataset_depth/000000002837-segment-13177337129001451839_9160_000_9180_000_with_camera_labels-0.png 704 840 39
big_dataset_depth/000000002837-segment-13177337129001451839_9160_000_9180_000_with_camera_labels-0.png 712 832 40
big_dataset_depth/000000002837-segment-13177337129001451839_9160_000_9180_000_with_camera_labels-0.png 720 776 42
big_dataset_depth/000000002837-segment-13177337129001451839_9160_000_9180_000_with_camera_labels-0.png 728 768 42
big_dataset_depth/000000002837-segment-13177337129001451839_9160_000_9180_000_with_camera_labels-0.png 736 784 44
big_dataset_depth/000000002837-segment-13177337129001451839_9160_000_9180_000_with_camera_labels-0.png 744 808 45
big_dataset_depth/000000002837-segment-13177337129001451839_9160_000_9180_000_with_camera_labels-0.png 752 808 45
big_dataset_depth/000000002837-segment-13177337129001451839_9160_000_9180_000_with_camera_labels-0.png 768 736 104
big_dataset_depth/000000002837-segment-13177337129001451839_9160_000_9180_000_with_camera_labels-0.png 776 736 107
big_dataset_depth/000000002837-segment-13177337129001451839_9160_000_9180_000_with_camera_labels-0.png 784 696 106
big_dataset_depth/000000002837-segment-13177337129001451839_9160_000_9180_000_with_camera_labels-0.png 792 680 108
big_dataset_depth/000000002837-segment-13177337129001451839_9160_000_9180_000_with_camera_labels-0.png 808 704 100
big_dataset_depth/000000002837-segment-13177337129001451839_9160_000_9180_000_with_camera_labels-0.png 816 832 38
big_dataset_depth/000000002837-segment-13177337129001451839_9160_000_9180_000_with_camera_labels-0.png 824 840 37
big_dataset_depth/000000002837-segment-13177337129001451839_9160_000_9180_000_with_camera_labels-0.png 832 856 37
big_dataset_depth/000000002837-segment-13177337129001451839_9160_000_9180_000_with_camera_labels-0.png 840 840 37
big_dataset_depth/000000002837-segment-13177337129001451839_9160_000_9180_000_with_camera_labels-0.png 848 832 37
big_dataset_depth/000000002837-segment-13177337129001451839_9160_000_9180_000_with_camera_labels-0.png 856 832 37
big_dataset_depth/000000002837-segment-13177337129001451839_9160_000_9180_000_with_camera_labels-0.png 864 832 37
big_dataset_depth/000000002837-segment-13177337129001451839_9160_000_9180_000_with_camera_labels-0.png 872 832 37
big_dataset_depth/000000002837-segment-13177337129001451839_9160_000_9180_000_with_camera_labels-0.png 880 832 37
big_dataset_depth/000000002837-segment-13177337129001451839_9160_000_9180_000_with_camera_labels-0.png 888 832 37
big_dataset_depth/000000002837-segment-13177337129001451839_9160_000_9180_000_with_camera_labels-0.png 896 832 37
big_dataset_depth/000000002837-segment-13177337129001451839_9160_000_9180_000_with_camera_labels-0.png 904 832 37
big_dataset_depth/000000002837-segment-13177337129001451839_9160_000_9180_000_with_camera_labels-0.png 912 824 37
big_dataset_depth/000000002837-segment-13177337129001451839_9160_000_9180_000_with_camera_labels-0.png 920 832 37
big_dataset_depth/000000002837-segment-13177337129001451839_9160_000_9180_000_with_camera_labels-0.png 928 856 37
big_dataset_depth/000000002837-segment-13177337129001451839_9160_000_9180_000_with_camera_labels-0.png 936 856 37
big_dataset_depth/000000002837-segment-13177337129001451839_9160_000_9180_000_with_camera_labels-0.png 944 840 37
big_dataset_depth/000000002837-segment-13177337129001451839_9160_000_9180_000_with_camera_labels-0.png 952 856 37
big_dataset_depth/000000002837-segment-13177337129001451839_9160_000_9180_000_with_camera_labels-0.png 960 808 39
big_dataset_depth/000000002837-segment-13177337129001451839_9160_000_9180_000_with_camera_labels-0.png 968 752 76
big_dataset_depth/000000002837-segment-13177337129001451839_9160_000_9180_000_with_camera_labels-0.png 976 744 76
big_dataset_depth/000000002837-segment-13177337129001451839_9160_000_9180_000_with_camera_labels-0.png 984 752 76
big_dataset_depth/000000002837-segment-13177337129001451839_9160_000_9180_000_with_camera_labels-0.png 992 752 76
big_dataset_depth/000000002837-segment-13177337129001451839_9160_000_9180_000_with_camera_labels-0.png 1000 760 77
big_dataset_depth/000000002837-segment-13177337129001451839_9160_000_9180_000_with_camera_labels-0.png 1008 744 77
big_dataset_depth/000000002837-segment-13177337129001451839_9160_000_9180_000_with_camera_labels-0.png 1016 752 86
big_dataset_depth/000000002837-segment-13177337129001451839_9160_000_9180_000_with_camera_labels-0.png 1280 720 108
big_dataset_depth/000000002837-segment-13177337129001451839_9160_000_9180_000_with_camera_labels-0.png 1288 752 107
big_dataset_depth/000000002837-segment-13177337129001451839_9160_000_9180_000_with_camera_labels-0.png 1296 744 105
big_dataset_depth/000000002837-segment-13177337129001451839_9160_000_9180_000_with_camera_labels-0.png 1304 744 102
big_dataset_depth/000000002837-segment-13177337129001451839_9160_000_9180_000_with_camera_labels-0.png 1312 736 99
big_dataset_depth/000000002837-segment-13177337129001451839_9160_000_9180_000_with_camera_labels-0.png 1320 760 98
big_dataset_depth/000000002837-segment-13177337129001451839_9160_000_9180_000_with_camera_labels-0.png 1328 720 93
big_dataset_depth/000000002837-segment-13177337129001451839_9160_000_9180_000_with_camera_labels-0.png 1336 752 92
big_dataset_depth/000000002837-segment-13177337129001451839_9160_000_9180_000_with_camera_labels-0.png 1344 760 90
big_dataset_depth/000000002837-segment-13177337129001451839_9160_000_9180_000_with_camera_labels-0.png 1352 768 89
big_dataset_depth/000000002837-segment-13177337129001451839_9160_000_9180_000_with_camera_labels-0.png 1360 768 87
big_dataset_depth/000000002837-segment-13177337129001451839_9160_000_9180_000_with_camera_labels-0.png 1368 768 85
big_dataset_depth/000000002837-segment-13177337129001451839_9160_000_9180_000_with_camera_labels-0.png 1376 760 73
big_dataset_depth/000000002837-segment-13177337129001451839_9160_000_9180_000_with_camera_labels-0.png 1384 744 79
big_dataset_depth/000000002837-segment-13177337129001451839_9160_000_9180_000_with_camera_labels-0.png 1392 760 77
big_dataset_depth/000000002837-segment-13177337129001451839_9160_000_9180_000_with_camera_labels-0.png 1400 744 79
big_dataset_depth/000000002837-segment-13177337129001451839_9160_000_9180_000_with_camera_labels-0.png 1408 752 75
big_dataset_depth/000000002837-segment-13177337129001451839_9160_000_9180_000_with_camera_labels-0.png 1416 752 83
big_dataset_depth/000000002837-segment-13177337129001451839_9160_000_9180_000_with_camera_labels-0.png 1424 768 66
big_dataset_depth/000000002837-segment-13177337129001451839_9160_000_9180_000_with_camera_labels-0.png 1432 744 82
big_dataset_depth/000000002837-segment-13177337129001451839_9160_000_9180_000_with_camera_labels-0.png 1440 752 79
big_dataset_depth/000000002837-segment-13177337129001451839_9160_000_9180_000_with_camera_labels-0.png 1448 752 83
big_dataset_depth/000000002837-segment-13177337129001451839_9160_000_9180_000_with_camera_labels-0.png 1456 728 83
big_dataset_depth/000000002837-segment-13177337129001451839_9160_000_9180_000_with_camera_labels-0.png 1464 744 83
big_dataset_depth/000000002837-segment-13177337129001451839_9160_000_9180_000_with_camera_labels-0.png 1472 760 68
big_dataset_depth/000000002837-segment-13177337129001451839_9160_000_9180_000_with_camera_labels-0.png 1480 768 66
big_dataset_depth/000000002837-segment-13177337129001451839_9160_000_9180_000_with_camera_labels-0.png 1488 736 78
big_dataset_depth/000000002837-segment-13177337129001451839_9160_000_9180_000_with_camera_labels-0.png 1496 736 75
big_dataset_depth/000000002837-segment-13177337129001451839_9160_000_9180_000_with_camera_labels-0.png 1504 752 75
big_dataset_depth/000000002837-segment-13177337129001451839_9160_000_9180_000_with_camera_labels-0.png 1512 704 80
big_dataset_depth/000000002837-segment-13177337129001451839_9160_000_9180_000_with_camera_labels-0.png 1520 752 74
big_dataset_depth/000000002837-segment-13177337129001451839_9160_000_9180_000_with_camera_labels-0.png 1528 768 66
big_dataset_depth/000000002837-segment-13177337129001451839_9160_000_9180_000_with_camera_labels-0.png 1536 768 66
big_dataset_depth/000000002837-segment-13177337129001451839_9160_000_9180_000_with_camera_labels-0.png 1544 768 66
big_dataset_depth/000000002837-segment-13177337129001451839_9160_000_9180_000_with_camera_labels-0.png 1552 760 66
big_dataset_depth/000000002837-segment-13177337129001451839_9160_000_9180_000_with_camera_labels-0.png 1560 760 67
big_dataset_depth/000000002837-segment-13177337129001451839_9160_000_9180_000_with_camera_labels-0.png 1568 760 67
big_dataset_depth/000000002837-segment-13177337129001451839_9160_000_9180_000_with_camera_labels-0.png 1576 760 67
big_dataset_depth/000000002837-segment-13177337129001451839_9160_000_9180_000_with_camera_labels-0.png 1584 768 67
big_dataset_depth/000000002837-segment-13177337129001451839_9160_000_9180_000_with_camera_labels-0.png 1592 768 67
big_dataset_depth/000000002837-segment-13177337129001451839_9160_000_9180_000_with_camera_labels-0.png 1600 760 67
big_dataset_depth/000000002837-segment-13177337129001451839_9160_000_9180_000_with_camera_labels-0.png 1608 760 77
big_dataset_depth/000000002837-segment-13177337129001451839_9160_000_9180_000_with_camera_labels-0.png 1616 760 84
big_dataset_depth/000000002837-segment-13177337129001451839_9160_000_9180_000_with_camera_labels-0.png 1632 808 48
big_dataset_depth/000000002837-segment-13177337129001451839_9160_000_9180_000_with_camera_labels-0.png 1640 800 49
big_dataset_depth/000000002837-segment-13177337129001451839_9160_000_9180_000_with_camera_labels-0.png 1648 816 47
big_dataset_depth/000000002837-segment-13177337129001451839_9160_000_9180_000_with_camera_labels-0.png 1656 800 49
big_dataset_depth/000000002837-segment-13177337129001451839_9160_000_9180_000_with_camera_labels-0.png 1664 792 46
big_dataset_depth/000000002837-segment-13177337129001451839_9160_000_9180_000_with_camera_labels-0.png 1672 800 46
big_dataset_depth/000000002837-segment-13177337129001451839_9160_000_9180_000_with_camera_labels-0.png 1680 816 44
big_dataset_depth/000000002837-segment-13177337129001451839_9160_000_9180_000_with_camera_labels-0.png 1688 840 44
big_dataset_depth/000000002837-segment-13177337129001451839_9160_000_9180_000_with_camera_labels-0.png 1696 840 44
big_dataset_depth/000000002837-segment-13177337129001451839_9160_000_9180_000_with_camera_labels-0.png 1704 840 44
big_dataset_depth/000000002837-segment-13177337129001451839_9160_000_9180_000_with_camera_labels-0.png 1712 840 44
big_dataset_depth/000000002837-segment-13177337129001451839_9160_000_9180_000_with_camera_labels-0.png 1720 800 52
big_dataset_depth/000000002837-segment-13177337129001451839_9160_000_9180_000_with_camera_labels-0.png 1728 760 67
big_dataset_depth/000000002837-segment-13177337129001451839_9160_000_9180_000_with_camera_labels-0.png 1736 760 67
big_dataset_depth/000000002837-segment-13177337129001451839_9160_000_9180_000_with_camera_labels-0.png 1744 808 49
big_dataset_depth/000000002837-segment-13177337129001451839_9160_000_9180_000_with_camera_labels-0.png 1752 824 45
big_dataset_depth/000000002837-segment-13177337129001451839_9160_000_9180_000_with_camera_labels-0.png 1760 824 46
big_dataset_depth/000000002837-segment-13177337129001451839_9160_000_9180_000_with_camera_labels-0.png 1768 816 46
big_dataset_depth/000000002837-segment-13177337129001451839_9160_000_9180_000_with_camera_labels-0.png 1776 816 48
big_dataset_depth/000000002837-segment-13177337129001451839_9160_000_9180_000_with_camera_labels-0.png 1784 832 42
big_dataset_depth/000000002837-segment-13177337129001451839_9160_000_9180_000_with_camera_labels-0.png 1792 856 42
big_dataset_depth/000000002837-segment-13177337129001451839_9160_000_9180_000_with_camera_labels-0.png 1800 856 41
big_dataset_depth/000000002837-segment-13177337129001451839_9160_000_9180_000_with_camera_labels-0.png 1808 856 42
big_dataset_depth/000000002837-segment-13177337129001451839_9160_000_9180_000_with_camera_labels-0.png 1816 832 46
big_dataset_depth/000000002837-segment-13177337129001451839_9160_000_9180_000_with_camera_labels-0.png 1824 744 63
big_dataset_depth/000000002837-segment-13177337129001451839_9160_000_9180_000_with_camera_labels-0.png 1832 800 50
big_dataset_depth/000000002837-segment-13177337129001451839_9160_000_9180_000_with_camera_labels-0.png 1840 776 86
big_dataset_depth/000000002837-segment-13177337129001451839_9160_000_9180_000_with_camera_labels-0.png 1848 768 86
big_dataset_depth/000000002837-segment-13177337129001451839_9160_000_9180_000_with_camera_labels-0.png 1856 776 86
big_dataset_depth/000000002837-segment-13177337129001451839_9160_000_9180_000_with_camera_labels-0.png 1864 768 86
big_dataset_depth/000000002837-segment-13177337129001451839_9160_000_9180_000_with_camera_labels-0.png 1872 768 86
big_dataset_depth/000000002837-segment-13177337129001451839_9160_000_9180_000_with_camera_labels-0.png 1880 776 85
big_dataset_depth/000000002837-segment-13177337129001451839_9160_000_9180_000_with_camera_labels-0.png 1888 784 84
big_dataset_depth/000000002837-segment-13177337129001451839_9160_000_9180_000_with_camera_labels-0.png 1896 768 84
big_dataset_depth/000000002837-segment-13177337129001451839_9160_000_9180_000_with_camera_labels-0.png 1904 760 86
big_dataset_depth/000000002837-segment-13177337129001451839_9160_000_9180_000_with_camera_labels-0.png 1912 768 85
