big_dataset_depth/000000000895-segment-10793018113277660068_2714_540_2734_540_with_camera_labels-150.png 0 784 60
big_dataset_depth/000000000895-segment-10793018113277660068_2714_540_2734_540_with_camera_labels-150.png 8 840 52
big_dataset_depth/000000000895-segment-10793018113277660068_2714_540_2734_540_with_camera_labels-150.png 16 840 52
big_dataset_depth/000000000895-segment-10793018113277660068_2714_540_2734_540_with_camera_labels-150.png 24 840 52
big_dataset_depth/000000000895-segment-10793018113277660068_2714_540_2734_540_with_camera_labels-150.png 32 840 52
big_dataset_depth/000000000895-segment-10793018113277660068_2714_540_2734_540_with_camera_labels-150.png 40 840 52
big_dataset_depth/000000000895-segment-10793018113277660068_2714_540_2734_540_with_camera_labels-150.png 48 840 52
big_dataset_depth/000000000895-segment-10793018113277660068_2714_540_2734_540_with_camera_labels-150.png 56 840 52
big_dataset_depth/000000000895-segment-10793018113277660068_2714_540_2734_540_with_camera_labels-150.png 64 848 52
big_dataset_depth/000000000895-segment-10793018113277660068_2714_540_2734_540_with_camera_labels-150.png 72 840 53
big_dataset_depth/000000000895-segment-10793018113277660068_2714_540_2734_540_with_camera_labels-150.png 80 840 53
big_dataset_depth/000000000895-segment-10793018113277660068_2714_540_2734_540_with_camera_labels-150.png 88 832 54
big_dataset_depth/000000000895-segment-10793018113277660068_2714_540_2734_540_with_camera_labels-150.png 96 840 55
big_dataset_depth/000000000895-segment-10793018113277660068_2714_540_2734_540_with_camera_labels-150.png 104 840 55
big_dataset_depth/000000000895-segment-10793018113277660068_2714_540_2734_540_with_camera_labels-150.png 112 840 55
big_dataset_depth/000000000895-segment-10793018113277660068_2714_540_2734_540_with_camera_labels-150.png 120 832 55
big_dataset_depth/000000000895-segment-10793018113277660068_2714_540_2734_540_with_camera_labels-150.png 128 832 56
big_dataset_depth/000000000895-segment-10793018113277660068_2714_540_2734_540_with_camera_labels-150.png 136 824 56
big_dataset_depth/000000000895-segment-10793018113277660068_2714_540_2734_540_with_camera_labels-150.png 144 832 57
big_dataset_depth/000000000895-segment-10793018113277660068_2714_540_2734_540_with_camera_labels-150.png 152 832 57
big_dataset_depth/000000000895-segment-10793018113277660068_2714_540_2734_540_with_camera_labels-150.png 160 832 58
big_dataset_depth/000000000895-segment-10793018113277660068_2714_540_2734_540_with_camera_labels-150.png 168 832 58
big_dataset_depth/000000000895-segment-10793018113277660068_2714_540_2734_540_with_camera_labels-150.png 176 824 58
big_dataset_depth/000000000895-segment-10793018113277660068_2714_540_2734_540_with_camera_labels-150.png 184 832 59
big_dataset_depth/000000000895-segment-10793018113277660068_2714_540_2734_540_with_camera_labels-150.png 192 816 60
big_dataset_depth/000000000895-segment-10793018113277660068_2714_540_2734_540_with_camera_labels-150.png 200 816 60
big_dataset_depth/000000000895-segment-10793018113277660068_2714_540_2734_540_with_camera_labels-150.png 208 816 60
big_dataset_depth/000000000895-segment-10793018113277660068_2714_540_2734_540_with_camera_labels-150.png 216 816 61
big_dataset_depth/000000000895-segment-10793018113277660068_2714_540_2734_540_with_camera_labels-150.png 224 816 62
big_dataset_depth/000000000895-segment-10793018113277660068_2714_540_2734_540_with_camera_labels-150.png 232 816 63
big_dataset_depth/000000000895-segment-10793018113277660068_2714_540_2734_540_with_camera_labels-150.png 240 816 64
big_dataset_depth/000000000895-segment-10793018113277660068_2714_540_2734_540_with_camera_labels-150.png 248 816 64
big_dataset_depth/000000000895-segment-10793018113277660068_2714_540_2734_540_with_camera_labels-150.png 256 800 67
big_dataset_depth/000000000895-segment-10793018113277660068_2714_540_2734_540_with_camera_labels-150.png 264 808 65
big_dataset_depth/000000000895-segment-10793018113277660068_2714_540_2734_540_with_camera_labels-150.png 272 808 66
big_dataset_depth/000000000895-segment-10793018113277660068_2714_540_2734_540_with_camera_labels-150.png 280 792 69
big_dataset_depth/000000000895-segment-10793018113277660068_2714_540_2734_540_with_camera_labels-150.png 288 800 69
big_dataset_depth/000000000895-segment-10793018113277660068_2714_540_2734_540_with_camera_labels-150.png 296 800 69
big_dataset_depth/000000000895-segment-10793018113277660068_2714_540_2734_540_with_camera_labels-150.png 304 808 69
big_dataset_depth/000000000895-segment-10793018113277660068_2714_540_2734_540_with_camera_labels-150.png 312 808 69
big_dataset_depth/000000000895-segment-10793018113277660068_2714_540_2734_540_with_camera_labels-150.png 320 808 54
big_dataset_depth/000000000895-segment-10793018113277660068_2714_540_2734_540_with_camera_labels-150.png 328 840 54
big_dataset_depth/000000000895-segment-10793018113277660068_2714_540_2734_540_with_camera_labels-150.png 336 792 62
big_dataset_depth/000000000895-segment-10793018113277660068_2714_540_2734_540_with_camera_labels-150.png 344 864 38
big_dataset_depth/000000000895-segment-10793018113277660068_2714_540_2734_540_with_camera_labels-150.png 352 864 38
big_dataset_depth/000000000895-segment-10793018113277660068_2714_540_2734_540_with_camera_labels-150.png 360 864 38
big_dataset_depth/000000000895-segment-10793018113277660068_2714_540_2734_540_with_camera_labels-150.png 368 880 38
big_dataset_depth/000000000895-segment-10793018113277660068_2714_540_2734_540_with_camera_labels-150.png 376 864 38
big_dataset_depth/000000000895-segment-10793018113277660068_2714_540_2734_540_with_camera_labels-150.png 384 856 38
big_dataset_depth/000000000895-segment-10793018113277660068_2714_540_2734_540_with_camera_labels-150.png 392 872 37
big_dataset_depth/000000000895-segment-10793018113277660068_2714_540_2734_540_with_camera_labels-150.png 400 856 37
big_dataset_depth/000000000895-segment-10793018113277660068_2714_540_2734_540_with_camera_labels-150.png 408 872 37
big_dataset_depth/000000000895-segment-10793018113277660068_2714_540_2734_540_with_camera_labels-150.png 416 864 38
big_dataset_depth/000000000895-segment-10793018113277660068_2714_540_2734_540_with_camera_labels-150.png 424 872 38
big_dataset_depth/000000000895-segment-10793018113277660068_2714_540_2734_540_with_camera_labels-150.png 432 864 38
big_dataset_depth/000000000895-segment-10793018113277660068_2714_540_2734_540_with_camera_labels-150.png 440 856 37
big_dataset_depth/000000000895-segment-10793018113277660068_2714_540_2734_540_with_camera_labels-150.png 448 872 37
big_dataset_depth/000000000895-segment-10793018113277660068_2714_540_2734_540_with_camera_labels-150.png 456 872 38
big_dataset_depth/000000000895-segment-10793018113277660068_2714_540_2734_540_with_camera_labels-150.png 464 872 37
big_dataset_depth/000000000895-segment-10793018113277660068_2714_540_2734_540_with_camera_labels-150.png 472 864 38
big_dataset_depth/000000000895-segment-10793018113277660068_2714_540_2734_540_with_camera_labels-150.png 480 872 37
big_dataset_depth/000000000895-segment-10793018113277660068_2714_540_2734_540_with_camera_labels-150.png 488 872 38
big_dataset_depth/000000000895-segment-10793018113277660068_2714_540_2734_540_with_camera_labels-150.png 496 856 38
big_dataset_depth/000000000895-segment-10793018113277660068_2714_540_2734_540_with_camera_labels-150.png 504 872 38
big_dataset_depth/000000000895-segment-10793018113277660068_2714_540_2734_540_with_camera_labels-150.png 512 848 39
big_dataset_depth/000000000895-segment-10793018113277660068_2714_540_2734_540_with_camera_labels-150.png 520 832 40
big_dataset_depth/000000000895-segment-10793018113277660068_2714_540_2734_540_with_camera_labels-150.png 528 840 41
big_dataset_depth/000000000895-segment-10793018113277660068_2714_540_2734_540_with_camera_labels-150.png 536 824 41
big_dataset_depth/000000000895-segment-10793018113277660068_2714_540_2734_540_with_camera_labels-150.png 544 840 43
big_dataset_depth/000000000895-segment-10793018113277660068_2714_540_2734_540_with_camera_labels-150.png 552 848 43
big_dataset_depth/000000000895-segment-10793018113277660068_2714_540_2734_540_with_camera_labels-150.png 560 840 44
big_dataset_depth/000000000895-segment-10793018113277660068_2714_540_2734_540_with_camera_labels-150.png 568 808 44
big_dataset_depth/000000000895-segment-10793018113277660068_2714_540_2734_540_with_camera_labels-150.png 608 760 87
big_dataset_depth/000000000895-segment-10793018113277660068_2714_540_2734_540_with_camera_labels-150.png 616 760 87
big_dataset_depth/000000000895-segment-10793018113277660068_2714_540_2734_540_with_camera_labels-150.png 624 760 87
big_dataset_depth/000000000895-segment-10793018113277660068_2714_540_2734_540_with_camera_labels-150.png 640 760 88
big_dataset_depth/000000000895-segment-10793018113277660068_2714_540_2734_540_with_camera_labels-150.png 672 824 51
big_dataset_depth/000000000895-segment-10793018113277660068_2714_540_2734_540_with_camera_labels-150.png 776 776 78
big_dataset_depth/000000000895-segment-10793018113277660068_2714_540_2734_540_with_camera_labels-150.png 792 768 85
big_dataset_depth/000000000895-segment-10793018113277660068_2714_540_2734_540_with_camera_labels-150.png 808 760 95
big_dataset_depth/000000000895-segment-10793018113277660068_2714_540_2734_540_with_camera_labels-150.png 880 808 60
big_dataset_depth/000000000895-segment-10793018113277660068_2714_540_2734_540_with_camera_labels-150.png 896 776 77
big_dataset_depth/000000000895-segment-10793018113277660068_2714_540_2734_540_with_camera_labels-150.png 904 776 77
big_dataset_depth/000000000895-segment-10793018113277660068_2714_540_2734_540_with_camera_labels-150.png 912 760 94
big_dataset_depth/000000000895-segment-10793018113277660068_2714_540_2734_540_with_camera_labels-150.png 1000 760 98
big_dataset_depth/000000000895-segment-10793018113277660068_2714_540_2734_540_with_camera_labels-150.png 1224 776 85
big_dataset_depth/000000000895-segment-10793018113277660068_2714_540_2734_540_with_camera_labels-150.png 1232 768 84
big_dataset_depth/000000000895-segment-10793018113277660068_2714_540_2734_540_with_camera_labels-150.png 1240 768 84
big_dataset_depth/000000000895-segment-10793018113277660068_2714_540_2734_540_with_camera_labels-150.png 1248 768 83
big_dataset_depth/000000000895-segment-10793018113277660068_2714_540_2734_540_with_camera_labels-150.png 1256 760 83
big_dataset_depth/000000000895-segment-10793018113277660068_2714_540_2734_540_with_camera_labels-150.png 1264 776 78
big_dataset_depth/000000000895-segment-10793018113277660068_2714_540_2734_540_with_camera_labels-150.png 1272 768 80
big_dataset_depth/000000000895-segment-10793018113277660068_2714_540_2734_540_with_camera_labels-150.png 1280 752 80
big_dataset_depth/000000000895-segment-10793018113277660068_2714_540_2734_540_with_camera_labels-150.png 1288 784 70
big_dataset_depth/000000000895-segment-10793018113277660068_2714_540_2734_540_with_camera_labels-150.png 1296 784 70
big_dataset_depth/000000000895-segment-10793018113277660068_2714_540_2734_540_with_camera_labels-150.png 1304 784 69
big_dataset_depth/000000000895-segment-10793018113277660068_2714_540_2734_540_with_camera_labels-150.png 1312 784 67
big_dataset_depth/000000000895-segment-10793018113277660068_2714_540_2734_540_with_camera_labels-150.png 1320 784 67
big_dataset_depth/000000000895-segment-10793018113277660068_2714_540_2734_540_with_camera_labels-150.png 1328 768 77
big_dataset_depth/000000000895-segment-10793018113277660068_2714_540_2734_540_with_camera_labels-150.png 1336 784 67
big_dataset_depth/000000000895-segment-10793018113277660068_2714_540_2734_540_with_camera_labels-150.png 1344 784 66
big_dataset_depth/000000000895-segment-10793018113277660068_2714_540_2734_540_with_camera_labels-150.png 1352 784 66
big_dataset_depth/000000000895-segment-10793018113277660068_2714_540_2734_540_with_camera_labels-150.png 1360 784 66
big_dataset_depth/000000000895-segment-10793018113277660068_2714_540_2734_540_with_camera_labels-150.png 1368 784 66
big_dataset_depth/000000000895-segment-10793018113277660068_2714_540_2734_540_with_camera_labels-150.png 1376 768 75
big_dataset_depth/000000000895-segment-10793018113277660068_2714_540_2734_540_with_camera_labels-150.png 1384 784 67
big_dataset_depth/000000000895-segment-10793018113277660068_2714_540_2734_540_with_camera_labels-150.png 1392 768 78
big_dataset_depth/000000000895-segment-10793018113277660068_2714_540_2734_540_with_camera_labels-150.png 1400 760 86
big_dataset_depth/000000000895-segment-10793018113277660068_2714_540_2734_540_with_camera_labels-150.png 1408 752 90
big_dataset_depth/000000000895-segment-10793018113277660068_2714_540_2734_540_with_camera_labels-150.png 1416 760 86
big_dataset_depth/000000000895-segment-10793018113277660068_2714_540_2734_540_with_camera_labels-150.png 1424 744 80
big_dataset_depth/000000000895-segment-10793018113277660068_2714_540_2734_540_with_camera_labels-150.png 1432 752 83
big_dataset_depth/000000000895-segment-10793018113277660068_2714_540_2734_540_with_camera_labels-150.png 1440 760 79
big_dataset_depth/000000000895-segment-10793018113277660068_2714_540_2734_540_with_camera_labels-150.png 1448 760 79
big_dataset_depth/000000000895-segment-10793018113277660068_2714_540_2734_540_with_camera_labels-150.png 1456 736 84
big_dataset_depth/000000000895-segment-10793018113277660068_2714_540_2734_540_with_camera_labels-150.png 1464 768 76
big_dataset_depth/000000000895-segment-10793018113277660068_2714_540_2734_540_with_camera_labels-150.png 1472 768 76
big_dataset_depth/000000000895-segment-10793018113277660068_2714_540_2734_540_with_camera_labels-150.png 1480 768 76
big_dataset_depth/000000000895-segment-10793018113277660068_2714_540_2734_540_with_camera_labels-150.png 1488 760 74
big_dataset_depth/000000000895-segment-10793018113277660068_2714_540_2734_540_with_camera_labels-150.png 1496 768 73
big_dataset_depth/000000000895-segment-10793018113277660068_2714_540_2734_540_with_camera_labels-150.png 1504 768 73
big_dataset_depth/000000000895-segment-10793018113277660068_2714_540_2734_540_with_camera_labels-150.png 1512 768 73
big_dataset_depth/000000000895-segment-10793018113277660068_2714_540_2734_540_with_camera_labels-150.png 1520 816 46
big_dataset_depth/000000000895-segment-10793018113277660068_2714_540_2734_540_with_camera_labels-150.png 1528 840 45
big_dataset_depth/000000000895-segment-10793018113277660068_2714_540_2734_540_with_camera_labels-150.png 1536 808 46
big_dataset_depth/000000000895-segment-10793018113277660068_2714_540_2734_540_with_camera_labels-150.png 1544 832 46
big_dataset_depth/000000000895-segment-10793018113277660068_2714_540_2734_540_with_camera_labels-150.png 1552 824 46
big_dataset_depth/000000000895-segment-10793018113277660068_2714_540_2734_540_with_camera_labels-150.png 1560 824 46
big_dataset_depth/000000000895-segment-10793018113277660068_2714_540_2734_540_with_camera_labels-150.png 1568 824 45
big_dataset_depth/000000000895-segment-10793018113277660068_2714_540_2734_540_with_camera_labels-150.png 1576 824 46
big_dataset_depth/000000000895-segment-10793018113277660068_2714_540_2734_540_with_camera_labels-150.png 1584 816 46
big_dataset_depth/000000000895-segment-10793018113277660068_2714_540_2734_540_with_camera_labels-150.png 1592 824 46
big_dataset_depth/000000000895-segment-10793018113277660068_2714_540_2734_540_with_camera_labels-150.png 1600 824 46
big_dataset_depth/000000000895-segment-10793018113277660068_2714_540_2734_540_with_camera_labels-150.png 1608 824 46
big_dataset_depth/000000000895-segment-10793018113277660068_2714_540_2734_540_with_camera_labels-150.png 1616 832 46
big_dataset_depth/000000000895-segment-10793018113277660068_2714_540_2734_540_with_camera_labels-150.png 1624 824 46
big_dataset_depth/000000000895-segment-10793018113277660068_2714_540_2734_540_with_camera_labels-150.png 1632 792 56
big_dataset_depth/000000000895-segment-10793018113277660068_2714_540_2734_540_with_camera_labels-150.png 1640 792 59
big_dataset_depth/000000000895-segment-10793018113277660068_2714_540_2734_540_with_camera_labels-150.png 1656 784 66
big_dataset_depth/000000000895-segment-10793018113277660068_2714_540_2734_540_with_camera_labels-150.png 1664 912 34
big_dataset_depth/000000000895-segment-10793018113277660068_2714_540_2734_540_with_camera_labels-150.png 1672 776 65
big_dataset_depth/000000000895-segment-10793018113277660068_2714_540_2734_540_with_camera_labels-150.png 1688 800 56
big_dataset_depth/000000000895-segment-10793018113277660068_2714_540_2734_540_with_camera_labels-150.png 1696 800 56
big_dataset_depth/000000000895-segment-10793018113277660068_2714_540_2734_540_with_camera_labels-150.png 1712 912 33
big_dataset_depth/000000000895-segment-10793018113277660068_2714_540_2734_540_with_camera_labels-150.png 1720 904 33
big_dataset_depth/000000000895-segment-10793018113277660068_2714_540_2734_540_with_camera_labels-150.png 1728 904 33
big_dataset_depth/000000000895-segment-10793018113277660068_2714_540_2734_540_with_camera_labels-150.png 1736 904 33
big_dataset_depth/000000000895-segment-10793018113277660068_2714_540_2734_540_with_camera_labels-150.png 1744 904 32
big_dataset_depth/000000000895-segment-10793018113277660068_2714_540_2734_540_with_camera_labels-150.png 1752 920 32
big_dataset_depth/000000000895-segment-10793018113277660068_2714_540_2734_540_with_camera_labels-150.png 1760 928 31
big_dataset_depth/000000000895-segment-10793018113277660068_2714_540_2734_540_with_camera_labels-150.png 1768 920 32
big_dataset_depth/000000000895-segment-10793018113277660068_2714_540_2734_540_with_camera_labels-150.png 1776 936 30
big_dataset_depth/000000000895-segment-10793018113277660068_2714_540_2734_540_with_camera_labels-150.png 1784 920 31
big_dataset_depth/000000000895-segment-10793018113277660068_2714_540_2734_540_with_camera_labels-150.png 1792 912 31
big_dataset_depth/000000000895-segment-10793018113277660068_2714_540_2734_540_with_camera_labels-150.png 1800 904 32
big_dataset_depth/000000000895-segment-10793018113277660068_2714_540_2734_540_with_camera_labels-150.png 1808 904 32
big_dataset_depth/000000000895-segment-10793018113277660068_2714_540_2734_540_with_camera_labels-150.png 1824 960 29
big_dataset_depth/000000000895-segment-10793018113277660068_2714_540_2734_540_with_camera_labels-150.png 1832 960 28
big_dataset_depth/000000000895-segment-10793018113277660068_2714_540_2734_540_with_camera_labels-150.png 1840 904 32
big_dataset_depth/000000000895-segment-10793018113277660068_2714_540_2734_540_with_camera_labels-150.png 1848 880 32
big_dataset_depth/000000000895-segment-10793018113277660068_2714_540_2734_540_with_camera_labels-150.png 1856 896 32
big_dataset_depth/000000000895-segment-10793018113277660068_2714_540_2734_540_with_camera_labels-150.png 1864 976 27
big_dataset_depth/000000000895-segment-10793018113277660068_2714_540_2734_540_with_camera_labels-150.png 1872 864 42
big_dataset_depth/000000000895-segment-10793018113277660068_2714_540_2734_540_with_camera_labels-150.png 1880 952 29
big_dataset_depth/000000000895-segment-10793018113277660068_2714_540_2734_540_with_camera_labels-150.png 1888 816 49
big_dataset_depth/000000000895-segment-10793018113277660068_2714_540_2734_540_with_camera_labels-150.png 1896 816 48
big_dataset_depth/000000000895-segment-10793018113277660068_2714_540_2734_540_with_camera_labels-150.png 1904 816 48
big_dataset_depth/000000000895-segment-10793018113277660068_2714_540_2734_540_with_camera_labels-150.png 1912 904 37
