big_dataset_depth/000000003946-segment-14250544550818363063_880_000_900_000_with_camera_labels-100.png 0 744 56
big_dataset_depth/000000003946-segment-14250544550818363063_880_000_900_000_with_camera_labels-100.png 8 1080 18
big_dataset_depth/000000003946-segment-14250544550818363063_880_000_900_000_with_camera_labels-100.png 16 776 53
big_dataset_depth/000000003946-segment-14250544550818363063_880_000_900_000_with_camera_labels-100.png 24 912 36
big_dataset_depth/000000003946-segment-14250544550818363063_880_000_900_000_with_camera_labels-100.png 32 752 54
big_dataset_depth/000000003946-segment-14250544550818363063_880_000_900_000_with_camera_labels-100.png 40 904 36
big_dataset_depth/000000003946-segment-14250544550818363063_880_000_900_000_with_camera_labels-100.png 48 904 38
big_dataset_depth/000000003946-segment-14250544550818363063_880_000_900_000_with_camera_labels-100.png 56 896 36
big_dataset_depth/000000003946-segment-14250544550818363063_880_000_900_000_with_camera_labels-100.png 64 896 37
big_dataset_depth/000000003946-segment-14250544550818363063_880_000_900_000_with_camera_labels-100.png 72 1040 19
big_dataset_depth/000000003946-segment-14250544550818363063_880_000_900_000_with_camera_labels-100.png 80 1032 19
big_dataset_depth/000000003946-segment-14250544550818363063_880_000_900_000_with_camera_labels-100.png 88 1032 19
big_dataset_depth/000000003946-segment-14250544550818363063_880_000_900_000_with_camera_labels-100.png 96 1032 19
big_dataset_depth/000000003946-segment-14250544550818363063_880_000_900_000_with_camera_labels-100.png 104 936 32
big_dataset_depth/000000003946-segment-14250544550818363063_880_000_900_000_with_camera_labels-100.png 112 1016 20
big_dataset_depth/000000003946-segment-14250544550818363063_880_000_900_000_with_camera_labels-100.png 120 1016 20
big_dataset_depth/000000003946-segment-14250544550818363063_880_000_900_000_with_camera_labels-100.png 128 1016 20
big_dataset_depth/000000003946-segment-14250544550818363063_880_000_900_000_with_camera_labels-100.png 144 1016 20
big_dataset_depth/000000003946-segment-14250544550818363063_880_000_900_000_with_camera_labels-100.png 152 1016 20
big_dataset_depth/000000003946-segment-14250544550818363063_880_000_900_000_with_camera_labels-100.png 168 736 60
big_dataset_depth/000000003946-segment-14250544550818363063_880_000_900_000_with_camera_labels-100.png 176 992 21
big_dataset_depth/000000003946-segment-14250544550818363063_880_000_900_000_with_camera_labels-100.png 184 992 21
big_dataset_depth/000000003946-segment-14250544550818363063_880_000_900_000_with_camera_labels-100.png 192 992 21
big_dataset_depth/000000003946-segment-14250544550818363063_880_000_900_000_with_camera_labels-100.png 200 992 21
big_dataset_depth/000000003946-segment-14250544550818363063_880_000_900_000_with_camera_labels-100.png 208 632 81
big_dataset_depth/000000003946-segment-14250544550818363063_880_000_900_000_with_camera_labels-100.png 216 744 61
big_dataset_depth/000000003946-segment-14250544550818363063_880_000_900_000_with_camera_labels-100.png 224 864 42
big_dataset_depth/000000003946-segment-14250544550818363063_880_000_900_000_with_camera_labels-100.png 232 976 22
big_dataset_depth/000000003946-segment-14250544550818363063_880_000_900_000_with_camera_labels-100.png 240 976 22
big_dataset_depth/000000003946-segment-14250544550818363063_880_000_900_000_with_camera_labels-100.png 248 976 22
big_dataset_depth/000000003946-segment-14250544550818363063_880_000_900_000_with_camera_labels-100.png 256 976 22
big_dataset_depth/000000003946-segment-14250544550818363063_880_000_900_000_with_camera_labels-100.png 264 728 63
big_dataset_depth/000000003946-segment-14250544550818363063_880_000_900_000_with_camera_labels-100.png 272 960 23
big_dataset_depth/000000003946-segment-14250544550818363063_880_000_900_000_with_camera_labels-100.png 280 960 23
big_dataset_depth/000000003946-segment-14250544550818363063_880_000_900_000_with_camera_labels-100.png 288 952 23
big_dataset_depth/000000003946-segment-14250544550818363063_880_000_900_000_with_camera_labels-100.png 296 952 23
big_dataset_depth/000000003946-segment-14250544550818363063_880_000_900_000_with_camera_labels-100.png 304 952 23
big_dataset_depth/000000003946-segment-14250544550818363063_880_000_900_000_with_camera_labels-100.png 312 736 67
big_dataset_depth/000000003946-segment-14250544550818363063_880_000_900_000_with_camera_labels-100.png 320 736 68
big_dataset_depth/000000003946-segment-14250544550818363063_880_000_900_000_with_camera_labels-100.png 328 936 24
big_dataset_depth/000000003946-segment-14250544550818363063_880_000_900_000_with_camera_labels-100.png 336 936 24
big_dataset_depth/000000003946-segment-14250544550818363063_880_000_900_000_with_camera_labels-100.png 352 736 68
big_dataset_depth/000000003946-segment-14250544550818363063_880_000_900_000_with_camera_labels-100.png 360 728 69
big_dataset_depth/000000003946-segment-14250544550818363063_880_000_900_000_with_camera_labels-100.png 368 824 47
big_dataset_depth/000000003946-segment-14250544550818363063_880_000_900_000_with_camera_labels-100.png 376 920 25
big_dataset_depth/000000003946-segment-14250544550818363063_880_000_900_000_with_camera_labels-100.png 384 696 77
big_dataset_depth/000000003946-segment-14250544550818363063_880_000_900_000_with_camera_labels-100.png 392 728 71
big_dataset_depth/000000003946-segment-14250544550818363063_880_000_900_000_with_camera_labels-100.png 400 728 72
big_dataset_depth/000000003946-segment-14250544550818363063_880_000_900_000_with_camera_labels-100.png 408 712 73
big_dataset_depth/000000003946-segment-14250544550818363063_880_000_900_000_with_camera_labels-100.png 416 704 76
big_dataset_depth/000000003946-segment-14250544550818363063_880_000_900_000_with_camera_labels-100.png 424 752 63
big_dataset_depth/000000003946-segment-14250544550818363063_880_000_900_000_with_camera_labels-100.png 432 712 76
big_dataset_depth/000000003946-segment-14250544550818363063_880_000_900_000_with_camera_labels-100.png 440 720 75
big_dataset_depth/000000003946-segment-14250544550818363063_880_000_900_000_with_camera_labels-100.png 448 712 76
big_dataset_depth/000000003946-segment-14250544550818363063_880_000_900_000_with_camera_labels-100.png 456 712 76
big_dataset_depth/000000003946-segment-14250544550818363063_880_000_900_000_with_camera_labels-100.png 464 800 52
big_dataset_depth/000000003946-segment-14250544550818363063_880_000_900_000_with_camera_labels-100.png 472 776 57
big_dataset_depth/000000003946-segment-14250544550818363063_880_000_900_000_with_camera_labels-100.png 480 800 53
big_dataset_depth/000000003946-segment-14250544550818363063_880_000_900_000_with_camera_labels-100.png 488 704 78
big_dataset_depth/000000003946-segment-14250544550818363063_880_000_900_000_with_camera_labels-100.png 504 704 80
big_dataset_depth/000000003946-segment-14250544550818363063_880_000_900_000_with_camera_labels-100.png 512 872 30
big_dataset_depth/000000003946-segment-14250544550818363063_880_000_900_000_with_camera_labels-100.png 520 736 71
big_dataset_depth/000000003946-segment-14250544550818363063_880_000_900_000_with_camera_labels-100.png 528 712 81
big_dataset_depth/000000003946-segment-14250544550818363063_880_000_900_000_with_camera_labels-100.png 544 704 86
big_dataset_depth/000000003946-segment-14250544550818363063_880_000_900_000_with_camera_labels-100.png 552 704 86
big_dataset_depth/000000003946-segment-14250544550818363063_880_000_900_000_with_camera_labels-100.png 560 704 85
big_dataset_depth/000000003946-segment-14250544550818363063_880_000_900_000_with_camera_labels-100.png 568 704 86
big_dataset_depth/000000003946-segment-14250544550818363063_880_000_900_000_with_camera_labels-100.png 576 712 86
big_dataset_depth/000000003946-segment-14250544550818363063_880_000_900_000_with_camera_labels-100.png 584 840 34
big_dataset_depth/000000003946-segment-14250544550818363063_880_000_900_000_with_camera_labels-100.png 592 840 34
big_dataset_depth/000000003946-segment-14250544550818363063_880_000_900_000_with_camera_labels-100.png 608 712 89
big_dataset_depth/000000003946-segment-14250544550818363063_880_000_900_000_with_camera_labels-100.png 616 712 89
big_dataset_depth/000000003946-segment-14250544550818363063_880_000_900_000_with_camera_labels-100.png 624 712 90
big_dataset_depth/000000003946-segment-14250544550818363063_880_000_900_000_with_camera_labels-100.png 840 712 81
big_dataset_depth/000000003946-segment-14250544550818363063_880_000_900_000_with_camera_labels-100.png 848 696 80
big_dataset_depth/000000003946-segment-14250544550818363063_880_000_900_000_with_camera_labels-100.png 856 712 80
big_dataset_depth/000000003946-segment-14250544550818363063_880_000_900_000_with_camera_labels-100.png 864 712 80
big_dataset_depth/000000003946-segment-14250544550818363063_880_000_900_000_with_camera_labels-100.png 1040 696 96
big_dataset_depth/000000003946-segment-14250544550818363063_880_000_900_000_with_camera_labels-100.png 1048 696 97
big_dataset_depth/000000003946-segment-14250544550818363063_880_000_900_000_with_camera_labels-100.png 1056 696 97
big_dataset_depth/000000003946-segment-14250544550818363063_880_000_900_000_with_camera_labels-100.png 1064 688 97
big_dataset_depth/000000003946-segment-14250544550818363063_880_000_900_000_with_camera_labels-100.png 1248 784 46
big_dataset_depth/000000003946-segment-14250544550818363063_880_000_900_000_with_camera_labels-100.png 1256 792 46
big_dataset_depth/000000003946-segment-14250544550818363063_880_000_900_000_with_camera_labels-100.png 1264 792 46
big_dataset_depth/000000003946-segment-14250544550818363063_880_000_900_000_with_camera_labels-100.png 1272 792 42
big_dataset_depth/000000003946-segment-14250544550818363063_880_000_900_000_with_camera_labels-100.png 1280 792 42
big_dataset_depth/000000003946-segment-14250544550818363063_880_000_900_000_with_camera_labels-100.png 1288 800 39
big_dataset_depth/000000003946-segment-14250544550818363063_880_000_900_000_with_camera_labels-100.png 1296 824 37
big_dataset_depth/000000003946-segment-14250544550818363063_880_000_900_000_with_camera_labels-100.png 1304 832 36
big_dataset_depth/000000003946-segment-14250544550818363063_880_000_900_000_with_camera_labels-100.png 1312 824 36
big_dataset_depth/000000003946-segment-14250544550818363063_880_000_900_000_with_camera_labels-100.png 1320 856 33
big_dataset_depth/000000003946-segment-14250544550818363063_880_000_900_000_with_camera_labels-100.png 1328 856 33
big_dataset_depth/000000003946-segment-14250544550818363063_880_000_900_000_with_camera_labels-100.png 1336 864 32
big_dataset_depth/000000003946-segment-14250544550818363063_880_000_900_000_with_camera_labels-100.png 1344 800 32
big_dataset_depth/000000003946-segment-14250544550818363063_880_000_900_000_with_camera_labels-100.png 1352 880 29
big_dataset_depth/000000003946-segment-14250544550818363063_880_000_900_000_with_camera_labels-100.png 1360 880 29
big_dataset_depth/000000003946-segment-14250544550818363063_880_000_900_000_with_camera_labels-100.png 1368 888 29
big_dataset_depth/000000003946-segment-14250544550818363063_880_000_900_000_with_camera_labels-100.png 1376 872 29
big_dataset_depth/000000003946-segment-14250544550818363063_880_000_900_000_with_camera_labels-100.png 1384 864 27
big_dataset_depth/000000003946-segment-14250544550818363063_880_000_900_000_with_camera_labels-100.png 1392 880 27
big_dataset_depth/000000003946-segment-14250544550818363063_880_000_900_000_with_camera_labels-100.png 1400 880 26
big_dataset_depth/000000003946-segment-14250544550818363063_880_000_900_000_with_camera_labels-100.png 1408 912 26
big_dataset_depth/000000003946-segment-14250544550818363063_880_000_900_000_with_camera_labels-100.png 1416 912 26
big_dataset_depth/000000003946-segment-14250544550818363063_880_000_900_000_with_camera_labels-100.png 1424 928 25
big_dataset_depth/000000003946-segment-14250544550818363063_880_000_900_000_with_camera_labels-100.png 1432 920 25
big_dataset_depth/000000003946-segment-14250544550818363063_880_000_900_000_with_camera_labels-100.png 1440 888 25
big_dataset_depth/000000003946-segment-14250544550818363063_880_000_900_000_with_camera_labels-100.png 1448 880 25
big_dataset_depth/000000003946-segment-14250544550818363063_880_000_900_000_with_camera_labels-100.png 1456 880 25
big_dataset_depth/000000003946-segment-14250544550818363063_880_000_900_000_with_camera_labels-100.png 1464 888 25
big_dataset_depth/000000003946-segment-14250544550818363063_880_000_900_000_with_camera_labels-100.png 1472 896 25
big_dataset_depth/000000003946-segment-14250544550818363063_880_000_900_000_with_camera_labels-100.png 1480 888 25
big_dataset_depth/000000003946-segment-14250544550818363063_880_000_900_000_with_camera_labels-100.png 1488 856 24
big_dataset_depth/000000003946-segment-14250544550818363063_880_000_900_000_with_camera_labels-100.png 1496 960 20
big_dataset_depth/000000003946-segment-14250544550818363063_880_000_900_000_with_camera_labels-100.png 1504 1000 20
big_dataset_depth/000000003946-segment-14250544550818363063_880_000_900_000_with_camera_labels-100.png 1512 1000 20
big_dataset_depth/000000003946-segment-14250544550818363063_880_000_900_000_with_camera_labels-100.png 1520 1000 20
big_dataset_depth/000000003946-segment-14250544550818363063_880_000_900_000_with_camera_labels-100.png 1528 1016 20
big_dataset_depth/000000003946-segment-14250544550818363063_880_000_900_000_with_camera_labels-100.png 1536 984 20
big_dataset_depth/000000003946-segment-14250544550818363063_880_000_900_000_with_camera_labels-100.png 1544 984 19
big_dataset_depth/000000003946-segment-14250544550818363063_880_000_900_000_with_camera_labels-100.png 1552 1016 20
big_dataset_depth/000000003946-segment-14250544550818363063_880_000_900_000_with_camera_labels-100.png 1560 976 19
big_dataset_depth/000000003946-segment-14250544550818363063_880_000_900_000_with_camera_labels-100.png 1568 1016 19
big_dataset_depth/000000003946-segment-14250544550818363063_880_000_900_000_with_camera_labels-100.png 1576 1000 18
big_dataset_depth/000000003946-segment-14250544550818363063_880_000_900_000_with_camera_labels-100.png 1584 1040 18
big_dataset_depth/000000003946-segment-14250544550818363063_880_000_900_000_with_camera_labels-100.png 1592 1000 18
big_dataset_depth/000000003946-segment-14250544550818363063_880_000_900_000_with_camera_labels-100.png 1600 1000 18
big_dataset_depth/000000003946-segment-14250544550818363063_880_000_900_000_with_camera_labels-100.png 1608 1024 17
big_dataset_depth/000000003946-segment-14250544550818363063_880_000_900_000_with_camera_labels-100.png 1616 1040 17
big_dataset_depth/000000003946-segment-14250544550818363063_880_000_900_000_with_camera_labels-100.png 1624 1064 17
big_dataset_depth/000000003946-segment-14250544550818363063_880_000_900_000_with_camera_labels-100.png 1632 1104 17
big_dataset_depth/000000003946-segment-14250544550818363063_880_000_900_000_with_camera_labels-100.png 1640 1104 17
big_dataset_depth/000000003946-segment-14250544550818363063_880_000_900_000_with_camera_labels-100.png 1648 1104 17
big_dataset_depth/000000003946-segment-14250544550818363063_880_000_900_000_with_camera_labels-100.png 1656 1104 17
big_dataset_depth/000000003946-segment-14250544550818363063_880_000_900_000_with_camera_labels-100.png 1664 1104 17
big_dataset_depth/000000003946-segment-14250544550818363063_880_000_900_000_with_camera_labels-100.png 1672 1112 16
big_dataset_depth/000000003946-segment-14250544550818363063_880_000_900_000_with_camera_labels-100.png 1680 1104 17
big_dataset_depth/000000003946-segment-14250544550818363063_880_000_900_000_with_camera_labels-100.png 1688 1104 16
big_dataset_depth/000000003946-segment-14250544550818363063_880_000_900_000_with_camera_labels-100.png 1696 1064 16
big_dataset_depth/000000003946-segment-14250544550818363063_880_000_900_000_with_camera_labels-100.png 1704 1064 16
big_dataset_depth/000000003946-segment-14250544550818363063_880_000_900_000_with_camera_labels-100.png 1712 1064 16
big_dataset_depth/000000003946-segment-14250544550818363063_880_000_900_000_with_camera_labels-100.png 1720 1064 16
big_dataset_depth/000000003946-segment-14250544550818363063_880_000_900_000_with_camera_labels-100.png 1728 1064 16
big_dataset_depth/000000003946-segment-14250544550818363063_880_000_900_000_with_camera_labels-100.png 1736 1064 16
big_dataset_depth/000000003946-segment-14250544550818363063_880_000_900_000_with_camera_labels-100.png 1744 1088 16
big_dataset_depth/000000003946-segment-14250544550818363063_880_000_900_000_with_camera_labels-100.png 1752 1120 16
big_dataset_depth/000000003946-segment-14250544550818363063_880_000_900_000_with_camera_labels-100.png 1768 1096 16
big_dataset_depth/000000003946-segment-14250544550818363063_880_000_900_000_with_camera_labels-100.png 1776 1136 16
big_dataset_depth/000000003946-segment-14250544550818363063_880_000_900_000_with_camera_labels-100.png 1792 1072 16
big_dataset_depth/000000003946-segment-14250544550818363063_880_000_900_000_with_camera_labels-100.png 1800 1072 16
big_dataset_depth/000000003946-segment-14250544550818363063_880_000_900_000_with_camera_labels-100.png 1808 1072 16
big_dataset_depth/000000003946-segment-14250544550818363063_880_000_900_000_with_camera_labels-100.png 1816 1072 16
big_dataset_depth/000000003946-segment-14250544550818363063_880_000_900_000_with_camera_labels-100.png 1824 1064 16
big_dataset_depth/000000003946-segment-14250544550818363063_880_000_900_000_with_camera_labels-100.png 1832 1072 16
big_dataset_depth/000000003946-segment-14250544550818363063_880_000_900_000_with_camera_labels-100.png 1840 1064 16
big_dataset_depth/000000003946-segment-14250544550818363063_880_000_900_000_with_camera_labels-100.png 1848 784 27
big_dataset_depth/000000003946-segment-14250544550818363063_880_000_900_000_with_camera_labels-100.png 1864 784 27
big_dataset_depth/000000003946-segment-14250544550818363063_880_000_900_000_with_camera_labels-100.png 1872 784 27
big_dataset_depth/000000003946-segment-14250544550818363063_880_000_900_000_with_camera_labels-100.png 1880 976 20
big_dataset_depth/000000003946-segment-14250544550818363063_880_000_900_000_with_camera_labels-100.png 1888 1000 18
big_dataset_depth/000000003946-segment-14250544550818363063_880_000_900_000_with_camera_labels-100.png 1896 1088 15
big_dataset_depth/000000003946-segment-14250544550818363063_880_000_900_000_with_camera_labels-100.png 1904 1048 17
big_dataset_depth/000000003946-segment-14250544550818363063_880_000_900_000_with_camera_labels-100.png 1912 920 21
