big_dataset_depth/000000000413-segment-10327752107000040525_1120_000_1140_000_with_camera_labels-130.png 0 992 22
big_dataset_depth/000000000413-segment-10327752107000040525_1120_000_1140_000_with_camera_labels-130.png 8 872 27
big_dataset_depth/000000000413-segment-10327752107000040525_1120_000_1140_000_with_camera_labels-130.png 16 968 23
big_dataset_depth/000000000413-segment-10327752107000040525_1120_000_1140_000_with_camera_labels-130.png 24 800 31
big_dataset_depth/000000000413-segment-10327752107000040525_1120_000_1140_000_with_camera_labels-130.png 32 1272 11
big_dataset_depth/000000000413-segment-10327752107000040525_1120_000_1140_000_with_camera_labels-130.png 40 888 26
big_dataset_depth/000000000413-segment-10327752107000040525_1120_000_1140_000_with_camera_labels-130.png 48 1088 19
big_dataset_depth/000000000413-segment-10327752107000040525_1120_000_1140_000_with_camera_labels-130.png 56 1224 12
big_dataset_depth/000000000413-segment-10327752107000040525_1120_000_1140_000_with_camera_labels-130.png 64 1016 23
big_dataset_depth/000000000413-segment-10327752107000040525_1120_000_1140_000_with_camera_labels-130.png 72 800 33
big_dataset_depth/000000000413-segment-10327752107000040525_1120_000_1140_000_with_camera_labels-130.png 80 976 25
big_dataset_depth/000000000413-segment-10327752107000040525_1120_000_1140_000_with_camera_labels-130.png 88 1224 13
big_dataset_depth/000000000413-segment-10327752107000040525_1120_000_1140_000_with_camera_labels-130.png 96 808 33
big_dataset_depth/000000000413-segment-10327752107000040525_1120_000_1140_000_with_camera_labels-130.png 104 1096 20
big_dataset_depth/000000000413-segment-10327752107000040525_1120_000_1140_000_with_camera_labels-130.png 112 1176 13
big_dataset_depth/000000000413-segment-10327752107000040525_1120_000_1140_000_with_camera_labels-130.png 120 1176 13
big_dataset_depth/000000000413-segment-10327752107000040525_1120_000_1140_000_with_camera_labels-130.png 128 1176 13
big_dataset_depth/000000000413-segment-10327752107000040525_1120_000_1140_000_with_camera_labels-130.png 136 1240 13
big_dataset_depth/000000000413-segment-10327752107000040525_1120_000_1140_000_with_camera_labels-130.png 144 1152 13
big_dataset_depth/000000000413-segment-10327752107000040525_1120_000_1140_000_with_camera_labels-130.png 152 1104 13
big_dataset_depth/000000000413-segment-10327752107000040525_1120_000_1140_000_with_camera_labels-130.png 168 1168 14
big_dataset_depth/000000000413-segment-10327752107000040525_1120_000_1140_000_with_camera_labels-130.png 176 1128 14
big_dataset_depth/000000000413-segment-10327752107000040525_1120_000_1140_000_with_camera_labels-130.png 192 1128 14
big_dataset_depth/000000000413-segment-10327752107000040525_1120_000_1140_000_with_camera_labels-130.png 200 1192 14
big_dataset_depth/000000000413-segment-10327752107000040525_1120_000_1140_000_with_camera_labels-130.png 208 1096 14
big_dataset_depth/000000000413-segment-10327752107000040525_1120_000_1140_000_with_camera_labels-130.png 216 1104 14
big_dataset_depth/000000000413-segment-10327752107000040525_1120_000_1140_000_with_camera_labels-130.png 224 1144 15
big_dataset_depth/000000000413-segment-10327752107000040525_1120_000_1140_000_with_camera_labels-130.png 232 1104 15
big_dataset_depth/000000000413-segment-10327752107000040525_1120_000_1140_000_with_camera_labels-130.png 240 1136 15
big_dataset_depth/000000000413-segment-10327752107000040525_1120_000_1140_000_with_camera_labels-130.png 248 1144 15
big_dataset_depth/000000000413-segment-10327752107000040525_1120_000_1140_000_with_camera_labels-130.png 256 1144 15
big_dataset_depth/000000000413-segment-10327752107000040525_1120_000_1140_000_with_camera_labels-130.png 264 1144 15
big_dataset_depth/000000000413-segment-10327752107000040525_1120_000_1140_000_with_camera_labels-130.png 272 1120 15
big_dataset_depth/000000000413-segment-10327752107000040525_1120_000_1140_000_with_camera_labels-130.png 280 1120 15
big_dataset_depth/000000000413-segment-10327752107000040525_1120_000_1140_000_with_camera_labels-130.png 288 1104 15
big_dataset_depth/000000000413-segment-10327752107000040525_1120_000_1140_000_with_camera_labels-130.png 296 1120 16
big_dataset_depth/000000000413-segment-10327752107000040525_1120_000_1140_000_with_camera_labels-130.png 304 1112 16
big_dataset_depth/000000000413-segment-10327752107000040525_1120_000_1140_000_with_camera_labels-130.png 352 904 25
big_dataset_depth/000000000413-segment-10327752107000040525_1120_000_1140_000_with_camera_labels-130.png 360 888 25
big_dataset_depth/000000000413-segment-10327752107000040525_1120_000_1140_000_with_camera_labels-130.png 368 880 25
big_dataset_depth/000000000413-segment-10327752107000040525_1120_000_1140_000_with_camera_labels-130.png 376 888 25
big_dataset_depth/000000000413-segment-10327752107000040525_1120_000_1140_000_with_camera_labels-130.png 384 872 25
big_dataset_depth/000000000413-segment-10327752107000040525_1120_000_1140_000_with_camera_labels-130.png 392 880 25
big_dataset_depth/000000000413-segment-10327752107000040525_1120_000_1140_000_with_camera_labels-130.png 400 896 25
big_dataset_depth/000000000413-segment-10327752107000040525_1120_000_1140_000_with_camera_labels-130.png 408 888 25
big_dataset_depth/000000000413-segment-10327752107000040525_1120_000_1140_000_with_camera_labels-130.png 416 880 25
big_dataset_depth/000000000413-segment-10327752107000040525_1120_000_1140_000_with_camera_labels-130.png 424 872 25
big_dataset_depth/000000000413-segment-10327752107000040525_1120_000_1140_000_with_camera_labels-130.png 432 880 25
big_dataset_depth/000000000413-segment-10327752107000040525_1120_000_1140_000_with_camera_labels-130.png 440 920 25
big_dataset_depth/000000000413-segment-10327752107000040525_1120_000_1140_000_with_camera_labels-130.png 448 888 25
big_dataset_depth/000000000413-segment-10327752107000040525_1120_000_1140_000_with_camera_labels-130.png 456 888 25
big_dataset_depth/000000000413-segment-10327752107000040525_1120_000_1140_000_with_camera_labels-130.png 464 872 25
big_dataset_depth/000000000413-segment-10327752107000040525_1120_000_1140_000_with_camera_labels-130.png 472 888 25
big_dataset_depth/000000000413-segment-10327752107000040525_1120_000_1140_000_with_camera_labels-130.png 480 904 25
big_dataset_depth/000000000413-segment-10327752107000040525_1120_000_1140_000_with_camera_labels-130.png 488 864 24
big_dataset_depth/000000000413-segment-10327752107000040525_1120_000_1140_000_with_camera_labels-130.png 496 904 25
big_dataset_depth/000000000413-segment-10327752107000040525_1120_000_1140_000_with_camera_labels-130.png 504 864 24
big_dataset_depth/000000000413-segment-10327752107000040525_1120_000_1140_000_with_camera_labels-130.png 512 872 24
big_dataset_depth/000000000413-segment-10327752107000040525_1120_000_1140_000_with_camera_labels-130.png 520 872 24
big_dataset_depth/000000000413-segment-10327752107000040525_1120_000_1140_000_with_camera_labels-130.png 528 872 25
big_dataset_depth/000000000413-segment-10327752107000040525_1120_000_1140_000_with_camera_labels-130.png 536 912 25
big_dataset_depth/000000000413-segment-10327752107000040525_1120_000_1140_000_with_camera_labels-130.png 544 872 25
big_dataset_depth/000000000413-segment-10327752107000040525_1120_000_1140_000_with_camera_labels-130.png 552 896 25
big_dataset_depth/000000000413-segment-10327752107000040525_1120_000_1140_000_with_camera_labels-130.png 560 896 25
big_dataset_depth/000000000413-segment-10327752107000040525_1120_000_1140_000_with_camera_labels-130.png 568 896 25
big_dataset_depth/000000000413-segment-10327752107000040525_1120_000_1140_000_with_camera_labels-130.png 576 880 25
big_dataset_depth/000000000413-segment-10327752107000040525_1120_000_1140_000_with_camera_labels-130.png 584 848 26
big_dataset_depth/000000000413-segment-10327752107000040525_1120_000_1140_000_with_camera_labels-130.png 600 872 29
big_dataset_depth/000000000413-segment-10327752107000040525_1120_000_1140_000_with_camera_labels-130.png 608 872 29
big_dataset_depth/000000000413-segment-10327752107000040525_1120_000_1140_000_with_camera_labels-130.png 616 872 29
big_dataset_depth/000000000413-segment-10327752107000040525_1120_000_1140_000_with_camera_labels-130.png 624 872 29
big_dataset_depth/000000000413-segment-10327752107000040525_1120_000_1140_000_with_camera_labels-130.png 640 744 45
big_dataset_depth/000000000413-segment-10327752107000040525_1120_000_1140_000_with_camera_labels-130.png 648 728 45
big_dataset_depth/000000000413-segment-10327752107000040525_1120_000_1140_000_with_camera_labels-130.png 656 744 44
big_dataset_depth/000000000413-segment-10327752107000040525_1120_000_1140_000_with_camera_labels-130.png 664 744 44
big_dataset_depth/000000000413-segment-10327752107000040525_1120_000_1140_000_with_camera_labels-130.png 672 744 44
big_dataset_depth/000000000413-segment-10327752107000040525_1120_000_1140_000_with_camera_labels-130.png 680 760 44
big_dataset_depth/000000000413-segment-10327752107000040525_1120_000_1140_000_with_camera_labels-130.png 688 744 46
big_dataset_depth/000000000413-segment-10327752107000040525_1120_000_1140_000_with_camera_labels-130.png 696 744 44
big_dataset_depth/000000000413-segment-10327752107000040525_1120_000_1140_000_with_camera_labels-130.png 704 744 45
big_dataset_depth/000000000413-segment-10327752107000040525_1120_000_1140_000_with_camera_labels-130.png 712 744 44
big_dataset_depth/000000000413-segment-10327752107000040525_1120_000_1140_000_with_camera_labels-130.png 720 752 45
big_dataset_depth/000000000413-segment-10327752107000040525_1120_000_1140_000_with_camera_labels-130.png 728 760 45
big_dataset_depth/000000000413-segment-10327752107000040525_1120_000_1140_000_with_camera_labels-130.png 736 736 48
big_dataset_depth/000000000413-segment-10327752107000040525_1120_000_1140_000_with_camera_labels-130.png 744 736 54
big_dataset_depth/000000000413-segment-10327752107000040525_1120_000_1140_000_with_camera_labels-130.png 752 704 54
big_dataset_depth/000000000413-segment-10327752107000040525_1120_000_1140_000_with_camera_labels-130.png 760 712 58
big_dataset_depth/000000000413-segment-10327752107000040525_1120_000_1140_000_with_camera_labels-130.png 768 704 63
big_dataset_depth/000000000413-segment-10327752107000040525_1120_000_1140_000_with_camera_labels-130.png 776 696 63
big_dataset_depth/000000000413-segment-10327752107000040525_1120_000_1140_000_with_camera_labels-130.png 784 704 63
big_dataset_depth/000000000413-segment-10327752107000040525_1120_000_1140_000_with_camera_labels-130.png 792 696 67
big_dataset_depth/000000000413-segment-10327752107000040525_1120_000_1140_000_with_camera_labels-130.png 800 688 67
big_dataset_depth/000000000413-segment-10327752107000040525_1120_000_1140_000_with_camera_labels-130.png 808 664 98
big_dataset_depth/000000000413-segment-10327752107000040525_1120_000_1140_000_with_camera_labels-130.png 1064 672 87
big_dataset_depth/000000000413-segment-10327752107000040525_1120_000_1140_000_with_camera_labels-130.png 1072 664 93
big_dataset_depth/000000000413-segment-10327752107000040525_1120_000_1140_000_with_camera_labels-130.png 1080 664 91
big_dataset_depth/000000000413-segment-10327752107000040525_1120_000_1140_000_with_camera_labels-130.png 1088 664 89
big_dataset_depth/000000000413-segment-10327752107000040525_1120_000_1140_000_with_camera_labels-130.png 1096 672 85
big_dataset_depth/000000000413-segment-10327752107000040525_1120_000_1140_000_with_camera_labels-130.png 1104 656 84
big_dataset_depth/000000000413-segment-10327752107000040525_1120_000_1140_000_with_camera_labels-130.png 1112 656 84
big_dataset_depth/000000000413-segment-10327752107000040525_1120_000_1140_000_with_camera_labels-130.png 1120 656 84
big_dataset_depth/000000000413-segment-10327752107000040525_1120_000_1140_000_with_camera_labels-130.png 1128 672 78
big_dataset_depth/000000000413-segment-10327752107000040525_1120_000_1140_000_with_camera_labels-130.png 1136 688 73
big_dataset_depth/000000000413-segment-10327752107000040525_1120_000_1140_000_with_camera_labels-130.png 1144 688 71
big_dataset_depth/000000000413-segment-10327752107000040525_1120_000_1140_000_with_camera_labels-130.png 1152 688 69
big_dataset_depth/000000000413-segment-10327752107000040525_1120_000_1140_000_with_camera_labels-130.png 1160 680 68
big_dataset_depth/000000000413-segment-10327752107000040525_1120_000_1140_000_with_camera_labels-130.png 1168 688 68
big_dataset_depth/000000000413-segment-10327752107000040525_1120_000_1140_000_with_camera_labels-130.png 1176 688 68
big_dataset_depth/000000000413-segment-10327752107000040525_1120_000_1140_000_with_camera_labels-130.png 1184 688 68
big_dataset_depth/000000000413-segment-10327752107000040525_1120_000_1140_000_with_camera_labels-130.png 1192 688 68
big_dataset_depth/000000000413-segment-10327752107000040525_1120_000_1140_000_with_camera_labels-130.png 1200 696 69
big_dataset_depth/000000000413-segment-10327752107000040525_1120_000_1140_000_with_camera_labels-130.png 1208 688 68
big_dataset_depth/000000000413-segment-10327752107000040525_1120_000_1140_000_with_camera_labels-130.png 1216 704 60
big_dataset_depth/000000000413-segment-10327752107000040525_1120_000_1140_000_with_camera_labels-130.png 1224 728 52
big_dataset_depth/000000000413-segment-10327752107000040525_1120_000_1140_000_with_camera_labels-130.png 1232 736 51
big_dataset_depth/000000000413-segment-10327752107000040525_1120_000_1140_000_with_camera_labels-130.png 1240 736 48
big_dataset_depth/000000000413-segment-10327752107000040525_1120_000_1140_000_with_camera_labels-130.png 1248 744 48
big_dataset_depth/000000000413-segment-10327752107000040525_1120_000_1140_000_with_camera_labels-130.png 1256 728 47
big_dataset_depth/000000000413-segment-10327752107000040525_1120_000_1140_000_with_camera_labels-130.png 1264 728 47
big_dataset_depth/000000000413-segment-10327752107000040525_1120_000_1140_000_with_camera_labels-130.png 1272 736 47
big_dataset_depth/000000000413-segment-10327752107000040525_1120_000_1140_000_with_camera_labels-130.png 1280 728 47
big_dataset_depth/000000000413-segment-10327752107000040525_1120_000_1140_000_with_camera_labels-130.png 1288 728 47
big_dataset_depth/000000000413-segment-10327752107000040525_1120_000_1140_000_with_camera_labels-130.png 1296 728 47
big_dataset_depth/000000000413-segment-10327752107000040525_1120_000_1140_000_with_camera_labels-130.png 1304 752 46
big_dataset_depth/000000000413-segment-10327752107000040525_1120_000_1140_000_with_camera_labels-130.png 1312 760 44
big_dataset_depth/000000000413-segment-10327752107000040525_1120_000_1140_000_with_camera_labels-130.png 1320 768 43
big_dataset_depth/000000000413-segment-10327752107000040525_1120_000_1140_000_with_camera_labels-130.png 1328 776 42
big_dataset_depth/000000000413-segment-10327752107000040525_1120_000_1140_000_with_camera_labels-130.png 1336 784 42
big_dataset_depth/000000000413-segment-10327752107000040525_1120_000_1140_000_with_camera_labels-130.png 1344 768 41
big_dataset_depth/000000000413-segment-10327752107000040525_1120_000_1140_000_with_camera_labels-130.png 1352 760 41
big_dataset_depth/000000000413-segment-10327752107000040525_1120_000_1140_000_with_camera_labels-130.png 1360 776 40
big_dataset_depth/000000000413-segment-10327752107000040525_1120_000_1140_000_with_camera_labels-130.png 1368 792 39
big_dataset_depth/000000000413-segment-10327752107000040525_1120_000_1140_000_with_camera_labels-130.png 1376 784 39
big_dataset_depth/000000000413-segment-10327752107000040525_1120_000_1140_000_with_camera_labels-130.png 1384 784 39
big_dataset_depth/000000000413-segment-10327752107000040525_1120_000_1140_000_with_camera_labels-130.png 1392 784 39
big_dataset_depth/000000000413-segment-10327752107000040525_1120_000_1140_000_with_camera_labels-130.png 1400 776 39
big_dataset_depth/000000000413-segment-10327752107000040525_1120_000_1140_000_with_camera_labels-130.png 1408 792 36
big_dataset_depth/000000000413-segment-10327752107000040525_1120_000_1140_000_with_camera_labels-130.png 1416 800 36
big_dataset_depth/000000000413-segment-10327752107000040525_1120_000_1140_000_with_camera_labels-130.png 1456 848 13
big_dataset_depth/000000000413-segment-10327752107000040525_1120_000_1140_000_with_camera_labels-130.png 1472 1200 14
big_dataset_depth/000000000413-segment-10327752107000040525_1120_000_1140_000_with_camera_labels-130.png 1480 1200 14
big_dataset_depth/000000000413-segment-10327752107000040525_1120_000_1140_000_with_camera_labels-130.png 1488 1208 13
big_dataset_depth/000000000413-segment-10327752107000040525_1120_000_1140_000_with_camera_labels-130.png 1496 1224 13
big_dataset_depth/000000000413-segment-10327752107000040525_1120_000_1140_000_with_camera_labels-130.png 1504 1208 13
big_dataset_depth/000000000413-segment-10327752107000040525_1120_000_1140_000_with_camera_labels-130.png 1512 1248 13
big_dataset_depth/000000000413-segment-10327752107000040525_1120_000_1140_000_with_camera_labels-130.png 1520 1208 13
big_dataset_depth/000000000413-segment-10327752107000040525_1120_000_1140_000_with_camera_labels-130.png 1528 1216 13
big_dataset_depth/000000000413-segment-10327752107000040525_1120_000_1140_000_with_camera_labels-130.png 1536 1192 14
big_dataset_depth/000000000413-segment-10327752107000040525_1120_000_1140_000_with_camera_labels-130.png 1544 1200 14
big_dataset_depth/000000000413-segment-10327752107000040525_1120_000_1140_000_with_camera_labels-130.png 1552 1192 14
big_dataset_depth/000000000413-segment-10327752107000040525_1120_000_1140_000_with_camera_labels-130.png 1568 1248 13
big_dataset_depth/000000000413-segment-10327752107000040525_1120_000_1140_000_with_camera_labels-130.png 1584 1144 12
big_dataset_depth/000000000413-segment-10327752107000040525_1120_000_1140_000_with_camera_labels-130.png 1592 1160 12
big_dataset_depth/000000000413-segment-10327752107000040525_1120_000_1140_000_with_camera_labels-130.png 1600 1160 12
big_dataset_depth/000000000413-segment-10327752107000040525_1120_000_1140_000_with_camera_labels-130.png 1608 1160 12
big_dataset_depth/000000000413-segment-10327752107000040525_1120_000_1140_000_with_camera_labels-130.png 1616 1168 12
big_dataset_depth/000000000413-segment-10327752107000040525_1120_000_1140_000_with_camera_labels-130.png 1632 1160 12
big_dataset_depth/000000000413-segment-10327752107000040525_1120_000_1140_000_with_camera_labels-130.png 1640 1176 12
big_dataset_depth/000000000413-segment-10327752107000040525_1120_000_1140_000_with_camera_labels-130.png 1648 1208 12
big_dataset_depth/000000000413-segment-10327752107000040525_1120_000_1140_000_with_camera_labels-130.png 1664 1208 11
big_dataset_depth/000000000413-segment-10327752107000040525_1120_000_1140_000_with_camera_labels-130.png 1672 1208 11
big_dataset_depth/000000000413-segment-10327752107000040525_1120_000_1140_000_with_camera_labels-130.png 1680 1208 11
big_dataset_depth/000000000413-segment-10327752107000040525_1120_000_1140_000_with_camera_labels-130.png 1688 1232 11
big_dataset_depth/000000000413-segment-10327752107000040525_1120_000_1140_000_with_camera_labels-130.png 1696 1208 11
big_dataset_depth/000000000413-segment-10327752107000040525_1120_000_1140_000_with_camera_labels-130.png 1704 1232 11
big_dataset_depth/000000000413-segment-10327752107000040525_1120_000_1140_000_with_camera_labels-130.png 1712 1232 11
big_dataset_depth/000000000413-segment-10327752107000040525_1120_000_1140_000_with_camera_labels-130.png 1720 1248 11
big_dataset_depth/000000000413-segment-10327752107000040525_1120_000_1140_000_with_camera_labels-130.png 1736 1264 11
big_dataset_depth/000000000413-segment-10327752107000040525_1120_000_1140_000_with_camera_labels-130.png 1744 1264 11
big_dataset_depth/000000000413-segment-10327752107000040525_1120_000_1140_000_with_camera_labels-130.png 1752 904 22
big_dataset_depth/000000000413-segment-10327752107000040525_1120_000_1140_000_with_camera_labels-130.png 1760 784 26
big_dataset_depth/000000000413-segment-10327752107000040525_1120_000_1140_000_with_camera_labels-130.png 1768 1264 10
big_dataset_depth/000000000413-segment-10327752107000040525_1120_000_1140_000_with_camera_labels-130.png 1776 1264 10
big_dataset_depth/000000000413-segment-10327752107000040525_1120_000_1140_000_with_camera_labels-130.png 1792 1264 10
big_dataset_depth/000000000413-segment-10327752107000040525_1120_000_1140_000_with_camera_labels-130.png 1800 1264 10
big_dataset_depth/000000000413-segment-10327752107000040525_1120_000_1140_000_with_camera_labels-130.png 1808 1264 10
big_dataset_depth/000000000413-segment-10327752107000040525_1120_000_1140_000_with_camera_labels-130.png 1816 1264 10
big_dataset_depth/000000000413-segment-10327752107000040525_1120_000_1140_000_with_camera_labels-130.png 1824 1264 10
big_dataset_depth/000000000413-segment-10327752107000040525_1120_000_1140_000_with_camera_labels-130.png 1832 1272 10
big_dataset_depth/000000000413-segment-10327752107000040525_1120_000_1140_000_with_camera_labels-130.png 1840 568 31
big_dataset_depth/000000000413-segment-10327752107000040525_1120_000_1140_000_with_camera_labels-130.png 1848 1272 10
big_dataset_depth/000000000413-segment-10327752107000040525_1120_000_1140_000_with_camera_labels-130.png 1856 1024 13
big_dataset_depth/000000000413-segment-10327752107000040525_1120_000_1140_000_with_camera_labels-130.png 1864 1016 13
big_dataset_depth/000000000413-segment-10327752107000040525_1120_000_1140_000_with_camera_labels-130.png 1872 1272 10
big_dataset_depth/000000000413-segment-10327752107000040525_1120_000_1140_000_with_camera_labels-130.png 1880 1256 10
big_dataset_depth/000000000413-segment-10327752107000040525_1120_000_1140_000_with_camera_labels-130.png 1888 1272 10
big_dataset_depth/000000000413-segment-10327752107000040525_1120_000_1140_000_with_camera_labels-130.png 1896 1272 10
big_dataset_depth/000000000413-segment-10327752107000040525_1120_000_1140_000_with_camera_labels-130.png 1904 912 12
big_dataset_depth/000000000413-segment-10327752107000040525_1120_000_1140_000_with_camera_labels-130.png 1912 968 18
