big_dataset_depth/000000000296-segment-10212406498497081993_5300_000_5320_000_with_camera_labels-160.png 0 872 31
big_dataset_depth/000000000296-segment-10212406498497081993_5300_000_5320_000_with_camera_labels-160.png 8 960 28
big_dataset_depth/000000000296-segment-10212406498497081993_5300_000_5320_000_with_camera_labels-160.png 16 984 26
big_dataset_depth/000000000296-segment-10212406498497081993_5300_000_5320_000_with_camera_labels-160.png 24 808 38
big_dataset_depth/000000000296-segment-10212406498497081993_5300_000_5320_000_with_camera_labels-160.png 32 880 27
big_dataset_depth/000000000296-segment-10212406498497081993_5300_000_5320_000_with_camera_labels-160.png 40 888 33
big_dataset_depth/000000000296-segment-10212406498497081993_5300_000_5320_000_with_camera_labels-160.png 48 1200 13
big_dataset_depth/000000000296-segment-10212406498497081993_5300_000_5320_000_with_camera_labels-160.png 56 1200 13
big_dataset_depth/000000000296-segment-10212406498497081993_5300_000_5320_000_with_camera_labels-160.png 64 904 33
big_dataset_depth/000000000296-segment-10212406498497081993_5300_000_5320_000_with_camera_labels-160.png 72 1200 13
big_dataset_depth/000000000296-segment-10212406498497081993_5300_000_5320_000_with_camera_labels-160.png 80 896 35
big_dataset_depth/000000000296-segment-10212406498497081993_5300_000_5320_000_with_camera_labels-160.png 88 1200 13
big_dataset_depth/000000000296-segment-10212406498497081993_5300_000_5320_000_with_camera_labels-160.png 96 1200 13
big_dataset_depth/000000000296-segment-10212406498497081993_5300_000_5320_000_with_camera_labels-160.png 112 1184 13
big_dataset_depth/000000000296-segment-10212406498497081993_5300_000_5320_000_with_camera_labels-160.png 120 1168 14
big_dataset_depth/000000000296-segment-10212406498497081993_5300_000_5320_000_with_camera_labels-160.png 128 1168 14
big_dataset_depth/000000000296-segment-10212406498497081993_5300_000_5320_000_with_camera_labels-160.png 136 1168 14
big_dataset_depth/000000000296-segment-10212406498497081993_5300_000_5320_000_with_camera_labels-160.png 144 1104 14
big_dataset_depth/000000000296-segment-10212406498497081993_5300_000_5320_000_with_camera_labels-160.png 152 1096 14
big_dataset_depth/000000000296-segment-10212406498497081993_5300_000_5320_000_with_camera_labels-160.png 160 1080 14
big_dataset_depth/000000000296-segment-10212406498497081993_5300_000_5320_000_with_camera_labels-160.png 176 1128 15
big_dataset_depth/000000000296-segment-10212406498497081993_5300_000_5320_000_with_camera_labels-160.png 184 1048 15
big_dataset_depth/000000000296-segment-10212406498497081993_5300_000_5320_000_with_camera_labels-160.png 200 1064 16
big_dataset_depth/000000000296-segment-10212406498497081993_5300_000_5320_000_with_camera_labels-160.png 208 1040 16
big_dataset_depth/000000000296-segment-10212406498497081993_5300_000_5320_000_with_camera_labels-160.png 216 1016 16
big_dataset_depth/000000000296-segment-10212406498497081993_5300_000_5320_000_with_camera_labels-160.png 232 1040 16
big_dataset_depth/000000000296-segment-10212406498497081993_5300_000_5320_000_with_camera_labels-160.png 240 1040 17
big_dataset_depth/000000000296-segment-10212406498497081993_5300_000_5320_000_with_camera_labels-160.png 248 1040 17
big_dataset_depth/000000000296-segment-10212406498497081993_5300_000_5320_000_with_camera_labels-160.png 256 1040 17
big_dataset_depth/000000000296-segment-10212406498497081993_5300_000_5320_000_with_camera_labels-160.png 264 1048 17
big_dataset_depth/000000000296-segment-10212406498497081993_5300_000_5320_000_with_camera_labels-160.png 272 1032 17
big_dataset_depth/000000000296-segment-10212406498497081993_5300_000_5320_000_with_camera_labels-160.png 280 1016 17
big_dataset_depth/000000000296-segment-10212406498497081993_5300_000_5320_000_with_camera_labels-160.png 288 1008 18
big_dataset_depth/000000000296-segment-10212406498497081993_5300_000_5320_000_with_camera_labels-160.png 368 608 66
big_dataset_depth/000000000296-segment-10212406498497081993_5300_000_5320_000_with_camera_labels-160.png 376 608 67
big_dataset_depth/000000000296-segment-10212406498497081993_5300_000_5320_000_with_camera_labels-160.png 384 600 69
big_dataset_depth/000000000296-segment-10212406498497081993_5300_000_5320_000_with_camera_labels-160.png 392 608 63
big_dataset_depth/000000000296-segment-10212406498497081993_5300_000_5320_000_with_camera_labels-160.png 400 624 48
big_dataset_depth/000000000296-segment-10212406498497081993_5300_000_5320_000_with_camera_labels-160.png 408 624 48
big_dataset_depth/000000000296-segment-10212406498497081993_5300_000_5320_000_with_camera_labels-160.png 416 624 48
big_dataset_depth/000000000296-segment-10212406498497081993_5300_000_5320_000_with_camera_labels-160.png 432 592 74
big_dataset_depth/000000000296-segment-10212406498497081993_5300_000_5320_000_with_camera_labels-160.png 440 600 74
big_dataset_depth/000000000296-segment-10212406498497081993_5300_000_5320_000_with_camera_labels-160.png 448 600 76
big_dataset_depth/000000000296-segment-10212406498497081993_5300_000_5320_000_with_camera_labels-160.png 456 616 63
big_dataset_depth/000000000296-segment-10212406498497081993_5300_000_5320_000_with_camera_labels-160.png 464 608 69
big_dataset_depth/000000000296-segment-10212406498497081993_5300_000_5320_000_with_camera_labels-160.png 472 624 55
big_dataset_depth/000000000296-segment-10212406498497081993_5300_000_5320_000_with_camera_labels-160.png 480 616 63
big_dataset_depth/000000000296-segment-10212406498497081993_5300_000_5320_000_with_camera_labels-160.png 488 552 61
big_dataset_depth/000000000296-segment-10212406498497081993_5300_000_5320_000_with_camera_labels-160.png 496 600 83
big_dataset_depth/000000000296-segment-10212406498497081993_5300_000_5320_000_with_camera_labels-160.png 504 616 68
big_dataset_depth/000000000296-segment-10212406498497081993_5300_000_5320_000_with_camera_labels-160.png 512 632 52
big_dataset_depth/000000000296-segment-10212406498497081993_5300_000_5320_000_with_camera_labels-160.png 520 632 51
big_dataset_depth/000000000296-segment-10212406498497081993_5300_000_5320_000_with_camera_labels-160.png 528 608 51
big_dataset_depth/000000000296-segment-10212406498497081993_5300_000_5320_000_with_camera_labels-160.png 536 616 51
big_dataset_depth/000000000296-segment-10212406498497081993_5300_000_5320_000_with_camera_labels-160.png 544 616 51
big_dataset_depth/000000000296-segment-10212406498497081993_5300_000_5320_000_with_camera_labels-160.png 552 616 51
big_dataset_depth/000000000296-segment-10212406498497081993_5300_000_5320_000_with_camera_labels-160.png 560 608 51
big_dataset_depth/000000000296-segment-10212406498497081993_5300_000_5320_000_with_camera_labels-160.png 568 616 55
big_dataset_depth/000000000296-segment-10212406498497081993_5300_000_5320_000_with_camera_labels-160.png 576 616 51
big_dataset_depth/000000000296-segment-10212406498497081993_5300_000_5320_000_with_camera_labels-160.png 584 616 51
big_dataset_depth/000000000296-segment-10212406498497081993_5300_000_5320_000_with_camera_labels-160.png 592 624 51
big_dataset_depth/000000000296-segment-10212406498497081993_5300_000_5320_000_with_camera_labels-160.png 600 624 52
big_dataset_depth/000000000296-segment-10212406498497081993_5300_000_5320_000_with_camera_labels-160.png 608 624 51
big_dataset_depth/000000000296-segment-10212406498497081993_5300_000_5320_000_with_camera_labels-160.png 616 624 51
big_dataset_depth/000000000296-segment-10212406498497081993_5300_000_5320_000_with_camera_labels-160.png 624 624 55
big_dataset_depth/000000000296-segment-10212406498497081993_5300_000_5320_000_with_camera_labels-160.png 632 624 55
big_dataset_depth/000000000296-segment-10212406498497081993_5300_000_5320_000_with_camera_labels-160.png 640 616 57
big_dataset_depth/000000000296-segment-10212406498497081993_5300_000_5320_000_with_camera_labels-160.png 648 616 59
big_dataset_depth/000000000296-segment-10212406498497081993_5300_000_5320_000_with_camera_labels-160.png 656 608 61
big_dataset_depth/000000000296-segment-10212406498497081993_5300_000_5320_000_with_camera_labels-160.png 664 616 67
big_dataset_depth/000000000296-segment-10212406498497081993_5300_000_5320_000_with_camera_labels-160.png 672 616 61
big_dataset_depth/000000000296-segment-10212406498497081993_5300_000_5320_000_with_camera_labels-160.png 680 616 51
big_dataset_depth/000000000296-segment-10212406498497081993_5300_000_5320_000_with_camera_labels-160.png 688 624 51
big_dataset_depth/000000000296-segment-10212406498497081993_5300_000_5320_000_with_camera_labels-160.png 696 600 51
big_dataset_depth/000000000296-segment-10212406498497081993_5300_000_5320_000_with_camera_labels-160.png 704 616 50
big_dataset_depth/000000000296-segment-10212406498497081993_5300_000_5320_000_with_camera_labels-160.png 712 632 46
big_dataset_depth/000000000296-segment-10212406498497081993_5300_000_5320_000_with_camera_labels-160.png 720 648 44
big_dataset_depth/000000000296-segment-10212406498497081993_5300_000_5320_000_with_camera_labels-160.png 728 624 44
big_dataset_depth/000000000296-segment-10212406498497081993_5300_000_5320_000_with_camera_labels-160.png 736 608 44
big_dataset_depth/000000000296-segment-10212406498497081993_5300_000_5320_000_with_camera_labels-160.png 744 616 44
big_dataset_depth/000000000296-segment-10212406498497081993_5300_000_5320_000_with_camera_labels-160.png 752 640 44
big_dataset_depth/000000000296-segment-10212406498497081993_5300_000_5320_000_with_camera_labels-160.png 760 624 47
big_dataset_depth/000000000296-segment-10212406498497081993_5300_000_5320_000_with_camera_labels-160.png 768 744 33
big_dataset_depth/000000000296-segment-10212406498497081993_5300_000_5320_000_with_camera_labels-160.png 776 864 22
big_dataset_depth/000000000296-segment-10212406498497081993_5300_000_5320_000_with_camera_labels-160.png 784 848 22
big_dataset_depth/000000000296-segment-10212406498497081993_5300_000_5320_000_with_camera_labels-160.png 792 872 22
big_dataset_depth/000000000296-segment-10212406498497081993_5300_000_5320_000_with_camera_labels-160.png 800 936 20
big_dataset_depth/000000000296-segment-10212406498497081993_5300_000_5320_000_with_camera_labels-160.png 808 864 21
big_dataset_depth/000000000296-segment-10212406498497081993_5300_000_5320_000_with_camera_labels-160.png 816 888 23
big_dataset_depth/000000000296-segment-10212406498497081993_5300_000_5320_000_with_camera_labels-160.png 824 896 22
big_dataset_depth/000000000296-segment-10212406498497081993_5300_000_5320_000_with_camera_labels-160.png 832 944 19
big_dataset_depth/000000000296-segment-10212406498497081993_5300_000_5320_000_with_camera_labels-160.png 840 1088 16
big_dataset_depth/000000000296-segment-10212406498497081993_5300_000_5320_000_with_camera_labels-160.png 848 1240 12
big_dataset_depth/000000000296-segment-10212406498497081993_5300_000_5320_000_with_camera_labels-160.png 856 1240 12
big_dataset_depth/000000000296-segment-10212406498497081993_5300_000_5320_000_with_camera_labels-160.png 864 1240 12
big_dataset_depth/000000000296-segment-10212406498497081993_5300_000_5320_000_with_camera_labels-160.png 872 1240 12
big_dataset_depth/000000000296-segment-10212406498497081993_5300_000_5320_000_with_camera_labels-160.png 880 1224 12
big_dataset_depth/000000000296-segment-10212406498497081993_5300_000_5320_000_with_camera_labels-160.png 888 1240 12
big_dataset_depth/000000000296-segment-10212406498497081993_5300_000_5320_000_with_camera_labels-160.png 896 1240 12
big_dataset_depth/000000000296-segment-10212406498497081993_5300_000_5320_000_with_camera_labels-160.png 904 1184 12
big_dataset_depth/000000000296-segment-10212406498497081993_5300_000_5320_000_with_camera_labels-160.png 912 1120 11
big_dataset_depth/000000000296-segment-10212406498497081993_5300_000_5320_000_with_camera_labels-160.png 920 1168 12
big_dataset_depth/000000000296-segment-10212406498497081993_5300_000_5320_000_with_camera_labels-160.png 928 1184 13
big_dataset_depth/000000000296-segment-10212406498497081993_5300_000_5320_000_with_camera_labels-160.png 936 1168 12
big_dataset_depth/000000000296-segment-10212406498497081993_5300_000_5320_000_with_camera_labels-160.png 944 1192 13
big_dataset_depth/000000000296-segment-10212406498497081993_5300_000_5320_000_with_camera_labels-160.png 952 1192 13
big_dataset_depth/000000000296-segment-10212406498497081993_5300_000_5320_000_with_camera_labels-160.png 960 1120 11
big_dataset_depth/000000000296-segment-10212406498497081993_5300_000_5320_000_with_camera_labels-160.png 968 1128 11
big_dataset_depth/000000000296-segment-10212406498497081993_5300_000_5320_000_with_camera_labels-160.png 976 1216 13
big_dataset_depth/000000000296-segment-10212406498497081993_5300_000_5320_000_with_camera_labels-160.png 984 1144 12
big_dataset_depth/000000000296-segment-10212406498497081993_5300_000_5320_000_with_camera_labels-160.png 992 1136 11
big_dataset_depth/000000000296-segment-10212406498497081993_5300_000_5320_000_with_camera_labels-160.png 1000 1136 11
big_dataset_depth/000000000296-segment-10212406498497081993_5300_000_5320_000_with_camera_labels-160.png 1008 1136 11
big_dataset_depth/000000000296-segment-10212406498497081993_5300_000_5320_000_with_camera_labels-160.png 1016 1240 12
big_dataset_depth/000000000296-segment-10212406498497081993_5300_000_5320_000_with_camera_labels-160.png 1024 1144 12
big_dataset_depth/000000000296-segment-10212406498497081993_5300_000_5320_000_with_camera_labels-160.png 1032 1136 11
big_dataset_depth/000000000296-segment-10212406498497081993_5300_000_5320_000_with_camera_labels-160.png 1040 1144 12
big_dataset_depth/000000000296-segment-10212406498497081993_5300_000_5320_000_with_camera_labels-160.png 1048 1144 11
big_dataset_depth/000000000296-segment-10212406498497081993_5300_000_5320_000_with_camera_labels-160.png 1056 1144 12
big_dataset_depth/000000000296-segment-10212406498497081993_5300_000_5320_000_with_camera_labels-160.png 1064 1152 12
big_dataset_depth/000000000296-segment-10212406498497081993_5300_000_5320_000_with_camera_labels-160.png 1072 1152 12
big_dataset_depth/000000000296-segment-10212406498497081993_5300_000_5320_000_with_camera_labels-160.png 1080 1152 12
big_dataset_depth/000000000296-segment-10212406498497081993_5300_000_5320_000_with_camera_labels-160.png 1088 1144 12
big_dataset_depth/000000000296-segment-10212406498497081993_5300_000_5320_000_with_camera_labels-160.png 1096 1136 11
big_dataset_depth/000000000296-segment-10212406498497081993_5300_000_5320_000_with_camera_labels-160.png 1104 1152 12
big_dataset_depth/000000000296-segment-10212406498497081993_5300_000_5320_000_with_camera_labels-160.png 1112 1152 12
big_dataset_depth/000000000296-segment-10212406498497081993_5300_000_5320_000_with_camera_labels-160.png 1120 1128 11
big_dataset_depth/000000000296-segment-10212406498497081993_5300_000_5320_000_with_camera_labels-160.png 1128 1152 12
big_dataset_depth/000000000296-segment-10212406498497081993_5300_000_5320_000_with_camera_labels-160.png 1136 1136 12
big_dataset_depth/000000000296-segment-10212406498497081993_5300_000_5320_000_with_camera_labels-160.png 1144 1144 12
big_dataset_depth/000000000296-segment-10212406498497081993_5300_000_5320_000_with_camera_labels-160.png 1152 1128 11
big_dataset_depth/000000000296-segment-10212406498497081993_5300_000_5320_000_with_camera_labels-160.png 1160 1128 11
big_dataset_depth/000000000296-segment-10212406498497081993_5300_000_5320_000_with_camera_labels-160.png 1168 1128 11
big_dataset_depth/000000000296-segment-10212406498497081993_5300_000_5320_000_with_camera_labels-160.png 1176 1128 11
big_dataset_depth/000000000296-segment-10212406498497081993_5300_000_5320_000_with_camera_labels-160.png 1184 1128 11
big_dataset_depth/000000000296-segment-10212406498497081993_5300_000_5320_000_with_camera_labels-160.png 1192 1128 11
big_dataset_depth/000000000296-segment-10212406498497081993_5300_000_5320_000_with_camera_labels-160.png 1200 1128 11
big_dataset_depth/000000000296-segment-10212406498497081993_5300_000_5320_000_with_camera_labels-160.png 1208 1136 11
big_dataset_depth/000000000296-segment-10212406498497081993_5300_000_5320_000_with_camera_labels-160.png 1216 1144 12
big_dataset_depth/000000000296-segment-10212406498497081993_5300_000_5320_000_with_camera_labels-160.png 1224 1152 12
big_dataset_depth/000000000296-segment-10212406498497081993_5300_000_5320_000_with_camera_labels-160.png 1232 1152 12
big_dataset_depth/000000000296-segment-10212406498497081993_5300_000_5320_000_with_camera_labels-160.png 1240 1152 12
big_dataset_depth/000000000296-segment-10212406498497081993_5300_000_5320_000_with_camera_labels-160.png 1248 1160 12
big_dataset_depth/000000000296-segment-10212406498497081993_5300_000_5320_000_with_camera_labels-160.png 1256 1184 12
big_dataset_depth/000000000296-segment-10212406498497081993_5300_000_5320_000_with_camera_labels-160.png 1264 1176 12
big_dataset_depth/000000000296-segment-10212406498497081993_5300_000_5320_000_with_camera_labels-160.png 1272 1256 12
big_dataset_depth/000000000296-segment-10212406498497081993_5300_000_5320_000_with_camera_labels-160.png 1280 1184 12
big_dataset_depth/000000000296-segment-10212406498497081993_5300_000_5320_000_with_camera_labels-160.png 1288 1256 12
big_dataset_depth/000000000296-segment-10212406498497081993_5300_000_5320_000_with_camera_labels-160.png 1296 1216 12
big_dataset_depth/000000000296-segment-10212406498497081993_5300_000_5320_000_with_camera_labels-160.png 1304 1216 13
big_dataset_depth/000000000296-segment-10212406498497081993_5300_000_5320_000_with_camera_labels-160.png 1312 1240 13
big_dataset_depth/000000000296-segment-10212406498497081993_5300_000_5320_000_with_camera_labels-160.png 1320 1248 13
big_dataset_depth/000000000296-segment-10212406498497081993_5300_000_5320_000_with_camera_labels-160.png 1328 1256 12
big_dataset_depth/000000000296-segment-10212406498497081993_5300_000_5320_000_with_camera_labels-160.png 1336 1032 32
big_dataset_depth/000000000296-segment-10212406498497081993_5300_000_5320_000_with_camera_labels-160.png 1344 1208 12
big_dataset_depth/000000000296-segment-10212406498497081993_5300_000_5320_000_with_camera_labels-160.png 1352 1080 26
big_dataset_depth/000000000296-segment-10212406498497081993_5300_000_5320_000_with_camera_labels-160.png 1360 1208 13
big_dataset_depth/000000000296-segment-10212406498497081993_5300_000_5320_000_with_camera_labels-160.png 1368 1144 12
big_dataset_depth/000000000296-segment-10212406498497081993_5300_000_5320_000_with_camera_labels-160.png 1376 984 23
big_dataset_depth/000000000296-segment-10212406498497081993_5300_000_5320_000_with_camera_labels-160.png 1384 888 28
big_dataset_depth/000000000296-segment-10212406498497081993_5300_000_5320_000_with_camera_labels-160.png 1392 664 44
big_dataset_depth/000000000296-segment-10212406498497081993_5300_000_5320_000_with_camera_labels-160.png 1400 648 50
big_dataset_depth/000000000296-segment-10212406498497081993_5300_000_5320_000_with_camera_labels-160.png 1432 960 21
big_dataset_depth/000000000296-segment-10212406498497081993_5300_000_5320_000_with_camera_labels-160.png 1440 960 21
big_dataset_depth/000000000296-segment-10212406498497081993_5300_000_5320_000_with_camera_labels-160.png 1448 968 21
big_dataset_depth/000000000296-segment-10212406498497081993_5300_000_5320_000_with_camera_labels-160.png 1456 960 21
big_dataset_depth/000000000296-segment-10212406498497081993_5300_000_5320_000_with_camera_labels-160.png 1464 952 21
big_dataset_depth/000000000296-segment-10212406498497081993_5300_000_5320_000_with_camera_labels-160.png 1472 976 20
big_dataset_depth/000000000296-segment-10212406498497081993_5300_000_5320_000_with_camera_labels-160.png 1480 944 20
big_dataset_depth/000000000296-segment-10212406498497081993_5300_000_5320_000_with_camera_labels-160.png 1488 936 19
big_dataset_depth/000000000296-segment-10212406498497081993_5300_000_5320_000_with_camera_labels-160.png 1496 960 19
big_dataset_depth/000000000296-segment-10212406498497081993_5300_000_5320_000_with_camera_labels-160.png 1504 944 19
big_dataset_depth/000000000296-segment-10212406498497081993_5300_000_5320_000_with_camera_labels-160.png 1512 1000 19
big_dataset_depth/000000000296-segment-10212406498497081993_5300_000_5320_000_with_camera_labels-160.png 1520 944 18
big_dataset_depth/000000000296-segment-10212406498497081993_5300_000_5320_000_with_camera_labels-160.png 1528 968 18
big_dataset_depth/000000000296-segment-10212406498497081993_5300_000_5320_000_with_camera_labels-160.png 1536 1032 18
big_dataset_depth/000000000296-segment-10212406498497081993_5300_000_5320_000_with_camera_labels-160.png 1544 1048 17
big_dataset_depth/000000000296-segment-10212406498497081993_5300_000_5320_000_with_camera_labels-160.png 1552 1056 17
big_dataset_depth/000000000296-segment-10212406498497081993_5300_000_5320_000_with_camera_labels-160.png 1560 1056 17
big_dataset_depth/000000000296-segment-10212406498497081993_5300_000_5320_000_with_camera_labels-160.png 1568 1056 17
big_dataset_depth/000000000296-segment-10212406498497081993_5300_000_5320_000_with_camera_labels-160.png 1576 1048 17
big_dataset_depth/000000000296-segment-10212406498497081993_5300_000_5320_000_with_camera_labels-160.png 1584 1056 17
big_dataset_depth/000000000296-segment-10212406498497081993_5300_000_5320_000_with_camera_labels-160.png 1592 1056 17
big_dataset_depth/000000000296-segment-10212406498497081993_5300_000_5320_000_with_camera_labels-160.png 1600 1048 17
big_dataset_depth/000000000296-segment-10212406498497081993_5300_000_5320_000_with_camera_labels-160.png 1608 1056 17
big_dataset_depth/000000000296-segment-10212406498497081993_5300_000_5320_000_with_camera_labels-160.png 1616 1024 17
big_dataset_depth/000000000296-segment-10212406498497081993_5300_000_5320_000_with_camera_labels-160.png 1624 1000 16
big_dataset_depth/000000000296-segment-10212406498497081993_5300_000_5320_000_with_camera_labels-160.png 1632 1024 16
big_dataset_depth/000000000296-segment-10212406498497081993_5300_000_5320_000_with_camera_labels-160.png 1640 1008 16
big_dataset_depth/000000000296-segment-10212406498497081993_5300_000_5320_000_with_camera_labels-160.png 1648 1040 17
big_dataset_depth/000000000296-segment-10212406498497081993_5300_000_5320_000_with_camera_labels-160.png 1656 1056 17
big_dataset_depth/000000000296-segment-10212406498497081993_5300_000_5320_000_with_camera_labels-160.png 1664 1040 16
big_dataset_depth/000000000296-segment-10212406498497081993_5300_000_5320_000_with_camera_labels-160.png 1672 1040 17
big_dataset_depth/000000000296-segment-10212406498497081993_5300_000_5320_000_with_camera_labels-160.png 1680 1064 17
big_dataset_depth/000000000296-segment-10212406498497081993_5300_000_5320_000_with_camera_labels-160.png 1688 1056 17
big_dataset_depth/000000000296-segment-10212406498497081993_5300_000_5320_000_with_camera_labels-160.png 1696 1024 16
big_dataset_depth/000000000296-segment-10212406498497081993_5300_000_5320_000_with_camera_labels-160.png 1704 1024 16
big_dataset_depth/000000000296-segment-10212406498497081993_5300_000_5320_000_with_camera_labels-160.png 1712 1016 16
big_dataset_depth/000000000296-segment-10212406498497081993_5300_000_5320_000_with_camera_labels-160.png 1720 1008 16
big_dataset_depth/000000000296-segment-10212406498497081993_5300_000_5320_000_with_camera_labels-160.png 1728 1000 16
big_dataset_depth/000000000296-segment-10212406498497081993_5300_000_5320_000_with_camera_labels-160.png 1736 1032 16
big_dataset_depth/000000000296-segment-10212406498497081993_5300_000_5320_000_with_camera_labels-160.png 1744 1032 16
big_dataset_depth/000000000296-segment-10212406498497081993_5300_000_5320_000_with_camera_labels-160.png 1752 1008 16
big_dataset_depth/000000000296-segment-10212406498497081993_5300_000_5320_000_with_camera_labels-160.png 1760 1032 16
big_dataset_depth/000000000296-segment-10212406498497081993_5300_000_5320_000_with_camera_labels-160.png 1768 1024 16
big_dataset_depth/000000000296-segment-10212406498497081993_5300_000_5320_000_with_camera_labels-160.png 1776 992 16
big_dataset_depth/000000000296-segment-10212406498497081993_5300_000_5320_000_with_camera_labels-160.png 1784 1024 16
big_dataset_depth/000000000296-segment-10212406498497081993_5300_000_5320_000_with_camera_labels-160.png 1792 1016 16
big_dataset_depth/000000000296-segment-10212406498497081993_5300_000_5320_000_with_camera_labels-160.png 1816 1160 14
big_dataset_depth/000000000296-segment-10212406498497081993_5300_000_5320_000_with_camera_labels-160.png 1824 1248 13
big_dataset_depth/000000000296-segment-10212406498497081993_5300_000_5320_000_with_camera_labels-160.png 1832 1272 13
big_dataset_depth/000000000296-segment-10212406498497081993_5300_000_5320_000_with_camera_labels-160.png 1840 1280 13
big_dataset_depth/000000000296-segment-10212406498497081993_5300_000_5320_000_with_camera_labels-160.png 1848 1280 13
big_dataset_depth/000000000296-segment-10212406498497081993_5300_000_5320_000_with_camera_labels-160.png 1856 1256 13
big_dataset_depth/000000000296-segment-10212406498497081993_5300_000_5320_000_with_camera_labels-160.png 1864 1280 13
big_dataset_depth/000000000296-segment-10212406498497081993_5300_000_5320_000_with_camera_labels-160.png 1872 1032 26
big_dataset_depth/000000000296-segment-10212406498497081993_5300_000_5320_000_with_camera_labels-160.png 1880 1112 15
big_dataset_depth/000000000296-segment-10212406498497081993_5300_000_5320_000_with_camera_labels-160.png 1888 1120 15
big_dataset_depth/000000000296-segment-10212406498497081993_5300_000_5320_000_with_camera_labels-160.png 1896 936 19
big_dataset_depth/000000000296-segment-10212406498497081993_5300_000_5320_000_with_camera_labels-160.png 1904 976 22
big_dataset_depth/000000000296-segment-10212406498497081993_5300_000_5320_000_with_camera_labels-160.png 1912 904 28
