big_dataset_depth/000000000546-segment-10498013744573185290_1240_000_1260_000_with_camera_labels-60.png 0 888 22
big_dataset_depth/000000000546-segment-10498013744573185290_1240_000_1260_000_with_camera_labels-60.png 8 808 23
big_dataset_depth/000000000546-segment-10498013744573185290_1240_000_1260_000_with_camera_labels-60.png 16 896 19
big_dataset_depth/000000000546-segment-10498013744573185290_1240_000_1260_000_with_camera_labels-60.png 24 984 16
big_dataset_depth/000000000546-segment-10498013744573185290_1240_000_1260_000_with_camera_labels-60.png 32 1160 14
big_dataset_depth/000000000546-segment-10498013744573185290_1240_000_1260_000_with_camera_labels-60.png 40 1120 13
big_dataset_depth/000000000546-segment-10498013744573185290_1240_000_1260_000_with_camera_labels-60.png 48 1144 14
big_dataset_depth/000000000546-segment-10498013744573185290_1240_000_1260_000_with_camera_labels-60.png 56 1136 14
big_dataset_depth/000000000546-segment-10498013744573185290_1240_000_1260_000_with_camera_labels-60.png 64 1160 14
big_dataset_depth/000000000546-segment-10498013744573185290_1240_000_1260_000_with_camera_labels-60.png 72 1136 14
big_dataset_depth/000000000546-segment-10498013744573185290_1240_000_1260_000_with_camera_labels-60.png 80 1136 14
big_dataset_depth/000000000546-segment-10498013744573185290_1240_000_1260_000_with_camera_labels-60.png 88 1136 14
big_dataset_depth/000000000546-segment-10498013744573185290_1240_000_1260_000_with_camera_labels-60.png 96 1160 14
big_dataset_depth/000000000546-segment-10498013744573185290_1240_000_1260_000_with_camera_labels-60.png 104 1176 14
big_dataset_depth/000000000546-segment-10498013744573185290_1240_000_1260_000_with_camera_labels-60.png 112 1160 14
big_dataset_depth/000000000546-segment-10498013744573185290_1240_000_1260_000_with_camera_labels-60.png 120 1176 14
big_dataset_depth/000000000546-segment-10498013744573185290_1240_000_1260_000_with_camera_labels-60.png 128 1176 14
big_dataset_depth/000000000546-segment-10498013744573185290_1240_000_1260_000_with_camera_labels-60.png 136 1176 14
big_dataset_depth/000000000546-segment-10498013744573185290_1240_000_1260_000_with_camera_labels-60.png 144 1168 14
big_dataset_depth/000000000546-segment-10498013744573185290_1240_000_1260_000_with_camera_labels-60.png 152 1176 14
big_dataset_depth/000000000546-segment-10498013744573185290_1240_000_1260_000_with_camera_labels-60.png 160 1176 14
big_dataset_depth/000000000546-segment-10498013744573185290_1240_000_1260_000_with_camera_labels-60.png 168 1152 14
big_dataset_depth/000000000546-segment-10498013744573185290_1240_000_1260_000_with_camera_labels-60.png 176 1152 14
big_dataset_depth/000000000546-segment-10498013744573185290_1240_000_1260_000_with_camera_labels-60.png 184 1152 15
big_dataset_depth/000000000546-segment-10498013744573185290_1240_000_1260_000_with_camera_labels-60.png 192 1128 15
big_dataset_depth/000000000546-segment-10498013744573185290_1240_000_1260_000_with_camera_labels-60.png 200 1088 15
big_dataset_depth/000000000546-segment-10498013744573185290_1240_000_1260_000_with_camera_labels-60.png 208 1056 15
big_dataset_depth/000000000546-segment-10498013744573185290_1240_000_1260_000_with_camera_labels-60.png 216 1064 15
big_dataset_depth/000000000546-segment-10498013744573185290_1240_000_1260_000_with_camera_labels-60.png 224 1064 15
big_dataset_depth/000000000546-segment-10498013744573185290_1240_000_1260_000_with_camera_labels-60.png 232 1064 15
big_dataset_depth/000000000546-segment-10498013744573185290_1240_000_1260_000_with_camera_labels-60.png 240 1064 15
big_dataset_depth/000000000546-segment-10498013744573185290_1240_000_1260_000_with_camera_labels-60.png 248 1048 15
big_dataset_depth/000000000546-segment-10498013744573185290_1240_000_1260_000_with_camera_labels-60.png 256 1040 16
big_dataset_depth/000000000546-segment-10498013744573185290_1240_000_1260_000_with_camera_labels-60.png 264 1040 16
big_dataset_depth/000000000546-segment-10498013744573185290_1240_000_1260_000_with_camera_labels-60.png 272 1064 16
big_dataset_depth/000000000546-segment-10498013744573185290_1240_000_1260_000_with_camera_labels-60.png 280 1024 16
big_dataset_depth/000000000546-segment-10498013744573185290_1240_000_1260_000_with_camera_labels-60.png 288 1024 16
big_dataset_depth/000000000546-segment-10498013744573185290_1240_000_1260_000_with_camera_labels-60.png 296 1024 16
big_dataset_depth/000000000546-segment-10498013744573185290_1240_000_1260_000_with_camera_labels-60.png 304 1016 16
big_dataset_depth/000000000546-segment-10498013744573185290_1240_000_1260_000_with_camera_labels-60.png 312 1016 17
big_dataset_depth/000000000546-segment-10498013744573185290_1240_000_1260_000_with_camera_labels-60.png 320 1000 17
big_dataset_depth/000000000546-segment-10498013744573185290_1240_000_1260_000_with_camera_labels-60.png 328 1024 17
big_dataset_depth/000000000546-segment-10498013744573185290_1240_000_1260_000_with_camera_labels-60.png 336 1160 14
big_dataset_depth/000000000546-segment-10498013744573185290_1240_000_1260_000_with_camera_labels-60.png 344 1040 18
big_dataset_depth/000000000546-segment-10498013744573185290_1240_000_1260_000_with_camera_labels-60.png 352 1032 18
big_dataset_depth/000000000546-segment-10498013744573185290_1240_000_1260_000_with_camera_labels-60.png 360 1040 18
big_dataset_depth/000000000546-segment-10498013744573185290_1240_000_1260_000_with_camera_labels-60.png 368 1040 18
big_dataset_depth/000000000546-segment-10498013744573185290_1240_000_1260_000_with_camera_labels-60.png 376 1024 18
big_dataset_depth/000000000546-segment-10498013744573185290_1240_000_1260_000_with_camera_labels-60.png 384 1024 18
big_dataset_depth/000000000546-segment-10498013744573185290_1240_000_1260_000_with_camera_labels-60.png 392 992 18
big_dataset_depth/000000000546-segment-10498013744573185290_1240_000_1260_000_with_camera_labels-60.png 408 856 22
big_dataset_depth/000000000546-segment-10498013744573185290_1240_000_1260_000_with_camera_labels-60.png 416 896 22
big_dataset_depth/000000000546-segment-10498013744573185290_1240_000_1260_000_with_camera_labels-60.png 424 904 22
big_dataset_depth/000000000546-segment-10498013744573185290_1240_000_1260_000_with_camera_labels-60.png 432 912 23
big_dataset_depth/000000000546-segment-10498013744573185290_1240_000_1260_000_with_camera_labels-60.png 440 912 22
big_dataset_depth/000000000546-segment-10498013744573185290_1240_000_1260_000_with_camera_labels-60.png 448 880 22
big_dataset_depth/000000000546-segment-10498013744573185290_1240_000_1260_000_with_camera_labels-60.png 456 888 22
big_dataset_depth/000000000546-segment-10498013744573185290_1240_000_1260_000_with_camera_labels-60.png 464 896 22
big_dataset_depth/000000000546-segment-10498013744573185290_1240_000_1260_000_with_camera_labels-60.png 472 896 22
big_dataset_depth/000000000546-segment-10498013744573185290_1240_000_1260_000_with_camera_labels-60.png 480 896 22
big_dataset_depth/000000000546-segment-10498013744573185290_1240_000_1260_000_with_camera_labels-60.png 488 888 22
big_dataset_depth/000000000546-segment-10498013744573185290_1240_000_1260_000_with_camera_labels-60.png 496 896 22
big_dataset_depth/000000000546-segment-10498013744573185290_1240_000_1260_000_with_camera_labels-60.png 512 896 22
big_dataset_depth/000000000546-segment-10498013744573185290_1240_000_1260_000_with_camera_labels-60.png 520 912 22
big_dataset_depth/000000000546-segment-10498013744573185290_1240_000_1260_000_with_camera_labels-60.png 528 928 23
big_dataset_depth/000000000546-segment-10498013744573185290_1240_000_1260_000_with_camera_labels-60.png 536 928 23
big_dataset_depth/000000000546-segment-10498013744573185290_1240_000_1260_000_with_camera_labels-60.png 544 920 23
big_dataset_depth/000000000546-segment-10498013744573185290_1240_000_1260_000_with_camera_labels-60.png 552 928 23
big_dataset_depth/000000000546-segment-10498013744573185290_1240_000_1260_000_with_camera_labels-60.png 560 920 24
big_dataset_depth/000000000546-segment-10498013744573185290_1240_000_1260_000_with_camera_labels-60.png 568 904 25
big_dataset_depth/000000000546-segment-10498013744573185290_1240_000_1260_000_with_camera_labels-60.png 576 848 24
big_dataset_depth/000000000546-segment-10498013744573185290_1240_000_1260_000_with_camera_labels-60.png 584 864 24
big_dataset_depth/000000000546-segment-10498013744573185290_1240_000_1260_000_with_camera_labels-60.png 592 896 25
big_dataset_depth/000000000546-segment-10498013744573185290_1240_000_1260_000_with_camera_labels-60.png 600 856 26
big_dataset_depth/000000000546-segment-10498013744573185290_1240_000_1260_000_with_camera_labels-60.png 608 880 27
big_dataset_depth/000000000546-segment-10498013744573185290_1240_000_1260_000_with_camera_labels-60.png 616 864 27
big_dataset_depth/000000000546-segment-10498013744573185290_1240_000_1260_000_with_camera_labels-60.png 624 872 27
big_dataset_depth/000000000546-segment-10498013744573185290_1240_000_1260_000_with_camera_labels-60.png 632 808 27
big_dataset_depth/000000000546-segment-10498013744573185290_1240_000_1260_000_with_camera_labels-60.png 656 784 58
big_dataset_depth/000000000546-segment-10498013744573185290_1240_000_1260_000_with_camera_labels-60.png 664 672 78
big_dataset_depth/000000000546-segment-10498013744573185290_1240_000_1260_000_with_camera_labels-60.png 672 664 69
big_dataset_depth/000000000546-segment-10498013744573185290_1240_000_1260_000_with_camera_labels-60.png 680 696 58
big_dataset_depth/000000000546-segment-10498013744573185290_1240_000_1260_000_with_camera_labels-60.png 688 720 51
big_dataset_depth/000000000546-segment-10498013744573185290_1240_000_1260_000_with_camera_labels-60.png 696 736 51
big_dataset_depth/000000000546-segment-10498013744573185290_1240_000_1260_000_with_camera_labels-60.png 704 712 50
big_dataset_depth/000000000546-segment-10498013744573185290_1240_000_1260_000_with_camera_labels-60.png 712 712 50
big_dataset_depth/000000000546-segment-10498013744573185290_1240_000_1260_000_with_camera_labels-60.png 720 712 50
big_dataset_depth/000000000546-segment-10498013744573185290_1240_000_1260_000_with_camera_labels-60.png 728 712 50
big_dataset_depth/000000000546-segment-10498013744573185290_1240_000_1260_000_with_camera_labels-60.png 736 704 50
big_dataset_depth/000000000546-segment-10498013744573185290_1240_000_1260_000_with_camera_labels-60.png 744 720 51
big_dataset_depth/000000000546-segment-10498013744573185290_1240_000_1260_000_with_camera_labels-60.png 752 712 50
big_dataset_depth/000000000546-segment-10498013744573185290_1240_000_1260_000_with_camera_labels-60.png 760 728 52
big_dataset_depth/000000000546-segment-10498013744573185290_1240_000_1260_000_with_camera_labels-60.png 768 712 50
big_dataset_depth/000000000546-segment-10498013744573185290_1240_000_1260_000_with_camera_labels-60.png 776 720 50
big_dataset_depth/000000000546-segment-10498013744573185290_1240_000_1260_000_with_camera_labels-60.png 784 728 51
big_dataset_depth/000000000546-segment-10498013744573185290_1240_000_1260_000_with_camera_labels-60.png 792 728 51
big_dataset_depth/000000000546-segment-10498013744573185290_1240_000_1260_000_with_camera_labels-60.png 800 728 53
big_dataset_depth/000000000546-segment-10498013744573185290_1240_000_1260_000_with_camera_labels-60.png 808 728 55
big_dataset_depth/000000000546-segment-10498013744573185290_1240_000_1260_000_with_camera_labels-60.png 816 712 56
big_dataset_depth/000000000546-segment-10498013744573185290_1240_000_1260_000_with_camera_labels-60.png 824 688 61
big_dataset_depth/000000000546-segment-10498013744573185290_1240_000_1260_000_with_camera_labels-60.png 832 704 69
big_dataset_depth/000000000546-segment-10498013744573185290_1240_000_1260_000_with_camera_labels-60.png 840 704 69
big_dataset_depth/000000000546-segment-10498013744573185290_1240_000_1260_000_with_camera_labels-60.png 880 696 77
big_dataset_depth/000000000546-segment-10498013744573185290_1240_000_1260_000_with_camera_labels-60.png 888 696 72
big_dataset_depth/000000000546-segment-10498013744573185290_1240_000_1260_000_with_camera_labels-60.png 896 696 73
big_dataset_depth/000000000546-segment-10498013744573185290_1240_000_1260_000_with_camera_labels-60.png 904 688 72
big_dataset_depth/000000000546-segment-10498013744573185290_1240_000_1260_000_with_camera_labels-60.png 912 688 73
big_dataset_depth/000000000546-segment-10498013744573185290_1240_000_1260_000_with_camera_labels-60.png 920 688 72
big_dataset_depth/000000000546-segment-10498013744573185290_1240_000_1260_000_with_camera_labels-60.png 928 680 72
big_dataset_depth/000000000546-segment-10498013744573185290_1240_000_1260_000_with_camera_labels-60.png 936 688 73
big_dataset_depth/000000000546-segment-10498013744573185290_1240_000_1260_000_with_camera_labels-60.png 944 680 72
big_dataset_depth/000000000546-segment-10498013744573185290_1240_000_1260_000_with_camera_labels-60.png 952 688 73
big_dataset_depth/000000000546-segment-10498013744573185290_1240_000_1260_000_with_camera_labels-60.png 960 696 73
big_dataset_depth/000000000546-segment-10498013744573185290_1240_000_1260_000_with_camera_labels-60.png 968 688 107
big_dataset_depth/000000000546-segment-10498013744573185290_1240_000_1260_000_with_camera_labels-60.png 976 688 107
big_dataset_depth/000000000546-segment-10498013744573185290_1240_000_1260_000_with_camera_labels-60.png 984 688 107
big_dataset_depth/000000000546-segment-10498013744573185290_1240_000_1260_000_with_camera_labels-60.png 992 688 107
big_dataset_depth/000000000546-segment-10498013744573185290_1240_000_1260_000_with_camera_labels-60.png 1032 712 68
big_dataset_depth/000000000546-segment-10498013744573185290_1240_000_1260_000_with_camera_labels-60.png 1040 696 68
big_dataset_depth/000000000546-segment-10498013744573185290_1240_000_1260_000_with_camera_labels-60.png 1048 704 63
big_dataset_depth/000000000546-segment-10498013744573185290_1240_000_1260_000_with_camera_labels-60.png 1056 712 63
big_dataset_depth/000000000546-segment-10498013744573185290_1240_000_1260_000_with_camera_labels-60.png 1064 720 63
big_dataset_depth/000000000546-segment-10498013744573185290_1240_000_1260_000_with_camera_labels-60.png 1072 720 63
big_dataset_depth/000000000546-segment-10498013744573185290_1240_000_1260_000_with_camera_labels-60.png 1080 720 63
big_dataset_depth/000000000546-segment-10498013744573185290_1240_000_1260_000_with_camera_labels-60.png 1088 1104 16
big_dataset_depth/000000000546-segment-10498013744573185290_1240_000_1260_000_with_camera_labels-60.png 1096 720 63
big_dataset_depth/000000000546-segment-10498013744573185290_1240_000_1260_000_with_camera_labels-60.png 1104 712 63
big_dataset_depth/000000000546-segment-10498013744573185290_1240_000_1260_000_with_camera_labels-60.png 1112 712 63
big_dataset_depth/000000000546-segment-10498013744573185290_1240_000_1260_000_with_camera_labels-60.png 1120 704 63
big_dataset_depth/000000000546-segment-10498013744573185290_1240_000_1260_000_with_camera_labels-60.png 1128 696 63
big_dataset_depth/000000000546-segment-10498013744573185290_1240_000_1260_000_with_camera_labels-60.png 1152 704 79
big_dataset_depth/000000000546-segment-10498013744573185290_1240_000_1260_000_with_camera_labels-60.png 1160 712 75
big_dataset_depth/000000000546-segment-10498013744573185290_1240_000_1260_000_with_camera_labels-60.png 1168 696 74
big_dataset_depth/000000000546-segment-10498013744573185290_1240_000_1260_000_with_camera_labels-60.png 1176 696 74
big_dataset_depth/000000000546-segment-10498013744573185290_1240_000_1260_000_with_camera_labels-60.png 1184 704 74
big_dataset_depth/000000000546-segment-10498013744573185290_1240_000_1260_000_with_camera_labels-60.png 1192 704 74
big_dataset_depth/000000000546-segment-10498013744573185290_1240_000_1260_000_with_camera_labels-60.png 1200 704 74
big_dataset_depth/000000000546-segment-10498013744573185290_1240_000_1260_000_with_camera_labels-60.png 1208 704 74
big_dataset_depth/000000000546-segment-10498013744573185290_1240_000_1260_000_with_camera_labels-60.png 1216 704 74
big_dataset_depth/000000000546-segment-10498013744573185290_1240_000_1260_000_with_camera_labels-60.png 1224 704 74
big_dataset_depth/000000000546-segment-10498013744573185290_1240_000_1260_000_with_camera_labels-60.png 1232 688 96
big_dataset_depth/000000000546-segment-10498013744573185290_1240_000_1260_000_with_camera_labels-60.png 1240 696 96
big_dataset_depth/000000000546-segment-10498013744573185290_1240_000_1260_000_with_camera_labels-60.png 1248 688 96
big_dataset_depth/000000000546-segment-10498013744573185290_1240_000_1260_000_with_camera_labels-60.png 1256 696 96
big_dataset_depth/000000000546-segment-10498013744573185290_1240_000_1260_000_with_camera_labels-60.png 1264 696 96
big_dataset_depth/000000000546-segment-10498013744573185290_1240_000_1260_000_with_camera_labels-60.png 1272 712 84
big_dataset_depth/000000000546-segment-10498013744573185290_1240_000_1260_000_with_camera_labels-60.png 1280 712 85
big_dataset_depth/000000000546-segment-10498013744573185290_1240_000_1260_000_with_camera_labels-60.png 1288 720 80
big_dataset_depth/000000000546-segment-10498013744573185290_1240_000_1260_000_with_camera_labels-60.png 1296 720 69
big_dataset_depth/000000000546-segment-10498013744573185290_1240_000_1260_000_with_camera_labels-60.png 1312 720 67
big_dataset_depth/000000000546-segment-10498013744573185290_1240_000_1260_000_with_camera_labels-60.png 1320 728 65
big_dataset_depth/000000000546-segment-10498013744573185290_1240_000_1260_000_with_camera_labels-60.png 1328 728 64
big_dataset_depth/000000000546-segment-10498013744573185290_1240_000_1260_000_with_camera_labels-60.png 1336 720 64
big_dataset_depth/000000000546-segment-10498013744573185290_1240_000_1260_000_with_camera_labels-60.png 1344 720 64
big_dataset_depth/000000000546-segment-10498013744573185290_1240_000_1260_000_with_camera_labels-60.png 1352 728 63
big_dataset_depth/000000000546-segment-10498013744573185290_1240_000_1260_000_with_camera_labels-60.png 1360 720 64
big_dataset_depth/000000000546-segment-10498013744573185290_1240_000_1260_000_with_camera_labels-60.png 1368 728 64
big_dataset_depth/000000000546-segment-10498013744573185290_1240_000_1260_000_with_camera_labels-60.png 1376 744 64
big_dataset_depth/000000000546-segment-10498013744573185290_1240_000_1260_000_with_camera_labels-60.png 1384 736 62
big_dataset_depth/000000000546-segment-10498013744573185290_1240_000_1260_000_with_camera_labels-60.png 1392 728 57
big_dataset_depth/000000000546-segment-10498013744573185290_1240_000_1260_000_with_camera_labels-60.png 1400 736 56
big_dataset_depth/000000000546-segment-10498013744573185290_1240_000_1260_000_with_camera_labels-60.png 1408 760 54
big_dataset_depth/000000000546-segment-10498013744573185290_1240_000_1260_000_with_camera_labels-60.png 1416 744 54
big_dataset_depth/000000000546-segment-10498013744573185290_1240_000_1260_000_with_camera_labels-60.png 1424 768 53
big_dataset_depth/000000000546-segment-10498013744573185290_1240_000_1260_000_with_camera_labels-60.png 1432 760 53
big_dataset_depth/000000000546-segment-10498013744573185290_1240_000_1260_000_with_camera_labels-60.png 1440 752 52
big_dataset_depth/000000000546-segment-10498013744573185290_1240_000_1260_000_with_camera_labels-60.png 1448 752 52
big_dataset_depth/000000000546-segment-10498013744573185290_1240_000_1260_000_with_camera_labels-60.png 1456 752 52
big_dataset_depth/000000000546-segment-10498013744573185290_1240_000_1260_000_with_camera_labels-60.png 1464 752 52
big_dataset_depth/000000000546-segment-10498013744573185290_1240_000_1260_000_with_camera_labels-60.png 1472 752 52
big_dataset_depth/000000000546-segment-10498013744573185290_1240_000_1260_000_with_camera_labels-60.png 1480 752 52
big_dataset_depth/000000000546-segment-10498013744573185290_1240_000_1260_000_with_camera_labels-60.png 1488 744 52
big_dataset_depth/000000000546-segment-10498013744573185290_1240_000_1260_000_with_camera_labels-60.png 1496 776 52
big_dataset_depth/000000000546-segment-10498013744573185290_1240_000_1260_000_with_camera_labels-60.png 1504 760 53
big_dataset_depth/000000000546-segment-10498013744573185290_1240_000_1260_000_with_camera_labels-60.png 1520 800 44
big_dataset_depth/000000000546-segment-10498013744573185290_1240_000_1260_000_with_camera_labels-60.png 1528 800 43
big_dataset_depth/000000000546-segment-10498013744573185290_1240_000_1260_000_with_camera_labels-60.png 1536 792 43
big_dataset_depth/000000000546-segment-10498013744573185290_1240_000_1260_000_with_camera_labels-60.png 1544 792 42
big_dataset_depth/000000000546-segment-10498013744573185290_1240_000_1260_000_with_camera_labels-60.png 1552 792 42
big_dataset_depth/000000000546-segment-10498013744573185290_1240_000_1260_000_with_camera_labels-60.png 1560 792 41
big_dataset_depth/000000000546-segment-10498013744573185290_1240_000_1260_000_with_camera_labels-60.png 1568 776 41
big_dataset_depth/000000000546-segment-10498013744573185290_1240_000_1260_000_with_camera_labels-60.png 1576 800 40
big_dataset_depth/000000000546-segment-10498013744573185290_1240_000_1260_000_with_camera_labels-60.png 1584 800 40
big_dataset_depth/000000000546-segment-10498013744573185290_1240_000_1260_000_with_camera_labels-60.png 1592 816 39
big_dataset_depth/000000000546-segment-10498013744573185290_1240_000_1260_000_with_camera_labels-60.png 1600 816 39
big_dataset_depth/000000000546-segment-10498013744573185290_1240_000_1260_000_with_camera_labels-60.png 1608 824 39
big_dataset_depth/000000000546-segment-10498013744573185290_1240_000_1260_000_with_camera_labels-60.png 1616 832 39
big_dataset_depth/000000000546-segment-10498013744573185290_1240_000_1260_000_with_camera_labels-60.png 1624 776 38
big_dataset_depth/000000000546-segment-10498013744573185290_1240_000_1260_000_with_camera_labels-60.png 1664 984 21
big_dataset_depth/000000000546-segment-10498013744573185290_1240_000_1260_000_with_camera_labels-60.png 1672 1008 20
big_dataset_depth/000000000546-segment-10498013744573185290_1240_000_1260_000_with_camera_labels-60.png 1680 1000 20
big_dataset_depth/000000000546-segment-10498013744573185290_1240_000_1260_000_with_camera_labels-60.png 1688 1016 20
big_dataset_depth/000000000546-segment-10498013744573185290_1240_000_1260_000_with_camera_labels-60.png 1696 1008 20
big_dataset_depth/000000000546-segment-10498013744573185290_1240_000_1260_000_with_camera_labels-60.png 1704 1008 20
big_dataset_depth/000000000546-segment-10498013744573185290_1240_000_1260_000_with_camera_labels-60.png 1712 1032 20
big_dataset_depth/000000000546-segment-10498013744573185290_1240_000_1260_000_with_camera_labels-60.png 1720 960 20
big_dataset_depth/000000000546-segment-10498013744573185290_1240_000_1260_000_with_camera_labels-60.png 1728 952 19
big_dataset_depth/000000000546-segment-10498013744573185290_1240_000_1260_000_with_camera_labels-60.png 1736 1048 19
big_dataset_depth/000000000546-segment-10498013744573185290_1240_000_1260_000_with_camera_labels-60.png 1744 992 19
big_dataset_depth/000000000546-segment-10498013744573185290_1240_000_1260_000_with_camera_labels-60.png 1752 1008 19
big_dataset_depth/000000000546-segment-10498013744573185290_1240_000_1260_000_with_camera_labels-60.png 1760 1032 19
big_dataset_depth/000000000546-segment-10498013744573185290_1240_000_1260_000_with_camera_labels-60.png 1768 1008 18
big_dataset_depth/000000000546-segment-10498013744573185290_1240_000_1260_000_with_camera_labels-60.png 1776 1008 18
big_dataset_depth/000000000546-segment-10498013744573185290_1240_000_1260_000_with_camera_labels-60.png 1784 992 18
big_dataset_depth/000000000546-segment-10498013744573185290_1240_000_1260_000_with_camera_labels-60.png 1792 1032 18
big_dataset_depth/000000000546-segment-10498013744573185290_1240_000_1260_000_with_camera_labels-60.png 1808 1016 18
big_dataset_depth/000000000546-segment-10498013744573185290_1240_000_1260_000_with_camera_labels-60.png 1816 1016 18
big_dataset_depth/000000000546-segment-10498013744573185290_1240_000_1260_000_with_camera_labels-60.png 1824 760 56
big_dataset_depth/000000000546-segment-10498013744573185290_1240_000_1260_000_with_camera_labels-60.png 1832 872 53
big_dataset_depth/000000000546-segment-10498013744573185290_1240_000_1260_000_with_camera_labels-60.png 1840 1032 17
big_dataset_depth/000000000546-segment-10498013744573185290_1240_000_1260_000_with_camera_labels-60.png 1848 1016 17
big_dataset_depth/000000000546-segment-10498013744573185290_1240_000_1260_000_with_camera_labels-60.png 1856 1000 17
big_dataset_depth/000000000546-segment-10498013744573185290_1240_000_1260_000_with_camera_labels-60.png 1864 1024 17
big_dataset_depth/000000000546-segment-10498013744573185290_1240_000_1260_000_with_camera_labels-60.png 1872 840 36
big_dataset_depth/000000000546-segment-10498013744573185290_1240_000_1260_000_with_camera_labels-60.png 1880 864 36
big_dataset_depth/000000000546-segment-10498013744573185290_1240_000_1260_000_with_camera_labels-60.png 1888 936 30
big_dataset_depth/000000000546-segment-10498013744573185290_1240_000_1260_000_with_camera_labels-60.png 1896 744 37
big_dataset_depth/000000000546-segment-10498013744573185290_1240_000_1260_000_with_camera_labels-60.png 1904 1040 16
big_dataset_depth/000000000546-segment-10498013744573185290_1240_000_1260_000_with_camera_labels-60.png 1912 912 40
