big_dataset_depth/000000003826-segment-14106113060128637865_1200_000_1220_000_with_camera_labels-100.png 0 648 39
big_dataset_depth/000000003826-segment-14106113060128637865_1200_000_1220_000_with_camera_labels-100.png 8 888 26
big_dataset_depth/000000003826-segment-14106113060128637865_1200_000_1220_000_with_camera_labels-100.png 16 792 32
big_dataset_depth/000000003826-segment-14106113060128637865_1200_000_1220_000_with_camera_labels-100.png 24 712 38
big_dataset_depth/000000003826-segment-14106113060128637865_1200_000_1220_000_with_camera_labels-100.png 32 944 21
big_dataset_depth/000000003826-segment-14106113060128637865_1200_000_1220_000_with_camera_labels-100.png 40 928 21
big_dataset_depth/000000003826-segment-14106113060128637865_1200_000_1220_000_with_camera_labels-100.png 48 840 28
big_dataset_depth/000000003826-segment-14106113060128637865_1200_000_1220_000_with_camera_labels-100.png 56 952 21
big_dataset_depth/000000003826-segment-14106113060128637865_1200_000_1220_000_with_camera_labels-100.png 72 936 22
big_dataset_depth/000000003826-segment-14106113060128637865_1200_000_1220_000_with_camera_labels-100.png 80 936 22
big_dataset_depth/000000003826-segment-14106113060128637865_1200_000_1220_000_with_camera_labels-100.png 88 936 22
big_dataset_depth/000000003826-segment-14106113060128637865_1200_000_1220_000_with_camera_labels-100.png 96 936 22
big_dataset_depth/000000003826-segment-14106113060128637865_1200_000_1220_000_with_camera_labels-100.png 104 936 22
big_dataset_depth/000000003826-segment-14106113060128637865_1200_000_1220_000_with_camera_labels-100.png 112 864 29
big_dataset_depth/000000003826-segment-14106113060128637865_1200_000_1220_000_with_camera_labels-100.png 120 928 22
big_dataset_depth/000000003826-segment-14106113060128637865_1200_000_1220_000_with_camera_labels-100.png 128 896 22
big_dataset_depth/000000003826-segment-14106113060128637865_1200_000_1220_000_with_camera_labels-100.png 136 864 23
big_dataset_depth/000000003826-segment-14106113060128637865_1200_000_1220_000_with_camera_labels-100.png 144 736 43
big_dataset_depth/000000003826-segment-14106113060128637865_1200_000_1220_000_with_camera_labels-100.png 176 760 36
big_dataset_depth/000000003826-segment-14106113060128637865_1200_000_1220_000_with_camera_labels-100.png 184 720 45
big_dataset_depth/000000003826-segment-14106113060128637865_1200_000_1220_000_with_camera_labels-100.png 192 720 45
big_dataset_depth/000000003826-segment-14106113060128637865_1200_000_1220_000_with_camera_labels-100.png 200 720 46
big_dataset_depth/000000003826-segment-14106113060128637865_1200_000_1220_000_with_camera_labels-100.png 208 720 46
big_dataset_depth/000000003826-segment-14106113060128637865_1200_000_1220_000_with_camera_labels-100.png 216 720 47
big_dataset_depth/000000003826-segment-14106113060128637865_1200_000_1220_000_with_camera_labels-100.png 224 760 36
big_dataset_depth/000000003826-segment-14106113060128637865_1200_000_1220_000_with_camera_labels-100.png 232 712 48
big_dataset_depth/000000003826-segment-14106113060128637865_1200_000_1220_000_with_camera_labels-100.png 240 712 48
big_dataset_depth/000000003826-segment-14106113060128637865_1200_000_1220_000_with_camera_labels-100.png 248 712 49
big_dataset_depth/000000003826-segment-14106113060128637865_1200_000_1220_000_with_camera_labels-100.png 256 704 49
big_dataset_depth/000000003826-segment-14106113060128637865_1200_000_1220_000_with_camera_labels-100.png 264 792 35
big_dataset_depth/000000003826-segment-14106113060128637865_1200_000_1220_000_with_camera_labels-100.png 272 720 46
big_dataset_depth/000000003826-segment-14106113060128637865_1200_000_1220_000_with_camera_labels-100.png 280 792 35
big_dataset_depth/000000003826-segment-14106113060128637865_1200_000_1220_000_with_camera_labels-100.png 288 776 34
big_dataset_depth/000000003826-segment-14106113060128637865_1200_000_1220_000_with_camera_labels-100.png 296 784 34
big_dataset_depth/000000003826-segment-14106113060128637865_1200_000_1220_000_with_camera_labels-100.png 304 768 34
big_dataset_depth/000000003826-segment-14106113060128637865_1200_000_1220_000_with_camera_labels-100.png 312 792 33
big_dataset_depth/000000003826-segment-14106113060128637865_1200_000_1220_000_with_camera_labels-100.png 320 784 34
big_dataset_depth/000000003826-segment-14106113060128637865_1200_000_1220_000_with_camera_labels-100.png 328 784 33
big_dataset_depth/000000003826-segment-14106113060128637865_1200_000_1220_000_with_camera_labels-100.png 336 784 33
big_dataset_depth/000000003826-segment-14106113060128637865_1200_000_1220_000_with_camera_labels-100.png 344 784 33
big_dataset_depth/000000003826-segment-14106113060128637865_1200_000_1220_000_with_camera_labels-100.png 352 784 33
big_dataset_depth/000000003826-segment-14106113060128637865_1200_000_1220_000_with_camera_labels-100.png 360 784 34
big_dataset_depth/000000003826-segment-14106113060128637865_1200_000_1220_000_with_camera_labels-100.png 368 776 33
big_dataset_depth/000000003826-segment-14106113060128637865_1200_000_1220_000_with_camera_labels-100.png 376 768 33
big_dataset_depth/000000003826-segment-14106113060128637865_1200_000_1220_000_with_camera_labels-100.png 384 784 34
big_dataset_depth/000000003826-segment-14106113060128637865_1200_000_1220_000_with_camera_labels-100.png 392 768 33
big_dataset_depth/000000003826-segment-14106113060128637865_1200_000_1220_000_with_camera_labels-100.png 400 768 33
big_dataset_depth/000000003826-segment-14106113060128637865_1200_000_1220_000_with_camera_labels-100.png 408 792 34
big_dataset_depth/000000003826-segment-14106113060128637865_1200_000_1220_000_with_camera_labels-100.png 416 792 34
big_dataset_depth/000000003826-segment-14106113060128637865_1200_000_1220_000_with_camera_labels-100.png 424 776 34
big_dataset_depth/000000003826-segment-14106113060128637865_1200_000_1220_000_with_camera_labels-100.png 432 776 34
big_dataset_depth/000000003826-segment-14106113060128637865_1200_000_1220_000_with_camera_labels-100.png 440 776 34
big_dataset_depth/000000003826-segment-14106113060128637865_1200_000_1220_000_with_camera_labels-100.png 448 792 34
big_dataset_depth/000000003826-segment-14106113060128637865_1200_000_1220_000_with_camera_labels-100.png 464 656 45
big_dataset_depth/000000003826-segment-14106113060128637865_1200_000_1220_000_with_camera_labels-100.png 472 680 58
big_dataset_depth/000000003826-segment-14106113060128637865_1200_000_1220_000_with_camera_labels-100.png 480 696 55
big_dataset_depth/000000003826-segment-14106113060128637865_1200_000_1220_000_with_camera_labels-100.png 488 768 38
big_dataset_depth/000000003826-segment-14106113060128637865_1200_000_1220_000_with_camera_labels-100.png 496 720 41
big_dataset_depth/000000003826-segment-14106113060128637865_1200_000_1220_000_with_camera_labels-100.png 504 736 42
big_dataset_depth/000000003826-segment-14106113060128637865_1200_000_1220_000_with_camera_labels-100.png 512 736 41
big_dataset_depth/000000003826-segment-14106113060128637865_1200_000_1220_000_with_camera_labels-100.png 520 744 42
big_dataset_depth/000000003826-segment-14106113060128637865_1200_000_1220_000_with_camera_labels-100.png 528 744 42
big_dataset_depth/000000003826-segment-14106113060128637865_1200_000_1220_000_with_camera_labels-100.png 536 744 42
big_dataset_depth/000000003826-segment-14106113060128637865_1200_000_1220_000_with_camera_labels-100.png 544 744 42
big_dataset_depth/000000003826-segment-14106113060128637865_1200_000_1220_000_with_camera_labels-100.png 552 736 43
big_dataset_depth/000000003826-segment-14106113060128637865_1200_000_1220_000_with_camera_labels-100.png 560 720 44
big_dataset_depth/000000003826-segment-14106113060128637865_1200_000_1220_000_with_camera_labels-100.png 568 728 45
big_dataset_depth/000000003826-segment-14106113060128637865_1200_000_1220_000_with_camera_labels-100.png 576 736 46
big_dataset_depth/000000003826-segment-14106113060128637865_1200_000_1220_000_with_camera_labels-100.png 584 728 46
big_dataset_depth/000000003826-segment-14106113060128637865_1200_000_1220_000_with_camera_labels-100.png 600 696 88
big_dataset_depth/000000003826-segment-14106113060128637865_1200_000_1220_000_with_camera_labels-100.png 608 712 85
big_dataset_depth/000000003826-segment-14106113060128637865_1200_000_1220_000_with_camera_labels-100.png 616 704 87
big_dataset_depth/000000003826-segment-14106113060128637865_1200_000_1220_000_with_camera_labels-100.png 624 696 90
big_dataset_depth/000000003826-segment-14106113060128637865_1200_000_1220_000_with_camera_labels-100.png 632 688 94
big_dataset_depth/000000003826-segment-14106113060128637865_1200_000_1220_000_with_camera_labels-100.png 640 688 98
big_dataset_depth/000000003826-segment-14106113060128637865_1200_000_1220_000_with_camera_labels-100.png 648 696 92
big_dataset_depth/000000003826-segment-14106113060128637865_1200_000_1220_000_with_camera_labels-100.png 656 704 86
big_dataset_depth/000000003826-segment-14106113060128637865_1200_000_1220_000_with_camera_labels-100.png 664 704 85
big_dataset_depth/000000003826-segment-14106113060128637865_1200_000_1220_000_with_camera_labels-100.png 672 704 87
big_dataset_depth/000000003826-segment-14106113060128637865_1200_000_1220_000_with_camera_labels-100.png 680 696 90
big_dataset_depth/000000003826-segment-14106113060128637865_1200_000_1220_000_with_camera_labels-100.png 688 672 95
big_dataset_depth/000000003826-segment-14106113060128637865_1200_000_1220_000_with_camera_labels-100.png 696 688 95
big_dataset_depth/000000003826-segment-14106113060128637865_1200_000_1220_000_with_camera_labels-100.png 704 640 102
big_dataset_depth/000000003826-segment-14106113060128637865_1200_000_1220_000_with_camera_labels-100.png 712 608 108
big_dataset_depth/000000003826-segment-14106113060128637865_1200_000_1220_000_with_camera_labels-100.png 720 608 108
big_dataset_depth/000000003826-segment-14106113060128637865_1200_000_1220_000_with_camera_labels-100.png 728 600 108
big_dataset_depth/000000003826-segment-14106113060128637865_1200_000_1220_000_with_camera_labels-100.png 736 600 108
big_dataset_depth/000000003826-segment-14106113060128637865_1200_000_1220_000_with_camera_labels-100.png 744 600 109
big_dataset_depth/000000003826-segment-14106113060128637865_1200_000_1220_000_with_camera_labels-100.png 752 656 107
big_dataset_depth/000000003826-segment-14106113060128637865_1200_000_1220_000_with_camera_labels-100.png 768 712 93
big_dataset_depth/000000003826-segment-14106113060128637865_1200_000_1220_000_with_camera_labels-100.png 776 656 106
big_dataset_depth/000000003826-segment-14106113060128637865_1200_000_1220_000_with_camera_labels-100.png 784 656 106
big_dataset_depth/000000003826-segment-14106113060128637865_1200_000_1220_000_with_camera_labels-100.png 792 664 107
big_dataset_depth/000000003826-segment-14106113060128637865_1200_000_1220_000_with_camera_labels-100.png 1016 672 98
big_dataset_depth/000000003826-segment-14106113060128637865_1200_000_1220_000_with_camera_labels-100.png 1024 696 94
big_dataset_depth/000000003826-segment-14106113060128637865_1200_000_1220_000_with_camera_labels-100.png 1032 696 94
big_dataset_depth/000000003826-segment-14106113060128637865_1200_000_1220_000_with_camera_labels-100.png 1040 696 94
big_dataset_depth/000000003826-segment-14106113060128637865_1200_000_1220_000_with_camera_labels-100.png 1048 696 94
big_dataset_depth/000000003826-segment-14106113060128637865_1200_000_1220_000_with_camera_labels-100.png 1056 696 94
big_dataset_depth/000000003826-segment-14106113060128637865_1200_000_1220_000_with_camera_labels-100.png 1064 696 94
big_dataset_depth/000000003826-segment-14106113060128637865_1200_000_1220_000_with_camera_labels-100.png 1072 688 94
big_dataset_depth/000000003826-segment-14106113060128637865_1200_000_1220_000_with_camera_labels-100.png 1080 616 92
big_dataset_depth/000000003826-segment-14106113060128637865_1200_000_1220_000_with_camera_labels-100.png 1088 696 98
big_dataset_depth/000000003826-segment-14106113060128637865_1200_000_1220_000_with_camera_labels-100.png 1096 704 91
big_dataset_depth/000000003826-segment-14106113060128637865_1200_000_1220_000_with_camera_labels-100.png 1104 712 90
big_dataset_depth/000000003826-segment-14106113060128637865_1200_000_1220_000_with_camera_labels-100.png 1112 712 90
big_dataset_depth/000000003826-segment-14106113060128637865_1200_000_1220_000_with_camera_labels-100.png 1120 712 91
big_dataset_depth/000000003826-segment-14106113060128637865_1200_000_1220_000_with_camera_labels-100.png 1128 720 82
big_dataset_depth/000000003826-segment-14106113060128637865_1200_000_1220_000_with_camera_labels-100.png 1136 720 82
big_dataset_depth/000000003826-segment-14106113060128637865_1200_000_1220_000_with_camera_labels-100.png 1144 720 82
big_dataset_depth/000000003826-segment-14106113060128637865_1200_000_1220_000_with_camera_labels-100.png 1152 760 36
big_dataset_depth/000000003826-segment-14106113060128637865_1200_000_1220_000_with_camera_labels-100.png 1160 784 36
big_dataset_depth/000000003826-segment-14106113060128637865_1200_000_1220_000_with_camera_labels-100.png 1168 784 36
big_dataset_depth/000000003826-segment-14106113060128637865_1200_000_1220_000_with_camera_labels-100.png 1176 792 36
big_dataset_depth/000000003826-segment-14106113060128637865_1200_000_1220_000_with_camera_labels-100.png 1184 712 70
big_dataset_depth/000000003826-segment-14106113060128637865_1200_000_1220_000_with_camera_labels-100.png 1192 816 32
big_dataset_depth/000000003826-segment-14106113060128637865_1200_000_1220_000_with_camera_labels-100.png 1200 808 32
big_dataset_depth/000000003826-segment-14106113060128637865_1200_000_1220_000_with_camera_labels-100.png 1216 816 31
big_dataset_depth/000000003826-segment-14106113060128637865_1200_000_1220_000_with_camera_labels-100.png 1224 832 31
big_dataset_depth/000000003826-segment-14106113060128637865_1200_000_1220_000_with_camera_labels-100.png 1232 816 31
big_dataset_depth/000000003826-segment-14106113060128637865_1200_000_1220_000_with_camera_labels-100.png 1240 832 31
big_dataset_depth/000000003826-segment-14106113060128637865_1200_000_1220_000_with_camera_labels-100.png 1248 832 31
big_dataset_depth/000000003826-segment-14106113060128637865_1200_000_1220_000_with_camera_labels-100.png 1256 784 31
big_dataset_depth/000000003826-segment-14106113060128637865_1200_000_1220_000_with_camera_labels-100.png 1264 792 31
big_dataset_depth/000000003826-segment-14106113060128637865_1200_000_1220_000_with_camera_labels-100.png 1272 792 31
big_dataset_depth/000000003826-segment-14106113060128637865_1200_000_1220_000_with_camera_labels-100.png 1280 792 31
big_dataset_depth/000000003826-segment-14106113060128637865_1200_000_1220_000_with_camera_labels-100.png 1288 792 31
big_dataset_depth/000000003826-segment-14106113060128637865_1200_000_1220_000_with_camera_labels-100.png 1296 792 31
big_dataset_depth/000000003826-segment-14106113060128637865_1200_000_1220_000_with_camera_labels-100.png 1312 872 23
big_dataset_depth/000000003826-segment-14106113060128637865_1200_000_1220_000_with_camera_labels-100.png 1320 920 22
big_dataset_depth/000000003826-segment-14106113060128637865_1200_000_1220_000_with_camera_labels-100.png 1328 920 22
big_dataset_depth/000000003826-segment-14106113060128637865_1200_000_1220_000_with_camera_labels-100.png 1336 928 22
big_dataset_depth/000000003826-segment-14106113060128637865_1200_000_1220_000_with_camera_labels-100.png 1344 936 22
big_dataset_depth/000000003826-segment-14106113060128637865_1200_000_1220_000_with_camera_labels-100.png 1352 936 22
big_dataset_depth/000000003826-segment-14106113060128637865_1200_000_1220_000_with_camera_labels-100.png 1360 872 21
big_dataset_depth/000000003826-segment-14106113060128637865_1200_000_1220_000_with_camera_labels-100.png 1368 936 22
big_dataset_depth/000000003826-segment-14106113060128637865_1200_000_1220_000_with_camera_labels-100.png 1376 944 21
big_dataset_depth/000000003826-segment-14106113060128637865_1200_000_1220_000_with_camera_labels-100.png 1384 920 20
big_dataset_depth/000000003826-segment-14106113060128637865_1200_000_1220_000_with_camera_labels-100.png 1392 872 20
big_dataset_depth/000000003826-segment-14106113060128637865_1200_000_1220_000_with_camera_labels-100.png 1400 1008 19
big_dataset_depth/000000003826-segment-14106113060128637865_1200_000_1220_000_with_camera_labels-100.png 1408 1008 19
big_dataset_depth/000000003826-segment-14106113060128637865_1200_000_1220_000_with_camera_labels-100.png 1416 1008 18
big_dataset_depth/000000003826-segment-14106113060128637865_1200_000_1220_000_with_camera_labels-100.png 1424 1024 18
big_dataset_depth/000000003826-segment-14106113060128637865_1200_000_1220_000_with_camera_labels-100.png 1432 1008 18
big_dataset_depth/000000003826-segment-14106113060128637865_1200_000_1220_000_with_camera_labels-100.png 1440 1016 19
big_dataset_depth/000000003826-segment-14106113060128637865_1200_000_1220_000_with_camera_labels-100.png 1448 1016 18
big_dataset_depth/000000003826-segment-14106113060128637865_1200_000_1220_000_with_camera_labels-100.png 1464 1016 19
big_dataset_depth/000000003826-segment-14106113060128637865_1200_000_1220_000_with_camera_labels-100.png 1472 960 17
big_dataset_depth/000000003826-segment-14106113060128637865_1200_000_1220_000_with_camera_labels-100.png 1480 952 17
big_dataset_depth/000000003826-segment-14106113060128637865_1200_000_1220_000_with_camera_labels-100.png 1488 960 17
big_dataset_depth/000000003826-segment-14106113060128637865_1200_000_1220_000_with_camera_labels-100.png 1496 968 18
big_dataset_depth/000000003826-segment-14106113060128637865_1200_000_1220_000_with_camera_labels-100.png 1504 968 18
big_dataset_depth/000000003826-segment-14106113060128637865_1200_000_1220_000_with_camera_labels-100.png 1512 960 17
big_dataset_depth/000000003826-segment-14106113060128637865_1200_000_1220_000_with_camera_labels-100.png 1520 976 18
big_dataset_depth/000000003826-segment-14106113060128637865_1200_000_1220_000_with_camera_labels-100.png 1528 968 18
big_dataset_depth/000000003826-segment-14106113060128637865_1200_000_1220_000_with_camera_labels-100.png 1536 984 19
big_dataset_depth/000000003826-segment-14106113060128637865_1200_000_1220_000_with_camera_labels-100.png 1544 1016 20
big_dataset_depth/000000003826-segment-14106113060128637865_1200_000_1220_000_with_camera_labels-100.png 1552 984 18
big_dataset_depth/000000003826-segment-14106113060128637865_1200_000_1220_000_with_camera_labels-100.png 1560 968 17
big_dataset_depth/000000003826-segment-14106113060128637865_1200_000_1220_000_with_camera_labels-100.png 1568 968 17
big_dataset_depth/000000003826-segment-14106113060128637865_1200_000_1220_000_with_camera_labels-100.png 1576 968 17
big_dataset_depth/000000003826-segment-14106113060128637865_1200_000_1220_000_with_camera_labels-100.png 1584 976 18
big_dataset_depth/000000003826-segment-14106113060128637865_1200_000_1220_000_with_camera_labels-100.png 1592 968 18
big_dataset_depth/000000003826-segment-14106113060128637865_1200_000_1220_000_with_camera_labels-100.png 1600 984 18
big_dataset_depth/000000003826-segment-14106113060128637865_1200_000_1220_000_with_camera_labels-100.png 1608 976 18
big_dataset_depth/000000003826-segment-14106113060128637865_1200_000_1220_000_with_camera_labels-100.png 1616 976 18
big_dataset_depth/000000003826-segment-14106113060128637865_1200_000_1220_000_with_camera_labels-100.png 1624 976 18
big_dataset_depth/000000003826-segment-14106113060128637865_1200_000_1220_000_with_camera_labels-100.png 1632 984 18
big_dataset_depth/000000003826-segment-14106113060128637865_1200_000_1220_000_with_camera_labels-100.png 1640 968 18
big_dataset_depth/000000003826-segment-14106113060128637865_1200_000_1220_000_with_camera_labels-100.png 1648 992 18
big_dataset_depth/000000003826-segment-14106113060128637865_1200_000_1220_000_with_camera_labels-100.png 1656 984 18
big_dataset_depth/000000003826-segment-14106113060128637865_1200_000_1220_000_with_camera_labels-100.png 1664 984 18
big_dataset_depth/000000003826-segment-14106113060128637865_1200_000_1220_000_with_camera_labels-100.png 1672 976 18
big_dataset_depth/000000003826-segment-14106113060128637865_1200_000_1220_000_with_camera_labels-100.png 1680 976 18
big_dataset_depth/000000003826-segment-14106113060128637865_1200_000_1220_000_with_camera_labels-100.png 1688 984 18
big_dataset_depth/000000003826-segment-14106113060128637865_1200_000_1220_000_with_camera_labels-100.png 1696 1000 18
big_dataset_depth/000000003826-segment-14106113060128637865_1200_000_1220_000_with_camera_labels-100.png 1704 1032 19
big_dataset_depth/000000003826-segment-14106113060128637865_1200_000_1220_000_with_camera_labels-100.png 1712 1032 19
big_dataset_depth/000000003826-segment-14106113060128637865_1200_000_1220_000_with_camera_labels-100.png 1720 1032 19
big_dataset_depth/000000003826-segment-14106113060128637865_1200_000_1220_000_with_camera_labels-100.png 1728 1040 19
big_dataset_depth/000000003826-segment-14106113060128637865_1200_000_1220_000_with_camera_labels-100.png 1736 1032 19
big_dataset_depth/000000003826-segment-14106113060128637865_1200_000_1220_000_with_camera_labels-100.png 1744 904 26
big_dataset_depth/000000003826-segment-14106113060128637865_1200_000_1220_000_with_camera_labels-100.png 1752 944 24
big_dataset_depth/000000003826-segment-14106113060128637865_1200_000_1220_000_with_camera_labels-100.png 1760 1032 19
big_dataset_depth/000000003826-segment-14106113060128637865_1200_000_1220_000_with_camera_labels-100.png 1768 976 18
big_dataset_depth/000000003826-segment-14106113060128637865_1200_000_1220_000_with_camera_labels-100.png 1776 976 18
big_dataset_depth/000000003826-segment-14106113060128637865_1200_000_1220_000_with_camera_labels-100.png 1784 976 18
big_dataset_depth/000000003826-segment-14106113060128637865_1200_000_1220_000_with_camera_labels-100.png 1792 728 36
big_dataset_depth/000000003826-segment-14106113060128637865_1200_000_1220_000_with_camera_labels-100.png 1800 1040 19
big_dataset_depth/000000003826-segment-14106113060128637865_1200_000_1220_000_with_camera_labels-100.png 1808 1040 19
big_dataset_depth/000000003826-segment-14106113060128637865_1200_000_1220_000_with_camera_labels-100.png 1816 1040 19
big_dataset_depth/000000003826-segment-14106113060128637865_1200_000_1220_000_with_camera_labels-100.png 1824 824 22
big_dataset_depth/000000003826-segment-14106113060128637865_1200_000_1220_000_with_camera_labels-100.png 1840 1064 19
big_dataset_depth/000000003826-segment-14106113060128637865_1200_000_1220_000_with_camera_labels-100.png 1848 824 22
big_dataset_depth/000000003826-segment-14106113060128637865_1200_000_1220_000_with_camera_labels-100.png 1856 1064 18
big_dataset_depth/000000003826-segment-14106113060128637865_1200_000_1220_000_with_camera_labels-100.png 1864 832 26
big_dataset_depth/000000003826-segment-14106113060128637865_1200_000_1220_000_with_camera_labels-100.png 1872 752 21
big_dataset_depth/000000003826-segment-14106113060128637865_1200_000_1220_000_with_camera_labels-100.png 1880 888 24
big_dataset_depth/000000003826-segment-14106113060128637865_1200_000_1220_000_with_camera_labels-100.png 1888 928 24
big_dataset_depth/000000003826-segment-14106113060128637865_1200_000_1220_000_with_camera_labels-100.png 1896 832 33
big_dataset_depth/000000003826-segment-14106113060128637865_1200_000_1220_000_with_camera_labels-100.png 1904 824 33
big_dataset_depth/000000003826-segment-14106113060128637865_1200_000_1220_000_with_camera_labels-100.png 1912 704 19
