big_dataset_depth/000000003568-segment-13862220583747475906_1260_000_1280_000_with_camera_labels-110.png 0 928 12
big_dataset_depth/000000003568-segment-13862220583747475906_1260_000_1280_000_with_camera_labels-110.png 8 1064 23
big_dataset_depth/000000003568-segment-13862220583747475906_1260_000_1280_000_with_camera_labels-110.png 16 1280 11
big_dataset_depth/000000003568-segment-13862220583747475906_1260_000_1280_000_with_camera_labels-110.png 24 1280 11
big_dataset_depth/000000003568-segment-13862220583747475906_1260_000_1280_000_with_camera_labels-110.png 32 1280 11
big_dataset_depth/000000003568-segment-13862220583747475906_1260_000_1280_000_with_camera_labels-110.png 40 1056 13
big_dataset_depth/000000003568-segment-13862220583747475906_1260_000_1280_000_with_camera_labels-110.png 48 1272 11
big_dataset_depth/000000003568-segment-13862220583747475906_1260_000_1280_000_with_camera_labels-110.png 56 1272 11
big_dataset_depth/000000003568-segment-13862220583747475906_1260_000_1280_000_with_camera_labels-110.png 64 1248 11
big_dataset_depth/000000003568-segment-13862220583747475906_1260_000_1280_000_with_camera_labels-110.png 80 1240 11
big_dataset_depth/000000003568-segment-13862220583747475906_1260_000_1280_000_with_camera_labels-110.png 88 1248 12
big_dataset_depth/000000003568-segment-13862220583747475906_1260_000_1280_000_with_camera_labels-110.png 96 1248 12
big_dataset_depth/000000003568-segment-13862220583747475906_1260_000_1280_000_with_camera_labels-110.png 104 1224 12
big_dataset_depth/000000003568-segment-13862220583747475906_1260_000_1280_000_with_camera_labels-110.png 112 1224 12
big_dataset_depth/000000003568-segment-13862220583747475906_1260_000_1280_000_with_camera_labels-110.png 120 1224 12
big_dataset_depth/000000003568-segment-13862220583747475906_1260_000_1280_000_with_camera_labels-110.png 128 1224 12
big_dataset_depth/000000003568-segment-13862220583747475906_1260_000_1280_000_with_camera_labels-110.png 136 1224 12
big_dataset_depth/000000003568-segment-13862220583747475906_1260_000_1280_000_with_camera_labels-110.png 152 1192 12
big_dataset_depth/000000003568-segment-13862220583747475906_1260_000_1280_000_with_camera_labels-110.png 160 1192 12
big_dataset_depth/000000003568-segment-13862220583747475906_1260_000_1280_000_with_camera_labels-110.png 168 1192 12
big_dataset_depth/000000003568-segment-13862220583747475906_1260_000_1280_000_with_camera_labels-110.png 176 1232 13
big_dataset_depth/000000003568-segment-13862220583747475906_1260_000_1280_000_with_camera_labels-110.png 184 1176 13
big_dataset_depth/000000003568-segment-13862220583747475906_1260_000_1280_000_with_camera_labels-110.png 192 1176 13
big_dataset_depth/000000003568-segment-13862220583747475906_1260_000_1280_000_with_camera_labels-110.png 200 1176 13
big_dataset_depth/000000003568-segment-13862220583747475906_1260_000_1280_000_with_camera_labels-110.png 224 1176 14
big_dataset_depth/000000003568-segment-13862220583747475906_1260_000_1280_000_with_camera_labels-110.png 232 1168 14
big_dataset_depth/000000003568-segment-13862220583747475906_1260_000_1280_000_with_camera_labels-110.png 240 1192 14
big_dataset_depth/000000003568-segment-13862220583747475906_1260_000_1280_000_with_camera_labels-110.png 248 1192 14
big_dataset_depth/000000003568-segment-13862220583747475906_1260_000_1280_000_with_camera_labels-110.png 256 1192 14
big_dataset_depth/000000003568-segment-13862220583747475906_1260_000_1280_000_with_camera_labels-110.png 264 1200 14
big_dataset_depth/000000003568-segment-13862220583747475906_1260_000_1280_000_with_camera_labels-110.png 272 1192 14
big_dataset_depth/000000003568-segment-13862220583747475906_1260_000_1280_000_with_camera_labels-110.png 280 1192 14
big_dataset_depth/000000003568-segment-13862220583747475906_1260_000_1280_000_with_camera_labels-110.png 288 1184 14
big_dataset_depth/000000003568-segment-13862220583747475906_1260_000_1280_000_with_camera_labels-110.png 296 1176 14
big_dataset_depth/000000003568-segment-13862220583747475906_1260_000_1280_000_with_camera_labels-110.png 304 1168 14
big_dataset_depth/000000003568-segment-13862220583747475906_1260_000_1280_000_with_camera_labels-110.png 312 1168 14
big_dataset_depth/000000003568-segment-13862220583747475906_1260_000_1280_000_with_camera_labels-110.png 320 1144 15
big_dataset_depth/000000003568-segment-13862220583747475906_1260_000_1280_000_with_camera_labels-110.png 328 1112 15
big_dataset_depth/000000003568-segment-13862220583747475906_1260_000_1280_000_with_camera_labels-110.png 336 1120 15
big_dataset_depth/000000003568-segment-13862220583747475906_1260_000_1280_000_with_camera_labels-110.png 344 1040 15
big_dataset_depth/000000003568-segment-13862220583747475906_1260_000_1280_000_with_camera_labels-110.png 352 1040 15
big_dataset_depth/000000003568-segment-13862220583747475906_1260_000_1280_000_with_camera_labels-110.png 360 1056 15
big_dataset_depth/000000003568-segment-13862220583747475906_1260_000_1280_000_with_camera_labels-110.png 368 1032 15
big_dataset_depth/000000003568-segment-13862220583747475906_1260_000_1280_000_with_camera_labels-110.png 376 1040 16
big_dataset_depth/000000003568-segment-13862220583747475906_1260_000_1280_000_with_camera_labels-110.png 384 1032 16
big_dataset_depth/000000003568-segment-13862220583747475906_1260_000_1280_000_with_camera_labels-110.png 392 1016 16
big_dataset_depth/000000003568-segment-13862220583747475906_1260_000_1280_000_with_camera_labels-110.png 400 1016 16
big_dataset_depth/000000003568-segment-13862220583747475906_1260_000_1280_000_with_camera_labels-110.png 408 1016 16
big_dataset_depth/000000003568-segment-13862220583747475906_1260_000_1280_000_with_camera_labels-110.png 416 1008 16
big_dataset_depth/000000003568-segment-13862220583747475906_1260_000_1280_000_with_camera_labels-110.png 424 1000 17
big_dataset_depth/000000003568-segment-13862220583747475906_1260_000_1280_000_with_camera_labels-110.png 432 1000 17
big_dataset_depth/000000003568-segment-13862220583747475906_1260_000_1280_000_with_camera_labels-110.png 440 984 17
big_dataset_depth/000000003568-segment-13862220583747475906_1260_000_1280_000_with_camera_labels-110.png 448 976 17
big_dataset_depth/000000003568-segment-13862220583747475906_1260_000_1280_000_with_camera_labels-110.png 456 960 17
big_dataset_depth/000000003568-segment-13862220583747475906_1260_000_1280_000_with_camera_labels-110.png 488 856 30
big_dataset_depth/000000003568-segment-13862220583747475906_1260_000_1280_000_with_camera_labels-110.png 496 832 29
big_dataset_depth/000000003568-segment-13862220583747475906_1260_000_1280_000_with_camera_labels-110.png 504 832 29
big_dataset_depth/000000003568-segment-13862220583747475906_1260_000_1280_000_with_camera_labels-110.png 512 832 29
big_dataset_depth/000000003568-segment-13862220583747475906_1260_000_1280_000_with_camera_labels-110.png 520 832 29
big_dataset_depth/000000003568-segment-13862220583747475906_1260_000_1280_000_with_camera_labels-110.png 528 840 29
big_dataset_depth/000000003568-segment-13862220583747475906_1260_000_1280_000_with_camera_labels-110.png 536 856 29
big_dataset_depth/000000003568-segment-13862220583747475906_1260_000_1280_000_with_camera_labels-110.png 544 840 29
big_dataset_depth/000000003568-segment-13862220583747475906_1260_000_1280_000_with_camera_labels-110.png 552 848 29
big_dataset_depth/000000003568-segment-13862220583747475906_1260_000_1280_000_with_camera_labels-110.png 560 824 29
big_dataset_depth/000000003568-segment-13862220583747475906_1260_000_1280_000_with_camera_labels-110.png 568 832 30
big_dataset_depth/000000003568-segment-13862220583747475906_1260_000_1280_000_with_camera_labels-110.png 576 824 29
big_dataset_depth/000000003568-segment-13862220583747475906_1260_000_1280_000_with_camera_labels-110.png 584 832 29
big_dataset_depth/000000003568-segment-13862220583747475906_1260_000_1280_000_with_camera_labels-110.png 592 824 29
big_dataset_depth/000000003568-segment-13862220583747475906_1260_000_1280_000_with_camera_labels-110.png 600 832 30
big_dataset_depth/000000003568-segment-13862220583747475906_1260_000_1280_000_with_camera_labels-110.png 608 824 29
big_dataset_depth/000000003568-segment-13862220583747475906_1260_000_1280_000_with_camera_labels-110.png 616 840 29
big_dataset_depth/000000003568-segment-13862220583747475906_1260_000_1280_000_with_camera_labels-110.png 624 832 30
big_dataset_depth/000000003568-segment-13862220583747475906_1260_000_1280_000_with_camera_labels-110.png 632 824 29
big_dataset_depth/000000003568-segment-13862220583747475906_1260_000_1280_000_with_camera_labels-110.png 640 824 30
big_dataset_depth/000000003568-segment-13862220583747475906_1260_000_1280_000_with_camera_labels-110.png 648 840 30
big_dataset_depth/000000003568-segment-13862220583747475906_1260_000_1280_000_with_camera_labels-110.png 656 840 31
big_dataset_depth/000000003568-segment-13862220583747475906_1260_000_1280_000_with_camera_labels-110.png 664 808 32
big_dataset_depth/000000003568-segment-13862220583747475906_1260_000_1280_000_with_camera_labels-110.png 672 808 33
big_dataset_depth/000000003568-segment-13862220583747475906_1260_000_1280_000_with_camera_labels-110.png 680 808 33
big_dataset_depth/000000003568-segment-13862220583747475906_1260_000_1280_000_with_camera_labels-110.png 688 808 34
big_dataset_depth/000000003568-segment-13862220583747475906_1260_000_1280_000_with_camera_labels-110.png 696 808 34
big_dataset_depth/000000003568-segment-13862220583747475906_1260_000_1280_000_with_camera_labels-110.png 712 680 80
big_dataset_depth/000000003568-segment-13862220583747475906_1260_000_1280_000_with_camera_labels-110.png 728 536 65
big_dataset_depth/000000003568-segment-13862220583747475906_1260_000_1280_000_with_camera_labels-110.png 736 536 65
big_dataset_depth/000000003568-segment-13862220583747475906_1260_000_1280_000_with_camera_labels-110.png 944 712 55
big_dataset_depth/000000003568-segment-13862220583747475906_1260_000_1280_000_with_camera_labels-110.png 952 712 55
big_dataset_depth/000000003568-segment-13862220583747475906_1260_000_1280_000_with_camera_labels-110.png 960 704 56
big_dataset_depth/000000003568-segment-13862220583747475906_1260_000_1280_000_with_camera_labels-110.png 968 704 55
big_dataset_depth/000000003568-segment-13862220583747475906_1260_000_1280_000_with_camera_labels-110.png 976 696 55
big_dataset_depth/000000003568-segment-13862220583747475906_1260_000_1280_000_with_camera_labels-110.png 984 704 55
big_dataset_depth/000000003568-segment-13862220583747475906_1260_000_1280_000_with_camera_labels-110.png 1000 704 55
big_dataset_depth/000000003568-segment-13862220583747475906_1260_000_1280_000_with_camera_labels-110.png 1008 704 55
big_dataset_depth/000000003568-segment-13862220583747475906_1260_000_1280_000_with_camera_labels-110.png 1016 712 54
big_dataset_depth/000000003568-segment-13862220583747475906_1260_000_1280_000_with_camera_labels-110.png 1024 704 55
big_dataset_depth/000000003568-segment-13862220583747475906_1260_000_1280_000_with_camera_labels-110.png 1032 712 55
big_dataset_depth/000000003568-segment-13862220583747475906_1260_000_1280_000_with_camera_labels-110.png 1040 712 55
big_dataset_depth/000000003568-segment-13862220583747475906_1260_000_1280_000_with_camera_labels-110.png 1056 656 99
big_dataset_depth/000000003568-segment-13862220583747475906_1260_000_1280_000_with_camera_labels-110.png 1064 656 99
big_dataset_depth/000000003568-segment-13862220583747475906_1260_000_1280_000_with_camera_labels-110.png 1072 680 82
big_dataset_depth/000000003568-segment-13862220583747475906_1260_000_1280_000_with_camera_labels-110.png 1080 688 63
big_dataset_depth/000000003568-segment-13862220583747475906_1260_000_1280_000_with_camera_labels-110.png 1088 712 62
big_dataset_depth/000000003568-segment-13862220583747475906_1260_000_1280_000_with_camera_labels-110.png 1096 704 59
big_dataset_depth/000000003568-segment-13862220583747475906_1260_000_1280_000_with_camera_labels-110.png 1104 720 57
big_dataset_depth/000000003568-segment-13862220583747475906_1260_000_1280_000_with_camera_labels-110.png 1112 736 48
big_dataset_depth/000000003568-segment-13862220583747475906_1260_000_1280_000_with_camera_labels-110.png 1120 720 50
big_dataset_depth/000000003568-segment-13862220583747475906_1260_000_1280_000_with_camera_labels-110.png 1128 736 48
big_dataset_depth/000000003568-segment-13862220583747475906_1260_000_1280_000_with_camera_labels-110.png 1136 744 44
big_dataset_depth/000000003568-segment-13862220583747475906_1260_000_1280_000_with_camera_labels-110.png 1144 752 44
big_dataset_depth/000000003568-segment-13862220583747475906_1260_000_1280_000_with_camera_labels-110.png 1152 736 43
big_dataset_depth/000000003568-segment-13862220583747475906_1260_000_1280_000_with_camera_labels-110.png 1160 792 36
big_dataset_depth/000000003568-segment-13862220583747475906_1260_000_1280_000_with_camera_labels-110.png 1168 776 35
big_dataset_depth/000000003568-segment-13862220583747475906_1260_000_1280_000_with_camera_labels-110.png 1176 808 33
big_dataset_depth/000000003568-segment-13862220583747475906_1260_000_1280_000_with_camera_labels-110.png 1184 808 32
big_dataset_depth/000000003568-segment-13862220583747475906_1260_000_1280_000_with_camera_labels-110.png 1192 800 32
big_dataset_depth/000000003568-segment-13862220583747475906_1260_000_1280_000_with_camera_labels-110.png 1200 784 32
big_dataset_depth/000000003568-segment-13862220583747475906_1260_000_1280_000_with_camera_labels-110.png 1208 792 32
big_dataset_depth/000000003568-segment-13862220583747475906_1260_000_1280_000_with_camera_labels-110.png 1216 776 32
big_dataset_depth/000000003568-segment-13862220583747475906_1260_000_1280_000_with_camera_labels-110.png 1224 808 32
big_dataset_depth/000000003568-segment-13862220583747475906_1260_000_1280_000_with_camera_labels-110.png 1232 792 32
big_dataset_depth/000000003568-segment-13862220583747475906_1260_000_1280_000_with_camera_labels-110.png 1240 808 32
big_dataset_depth/000000003568-segment-13862220583747475906_1260_000_1280_000_with_camera_labels-110.png 1248 792 32
big_dataset_depth/000000003568-segment-13862220583747475906_1260_000_1280_000_with_camera_labels-110.png 1256 776 32
big_dataset_depth/000000003568-segment-13862220583747475906_1260_000_1280_000_with_camera_labels-110.png 1264 864 28
big_dataset_depth/000000003568-segment-13862220583747475906_1260_000_1280_000_with_camera_labels-110.png 1272 864 28
big_dataset_depth/000000003568-segment-13862220583747475906_1260_000_1280_000_with_camera_labels-110.png 1280 856 27
big_dataset_depth/000000003568-segment-13862220583747475906_1260_000_1280_000_with_camera_labels-110.png 1288 880 26
big_dataset_depth/000000003568-segment-13862220583747475906_1260_000_1280_000_with_camera_labels-110.png 1296 840 26
big_dataset_depth/000000003568-segment-13862220583747475906_1260_000_1280_000_with_camera_labels-110.png 1304 848 26
big_dataset_depth/000000003568-segment-13862220583747475906_1260_000_1280_000_with_camera_labels-110.png 1312 856 26
big_dataset_depth/000000003568-segment-13862220583747475906_1260_000_1280_000_with_camera_labels-110.png 1320 880 25
big_dataset_depth/000000003568-segment-13862220583747475906_1260_000_1280_000_with_camera_labels-110.png 1328 864 25
big_dataset_depth/000000003568-segment-13862220583747475906_1260_000_1280_000_with_camera_labels-110.png 1336 872 24
big_dataset_depth/000000003568-segment-13862220583747475906_1260_000_1280_000_with_camera_labels-110.png 1344 896 24
big_dataset_depth/000000003568-segment-13862220583747475906_1260_000_1280_000_with_camera_labels-110.png 1352 912 24
big_dataset_depth/000000003568-segment-13862220583747475906_1260_000_1280_000_with_camera_labels-110.png 1360 912 24
big_dataset_depth/000000003568-segment-13862220583747475906_1260_000_1280_000_with_camera_labels-110.png 1368 896 24
big_dataset_depth/000000003568-segment-13862220583747475906_1260_000_1280_000_with_camera_labels-110.png 1376 888 24
big_dataset_depth/000000003568-segment-13862220583747475906_1260_000_1280_000_with_camera_labels-110.png 1384 896 24
big_dataset_depth/000000003568-segment-13862220583747475906_1260_000_1280_000_with_camera_labels-110.png 1400 872 23
big_dataset_depth/000000003568-segment-13862220583747475906_1260_000_1280_000_with_camera_labels-110.png 1408 928 20
big_dataset_depth/000000003568-segment-13862220583747475906_1260_000_1280_000_with_camera_labels-110.png 1416 952 20
big_dataset_depth/000000003568-segment-13862220583747475906_1260_000_1280_000_with_camera_labels-110.png 1424 992 19
big_dataset_depth/000000003568-segment-13862220583747475906_1260_000_1280_000_with_camera_labels-110.png 1432 992 19
big_dataset_depth/000000003568-segment-13862220583747475906_1260_000_1280_000_with_camera_labels-110.png 1440 992 19
big_dataset_depth/000000003568-segment-13862220583747475906_1260_000_1280_000_with_camera_labels-110.png 1448 1008 19
big_dataset_depth/000000003568-segment-13862220583747475906_1260_000_1280_000_with_camera_labels-110.png 1456 1000 19
big_dataset_depth/000000003568-segment-13862220583747475906_1260_000_1280_000_with_camera_labels-110.png 1464 1000 19
big_dataset_depth/000000003568-segment-13862220583747475906_1260_000_1280_000_with_camera_labels-110.png 1472 976 18
big_dataset_depth/000000003568-segment-13862220583747475906_1260_000_1280_000_with_camera_labels-110.png 1480 1008 19
big_dataset_depth/000000003568-segment-13862220583747475906_1260_000_1280_000_with_camera_labels-110.png 1488 1000 19
big_dataset_depth/000000003568-segment-13862220583747475906_1260_000_1280_000_with_camera_labels-110.png 1504 1000 17
big_dataset_depth/000000003568-segment-13862220583747475906_1260_000_1280_000_with_camera_labels-110.png 1512 1000 17
big_dataset_depth/000000003568-segment-13862220583747475906_1260_000_1280_000_with_camera_labels-110.png 1520 1032 18
big_dataset_depth/000000003568-segment-13862220583747475906_1260_000_1280_000_with_camera_labels-110.png 1536 1016 17
big_dataset_depth/000000003568-segment-13862220583747475906_1260_000_1280_000_with_camera_labels-110.png 1544 1016 17
big_dataset_depth/000000003568-segment-13862220583747475906_1260_000_1280_000_with_camera_labels-110.png 1552 1000 16
big_dataset_depth/000000003568-segment-13862220583747475906_1260_000_1280_000_with_camera_labels-110.png 1560 984 16
big_dataset_depth/000000003568-segment-13862220583747475906_1260_000_1280_000_with_camera_labels-110.png 1568 1080 16
big_dataset_depth/000000003568-segment-13862220583747475906_1260_000_1280_000_with_camera_labels-110.png 1576 1096 16
big_dataset_depth/000000003568-segment-13862220583747475906_1260_000_1280_000_with_camera_labels-110.png 1584 1096 16
big_dataset_depth/000000003568-segment-13862220583747475906_1260_000_1280_000_with_camera_labels-110.png 1592 1104 15
big_dataset_depth/000000003568-segment-13862220583747475906_1260_000_1280_000_with_camera_labels-110.png 1600 1120 15
big_dataset_depth/000000003568-segment-13862220583747475906_1260_000_1280_000_with_camera_labels-110.png 1608 1120 15
big_dataset_depth/000000003568-segment-13862220583747475906_1260_000_1280_000_with_camera_labels-110.png 1616 1120 15
big_dataset_depth/000000003568-segment-13862220583747475906_1260_000_1280_000_with_camera_labels-110.png 1624 1120 15
big_dataset_depth/000000003568-segment-13862220583747475906_1260_000_1280_000_with_camera_labels-110.png 1632 1136 15
big_dataset_depth/000000003568-segment-13862220583747475906_1260_000_1280_000_with_camera_labels-110.png 1640 1128 15
big_dataset_depth/000000003568-segment-13862220583747475906_1260_000_1280_000_with_camera_labels-110.png 1648 1128 15
big_dataset_depth/000000003568-segment-13862220583747475906_1260_000_1280_000_with_camera_labels-110.png 1656 1136 15
big_dataset_depth/000000003568-segment-13862220583747475906_1260_000_1280_000_with_camera_labels-110.png 1672 1080 15
big_dataset_depth/000000003568-segment-13862220583747475906_1260_000_1280_000_with_camera_labels-110.png 1680 1088 15
big_dataset_depth/000000003568-segment-13862220583747475906_1260_000_1280_000_with_camera_labels-110.png 1688 1104 15
big_dataset_depth/000000003568-segment-13862220583747475906_1260_000_1280_000_with_camera_labels-110.png 1696 1088 15
big_dataset_depth/000000003568-segment-13862220583747475906_1260_000_1280_000_with_camera_labels-110.png 1712 1080 15
big_dataset_depth/000000003568-segment-13862220583747475906_1260_000_1280_000_with_camera_labels-110.png 1720 1064 14
big_dataset_depth/000000003568-segment-13862220583747475906_1260_000_1280_000_with_camera_labels-110.png 1728 1080 15
big_dataset_depth/000000003568-segment-13862220583747475906_1260_000_1280_000_with_camera_labels-110.png 1736 1080 15
big_dataset_depth/000000003568-segment-13862220583747475906_1260_000_1280_000_with_camera_labels-110.png 1744 1088 15
big_dataset_depth/000000003568-segment-13862220583747475906_1260_000_1280_000_with_camera_labels-110.png 1752 1064 15
big_dataset_depth/000000003568-segment-13862220583747475906_1260_000_1280_000_with_camera_labels-110.png 1760 1088 15
big_dataset_depth/000000003568-segment-13862220583747475906_1260_000_1280_000_with_camera_labels-110.png 1792 1272 12
big_dataset_depth/000000003568-segment-13862220583747475906_1260_000_1280_000_with_camera_labels-110.png 1800 1272 12
big_dataset_depth/000000003568-segment-13862220583747475906_1260_000_1280_000_with_camera_labels-110.png 1808 1224 12
big_dataset_depth/000000003568-segment-13862220583747475906_1260_000_1280_000_with_camera_labels-110.png 1816 1200 13
big_dataset_depth/000000003568-segment-13862220583747475906_1260_000_1280_000_with_camera_labels-110.png 1824 1144 13
big_dataset_depth/000000003568-segment-13862220583747475906_1260_000_1280_000_with_camera_labels-110.png 1832 912 30
big_dataset_depth/000000003568-segment-13862220583747475906_1260_000_1280_000_with_camera_labels-110.png 1840 1072 15
big_dataset_depth/000000003568-segment-13862220583747475906_1260_000_1280_000_with_camera_labels-110.png 1848 1096 15
big_dataset_depth/000000003568-segment-13862220583747475906_1260_000_1280_000_with_camera_labels-110.png 1856 1072 15
big_dataset_depth/000000003568-segment-13862220583747475906_1260_000_1280_000_with_camera_labels-110.png 1864 1088 15
big_dataset_depth/000000003568-segment-13862220583747475906_1260_000_1280_000_with_camera_labels-110.png 1872 1120 15
big_dataset_depth/000000003568-segment-13862220583747475906_1260_000_1280_000_with_camera_labels-110.png 1880 792 31
big_dataset_depth/000000003568-segment-13862220583747475906_1260_000_1280_000_with_camera_labels-110.png 1888 984 20
big_dataset_depth/000000003568-segment-13862220583747475906_1260_000_1280_000_with_camera_labels-110.png 1896 992 20
big_dataset_depth/000000003568-segment-13862220583747475906_1260_000_1280_000_with_camera_labels-110.png 1904 920 26
big_dataset_depth/000000003568-segment-13862220583747475906_1260_000_1280_000_with_camera_labels-110.png 1912 936 24
