big_dataset_depth/000000001052-segment-11004685739714500220_2300_000_2320_000_with_camera_labels-130.png 0 704 43
big_dataset_depth/000000001052-segment-11004685739714500220_2300_000_2320_000_with_camera_labels-130.png 8 824 30
big_dataset_depth/000000001052-segment-11004685739714500220_2300_000_2320_000_with_camera_labels-130.png 16 624 70
big_dataset_depth/000000001052-segment-11004685739714500220_2300_000_2320_000_with_camera_labels-130.png 24 728 47
big_dataset_depth/000000001052-segment-11004685739714500220_2300_000_2320_000_with_camera_labels-130.png 32 824 36
big_dataset_depth/000000001052-segment-11004685739714500220_2300_000_2320_000_with_camera_labels-130.png 40 840 36
big_dataset_depth/000000001052-segment-11004685739714500220_2300_000_2320_000_with_camera_labels-130.png 48 728 52
big_dataset_depth/000000001052-segment-11004685739714500220_2300_000_2320_000_with_camera_labels-130.png 64 712 52
big_dataset_depth/000000001052-segment-11004685739714500220_2300_000_2320_000_with_camera_labels-130.png 72 736 52
big_dataset_depth/000000001052-segment-11004685739714500220_2300_000_2320_000_with_camera_labels-130.png 80 728 53
big_dataset_depth/000000001052-segment-11004685739714500220_2300_000_2320_000_with_camera_labels-130.png 88 752 56
big_dataset_depth/000000001052-segment-11004685739714500220_2300_000_2320_000_with_camera_labels-130.png 96 800 46
big_dataset_depth/000000001052-segment-11004685739714500220_2300_000_2320_000_with_camera_labels-130.png 104 712 67
big_dataset_depth/000000001052-segment-11004685739714500220_2300_000_2320_000_with_camera_labels-130.png 112 800 48
big_dataset_depth/000000001052-segment-11004685739714500220_2300_000_2320_000_with_camera_labels-130.png 128 736 66
big_dataset_depth/000000001052-segment-11004685739714500220_2300_000_2320_000_with_camera_labels-130.png 136 736 65
big_dataset_depth/000000001052-segment-11004685739714500220_2300_000_2320_000_with_camera_labels-130.png 144 712 68
big_dataset_depth/000000001052-segment-11004685739714500220_2300_000_2320_000_with_camera_labels-130.png 152 728 66
big_dataset_depth/000000001052-segment-11004685739714500220_2300_000_2320_000_with_camera_labels-130.png 160 728 66
big_dataset_depth/000000001052-segment-11004685739714500220_2300_000_2320_000_with_camera_labels-130.png 168 704 76
big_dataset_depth/000000001052-segment-11004685739714500220_2300_000_2320_000_with_camera_labels-130.png 176 688 73
big_dataset_depth/000000001052-segment-11004685739714500220_2300_000_2320_000_with_camera_labels-130.png 184 720 75
big_dataset_depth/000000001052-segment-11004685739714500220_2300_000_2320_000_with_camera_labels-130.png 192 688 73
big_dataset_depth/000000001052-segment-11004685739714500220_2300_000_2320_000_with_camera_labels-130.png 200 712 74
big_dataset_depth/000000001052-segment-11004685739714500220_2300_000_2320_000_with_camera_labels-130.png 208 760 67
big_dataset_depth/000000001052-segment-11004685739714500220_2300_000_2320_000_with_camera_labels-130.png 216 744 71
big_dataset_depth/000000001052-segment-11004685739714500220_2300_000_2320_000_with_camera_labels-130.png 224 728 78
big_dataset_depth/000000001052-segment-11004685739714500220_2300_000_2320_000_with_camera_labels-130.png 232 736 76
big_dataset_depth/000000001052-segment-11004685739714500220_2300_000_2320_000_with_camera_labels-130.png 240 760 74
big_dataset_depth/000000001052-segment-11004685739714500220_2300_000_2320_000_with_camera_labels-130.png 248 728 80
big_dataset_depth/000000001052-segment-11004685739714500220_2300_000_2320_000_with_camera_labels-130.png 256 728 85
big_dataset_depth/000000001052-segment-11004685739714500220_2300_000_2320_000_with_camera_labels-130.png 264 720 88
big_dataset_depth/000000001052-segment-11004685739714500220_2300_000_2320_000_with_camera_labels-130.png 272 728 88
big_dataset_depth/000000001052-segment-11004685739714500220_2300_000_2320_000_with_camera_labels-130.png 280 736 84
big_dataset_depth/000000001052-segment-11004685739714500220_2300_000_2320_000_with_camera_labels-130.png 288 744 87
big_dataset_depth/000000001052-segment-11004685739714500220_2300_000_2320_000_with_camera_labels-130.png 336 736 107
big_dataset_depth/000000001052-segment-11004685739714500220_2300_000_2320_000_with_camera_labels-130.png 344 736 107
big_dataset_depth/000000001052-segment-11004685739714500220_2300_000_2320_000_with_camera_labels-130.png 352 736 104
big_dataset_depth/000000001052-segment-11004685739714500220_2300_000_2320_000_with_camera_labels-130.png 360 752 104
big_dataset_depth/000000001052-segment-11004685739714500220_2300_000_2320_000_with_camera_labels-130.png 368 752 104
big_dataset_depth/000000001052-segment-11004685739714500220_2300_000_2320_000_with_camera_labels-130.png 392 752 108
big_dataset_depth/000000001052-segment-11004685739714500220_2300_000_2320_000_with_camera_labels-130.png 544 744 89
big_dataset_depth/000000001052-segment-11004685739714500220_2300_000_2320_000_with_camera_labels-130.png 552 744 89
big_dataset_depth/000000001052-segment-11004685739714500220_2300_000_2320_000_with_camera_labels-130.png 584 640 64
big_dataset_depth/000000001052-segment-11004685739714500220_2300_000_2320_000_with_camera_labels-130.png 600 728 77
big_dataset_depth/000000001052-segment-11004685739714500220_2300_000_2320_000_with_camera_labels-130.png 608 832 35
big_dataset_depth/000000001052-segment-11004685739714500220_2300_000_2320_000_with_camera_labels-130.png 616 760 51
big_dataset_depth/000000001052-segment-11004685739714500220_2300_000_2320_000_with_camera_labels-130.png 624 752 51
big_dataset_depth/000000001052-segment-11004685739714500220_2300_000_2320_000_with_camera_labels-130.png 632 744 42
big_dataset_depth/000000001052-segment-11004685739714500220_2300_000_2320_000_with_camera_labels-130.png 640 760 41
big_dataset_depth/000000001052-segment-11004685739714500220_2300_000_2320_000_with_camera_labels-130.png 648 848 32
big_dataset_depth/000000001052-segment-11004685739714500220_2300_000_2320_000_with_camera_labels-130.png 656 832 32
big_dataset_depth/000000001052-segment-11004685739714500220_2300_000_2320_000_with_camera_labels-130.png 664 744 42
big_dataset_depth/000000001052-segment-11004685739714500220_2300_000_2320_000_with_camera_labels-130.png 672 808 33
big_dataset_depth/000000001052-segment-11004685739714500220_2300_000_2320_000_with_camera_labels-130.png 680 840 31
big_dataset_depth/000000001052-segment-11004685739714500220_2300_000_2320_000_with_camera_labels-130.png 688 808 33
big_dataset_depth/000000001052-segment-11004685739714500220_2300_000_2320_000_with_camera_labels-130.png 696 816 32
big_dataset_depth/000000001052-segment-11004685739714500220_2300_000_2320_000_with_camera_labels-130.png 704 832 30
big_dataset_depth/000000001052-segment-11004685739714500220_2300_000_2320_000_with_camera_labels-130.png 712 888 27
big_dataset_depth/000000001052-segment-11004685739714500220_2300_000_2320_000_with_camera_labels-130.png 720 888 27
big_dataset_depth/000000001052-segment-11004685739714500220_2300_000_2320_000_with_camera_labels-130.png 728 872 27
big_dataset_depth/000000001052-segment-11004685739714500220_2300_000_2320_000_with_camera_labels-130.png 736 784 32
big_dataset_depth/000000001052-segment-11004685739714500220_2300_000_2320_000_with_camera_labels-130.png 744 856 27
big_dataset_depth/000000001052-segment-11004685739714500220_2300_000_2320_000_with_camera_labels-130.png 752 856 27
big_dataset_depth/000000001052-segment-11004685739714500220_2300_000_2320_000_with_camera_labels-130.png 760 856 27
big_dataset_depth/000000001052-segment-11004685739714500220_2300_000_2320_000_with_camera_labels-130.png 768 856 28
big_dataset_depth/000000001052-segment-11004685739714500220_2300_000_2320_000_with_camera_labels-130.png 776 848 27
big_dataset_depth/000000001052-segment-11004685739714500220_2300_000_2320_000_with_camera_labels-130.png 784 920 24
big_dataset_depth/000000001052-segment-11004685739714500220_2300_000_2320_000_with_camera_labels-130.png 792 888 25
big_dataset_depth/000000001052-segment-11004685739714500220_2300_000_2320_000_with_camera_labels-130.png 800 888 25
big_dataset_depth/000000001052-segment-11004685739714500220_2300_000_2320_000_with_camera_labels-130.png 808 888 25
big_dataset_depth/000000001052-segment-11004685739714500220_2300_000_2320_000_with_camera_labels-130.png 816 888 25
big_dataset_depth/000000001052-segment-11004685739714500220_2300_000_2320_000_with_camera_labels-130.png 824 880 25
big_dataset_depth/000000001052-segment-11004685739714500220_2300_000_2320_000_with_camera_labels-130.png 840 864 26
big_dataset_depth/000000001052-segment-11004685739714500220_2300_000_2320_000_with_camera_labels-130.png 848 944 22
big_dataset_depth/000000001052-segment-11004685739714500220_2300_000_2320_000_with_camera_labels-130.png 856 888 24
big_dataset_depth/000000001052-segment-11004685739714500220_2300_000_2320_000_with_camera_labels-130.png 864 872 25
big_dataset_depth/000000001052-segment-11004685739714500220_2300_000_2320_000_with_camera_labels-130.png 872 856 25
big_dataset_depth/000000001052-segment-11004685739714500220_2300_000_2320_000_with_camera_labels-130.png 880 856 25
big_dataset_depth/000000001052-segment-11004685739714500220_2300_000_2320_000_with_camera_labels-130.png 888 968 21
big_dataset_depth/000000001052-segment-11004685739714500220_2300_000_2320_000_with_camera_labels-130.png 896 960 21
big_dataset_depth/000000001052-segment-11004685739714500220_2300_000_2320_000_with_camera_labels-130.png 904 856 25
big_dataset_depth/000000001052-segment-11004685739714500220_2300_000_2320_000_with_camera_labels-130.png 912 896 24
big_dataset_depth/000000001052-segment-11004685739714500220_2300_000_2320_000_with_camera_labels-130.png 920 912 23
big_dataset_depth/000000001052-segment-11004685739714500220_2300_000_2320_000_with_camera_labels-130.png 928 976 20
big_dataset_depth/000000001052-segment-11004685739714500220_2300_000_2320_000_with_camera_labels-130.png 936 976 20
big_dataset_depth/000000001052-segment-11004685739714500220_2300_000_2320_000_with_camera_labels-130.png 944 976 20
big_dataset_depth/000000001052-segment-11004685739714500220_2300_000_2320_000_with_camera_labels-130.png 952 904 23
big_dataset_depth/000000001052-segment-11004685739714500220_2300_000_2320_000_with_camera_labels-130.png 960 896 23
big_dataset_depth/000000001052-segment-11004685739714500220_2300_000_2320_000_with_camera_labels-130.png 968 1000 19
big_dataset_depth/000000001052-segment-11004685739714500220_2300_000_2320_000_with_camera_labels-130.png 976 1000 19
big_dataset_depth/000000001052-segment-11004685739714500220_2300_000_2320_000_with_camera_labels-130.png 984 872 25
big_dataset_depth/000000001052-segment-11004685739714500220_2300_000_2320_000_with_camera_labels-130.png 992 904 23
big_dataset_depth/000000001052-segment-11004685739714500220_2300_000_2320_000_with_camera_labels-130.png 1000 1016 19
big_dataset_depth/000000001052-segment-11004685739714500220_2300_000_2320_000_with_camera_labels-130.png 1008 1016 19
big_dataset_depth/000000001052-segment-11004685739714500220_2300_000_2320_000_with_camera_labels-130.png 1016 1016 19
big_dataset_depth/000000001052-segment-11004685739714500220_2300_000_2320_000_with_camera_labels-130.png 1024 1016 19
big_dataset_depth/000000001052-segment-11004685739714500220_2300_000_2320_000_with_camera_labels-130.png 1032 1016 18
big_dataset_depth/000000001052-segment-11004685739714500220_2300_000_2320_000_with_camera_labels-130.png 1040 904 23
big_dataset_depth/000000001052-segment-11004685739714500220_2300_000_2320_000_with_camera_labels-130.png 1048 1032 18
big_dataset_depth/000000001052-segment-11004685739714500220_2300_000_2320_000_with_camera_labels-130.png 1056 1032 18
big_dataset_depth/000000001052-segment-11004685739714500220_2300_000_2320_000_with_camera_labels-130.png 1064 976 20
big_dataset_depth/000000001052-segment-11004685739714500220_2300_000_2320_000_with_camera_labels-130.png 1080 1032 18
big_dataset_depth/000000001052-segment-11004685739714500220_2300_000_2320_000_with_camera_labels-130.png 1088 1032 18
big_dataset_depth/000000001052-segment-11004685739714500220_2300_000_2320_000_with_camera_labels-130.png 1096 968 21
big_dataset_depth/000000001052-segment-11004685739714500220_2300_000_2320_000_with_camera_labels-130.png 1104 1016 18
big_dataset_depth/000000001052-segment-11004685739714500220_2300_000_2320_000_with_camera_labels-130.png 1112 1056 17
big_dataset_depth/000000001052-segment-11004685739714500220_2300_000_2320_000_with_camera_labels-130.png 1120 1056 17
big_dataset_depth/000000001052-segment-11004685739714500220_2300_000_2320_000_with_camera_labels-130.png 1128 1056 17
big_dataset_depth/000000001052-segment-11004685739714500220_2300_000_2320_000_with_camera_labels-130.png 1136 1056 17
big_dataset_depth/000000001052-segment-11004685739714500220_2300_000_2320_000_with_camera_labels-130.png 1144 1072 17
big_dataset_depth/000000001052-segment-11004685739714500220_2300_000_2320_000_with_camera_labels-130.png 1152 1072 17
big_dataset_depth/000000001052-segment-11004685739714500220_2300_000_2320_000_with_camera_labels-130.png 1160 1072 17
big_dataset_depth/000000001052-segment-11004685739714500220_2300_000_2320_000_with_camera_labels-130.png 1168 1016 18
big_dataset_depth/000000001052-segment-11004685739714500220_2300_000_2320_000_with_camera_labels-130.png 1176 1072 16
big_dataset_depth/000000001052-segment-11004685739714500220_2300_000_2320_000_with_camera_labels-130.png 1184 1072 16
big_dataset_depth/000000001052-segment-11004685739714500220_2300_000_2320_000_with_camera_labels-130.png 1192 1096 16
big_dataset_depth/000000001052-segment-11004685739714500220_2300_000_2320_000_with_camera_labels-130.png 1200 1096 16
big_dataset_depth/000000001052-segment-11004685739714500220_2300_000_2320_000_with_camera_labels-130.png 1208 1096 16
big_dataset_depth/000000001052-segment-11004685739714500220_2300_000_2320_000_with_camera_labels-130.png 1216 1096 16
big_dataset_depth/000000001052-segment-11004685739714500220_2300_000_2320_000_with_camera_labels-130.png 1224 1096 16
big_dataset_depth/000000001052-segment-11004685739714500220_2300_000_2320_000_with_camera_labels-130.png 1232 1096 16
big_dataset_depth/000000001052-segment-11004685739714500220_2300_000_2320_000_with_camera_labels-130.png 1240 1040 17
big_dataset_depth/000000001052-segment-11004685739714500220_2300_000_2320_000_with_camera_labels-130.png 1248 1104 16
big_dataset_depth/000000001052-segment-11004685739714500220_2300_000_2320_000_with_camera_labels-130.png 1256 1120 15
big_dataset_depth/000000001052-segment-11004685739714500220_2300_000_2320_000_with_camera_labels-130.png 1264 1120 15
big_dataset_depth/000000001052-segment-11004685739714500220_2300_000_2320_000_with_camera_labels-130.png 1272 1120 15
big_dataset_depth/000000001052-segment-11004685739714500220_2300_000_2320_000_with_camera_labels-130.png 1280 1120 15
big_dataset_depth/000000001052-segment-11004685739714500220_2300_000_2320_000_with_camera_labels-130.png 1288 1064 16
big_dataset_depth/000000001052-segment-11004685739714500220_2300_000_2320_000_with_camera_labels-130.png 1296 1056 16
big_dataset_depth/000000001052-segment-11004685739714500220_2300_000_2320_000_with_camera_labels-130.png 1304 1056 16
big_dataset_depth/000000001052-segment-11004685739714500220_2300_000_2320_000_with_camera_labels-130.png 1312 1136 15
big_dataset_depth/000000001052-segment-11004685739714500220_2300_000_2320_000_with_camera_labels-130.png 1320 1136 15
big_dataset_depth/000000001052-segment-11004685739714500220_2300_000_2320_000_with_camera_labels-130.png 1328 1120 15
big_dataset_depth/000000001052-segment-11004685739714500220_2300_000_2320_000_with_camera_labels-130.png 1336 1144 15
big_dataset_depth/000000001052-segment-11004685739714500220_2300_000_2320_000_with_camera_labels-130.png 1344 1096 15
big_dataset_depth/000000001052-segment-11004685739714500220_2300_000_2320_000_with_camera_labels-130.png 1352 1144 15
big_dataset_depth/000000001052-segment-11004685739714500220_2300_000_2320_000_with_camera_labels-130.png 1360 1160 14
big_dataset_depth/000000001052-segment-11004685739714500220_2300_000_2320_000_with_camera_labels-130.png 1368 1096 15
big_dataset_depth/000000001052-segment-11004685739714500220_2300_000_2320_000_with_camera_labels-130.png 1376 1168 14
big_dataset_depth/000000001052-segment-11004685739714500220_2300_000_2320_000_with_camera_labels-130.png 1384 1168 14
big_dataset_depth/000000001052-segment-11004685739714500220_2300_000_2320_000_with_camera_labels-130.png 1392 1144 15
big_dataset_depth/000000001052-segment-11004685739714500220_2300_000_2320_000_with_camera_labels-130.png 1400 1144 14
big_dataset_depth/000000001052-segment-11004685739714500220_2300_000_2320_000_with_camera_labels-130.png 1408 1184 14
big_dataset_depth/000000001052-segment-11004685739714500220_2300_000_2320_000_with_camera_labels-130.png 1416 1184 14
big_dataset_depth/000000001052-segment-11004685739714500220_2300_000_2320_000_with_camera_labels-130.png 1424 1184 14
big_dataset_depth/000000001052-segment-11004685739714500220_2300_000_2320_000_with_camera_labels-130.png 1432 1184 14
big_dataset_depth/000000001052-segment-11004685739714500220_2300_000_2320_000_with_camera_labels-130.png 1440 1176 14
big_dataset_depth/000000001052-segment-11004685739714500220_2300_000_2320_000_with_camera_labels-130.png 1448 1144 14
big_dataset_depth/000000001052-segment-11004685739714500220_2300_000_2320_000_with_camera_labels-130.png 1456 1184 14
big_dataset_depth/000000001052-segment-11004685739714500220_2300_000_2320_000_with_camera_labels-130.png 1464 1176 14
big_dataset_depth/000000001052-segment-11004685739714500220_2300_000_2320_000_with_camera_labels-130.png 1472 1216 14
big_dataset_depth/000000001052-segment-11004685739714500220_2300_000_2320_000_with_camera_labels-130.png 1480 1216 14
big_dataset_depth/000000001052-segment-11004685739714500220_2300_000_2320_000_with_camera_labels-130.png 1488 1216 13
big_dataset_depth/000000001052-segment-11004685739714500220_2300_000_2320_000_with_camera_labels-130.png 1496 1216 13
big_dataset_depth/000000001052-segment-11004685739714500220_2300_000_2320_000_with_camera_labels-130.png 1504 1192 14
big_dataset_depth/000000001052-segment-11004685739714500220_2300_000_2320_000_with_camera_labels-130.png 1512 1152 14
big_dataset_depth/000000001052-segment-11004685739714500220_2300_000_2320_000_with_camera_labels-130.png 1520 1216 13
big_dataset_depth/000000001052-segment-11004685739714500220_2300_000_2320_000_with_camera_labels-130.png 1528 1216 13
big_dataset_depth/000000001052-segment-11004685739714500220_2300_000_2320_000_with_camera_labels-130.png 1536 1216 13
big_dataset_depth/000000001052-segment-11004685739714500220_2300_000_2320_000_with_camera_labels-130.png 1544 1216 13
big_dataset_depth/000000001052-segment-11004685739714500220_2300_000_2320_000_with_camera_labels-130.png 1552 1192 13
big_dataset_depth/000000001052-segment-11004685739714500220_2300_000_2320_000_with_camera_labels-130.png 1560 1240 13
big_dataset_depth/000000001052-segment-11004685739714500220_2300_000_2320_000_with_camera_labels-130.png 1568 1216 13
big_dataset_depth/000000001052-segment-11004685739714500220_2300_000_2320_000_with_camera_labels-130.png 1576 1208 13
big_dataset_depth/000000001052-segment-11004685739714500220_2300_000_2320_000_with_camera_labels-130.png 1584 1192 13
big_dataset_depth/000000001052-segment-11004685739714500220_2300_000_2320_000_with_camera_labels-130.png 1592 1248 13
big_dataset_depth/000000001052-segment-11004685739714500220_2300_000_2320_000_with_camera_labels-130.png 1600 1272 13
big_dataset_depth/000000001052-segment-11004685739714500220_2300_000_2320_000_with_camera_labels-130.png 1608 1272 13
big_dataset_depth/000000001052-segment-11004685739714500220_2300_000_2320_000_with_camera_labels-130.png 1616 1272 13
big_dataset_depth/000000001052-segment-11004685739714500220_2300_000_2320_000_with_camera_labels-130.png 1624 1272 13
big_dataset_depth/000000001052-segment-11004685739714500220_2300_000_2320_000_with_camera_labels-130.png 1632 1272 13
big_dataset_depth/000000001052-segment-11004685739714500220_2300_000_2320_000_with_camera_labels-130.png 1640 1272 13
big_dataset_depth/000000001052-segment-11004685739714500220_2300_000_2320_000_with_camera_labels-130.png 1648 1272 13
big_dataset_depth/000000001052-segment-11004685739714500220_2300_000_2320_000_with_camera_labels-130.png 1656 1224 13
big_dataset_depth/000000001052-segment-11004685739714500220_2300_000_2320_000_with_camera_labels-130.png 1664 1248 13
big_dataset_depth/000000001052-segment-11004685739714500220_2300_000_2320_000_with_camera_labels-130.png 1672 1248 13
big_dataset_depth/000000001052-segment-11004685739714500220_2300_000_2320_000_with_camera_labels-130.png 1680 1280 12
big_dataset_depth/000000001052-segment-11004685739714500220_2300_000_2320_000_with_camera_labels-130.png 1688 1280 12
big_dataset_depth/000000001052-segment-11004685739714500220_2300_000_2320_000_with_camera_labels-130.png 1696 1280 12
big_dataset_depth/000000001052-segment-11004685739714500220_2300_000_2320_000_with_camera_labels-130.png 1704 1280 12
big_dataset_depth/000000001052-segment-11004685739714500220_2300_000_2320_000_with_camera_labels-130.png 1712 1280 12
big_dataset_depth/000000001052-segment-11004685739714500220_2300_000_2320_000_with_camera_labels-130.png 1720 1280 12
big_dataset_depth/000000001052-segment-11004685739714500220_2300_000_2320_000_with_camera_labels-130.png 1728 1232 12
big_dataset_depth/000000001052-segment-11004685739714500220_2300_000_2320_000_with_camera_labels-130.png 1736 1208 13
big_dataset_depth/000000001052-segment-11004685739714500220_2300_000_2320_000_with_camera_labels-130.png 1752 1256 12
big_dataset_depth/000000001052-segment-11004685739714500220_2300_000_2320_000_with_camera_labels-130.png 1760 1256 12
big_dataset_depth/000000001052-segment-11004685739714500220_2300_000_2320_000_with_camera_labels-130.png 1768 1256 12
big_dataset_depth/000000001052-segment-11004685739714500220_2300_000_2320_000_with_camera_labels-130.png 1776 1232 12
big_dataset_depth/000000001052-segment-11004685739714500220_2300_000_2320_000_with_camera_labels-130.png 1784 1248 12
big_dataset_depth/000000001052-segment-11004685739714500220_2300_000_2320_000_with_camera_labels-130.png 1792 1232 13
big_dataset_depth/000000001052-segment-11004685739714500220_2300_000_2320_000_with_camera_labels-130.png 1800 1264 12
big_dataset_depth/000000001052-segment-11004685739714500220_2300_000_2320_000_with_camera_labels-130.png 1808 1248 12
big_dataset_depth/000000001052-segment-11004685739714500220_2300_000_2320_000_with_camera_labels-130.png 1816 1264 12
big_dataset_depth/000000001052-segment-11004685739714500220_2300_000_2320_000_with_camera_labels-130.png 1824 1264 12
big_dataset_depth/000000001052-segment-11004685739714500220_2300_000_2320_000_with_camera_labels-130.png 1832 1240 12
big_dataset_depth/000000001052-segment-11004685739714500220_2300_000_2320_000_with_camera_labels-130.png 1848 1240 12
big_dataset_depth/000000001052-segment-11004685739714500220_2300_000_2320_000_with_camera_labels-130.png 1856 1264 12
big_dataset_depth/000000001052-segment-11004685739714500220_2300_000_2320_000_with_camera_labels-130.png 1864 1240 12
big_dataset_depth/000000001052-segment-11004685739714500220_2300_000_2320_000_with_camera_labels-130.png 1872 1256 12
big_dataset_depth/000000001052-segment-11004685739714500220_2300_000_2320_000_with_camera_labels-130.png 1880 1264 12
big_dataset_depth/000000001052-segment-11004685739714500220_2300_000_2320_000_with_camera_labels-130.png 1896 1232 12
big_dataset_depth/000000001052-segment-11004685739714500220_2300_000_2320_000_with_camera_labels-130.png 1904 1240 12
big_dataset_depth/000000001052-segment-11004685739714500220_2300_000_2320_000_with_camera_labels-130.png 1912 1088 13
