big_dataset_depth/000000001021-segment-10975280749486260148_940_000_960_000_with_camera_labels-10.png 0 792 76
big_dataset_depth/000000001021-segment-10975280749486260148_940_000_960_000_with_camera_labels-10.png 8 816 54
big_dataset_depth/000000001021-segment-10975280749486260148_940_000_960_000_with_camera_labels-10.png 16 848 32
big_dataset_depth/000000001021-segment-10975280749486260148_940_000_960_000_with_camera_labels-10.png 24 816 49
big_dataset_depth/000000001021-segment-10975280749486260148_940_000_960_000_with_camera_labels-10.png 32 832 32
big_dataset_depth/000000001021-segment-10975280749486260148_940_000_960_000_with_camera_labels-10.png 48 832 32
big_dataset_depth/000000001021-segment-10975280749486260148_940_000_960_000_with_camera_labels-10.png 56 800 32
big_dataset_depth/000000001021-segment-10975280749486260148_940_000_960_000_with_camera_labels-10.png 64 808 32
big_dataset_depth/000000001021-segment-10975280749486260148_940_000_960_000_with_camera_labels-10.png 80 680 31
big_dataset_depth/000000001021-segment-10975280749486260148_940_000_960_000_with_camera_labels-10.png 96 720 102
big_dataset_depth/000000001021-segment-10975280749486260148_940_000_960_000_with_camera_labels-10.png 104 728 103
big_dataset_depth/000000001021-segment-10975280749486260148_940_000_960_000_with_camera_labels-10.png 120 592 33
big_dataset_depth/000000001021-segment-10975280749486260148_940_000_960_000_with_camera_labels-10.png 128 760 103
big_dataset_depth/000000001021-segment-10975280749486260148_940_000_960_000_with_camera_labels-10.png 136 744 105
big_dataset_depth/000000001021-segment-10975280749486260148_940_000_960_000_with_camera_labels-10.png 144 752 106
big_dataset_depth/000000001021-segment-10975280749486260148_940_000_960_000_with_camera_labels-10.png 152 752 106
big_dataset_depth/000000001021-segment-10975280749486260148_940_000_960_000_with_camera_labels-10.png 160 744 107
big_dataset_depth/000000001021-segment-10975280749486260148_940_000_960_000_with_camera_labels-10.png 168 856 32
big_dataset_depth/000000001021-segment-10975280749486260148_940_000_960_000_with_camera_labels-10.png 176 880 31
big_dataset_depth/000000001021-segment-10975280749486260148_940_000_960_000_with_camera_labels-10.png 192 872 32
big_dataset_depth/000000001021-segment-10975280749486260148_940_000_960_000_with_camera_labels-10.png 200 880 31
big_dataset_depth/000000001021-segment-10975280749486260148_940_000_960_000_with_camera_labels-10.png 232 808 42
big_dataset_depth/000000001021-segment-10975280749486260148_940_000_960_000_with_camera_labels-10.png 240 808 42
big_dataset_depth/000000001021-segment-10975280749486260148_940_000_960_000_with_camera_labels-10.png 256 592 44
big_dataset_depth/000000001021-segment-10975280749486260148_940_000_960_000_with_camera_labels-10.png 264 600 44
big_dataset_depth/000000001021-segment-10975280749486260148_940_000_960_000_with_camera_labels-10.png 272 616 47
big_dataset_depth/000000001021-segment-10975280749486260148_940_000_960_000_with_camera_labels-10.png 280 624 47
big_dataset_depth/000000001021-segment-10975280749486260148_940_000_960_000_with_camera_labels-10.png 288 632 46
big_dataset_depth/000000001021-segment-10975280749486260148_940_000_960_000_with_camera_labels-10.png 296 800 46
big_dataset_depth/000000001021-segment-10975280749486260148_940_000_960_000_with_camera_labels-10.png 304 784 45
big_dataset_depth/000000001021-segment-10975280749486260148_940_000_960_000_with_camera_labels-10.png 312 792 45
big_dataset_depth/000000001021-segment-10975280749486260148_940_000_960_000_with_camera_labels-10.png 320 800 43
big_dataset_depth/000000001021-segment-10975280749486260148_940_000_960_000_with_camera_labels-10.png 328 784 44
big_dataset_depth/000000001021-segment-10975280749486260148_940_000_960_000_with_camera_labels-10.png 336 808 43
big_dataset_depth/000000001021-segment-10975280749486260148_940_000_960_000_with_camera_labels-10.png 344 792 44
big_dataset_depth/000000001021-segment-10975280749486260148_940_000_960_000_with_camera_labels-10.png 352 784 44
big_dataset_depth/000000001021-segment-10975280749486260148_940_000_960_000_with_camera_labels-10.png 360 792 44
big_dataset_depth/000000001021-segment-10975280749486260148_940_000_960_000_with_camera_labels-10.png 368 800 44
big_dataset_depth/000000001021-segment-10975280749486260148_940_000_960_000_with_camera_labels-10.png 376 792 45
big_dataset_depth/000000001021-segment-10975280749486260148_940_000_960_000_with_camera_labels-10.png 384 824 40
big_dataset_depth/000000001021-segment-10975280749486260148_940_000_960_000_with_camera_labels-10.png 392 808 43
big_dataset_depth/000000001021-segment-10975280749486260148_940_000_960_000_with_camera_labels-10.png 400 824 40
big_dataset_depth/000000001021-segment-10975280749486260148_940_000_960_000_with_camera_labels-10.png 408 824 42
big_dataset_depth/000000001021-segment-10975280749486260148_940_000_960_000_with_camera_labels-10.png 416 792 48
big_dataset_depth/000000001021-segment-10975280749486260148_940_000_960_000_with_camera_labels-10.png 424 656 45
big_dataset_depth/000000001021-segment-10975280749486260148_940_000_960_000_with_camera_labels-10.png 432 656 45
big_dataset_depth/000000001021-segment-10975280749486260148_940_000_960_000_with_camera_labels-10.png 440 728 45
big_dataset_depth/000000001021-segment-10975280749486260148_940_000_960_000_with_camera_labels-10.png 448 808 44
big_dataset_depth/000000001021-segment-10975280749486260148_940_000_960_000_with_camera_labels-10.png 456 816 44
big_dataset_depth/000000001021-segment-10975280749486260148_940_000_960_000_with_camera_labels-10.png 464 784 49
big_dataset_depth/000000001021-segment-10975280749486260148_940_000_960_000_with_camera_labels-10.png 472 776 54
big_dataset_depth/000000001021-segment-10975280749486260148_940_000_960_000_with_camera_labels-10.png 480 776 54
big_dataset_depth/000000001021-segment-10975280749486260148_940_000_960_000_with_camera_labels-10.png 488 776 54
big_dataset_depth/000000001021-segment-10975280749486260148_940_000_960_000_with_camera_labels-10.png 496 768 54
big_dataset_depth/000000001021-segment-10975280749486260148_940_000_960_000_with_camera_labels-10.png 504 768 61
big_dataset_depth/000000001021-segment-10975280749486260148_940_000_960_000_with_camera_labels-10.png 512 760 62
big_dataset_depth/000000001021-segment-10975280749486260148_940_000_960_000_with_camera_labels-10.png 520 752 62
big_dataset_depth/000000001021-segment-10975280749486260148_940_000_960_000_with_camera_labels-10.png 528 752 62
big_dataset_depth/000000001021-segment-10975280749486260148_940_000_960_000_with_camera_labels-10.png 536 744 72
big_dataset_depth/000000001021-segment-10975280749486260148_940_000_960_000_with_camera_labels-10.png 544 744 73
big_dataset_depth/000000001021-segment-10975280749486260148_940_000_960_000_with_camera_labels-10.png 552 672 76
big_dataset_depth/000000001021-segment-10975280749486260148_940_000_960_000_with_camera_labels-10.png 560 736 73
big_dataset_depth/000000001021-segment-10975280749486260148_940_000_960_000_with_camera_labels-10.png 568 744 67
big_dataset_depth/000000001021-segment-10975280749486260148_940_000_960_000_with_camera_labels-10.png 576 760 65
big_dataset_depth/000000001021-segment-10975280749486260148_940_000_960_000_with_camera_labels-10.png 584 752 67
big_dataset_depth/000000001021-segment-10975280749486260148_940_000_960_000_with_camera_labels-10.png 592 768 65
big_dataset_depth/000000001021-segment-10975280749486260148_940_000_960_000_with_camera_labels-10.png 600 768 65
big_dataset_depth/000000001021-segment-10975280749486260148_940_000_960_000_with_camera_labels-10.png 608 752 70
big_dataset_depth/000000001021-segment-10975280749486260148_940_000_960_000_with_camera_labels-10.png 616 744 75
big_dataset_depth/000000001021-segment-10975280749486260148_940_000_960_000_with_camera_labels-10.png 624 768 67
big_dataset_depth/000000001021-segment-10975280749486260148_940_000_960_000_with_camera_labels-10.png 632 752 70
big_dataset_depth/000000001021-segment-10975280749486260148_940_000_960_000_with_camera_labels-10.png 640 752 75
big_dataset_depth/000000001021-segment-10975280749486260148_940_000_960_000_with_camera_labels-10.png 648 752 67
big_dataset_depth/000000001021-segment-10975280749486260148_940_000_960_000_with_camera_labels-10.png 656 816 45
big_dataset_depth/000000001021-segment-10975280749486260148_940_000_960_000_with_camera_labels-10.png 664 800 44
big_dataset_depth/000000001021-segment-10975280749486260148_940_000_960_000_with_camera_labels-10.png 672 808 45
big_dataset_depth/000000001021-segment-10975280749486260148_940_000_960_000_with_camera_labels-10.png 680 800 44
big_dataset_depth/000000001021-segment-10975280749486260148_940_000_960_000_with_camera_labels-10.png 688 800 44
big_dataset_depth/000000001021-segment-10975280749486260148_940_000_960_000_with_camera_labels-10.png 696 800 44
big_dataset_depth/000000001021-segment-10975280749486260148_940_000_960_000_with_camera_labels-10.png 704 808 45
big_dataset_depth/000000001021-segment-10975280749486260148_940_000_960_000_with_camera_labels-10.png 712 800 44
big_dataset_depth/000000001021-segment-10975280749486260148_940_000_960_000_with_camera_labels-10.png 720 800 44
big_dataset_depth/000000001021-segment-10975280749486260148_940_000_960_000_with_camera_labels-10.png 728 800 44
big_dataset_depth/000000001021-segment-10975280749486260148_940_000_960_000_with_camera_labels-10.png 736 800 44
big_dataset_depth/000000001021-segment-10975280749486260148_940_000_960_000_with_camera_labels-10.png 744 800 44
big_dataset_depth/000000001021-segment-10975280749486260148_940_000_960_000_with_camera_labels-10.png 752 800 44
big_dataset_depth/000000001021-segment-10975280749486260148_940_000_960_000_with_camera_labels-10.png 760 816 45
big_dataset_depth/000000001021-segment-10975280749486260148_940_000_960_000_with_camera_labels-10.png 768 808 44
big_dataset_depth/000000001021-segment-10975280749486260148_940_000_960_000_with_camera_labels-10.png 776 792 46
big_dataset_depth/000000001021-segment-10975280749486260148_940_000_960_000_with_camera_labels-10.png 784 816 49
big_dataset_depth/000000001021-segment-10975280749486260148_940_000_960_000_with_camera_labels-10.png 792 808 50
big_dataset_depth/000000001021-segment-10975280749486260148_940_000_960_000_with_camera_labels-10.png 800 616 102
big_dataset_depth/000000001021-segment-10975280749486260148_940_000_960_000_with_camera_labels-10.png 808 744 108
big_dataset_depth/000000001021-segment-10975280749486260148_940_000_960_000_with_camera_labels-10.png 816 608 101
big_dataset_depth/000000001021-segment-10975280749486260148_940_000_960_000_with_camera_labels-10.png 824 600 101
big_dataset_depth/000000001021-segment-10975280749486260148_940_000_960_000_with_camera_labels-10.png 832 616 101
big_dataset_depth/000000001021-segment-10975280749486260148_940_000_960_000_with_camera_labels-10.png 848 592 101
big_dataset_depth/000000001021-segment-10975280749486260148_940_000_960_000_with_camera_labels-10.png 856 608 102
big_dataset_depth/000000001021-segment-10975280749486260148_940_000_960_000_with_camera_labels-10.png 864 608 101
big_dataset_depth/000000001021-segment-10975280749486260148_940_000_960_000_with_camera_labels-10.png 888 600 102
big_dataset_depth/000000001021-segment-10975280749486260148_940_000_960_000_with_camera_labels-10.png 1128 864 38
big_dataset_depth/000000001021-segment-10975280749486260148_940_000_960_000_with_camera_labels-10.png 1136 808 38
big_dataset_depth/000000001021-segment-10975280749486260148_940_000_960_000_with_camera_labels-10.png 1144 864 37
big_dataset_depth/000000001021-segment-10975280749486260148_940_000_960_000_with_camera_labels-10.png 1152 840 34
big_dataset_depth/000000001021-segment-10975280749486260148_940_000_960_000_with_camera_labels-10.png 1160 824 36
big_dataset_depth/000000001021-segment-10975280749486260148_940_000_960_000_with_camera_labels-10.png 1168 864 35
big_dataset_depth/000000001021-segment-10975280749486260148_940_000_960_000_with_camera_labels-10.png 1176 872 34
big_dataset_depth/000000001021-segment-10975280749486260148_940_000_960_000_with_camera_labels-10.png 1184 888 33
big_dataset_depth/000000001021-segment-10975280749486260148_940_000_960_000_with_camera_labels-10.png 1192 904 33
big_dataset_depth/000000001021-segment-10975280749486260148_940_000_960_000_with_camera_labels-10.png 1200 840 33
big_dataset_depth/000000001021-segment-10975280749486260148_940_000_960_000_with_camera_labels-10.png 1208 872 31
big_dataset_depth/000000001021-segment-10975280749486260148_940_000_960_000_with_camera_labels-10.png 1216 928 29
big_dataset_depth/000000001021-segment-10975280749486260148_940_000_960_000_with_camera_labels-10.png 1224 880 34
big_dataset_depth/000000001021-segment-10975280749486260148_940_000_960_000_with_camera_labels-10.png 1232 864 33
big_dataset_depth/000000001021-segment-10975280749486260148_940_000_960_000_with_camera_labels-10.png 1240 888 32
big_dataset_depth/000000001021-segment-10975280749486260148_940_000_960_000_with_camera_labels-10.png 1248 784 35
big_dataset_depth/000000001021-segment-10975280749486260148_940_000_960_000_with_camera_labels-10.png 1256 840 33
big_dataset_depth/000000001021-segment-10975280749486260148_940_000_960_000_with_camera_labels-10.png 1264 864 33
big_dataset_depth/000000001021-segment-10975280749486260148_940_000_960_000_with_camera_labels-10.png 1272 848 33
big_dataset_depth/000000001021-segment-10975280749486260148_940_000_960_000_with_camera_labels-10.png 1280 864 34
big_dataset_depth/000000001021-segment-10975280749486260148_940_000_960_000_with_camera_labels-10.png 1288 856 33
big_dataset_depth/000000001021-segment-10975280749486260148_940_000_960_000_with_camera_labels-10.png 1296 864 33
big_dataset_depth/000000001021-segment-10975280749486260148_940_000_960_000_with_camera_labels-10.png 1304 864 34
big_dataset_depth/000000001021-segment-10975280749486260148_940_000_960_000_with_camera_labels-10.png 1312 888 34
big_dataset_depth/000000001021-segment-10975280749486260148_940_000_960_000_with_camera_labels-10.png 1320 864 34
big_dataset_depth/000000001021-segment-10975280749486260148_940_000_960_000_with_camera_labels-10.png 1336 872 33
big_dataset_depth/000000001021-segment-10975280749486260148_940_000_960_000_with_camera_labels-10.png 1344 816 54
big_dataset_depth/000000001021-segment-10975280749486260148_940_000_960_000_with_camera_labels-10.png 1352 792 58
big_dataset_depth/000000001021-segment-10975280749486260148_940_000_960_000_with_camera_labels-10.png 1360 760 93
big_dataset_depth/000000001021-segment-10975280749486260148_940_000_960_000_with_camera_labels-10.png 1368 704 101
big_dataset_depth/000000001021-segment-10975280749486260148_940_000_960_000_with_camera_labels-10.png 1376 744 92
big_dataset_depth/000000001021-segment-10975280749486260148_940_000_960_000_with_camera_labels-10.png 1384 768 71
big_dataset_depth/000000001021-segment-10975280749486260148_940_000_960_000_with_camera_labels-10.png 1392 776 66
big_dataset_depth/000000001021-segment-10975280749486260148_940_000_960_000_with_camera_labels-10.png 1400 792 61
big_dataset_depth/000000001021-segment-10975280749486260148_940_000_960_000_with_camera_labels-10.png 1408 760 85
big_dataset_depth/000000001021-segment-10975280749486260148_940_000_960_000_with_camera_labels-10.png 1416 752 86
big_dataset_depth/000000001021-segment-10975280749486260148_940_000_960_000_with_camera_labels-10.png 1424 760 84
big_dataset_depth/000000001021-segment-10975280749486260148_940_000_960_000_with_camera_labels-10.png 1432 752 90
big_dataset_depth/000000001021-segment-10975280749486260148_940_000_960_000_with_camera_labels-10.png 1448 768 88
big_dataset_depth/000000001021-segment-10975280749486260148_940_000_960_000_with_camera_labels-10.png 1456 832 51
big_dataset_depth/000000001021-segment-10975280749486260148_940_000_960_000_with_camera_labels-10.png 1464 768 89
big_dataset_depth/000000001021-segment-10975280749486260148_940_000_960_000_with_camera_labels-10.png 1472 760 91
big_dataset_depth/000000001021-segment-10975280749486260148_940_000_960_000_with_camera_labels-10.png 1488 792 69
big_dataset_depth/000000001021-segment-10975280749486260148_940_000_960_000_with_camera_labels-10.png 1496 792 90
big_dataset_depth/000000001021-segment-10975280749486260148_940_000_960_000_with_camera_labels-10.png 1504 824 56
big_dataset_depth/000000001021-segment-10975280749486260148_940_000_960_000_with_camera_labels-10.png 1512 808 56
big_dataset_depth/000000001021-segment-10975280749486260148_940_000_960_000_with_camera_labels-10.png 1520 808 56
big_dataset_depth/000000001021-segment-10975280749486260148_940_000_960_000_with_camera_labels-10.png 1528 784 55
big_dataset_depth/000000001021-segment-10975280749486260148_940_000_960_000_with_camera_labels-10.png 1536 856 44
big_dataset_depth/000000001021-segment-10975280749486260148_940_000_960_000_with_camera_labels-10.png 1544 832 49
big_dataset_depth/000000001021-segment-10975280749486260148_940_000_960_000_with_camera_labels-10.png 1552 816 54
big_dataset_depth/000000001021-segment-10975280749486260148_940_000_960_000_with_camera_labels-10.png 1560 776 69
big_dataset_depth/000000001021-segment-10975280749486260148_940_000_960_000_with_camera_labels-10.png 1568 816 54
big_dataset_depth/000000001021-segment-10975280749486260148_940_000_960_000_with_camera_labels-10.png 1576 760 91
big_dataset_depth/000000001021-segment-10975280749486260148_940_000_960_000_with_camera_labels-10.png 1584 776 79
big_dataset_depth/000000001021-segment-10975280749486260148_940_000_960_000_with_camera_labels-10.png 1592 776 78
big_dataset_depth/000000001021-segment-10975280749486260148_940_000_960_000_with_camera_labels-10.png 1600 800 64
big_dataset_depth/000000001021-segment-10975280749486260148_940_000_960_000_with_camera_labels-10.png 1608 744 92
big_dataset_depth/000000001021-segment-10975280749486260148_940_000_960_000_with_camera_labels-10.png 1616 816 47
big_dataset_depth/000000001021-segment-10975280749486260148_940_000_960_000_with_camera_labels-10.png 1624 824 47
big_dataset_depth/000000001021-segment-10975280749486260148_940_000_960_000_with_camera_labels-10.png 1632 832 47
big_dataset_depth/000000001021-segment-10975280749486260148_940_000_960_000_with_camera_labels-10.png 1640 824 47
big_dataset_depth/000000001021-segment-10975280749486260148_940_000_960_000_with_camera_labels-10.png 1648 824 47
big_dataset_depth/000000001021-segment-10975280749486260148_940_000_960_000_with_camera_labels-10.png 1656 824 47
big_dataset_depth/000000001021-segment-10975280749486260148_940_000_960_000_with_camera_labels-10.png 1664 816 47
big_dataset_depth/000000001021-segment-10975280749486260148_940_000_960_000_with_camera_labels-10.png 1672 792 60
big_dataset_depth/000000001021-segment-10975280749486260148_940_000_960_000_with_camera_labels-10.png 1680 792 59
big_dataset_depth/000000001021-segment-10975280749486260148_940_000_960_000_with_camera_labels-10.png 1696 832 43
big_dataset_depth/000000001021-segment-10975280749486260148_940_000_960_000_with_camera_labels-10.png 1704 840 43
big_dataset_depth/000000001021-segment-10975280749486260148_940_000_960_000_with_camera_labels-10.png 1712 840 43
big_dataset_depth/000000001021-segment-10975280749486260148_940_000_960_000_with_camera_labels-10.png 1720 848 43
big_dataset_depth/000000001021-segment-10975280749486260148_940_000_960_000_with_camera_labels-10.png 1728 808 51
big_dataset_depth/000000001021-segment-10975280749486260148_940_000_960_000_with_camera_labels-10.png 1736 920 34
big_dataset_depth/000000001021-segment-10975280749486260148_940_000_960_000_with_camera_labels-10.png 1744 824 45
big_dataset_depth/000000001021-segment-10975280749486260148_940_000_960_000_with_camera_labels-10.png 1752 808 57
big_dataset_depth/000000001021-segment-10975280749486260148_940_000_960_000_with_camera_labels-10.png 1760 824 53
big_dataset_depth/000000001021-segment-10975280749486260148_940_000_960_000_with_camera_labels-10.png 1768 824 53
big_dataset_depth/000000001021-segment-10975280749486260148_940_000_960_000_with_camera_labels-10.png 1776 832 53
big_dataset_depth/000000001021-segment-10975280749486260148_940_000_960_000_with_camera_labels-10.png 1784 816 53
big_dataset_depth/000000001021-segment-10975280749486260148_940_000_960_000_with_camera_labels-10.png 1792 896 39
big_dataset_depth/000000001021-segment-10975280749486260148_940_000_960_000_with_camera_labels-10.png 1800 832 52
big_dataset_depth/000000001021-segment-10975280749486260148_940_000_960_000_with_camera_labels-10.png 1808 824 51
big_dataset_depth/000000001021-segment-10975280749486260148_940_000_960_000_with_camera_labels-10.png 1816 784 54
big_dataset_depth/000000001021-segment-10975280749486260148_940_000_960_000_with_camera_labels-10.png 1832 952 31
big_dataset_depth/000000001021-segment-10975280749486260148_940_000_960_000_with_camera_labels-10.png 1848 928 33
big_dataset_depth/000000001021-segment-10975280749486260148_940_000_960_000_with_camera_labels-10.png 1856 880 37
big_dataset_depth/000000001021-segment-10975280749486260148_940_000_960_000_with_camera_labels-10.png 1864 880 37
big_dataset_depth/000000001021-segment-10975280749486260148_940_000_960_000_with_camera_labels-10.png 1872 872 37
big_dataset_depth/000000001021-segment-10975280749486260148_940_000_960_000_with_camera_labels-10.png 1880 784 51
big_dataset_depth/000000001021-segment-10975280749486260148_940_000_960_000_with_camera_labels-10.png 1888 904 38
big_dataset_depth/000000001021-segment-10975280749486260148_940_000_960_000_with_camera_labels-10.png 1896 968 29
big_dataset_depth/000000001021-segment-10975280749486260148_940_000_960_000_with_camera_labels-10.png 1904 912 37
big_dataset_depth/000000001021-segment-10975280749486260148_940_000_960_000_with_camera_labels-10.png 1912 848 43
