big_dataset_depth/000000001471-segment-1146261869236413282_1680_000_1700_000_with_camera_labels-120.png 0 984 20
big_dataset_depth/000000001471-segment-1146261869236413282_1680_000_1700_000_with_camera_labels-120.png 8 1056 17
big_dataset_depth/000000001471-segment-1146261869236413282_1680_000_1700_000_with_camera_labels-120.png 16 1112 13
big_dataset_depth/000000001471-segment-1146261869236413282_1680_000_1700_000_with_camera_labels-120.png 24 1120 13
big_dataset_depth/000000001471-segment-1146261869236413282_1680_000_1700_000_with_camera_labels-120.png 40 1256 11
big_dataset_depth/000000001471-segment-1146261869236413282_1680_000_1700_000_with_camera_labels-120.png 48 1144 13
big_dataset_depth/000000001471-segment-1146261869236413282_1680_000_1700_000_with_camera_labels-120.png 56 1264 11
big_dataset_depth/000000001471-segment-1146261869236413282_1680_000_1700_000_with_camera_labels-120.png 72 1256 11
big_dataset_depth/000000001471-segment-1146261869236413282_1680_000_1700_000_with_camera_labels-120.png 80 1264 11
big_dataset_depth/000000001471-segment-1146261869236413282_1680_000_1700_000_with_camera_labels-120.png 88 1264 11
big_dataset_depth/000000001471-segment-1146261869236413282_1680_000_1700_000_with_camera_labels-120.png 96 1240 11
big_dataset_depth/000000001471-segment-1146261869236413282_1680_000_1700_000_with_camera_labels-120.png 104 976 14
big_dataset_depth/000000001471-segment-1146261869236413282_1680_000_1700_000_with_camera_labels-120.png 112 1240 12
big_dataset_depth/000000001471-segment-1146261869236413282_1680_000_1700_000_with_camera_labels-120.png 120 1240 12
big_dataset_depth/000000001471-segment-1146261869236413282_1680_000_1700_000_with_camera_labels-120.png 128 1240 12
big_dataset_depth/000000001471-segment-1146261869236413282_1680_000_1700_000_with_camera_labels-120.png 136 1240 12
big_dataset_depth/000000001471-segment-1146261869236413282_1680_000_1700_000_with_camera_labels-120.png 152 1144 13
big_dataset_depth/000000001471-segment-1146261869236413282_1680_000_1700_000_with_camera_labels-120.png 168 1168 13
big_dataset_depth/000000001471-segment-1146261869236413282_1680_000_1700_000_with_camera_labels-120.png 176 1168 12
big_dataset_depth/000000001471-segment-1146261869236413282_1680_000_1700_000_with_camera_labels-120.png 184 1168 13
big_dataset_depth/000000001471-segment-1146261869236413282_1680_000_1700_000_with_camera_labels-120.png 192 1128 13
big_dataset_depth/000000001471-segment-1146261869236413282_1680_000_1700_000_with_camera_labels-120.png 200 1208 12
big_dataset_depth/000000001471-segment-1146261869236413282_1680_000_1700_000_with_camera_labels-120.png 216 1104 14
big_dataset_depth/000000001471-segment-1146261869236413282_1680_000_1700_000_with_camera_labels-120.png 232 1160 13
big_dataset_depth/000000001471-segment-1146261869236413282_1680_000_1700_000_with_camera_labels-120.png 240 1008 16
big_dataset_depth/000000001471-segment-1146261869236413282_1680_000_1700_000_with_camera_labels-120.png 248 1016 16
big_dataset_depth/000000001471-segment-1146261869236413282_1680_000_1700_000_with_camera_labels-120.png 264 1144 13
big_dataset_depth/000000001471-segment-1146261869236413282_1680_000_1700_000_with_camera_labels-120.png 296 1056 15
big_dataset_depth/000000001471-segment-1146261869236413282_1680_000_1700_000_with_camera_labels-120.png 304 1056 15
big_dataset_depth/000000001471-segment-1146261869236413282_1680_000_1700_000_with_camera_labels-120.png 312 840 23
big_dataset_depth/000000001471-segment-1146261869236413282_1680_000_1700_000_with_camera_labels-120.png 320 840 23
big_dataset_depth/000000001471-segment-1146261869236413282_1680_000_1700_000_with_camera_labels-120.png 328 848 23
big_dataset_depth/000000001471-segment-1146261869236413282_1680_000_1700_000_with_camera_labels-120.png 336 816 22
big_dataset_depth/000000001471-segment-1146261869236413282_1680_000_1700_000_with_camera_labels-120.png 344 1272 12
big_dataset_depth/000000001471-segment-1146261869236413282_1680_000_1700_000_with_camera_labels-120.png 352 1056 17
big_dataset_depth/000000001471-segment-1146261869236413282_1680_000_1700_000_with_camera_labels-120.png 360 976 19
big_dataset_depth/000000001471-segment-1146261869236413282_1680_000_1700_000_with_camera_labels-120.png 368 1152 15
big_dataset_depth/000000001471-segment-1146261869236413282_1680_000_1700_000_with_camera_labels-120.png 376 1264 12
big_dataset_depth/000000001471-segment-1146261869236413282_1680_000_1700_000_with_camera_labels-120.png 384 1240 12
big_dataset_depth/000000001471-segment-1146261869236413282_1680_000_1700_000_with_camera_labels-120.png 392 1240 13
big_dataset_depth/000000001471-segment-1146261869236413282_1680_000_1700_000_with_camera_labels-120.png 400 1032 18
big_dataset_depth/000000001471-segment-1146261869236413282_1680_000_1700_000_with_camera_labels-120.png 408 1216 13
big_dataset_depth/000000001471-segment-1146261869236413282_1680_000_1700_000_with_camera_labels-120.png 416 1216 13
big_dataset_depth/000000001471-segment-1146261869236413282_1680_000_1700_000_with_camera_labels-120.png 424 1216 13
big_dataset_depth/000000001471-segment-1146261869236413282_1680_000_1700_000_with_camera_labels-120.png 432 1176 13
big_dataset_depth/000000001471-segment-1146261869236413282_1680_000_1700_000_with_camera_labels-120.png 448 1168 14
big_dataset_depth/000000001471-segment-1146261869236413282_1680_000_1700_000_with_camera_labels-120.png 456 1168 14
big_dataset_depth/000000001471-segment-1146261869236413282_1680_000_1700_000_with_camera_labels-120.png 464 1168 14
big_dataset_depth/000000001471-segment-1146261869236413282_1680_000_1700_000_with_camera_labels-120.png 472 856 23
big_dataset_depth/000000001471-segment-1146261869236413282_1680_000_1700_000_with_camera_labels-120.png 480 1128 14
big_dataset_depth/000000001471-segment-1146261869236413282_1680_000_1700_000_with_camera_labels-120.png 488 1104 15
big_dataset_depth/000000001471-segment-1146261869236413282_1680_000_1700_000_with_camera_labels-120.png 496 1104 15
big_dataset_depth/000000001471-segment-1146261869236413282_1680_000_1700_000_with_camera_labels-120.png 504 1104 15
big_dataset_depth/000000001471-segment-1146261869236413282_1680_000_1700_000_with_camera_labels-120.png 512 1088 15
big_dataset_depth/000000001471-segment-1146261869236413282_1680_000_1700_000_with_camera_labels-120.png 528 1088 16
big_dataset_depth/000000001471-segment-1146261869236413282_1680_000_1700_000_with_camera_labels-120.png 536 1088 16
big_dataset_depth/000000001471-segment-1146261869236413282_1680_000_1700_000_with_camera_labels-120.png 544 1088 16
big_dataset_depth/000000001471-segment-1146261869236413282_1680_000_1700_000_with_camera_labels-120.png 552 1048 16
big_dataset_depth/000000001471-segment-1146261869236413282_1680_000_1700_000_with_camera_labels-120.png 560 792 25
big_dataset_depth/000000001471-segment-1146261869236413282_1680_000_1700_000_with_camera_labels-120.png 568 1048 17
big_dataset_depth/000000001471-segment-1146261869236413282_1680_000_1700_000_with_camera_labels-120.png 576 1024 17
big_dataset_depth/000000001471-segment-1146261869236413282_1680_000_1700_000_with_camera_labels-120.png 584 1024 17
big_dataset_depth/000000001471-segment-1146261869236413282_1680_000_1700_000_with_camera_labels-120.png 592 1008 18
big_dataset_depth/000000001471-segment-1146261869236413282_1680_000_1700_000_with_camera_labels-120.png 616 848 25
big_dataset_depth/000000001471-segment-1146261869236413282_1680_000_1700_000_with_camera_labels-120.png 624 848 25
big_dataset_depth/000000001471-segment-1146261869236413282_1680_000_1700_000_with_camera_labels-120.png 632 824 29
big_dataset_depth/000000001471-segment-1146261869236413282_1680_000_1700_000_with_camera_labels-120.png 640 912 23
big_dataset_depth/000000001471-segment-1146261869236413282_1680_000_1700_000_with_camera_labels-120.png 648 848 32
big_dataset_depth/000000001471-segment-1146261869236413282_1680_000_1700_000_with_camera_labels-120.png 656 944 21
big_dataset_depth/000000001471-segment-1146261869236413282_1680_000_1700_000_with_camera_labels-120.png 664 920 22
big_dataset_depth/000000001471-segment-1146261869236413282_1680_000_1700_000_with_camera_labels-120.png 672 920 22
big_dataset_depth/000000001471-segment-1146261869236413282_1680_000_1700_000_with_camera_labels-120.png 680 824 29
big_dataset_depth/000000001471-segment-1146261869236413282_1680_000_1700_000_with_camera_labels-120.png 688 824 29
big_dataset_depth/000000001471-segment-1146261869236413282_1680_000_1700_000_with_camera_labels-120.png 696 896 24
big_dataset_depth/000000001471-segment-1146261869236413282_1680_000_1700_000_with_camera_labels-120.png 704 896 24
big_dataset_depth/000000001471-segment-1146261869236413282_1680_000_1700_000_with_camera_labels-120.png 712 824 29
big_dataset_depth/000000001471-segment-1146261869236413282_1680_000_1700_000_with_camera_labels-120.png 720 824 29
big_dataset_depth/000000001471-segment-1146261869236413282_1680_000_1700_000_with_camera_labels-120.png 728 824 29
big_dataset_depth/000000001471-segment-1146261869236413282_1680_000_1700_000_with_camera_labels-120.png 736 824 29
big_dataset_depth/000000001471-segment-1146261869236413282_1680_000_1700_000_with_camera_labels-120.png 744 824 29
big_dataset_depth/000000001471-segment-1146261869236413282_1680_000_1700_000_with_camera_labels-120.png 752 728 49
big_dataset_depth/000000001471-segment-1146261869236413282_1680_000_1700_000_with_camera_labels-120.png 760 816 30
big_dataset_depth/000000001471-segment-1146261869236413282_1680_000_1700_000_with_camera_labels-120.png 776 640 67
big_dataset_depth/000000001471-segment-1146261869236413282_1680_000_1700_000_with_camera_labels-120.png 784 616 70
big_dataset_depth/000000001471-segment-1146261869236413282_1680_000_1700_000_with_camera_labels-120.png 792 632 69
big_dataset_depth/000000001471-segment-1146261869236413282_1680_000_1700_000_with_camera_labels-120.png 800 632 69
big_dataset_depth/000000001471-segment-1146261869236413282_1680_000_1700_000_with_camera_labels-120.png 808 624 71
big_dataset_depth/000000001471-segment-1146261869236413282_1680_000_1700_000_with_camera_labels-120.png 816 624 71
big_dataset_depth/000000001471-segment-1146261869236413282_1680_000_1700_000_with_camera_labels-120.png 824 744 58
big_dataset_depth/000000001471-segment-1146261869236413282_1680_000_1700_000_with_camera_labels-120.png 832 1040 17
big_dataset_depth/000000001471-segment-1146261869236413282_1680_000_1700_000_with_camera_labels-120.png 840 880 42
big_dataset_depth/000000001471-segment-1146261869236413282_1680_000_1700_000_with_camera_labels-120.png 848 1056 16
big_dataset_depth/000000001471-segment-1146261869236413282_1680_000_1700_000_with_camera_labels-120.png 856 1056 16
big_dataset_depth/000000001471-segment-1146261869236413282_1680_000_1700_000_with_camera_labels-120.png 864 1064 16
big_dataset_depth/000000001471-segment-1146261869236413282_1680_000_1700_000_with_camera_labels-120.png 872 1056 16
big_dataset_depth/000000001471-segment-1146261869236413282_1680_000_1700_000_with_camera_labels-120.png 880 1056 16
big_dataset_depth/000000001471-segment-1146261869236413282_1680_000_1700_000_with_camera_labels-120.png 888 1000 15
big_dataset_depth/000000001471-segment-1146261869236413282_1680_000_1700_000_with_camera_labels-120.png 896 1008 15
big_dataset_depth/000000001471-segment-1146261869236413282_1680_000_1700_000_with_camera_labels-120.png 904 1016 15
big_dataset_depth/000000001471-segment-1146261869236413282_1680_000_1700_000_with_camera_labels-120.png 912 1008 15
big_dataset_depth/000000001471-segment-1146261869236413282_1680_000_1700_000_with_camera_labels-120.png 920 1072 16
big_dataset_depth/000000001471-segment-1146261869236413282_1680_000_1700_000_with_camera_labels-120.png 928 1000 15
big_dataset_depth/000000001471-segment-1146261869236413282_1680_000_1700_000_with_camera_labels-120.png 936 1008 15
big_dataset_depth/000000001471-segment-1146261869236413282_1680_000_1700_000_with_camera_labels-120.png 944 1032 15
big_dataset_depth/000000001471-segment-1146261869236413282_1680_000_1700_000_with_camera_labels-120.png 952 1008 15
big_dataset_depth/000000001471-segment-1146261869236413282_1680_000_1700_000_with_camera_labels-120.png 960 1008 15
big_dataset_depth/000000001471-segment-1146261869236413282_1680_000_1700_000_with_camera_labels-120.png 968 1112 15
big_dataset_depth/000000001471-segment-1146261869236413282_1680_000_1700_000_with_camera_labels-120.png 976 1040 17
big_dataset_depth/000000001471-segment-1146261869236413282_1680_000_1700_000_with_camera_labels-120.png 984 1016 15
big_dataset_depth/000000001471-segment-1146261869236413282_1680_000_1700_000_with_camera_labels-120.png 992 1008 15
big_dataset_depth/000000001471-segment-1146261869236413282_1680_000_1700_000_with_camera_labels-120.png 1000 1136 14
big_dataset_depth/000000001471-segment-1146261869236413282_1680_000_1700_000_with_camera_labels-120.png 1008 1032 15
big_dataset_depth/000000001471-segment-1146261869236413282_1680_000_1700_000_with_camera_labels-120.png 1016 1032 15
big_dataset_depth/000000001471-segment-1146261869236413282_1680_000_1700_000_with_camera_labels-120.png 1024 1032 15
big_dataset_depth/000000001471-segment-1146261869236413282_1680_000_1700_000_with_camera_labels-120.png 1032 1024 15
big_dataset_depth/000000001471-segment-1146261869236413282_1680_000_1700_000_with_camera_labels-120.png 1040 1032 15
big_dataset_depth/000000001471-segment-1146261869236413282_1680_000_1700_000_with_camera_labels-120.png 1048 1032 15
big_dataset_depth/000000001471-segment-1146261869236413282_1680_000_1700_000_with_camera_labels-120.png 1056 1032 15
big_dataset_depth/000000001471-segment-1146261869236413282_1680_000_1700_000_with_camera_labels-120.png 1064 1024 15
big_dataset_depth/000000001471-segment-1146261869236413282_1680_000_1700_000_with_camera_labels-120.png 1072 1016 15
big_dataset_depth/000000001471-segment-1146261869236413282_1680_000_1700_000_with_camera_labels-120.png 1080 1072 16
big_dataset_depth/000000001471-segment-1146261869236413282_1680_000_1700_000_with_camera_labels-120.png 1088 1016 15
big_dataset_depth/000000001471-segment-1146261869236413282_1680_000_1700_000_with_camera_labels-120.png 1096 1024 16
big_dataset_depth/000000001471-segment-1146261869236413282_1680_000_1700_000_with_camera_labels-120.png 1104 1016 15
big_dataset_depth/000000001471-segment-1146261869236413282_1680_000_1700_000_with_camera_labels-120.png 1112 1016 15
big_dataset_depth/000000001471-segment-1146261869236413282_1680_000_1700_000_with_camera_labels-120.png 1120 1008 15
big_dataset_depth/000000001471-segment-1146261869236413282_1680_000_1700_000_with_camera_labels-120.png 1128 1016 15
big_dataset_depth/000000001471-segment-1146261869236413282_1680_000_1700_000_with_camera_labels-120.png 1136 1016 15
big_dataset_depth/000000001471-segment-1146261869236413282_1680_000_1700_000_with_camera_labels-120.png 1144 1016 15
big_dataset_depth/000000001471-segment-1146261869236413282_1680_000_1700_000_with_camera_labels-120.png 1152 1008 15
big_dataset_depth/000000001471-segment-1146261869236413282_1680_000_1700_000_with_camera_labels-120.png 1160 1040 16
big_dataset_depth/000000001471-segment-1146261869236413282_1680_000_1700_000_with_camera_labels-120.png 1168 1040 16
big_dataset_depth/000000001471-segment-1146261869236413282_1680_000_1700_000_with_camera_labels-120.png 1176 1056 16
big_dataset_depth/000000001471-segment-1146261869236413282_1680_000_1700_000_with_camera_labels-120.png 1184 1056 16
big_dataset_depth/000000001471-segment-1146261869236413282_1680_000_1700_000_with_camera_labels-120.png 1192 1072 16
big_dataset_depth/000000001471-segment-1146261869236413282_1680_000_1700_000_with_camera_labels-120.png 1200 1056 16
big_dataset_depth/000000001471-segment-1146261869236413282_1680_000_1700_000_with_camera_labels-120.png 1208 1056 16
big_dataset_depth/000000001471-segment-1146261869236413282_1680_000_1700_000_with_camera_labels-120.png 1216 800 42
big_dataset_depth/000000001471-segment-1146261869236413282_1680_000_1700_000_with_camera_labels-120.png 1224 1000 16
big_dataset_depth/000000001471-segment-1146261869236413282_1680_000_1700_000_with_camera_labels-120.png 1232 664 55
big_dataset_depth/000000001471-segment-1146261869236413282_1680_000_1700_000_with_camera_labels-120.png 1240 664 55
big_dataset_depth/000000001471-segment-1146261869236413282_1680_000_1700_000_with_camera_labels-120.png 1248 672 54
big_dataset_depth/000000001471-segment-1146261869236413282_1680_000_1700_000_with_camera_labels-120.png 1256 664 55
big_dataset_depth/000000001471-segment-1146261869236413282_1680_000_1700_000_with_camera_labels-120.png 1264 664 55
big_dataset_depth/000000001471-segment-1146261869236413282_1680_000_1700_000_with_camera_labels-120.png 1272 664 55
big_dataset_depth/000000001471-segment-1146261869236413282_1680_000_1700_000_with_camera_labels-120.png 1280 664 55
big_dataset_depth/000000001471-segment-1146261869236413282_1680_000_1700_000_with_camera_labels-120.png 1288 664 55
big_dataset_depth/000000001471-segment-1146261869236413282_1680_000_1700_000_with_camera_labels-120.png 1296 664 55
big_dataset_depth/000000001471-segment-1146261869236413282_1680_000_1700_000_with_camera_labels-120.png 1304 664 55
big_dataset_depth/000000001471-segment-1146261869236413282_1680_000_1700_000_with_camera_labels-120.png 1312 672 54
big_dataset_depth/000000001471-segment-1146261869236413282_1680_000_1700_000_with_camera_labels-120.png 1320 664 56
big_dataset_depth/000000001471-segment-1146261869236413282_1680_000_1700_000_with_camera_labels-120.png 1336 776 34
big_dataset_depth/000000001471-segment-1146261869236413282_1680_000_1700_000_with_camera_labels-120.png 1344 776 33
big_dataset_depth/000000001471-segment-1146261869236413282_1680_000_1700_000_with_camera_labels-120.png 1352 752 33
big_dataset_depth/000000001471-segment-1146261869236413282_1680_000_1700_000_with_camera_labels-120.png 1360 792 33
big_dataset_depth/000000001471-segment-1146261869236413282_1680_000_1700_000_with_camera_labels-120.png 1368 800 32
big_dataset_depth/000000001471-segment-1146261869236413282_1680_000_1700_000_with_camera_labels-120.png 1376 792 33
big_dataset_depth/000000001471-segment-1146261869236413282_1680_000_1700_000_with_camera_labels-120.png 1384 800 33
big_dataset_depth/000000001471-segment-1146261869236413282_1680_000_1700_000_with_camera_labels-120.png 1392 760 33
big_dataset_depth/000000001471-segment-1146261869236413282_1680_000_1700_000_with_camera_labels-120.png 1400 680 46
big_dataset_depth/000000001471-segment-1146261869236413282_1680_000_1700_000_with_camera_labels-120.png 1408 688 42
big_dataset_depth/000000001471-segment-1146261869236413282_1680_000_1700_000_with_camera_labels-120.png 1416 680 52
big_dataset_depth/000000001471-segment-1146261869236413282_1680_000_1700_000_with_camera_labels-120.png 1424 680 52
big_dataset_depth/000000001471-segment-1146261869236413282_1680_000_1700_000_with_camera_labels-120.png 1432 672 52
big_dataset_depth/000000001471-segment-1146261869236413282_1680_000_1700_000_with_camera_labels-120.png 1472 912 19
big_dataset_depth/000000001471-segment-1146261869236413282_1680_000_1700_000_with_camera_labels-120.png 1480 968 19
big_dataset_depth/000000001471-segment-1146261869236413282_1680_000_1700_000_with_camera_labels-120.png 1488 1000 19
big_dataset_depth/000000001471-segment-1146261869236413282_1680_000_1700_000_with_camera_labels-120.png 1496 1008 18
big_dataset_depth/000000001471-segment-1146261869236413282_1680_000_1700_000_with_camera_labels-120.png 1504 1008 18
big_dataset_depth/000000001471-segment-1146261869236413282_1680_000_1700_000_with_camera_labels-120.png 1512 992 18
big_dataset_depth/000000001471-segment-1146261869236413282_1680_000_1700_000_with_camera_labels-120.png 1520 992 18
big_dataset_depth/000000001471-segment-1146261869236413282_1680_000_1700_000_with_camera_labels-120.png 1528 1048 17
big_dataset_depth/000000001471-segment-1146261869236413282_1680_000_1700_000_with_camera_labels-120.png 1536 992 18
big_dataset_depth/000000001471-segment-1146261869236413282_1680_000_1700_000_with_camera_labels-120.png 1544 1032 18
big_dataset_depth/000000001471-segment-1146261869236413282_1680_000_1700_000_with_camera_labels-120.png 1552 1032 17
big_dataset_depth/000000001471-segment-1146261869236413282_1680_000_1700_000_with_camera_labels-120.png 1560 1016 17
big_dataset_depth/000000001471-segment-1146261869236413282_1680_000_1700_000_with_camera_labels-120.png 1576 1032 17
big_dataset_depth/000000001471-segment-1146261869236413282_1680_000_1700_000_with_camera_labels-120.png 1584 1032 16
big_dataset_depth/000000001471-segment-1146261869236413282_1680_000_1700_000_with_camera_labels-120.png 1592 1032 16
big_dataset_depth/000000001471-segment-1146261869236413282_1680_000_1700_000_with_camera_labels-120.png 1600 1056 16
big_dataset_depth/000000001471-segment-1146261869236413282_1680_000_1700_000_with_camera_labels-120.png 1608 1032 16
big_dataset_depth/000000001471-segment-1146261869236413282_1680_000_1700_000_with_camera_labels-120.png 1616 1064 16
big_dataset_depth/000000001471-segment-1146261869236413282_1680_000_1700_000_with_camera_labels-120.png 1632 1072 16
big_dataset_depth/000000001471-segment-1146261869236413282_1680_000_1700_000_with_camera_labels-120.png 1640 1072 15
big_dataset_depth/000000001471-segment-1146261869236413282_1680_000_1700_000_with_camera_labels-120.png 1648 1096 15
big_dataset_depth/000000001471-segment-1146261869236413282_1680_000_1700_000_with_camera_labels-120.png 1656 1128 15
big_dataset_depth/000000001471-segment-1146261869236413282_1680_000_1700_000_with_camera_labels-120.png 1664 1136 15
big_dataset_depth/000000001471-segment-1146261869236413282_1680_000_1700_000_with_camera_labels-120.png 1672 1128 15
big_dataset_depth/000000001471-segment-1146261869236413282_1680_000_1700_000_with_camera_labels-120.png 1680 1136 15
big_dataset_depth/000000001471-segment-1146261869236413282_1680_000_1700_000_with_camera_labels-120.png 1688 1136 15
big_dataset_depth/000000001471-segment-1146261869236413282_1680_000_1700_000_with_camera_labels-120.png 1696 1136 15
big_dataset_depth/000000001471-segment-1146261869236413282_1680_000_1700_000_with_camera_labels-120.png 1704 1136 15
big_dataset_depth/000000001471-segment-1146261869236413282_1680_000_1700_000_with_camera_labels-120.png 1712 1144 15
big_dataset_depth/000000001471-segment-1146261869236413282_1680_000_1700_000_with_camera_labels-120.png 1720 1144 15
big_dataset_depth/000000001471-segment-1146261869236413282_1680_000_1700_000_with_camera_labels-120.png 1728 1160 14
big_dataset_depth/000000001471-segment-1146261869236413282_1680_000_1700_000_with_camera_labels-120.png 1744 1096 14
big_dataset_depth/000000001471-segment-1146261869236413282_1680_000_1700_000_with_camera_labels-120.png 1752 1096 14
big_dataset_depth/000000001471-segment-1146261869236413282_1680_000_1700_000_with_camera_labels-120.png 1760 1104 14
big_dataset_depth/000000001471-segment-1146261869236413282_1680_000_1700_000_with_camera_labels-120.png 1768 1088 14
big_dataset_depth/000000001471-segment-1146261869236413282_1680_000_1700_000_with_camera_labels-120.png 1776 1104 14
big_dataset_depth/000000001471-segment-1146261869236413282_1680_000_1700_000_with_camera_labels-120.png 1784 1104 14
big_dataset_depth/000000001471-segment-1146261869236413282_1680_000_1700_000_with_camera_labels-120.png 1792 1104 14
big_dataset_depth/000000001471-segment-1146261869236413282_1680_000_1700_000_with_camera_labels-120.png 1800 1088 14
big_dataset_depth/000000001471-segment-1146261869236413282_1680_000_1700_000_with_camera_labels-120.png 1808 1104 14
big_dataset_depth/000000001471-segment-1146261869236413282_1680_000_1700_000_with_camera_labels-120.png 1816 1104 14
big_dataset_depth/000000001471-segment-1146261869236413282_1680_000_1700_000_with_camera_labels-120.png 1824 896 32
big_dataset_depth/000000001471-segment-1146261869236413282_1680_000_1700_000_with_camera_labels-120.png 1832 872 40
big_dataset_depth/000000001471-segment-1146261869236413282_1680_000_1700_000_with_camera_labels-120.png 1840 896 33
big_dataset_depth/000000001471-segment-1146261869236413282_1680_000_1700_000_with_camera_labels-120.png 1848 1112 14
big_dataset_depth/000000001471-segment-1146261869236413282_1680_000_1700_000_with_camera_labels-120.png 1856 992 28
big_dataset_depth/000000001471-segment-1146261869236413282_1680_000_1700_000_with_camera_labels-120.png 1864 1128 16
big_dataset_depth/000000001471-segment-1146261869236413282_1680_000_1700_000_with_camera_labels-120.png 1872 928 29
big_dataset_depth/000000001471-segment-1146261869236413282_1680_000_1700_000_with_camera_labels-120.png 1880 664 58
big_dataset_depth/000000001471-segment-1146261869236413282_1680_000_1700_000_with_camera_labels-120.png 1888 1088 14
big_dataset_depth/000000001471-segment-1146261869236413282_1680_000_1700_000_with_camera_labels-120.png 1896 928 30
big_dataset_depth/000000001471-segment-1146261869236413282_1680_000_1700_000_with_camera_labels-120.png 1904 984 24
big_dataset_depth/000000001471-segment-1146261869236413282_1680_000_1700_000_with_camera_labels-120.png 1912 856 44
