big_dataset_depth/000000000124-segment-10072231702153043603_5725_000_5745_000_with_camera_labels-40.png 24 760 66
big_dataset_depth/000000000124-segment-10072231702153043603_5725_000_5745_000_with_camera_labels-40.png 32 760 66
big_dataset_depth/000000000124-segment-10072231702153043603_5725_000_5745_000_with_camera_labels-40.png 48 760 66
big_dataset_depth/000000000124-segment-10072231702153043603_5725_000_5745_000_with_camera_labels-40.png 56 752 69
big_dataset_depth/000000000124-segment-10072231702153043603_5725_000_5745_000_with_camera_labels-40.png 64 752 69
big_dataset_depth/000000000124-segment-10072231702153043603_5725_000_5745_000_with_camera_labels-40.png 72 760 67
big_dataset_depth/000000000124-segment-10072231702153043603_5725_000_5745_000_with_camera_labels-40.png 80 744 67
big_dataset_depth/000000000124-segment-10072231702153043603_5725_000_5745_000_with_camera_labels-40.png 88 752 69
big_dataset_depth/000000000124-segment-10072231702153043603_5725_000_5745_000_with_camera_labels-40.png 96 752 69
big_dataset_depth/000000000124-segment-10072231702153043603_5725_000_5745_000_with_camera_labels-40.png 104 760 66
big_dataset_depth/000000000124-segment-10072231702153043603_5725_000_5745_000_with_camera_labels-40.png 112 752 69
big_dataset_depth/000000000124-segment-10072231702153043603_5725_000_5745_000_with_camera_labels-40.png 120 752 68
big_dataset_depth/000000000124-segment-10072231702153043603_5725_000_5745_000_with_camera_labels-40.png 128 752 69
big_dataset_depth/000000000124-segment-10072231702153043603_5725_000_5745_000_with_camera_labels-40.png 136 752 69
big_dataset_depth/000000000124-segment-10072231702153043603_5725_000_5745_000_with_camera_labels-40.png 144 752 69
big_dataset_depth/000000000124-segment-10072231702153043603_5725_000_5745_000_with_camera_labels-40.png 152 752 69
big_dataset_depth/000000000124-segment-10072231702153043603_5725_000_5745_000_with_camera_labels-40.png 160 744 69
big_dataset_depth/000000000124-segment-10072231702153043603_5725_000_5745_000_with_camera_labels-40.png 168 736 70
big_dataset_depth/000000000124-segment-10072231702153043603_5725_000_5745_000_with_camera_labels-40.png 176 744 69
big_dataset_depth/000000000124-segment-10072231702153043603_5725_000_5745_000_with_camera_labels-40.png 184 736 73
big_dataset_depth/000000000124-segment-10072231702153043603_5725_000_5745_000_with_camera_labels-40.png 192 744 77
big_dataset_depth/000000000124-segment-10072231702153043603_5725_000_5745_000_with_camera_labels-40.png 200 744 77
big_dataset_depth/000000000124-segment-10072231702153043603_5725_000_5745_000_with_camera_labels-40.png 208 744 77
big_dataset_depth/000000000124-segment-10072231702153043603_5725_000_5745_000_with_camera_labels-40.png 216 744 77
big_dataset_depth/000000000124-segment-10072231702153043603_5725_000_5745_000_with_camera_labels-40.png 224 744 77
big_dataset_depth/000000000124-segment-10072231702153043603_5725_000_5745_000_with_camera_labels-40.png 232 744 76
big_dataset_depth/000000000124-segment-10072231702153043603_5725_000_5745_000_with_camera_labels-40.png 240 744 76
big_dataset_depth/000000000124-segment-10072231702153043603_5725_000_5745_000_with_camera_labels-40.png 248 744 76
big_dataset_depth/000000000124-segment-10072231702153043603_5725_000_5745_000_with_camera_labels-40.png 256 744 76
big_dataset_depth/000000000124-segment-10072231702153043603_5725_000_5745_000_with_camera_labels-40.png 264 736 76
big_dataset_depth/000000000124-segment-10072231702153043603_5725_000_5745_000_with_camera_labels-40.png 272 744 76
big_dataset_depth/000000000124-segment-10072231702153043603_5725_000_5745_000_with_camera_labels-40.png 280 712 86
big_dataset_depth/000000000124-segment-10072231702153043603_5725_000_5745_000_with_camera_labels-40.png 288 720 90
big_dataset_depth/000000000124-segment-10072231702153043603_5725_000_5745_000_with_camera_labels-40.png 296 720 89
big_dataset_depth/000000000124-segment-10072231702153043603_5725_000_5745_000_with_camera_labels-40.png 304 720 90
big_dataset_depth/000000000124-segment-10072231702153043603_5725_000_5745_000_with_camera_labels-40.png 312 704 92
big_dataset_depth/000000000124-segment-10072231702153043603_5725_000_5745_000_with_camera_labels-40.png 320 720 89
big_dataset_depth/000000000124-segment-10072231702153043603_5725_000_5745_000_with_camera_labels-40.png 328 704 92
big_dataset_depth/000000000124-segment-10072231702153043603_5725_000_5745_000_with_camera_labels-40.png 336 712 91
big_dataset_depth/000000000124-segment-10072231702153043603_5725_000_5745_000_with_camera_labels-40.png 344 720 93
big_dataset_depth/000000000124-segment-10072231702153043603_5725_000_5745_000_with_camera_labels-40.png 352 720 93
big_dataset_depth/000000000124-segment-10072231702153043603_5725_000_5745_000_with_camera_labels-40.png 360 720 94
big_dataset_depth/000000000124-segment-10072231702153043603_5725_000_5745_000_with_camera_labels-40.png 368 712 93
big_dataset_depth/000000000124-segment-10072231702153043603_5725_000_5745_000_with_camera_labels-40.png 376 704 96
big_dataset_depth/000000000124-segment-10072231702153043603_5725_000_5745_000_with_camera_labels-40.png 384 712 99
big_dataset_depth/000000000124-segment-10072231702153043603_5725_000_5745_000_with_camera_labels-40.png 392 712 99
big_dataset_depth/000000000124-segment-10072231702153043603_5725_000_5745_000_with_camera_labels-40.png 400 704 99
big_dataset_depth/000000000124-segment-10072231702153043603_5725_000_5745_000_with_camera_labels-40.png 1128 712 93
big_dataset_depth/000000000124-segment-10072231702153043603_5725_000_5745_000_with_camera_labels-40.png 1136 728 93
big_dataset_depth/000000000124-segment-10072231702153043603_5725_000_5745_000_with_camera_labels-40.png 1144 712 93
big_dataset_depth/000000000124-segment-10072231702153043603_5725_000_5745_000_with_camera_labels-40.png 1152 704 93
big_dataset_depth/000000000124-segment-10072231702153043603_5725_000_5745_000_with_camera_labels-40.png 1184 736 83
big_dataset_depth/000000000124-segment-10072231702153043603_5725_000_5745_000_with_camera_labels-40.png 1192 736 83
big_dataset_depth/000000000124-segment-10072231702153043603_5725_000_5745_000_with_camera_labels-40.png 1280 704 95
big_dataset_depth/000000000124-segment-10072231702153043603_5725_000_5745_000_with_camera_labels-40.png 1288 720 95
big_dataset_depth/000000000124-segment-10072231702153043603_5725_000_5745_000_with_camera_labels-40.png 1296 728 80
big_dataset_depth/000000000124-segment-10072231702153043603_5725_000_5745_000_with_camera_labels-40.png 1304 728 82
big_dataset_depth/000000000124-segment-10072231702153043603_5725_000_5745_000_with_camera_labels-40.png 1312 720 98
big_dataset_depth/000000000124-segment-10072231702153043603_5725_000_5745_000_with_camera_labels-40.png 1320 712 95
big_dataset_depth/000000000124-segment-10072231702153043603_5725_000_5745_000_with_camera_labels-40.png 1328 728 86
big_dataset_depth/000000000124-segment-10072231702153043603_5725_000_5745_000_with_camera_labels-40.png 1336 728 91
big_dataset_depth/000000000124-segment-10072231702153043603_5725_000_5745_000_with_camera_labels-40.png 1344 728 90
big_dataset_depth/000000000124-segment-10072231702153043603_5725_000_5745_000_with_camera_labels-40.png 1352 728 89
big_dataset_depth/000000000124-segment-10072231702153043603_5725_000_5745_000_with_camera_labels-40.png 1360 704 90
big_dataset_depth/000000000124-segment-10072231702153043603_5725_000_5745_000_with_camera_labels-40.png 1368 736 83
big_dataset_depth/000000000124-segment-10072231702153043603_5725_000_5745_000_with_camera_labels-40.png 1376 728 88
big_dataset_depth/000000000124-segment-10072231702153043603_5725_000_5745_000_with_camera_labels-40.png 1384 736 80
big_dataset_depth/000000000124-segment-10072231702153043603_5725_000_5745_000_with_camera_labels-40.png 1392 744 77
big_dataset_depth/000000000124-segment-10072231702153043603_5725_000_5745_000_with_camera_labels-40.png 1400 736 80
big_dataset_depth/000000000124-segment-10072231702153043603_5725_000_5745_000_with_camera_labels-40.png 1408 744 75
big_dataset_depth/000000000124-segment-10072231702153043603_5725_000_5745_000_with_camera_labels-40.png 1416 744 75
big_dataset_depth/000000000124-segment-10072231702153043603_5725_000_5745_000_with_camera_labels-40.png 1424 736 76
big_dataset_depth/000000000124-segment-10072231702153043603_5725_000_5745_000_with_camera_labels-40.png 1432 744 68
big_dataset_depth/000000000124-segment-10072231702153043603_5725_000_5745_000_with_camera_labels-40.png 1440 736 72
big_dataset_depth/000000000124-segment-10072231702153043603_5725_000_5745_000_with_camera_labels-40.png 1448 752 68
big_dataset_depth/000000000124-segment-10072231702153043603_5725_000_5745_000_with_camera_labels-40.png 1456 752 68
big_dataset_depth/000000000124-segment-10072231702153043603_5725_000_5745_000_with_camera_labels-40.png 1464 752 66
big_dataset_depth/000000000124-segment-10072231702153043603_5725_000_5745_000_with_camera_labels-40.png 1472 752 66
big_dataset_depth/000000000124-segment-10072231702153043603_5725_000_5745_000_with_camera_labels-40.png 1480 760 64
big_dataset_depth/000000000124-segment-10072231702153043603_5725_000_5745_000_with_camera_labels-40.png 1488 744 66
big_dataset_depth/000000000124-segment-10072231702153043603_5725_000_5745_000_with_camera_labels-40.png 1496 760 63
big_dataset_depth/000000000124-segment-10072231702153043603_5725_000_5745_000_with_camera_labels-40.png 1504 800 51
big_dataset_depth/000000000124-segment-10072231702153043603_5725_000_5745_000_with_camera_labels-40.png 1512 744 66
big_dataset_depth/000000000124-segment-10072231702153043603_5725_000_5745_000_with_camera_labels-40.png 1520 768 63
big_dataset_depth/000000000124-segment-10072231702153043603_5725_000_5745_000_with_camera_labels-40.png 1544 792 45
big_dataset_depth/000000000124-segment-10072231702153043603_5725_000_5745_000_with_camera_labels-40.png 1552 784 51
big_dataset_depth/000000000124-segment-10072231702153043603_5725_000_5745_000_with_camera_labels-40.png 1560 792 51
big_dataset_depth/000000000124-segment-10072231702153043603_5725_000_5745_000_with_camera_labels-40.png 1568 792 49
big_dataset_depth/000000000124-segment-10072231702153043603_5725_000_5745_000_with_camera_labels-40.png 1576 760 60
big_dataset_depth/000000000124-segment-10072231702153043603_5725_000_5745_000_with_camera_labels-40.png 1584 864 36
big_dataset_depth/000000000124-segment-10072231702153043603_5725_000_5745_000_with_camera_labels-40.png 1592 760 63
big_dataset_depth/000000000124-segment-10072231702153043603_5725_000_5745_000_with_camera_labels-40.png 1600 768 61
big_dataset_depth/000000000124-segment-10072231702153043603_5725_000_5745_000_with_camera_labels-40.png 1608 728 71
big_dataset_depth/000000000124-segment-10072231702153043603_5725_000_5745_000_with_camera_labels-40.png 1616 656 78
big_dataset_depth/000000000124-segment-10072231702153043603_5725_000_5745_000_with_camera_labels-40.png 1624 680 80
big_dataset_depth/000000000124-segment-10072231702153043603_5725_000_5745_000_with_camera_labels-40.png 1632 648 81
big_dataset_depth/000000000124-segment-10072231702153043603_5725_000_5745_000_with_camera_labels-40.png 1640 768 55
big_dataset_depth/000000000124-segment-10072231702153043603_5725_000_5745_000_with_camera_labels-40.png 1656 656 79
big_dataset_depth/000000000124-segment-10072231702153043603_5725_000_5745_000_with_camera_labels-40.png 1664 896 32
big_dataset_depth/000000000124-segment-10072231702153043603_5725_000_5745_000_with_camera_labels-40.png 1672 848 39
big_dataset_depth/000000000124-segment-10072231702153043603_5725_000_5745_000_with_camera_labels-40.png 1680 896 32
big_dataset_depth/000000000124-segment-10072231702153043603_5725_000_5745_000_with_camera_labels-40.png 1688 792 47
big_dataset_depth/000000000124-segment-10072231702153043603_5725_000_5745_000_with_camera_labels-40.png 1696 808 47
big_dataset_depth/000000000124-segment-10072231702153043603_5725_000_5745_000_with_camera_labels-40.png 1704 912 30
big_dataset_depth/000000000124-segment-10072231702153043603_5725_000_5745_000_with_camera_labels-40.png 1712 800 47
big_dataset_depth/000000000124-segment-10072231702153043603_5725_000_5745_000_with_camera_labels-40.png 1720 912 30
big_dataset_depth/000000000124-segment-10072231702153043603_5725_000_5745_000_with_camera_labels-40.png 1728 856 39
big_dataset_depth/000000000124-segment-10072231702153043603_5725_000_5745_000_with_camera_labels-40.png 1736 800 48
big_dataset_depth/000000000124-segment-10072231702153043603_5725_000_5745_000_with_camera_labels-40.png 1744 800 50
big_dataset_depth/000000000124-segment-10072231702153043603_5725_000_5745_000_with_camera_labels-40.png 1752 784 50
big_dataset_depth/000000000124-segment-10072231702153043603_5725_000_5745_000_with_camera_labels-40.png 1760 800 49
big_dataset_depth/000000000124-segment-10072231702153043603_5725_000_5745_000_with_camera_labels-40.png 1768 848 40
big_dataset_depth/000000000124-segment-10072231702153043603_5725_000_5745_000_with_camera_labels-40.png 1776 928 28
big_dataset_depth/000000000124-segment-10072231702153043603_5725_000_5745_000_with_camera_labels-40.png 1784 800 49
big_dataset_depth/000000000124-segment-10072231702153043603_5725_000_5745_000_with_camera_labels-40.png 1808 800 49
big_dataset_depth/000000000124-segment-10072231702153043603_5725_000_5745_000_with_camera_labels-40.png 1816 864 36
big_dataset_depth/000000000124-segment-10072231702153043603_5725_000_5745_000_with_camera_labels-40.png 1824 904 33
big_dataset_depth/000000000124-segment-10072231702153043603_5725_000_5745_000_with_camera_labels-40.png 1840 944 27
big_dataset_depth/000000000124-segment-10072231702153043603_5725_000_5745_000_with_camera_labels-40.png 1848 816 45
big_dataset_depth/000000000124-segment-10072231702153043603_5725_000_5745_000_with_camera_labels-40.png 1856 960 26
big_dataset_depth/000000000124-segment-10072231702153043603_5725_000_5745_000_with_camera_labels-40.png 1864 960 26
big_dataset_depth/000000000124-segment-10072231702153043603_5725_000_5745_000_with_camera_labels-40.png 1872 824 44
big_dataset_depth/000000000124-segment-10072231702153043603_5725_000_5745_000_with_camera_labels-40.png 1880 960 26
big_dataset_depth/000000000124-segment-10072231702153043603_5725_000_5745_000_with_camera_labels-40.png 1888 856 39
big_dataset_depth/000000000124-segment-10072231702153043603_5725_000_5745_000_with_camera_labels-40.png 1896 824 44
big_dataset_depth/000000000124-segment-10072231702153043603_5725_000_5745_000_with_camera_labels-40.png 1904 824 44
big_dataset_depth/000000000124-segment-10072231702153043603_5725_000_5745_000_with_camera_labels-40.png 1912 776 53
