big_dataset_depth/000000003829-segment-14106113060128637865_1200_000_1220_000_with_camera_labels-130.png 0 840 60
big_dataset_depth/000000003829-segment-14106113060128637865_1200_000_1220_000_with_camera_labels-130.png 8 848 60
big_dataset_depth/000000003829-segment-14106113060128637865_1200_000_1220_000_with_camera_labels-130.png 16 848 60
big_dataset_depth/000000003829-segment-14106113060128637865_1200_000_1220_000_with_camera_labels-130.png 24 840 60
big_dataset_depth/000000003829-segment-14106113060128637865_1200_000_1220_000_with_camera_labels-130.png 32 832 60
big_dataset_depth/000000003829-segment-14106113060128637865_1200_000_1220_000_with_camera_labels-130.png 40 840 60
big_dataset_depth/000000003829-segment-14106113060128637865_1200_000_1220_000_with_camera_labels-130.png 48 832 59
big_dataset_depth/000000003829-segment-14106113060128637865_1200_000_1220_000_with_camera_labels-130.png 56 840 59
big_dataset_depth/000000003829-segment-14106113060128637865_1200_000_1220_000_with_camera_labels-130.png 64 832 56
big_dataset_depth/000000003829-segment-14106113060128637865_1200_000_1220_000_with_camera_labels-130.png 72 840 55
big_dataset_depth/000000003829-segment-14106113060128637865_1200_000_1220_000_with_camera_labels-130.png 80 840 54
big_dataset_depth/000000003829-segment-14106113060128637865_1200_000_1220_000_with_camera_labels-130.png 96 808 53
big_dataset_depth/000000003829-segment-14106113060128637865_1200_000_1220_000_with_camera_labels-130.png 104 800 52
big_dataset_depth/000000003829-segment-14106113060128637865_1200_000_1220_000_with_camera_labels-130.png 112 784 54
big_dataset_depth/000000003829-segment-14106113060128637865_1200_000_1220_000_with_camera_labels-130.png 120 824 53
big_dataset_depth/000000003829-segment-14106113060128637865_1200_000_1220_000_with_camera_labels-130.png 128 824 54
big_dataset_depth/000000003829-segment-14106113060128637865_1200_000_1220_000_with_camera_labels-130.png 136 848 53
big_dataset_depth/000000003829-segment-14106113060128637865_1200_000_1220_000_with_camera_labels-130.png 144 840 55
big_dataset_depth/000000003829-segment-14106113060128637865_1200_000_1220_000_with_camera_labels-130.png 152 840 55
big_dataset_depth/000000003829-segment-14106113060128637865_1200_000_1220_000_with_camera_labels-130.png 160 840 52
big_dataset_depth/000000003829-segment-14106113060128637865_1200_000_1220_000_with_camera_labels-130.png 168 840 55
big_dataset_depth/000000003829-segment-14106113060128637865_1200_000_1220_000_with_camera_labels-130.png 176 840 55
big_dataset_depth/000000003829-segment-14106113060128637865_1200_000_1220_000_with_camera_labels-130.png 184 840 55
big_dataset_depth/000000003829-segment-14106113060128637865_1200_000_1220_000_with_camera_labels-130.png 192 816 55
big_dataset_depth/000000003829-segment-14106113060128637865_1200_000_1220_000_with_camera_labels-130.png 200 840 55
big_dataset_depth/000000003829-segment-14106113060128637865_1200_000_1220_000_with_camera_labels-130.png 208 840 55
big_dataset_depth/000000003829-segment-14106113060128637865_1200_000_1220_000_with_camera_labels-130.png 216 840 55
big_dataset_depth/000000003829-segment-14106113060128637865_1200_000_1220_000_with_camera_labels-130.png 224 840 55
big_dataset_depth/000000003829-segment-14106113060128637865_1200_000_1220_000_with_camera_labels-130.png 232 840 55
big_dataset_depth/000000003829-segment-14106113060128637865_1200_000_1220_000_with_camera_labels-130.png 240 840 55
big_dataset_depth/000000003829-segment-14106113060128637865_1200_000_1220_000_with_camera_labels-130.png 248 840 55
big_dataset_depth/000000003829-segment-14106113060128637865_1200_000_1220_000_with_camera_labels-130.png 256 840 55
big_dataset_depth/000000003829-segment-14106113060128637865_1200_000_1220_000_with_camera_labels-130.png 264 832 56
big_dataset_depth/000000003829-segment-14106113060128637865_1200_000_1220_000_with_camera_labels-130.png 272 840 55
big_dataset_depth/000000003829-segment-14106113060128637865_1200_000_1220_000_with_camera_labels-130.png 280 840 55
big_dataset_depth/000000003829-segment-14106113060128637865_1200_000_1220_000_with_camera_labels-130.png 288 840 55
big_dataset_depth/000000003829-segment-14106113060128637865_1200_000_1220_000_with_camera_labels-130.png 296 840 55
big_dataset_depth/000000003829-segment-14106113060128637865_1200_000_1220_000_with_camera_labels-130.png 304 840 55
big_dataset_depth/000000003829-segment-14106113060128637865_1200_000_1220_000_with_camera_labels-130.png 312 824 56
big_dataset_depth/000000003829-segment-14106113060128637865_1200_000_1220_000_with_camera_labels-130.png 320 840 55
big_dataset_depth/000000003829-segment-14106113060128637865_1200_000_1220_000_with_camera_labels-130.png 328 840 55
big_dataset_depth/000000003829-segment-14106113060128637865_1200_000_1220_000_with_camera_labels-130.png 336 824 56
big_dataset_depth/000000003829-segment-14106113060128637865_1200_000_1220_000_with_camera_labels-130.png 344 840 56
big_dataset_depth/000000003829-segment-14106113060128637865_1200_000_1220_000_with_camera_labels-130.png 352 840 57
big_dataset_depth/000000003829-segment-14106113060128637865_1200_000_1220_000_with_camera_labels-130.png 360 840 57
big_dataset_depth/000000003829-segment-14106113060128637865_1200_000_1220_000_with_camera_labels-130.png 368 832 57
big_dataset_depth/000000003829-segment-14106113060128637865_1200_000_1220_000_with_camera_labels-130.png 376 840 58
big_dataset_depth/000000003829-segment-14106113060128637865_1200_000_1220_000_with_camera_labels-130.png 384 840 58
big_dataset_depth/000000003829-segment-14106113060128637865_1200_000_1220_000_with_camera_labels-130.png 392 840 58
big_dataset_depth/000000003829-segment-14106113060128637865_1200_000_1220_000_with_camera_labels-130.png 400 816 58
big_dataset_depth/000000003829-segment-14106113060128637865_1200_000_1220_000_with_camera_labels-130.png 408 808 59
big_dataset_depth/000000003829-segment-14106113060128637865_1200_000_1220_000_with_camera_labels-130.png 416 808 58
big_dataset_depth/000000003829-segment-14106113060128637865_1200_000_1220_000_with_camera_labels-130.png 424 792 62
big_dataset_depth/000000003829-segment-14106113060128637865_1200_000_1220_000_with_camera_labels-130.png 432 800 62
big_dataset_depth/000000003829-segment-14106113060128637865_1200_000_1220_000_with_camera_labels-130.png 440 768 63
big_dataset_depth/000000003829-segment-14106113060128637865_1200_000_1220_000_with_camera_labels-130.png 448 752 65
big_dataset_depth/000000003829-segment-14106113060128637865_1200_000_1220_000_with_camera_labels-130.png 456 792 64
big_dataset_depth/000000003829-segment-14106113060128637865_1200_000_1220_000_with_camera_labels-130.png 464 760 70
big_dataset_depth/000000003829-segment-14106113060128637865_1200_000_1220_000_with_camera_labels-130.png 472 800 64
big_dataset_depth/000000003829-segment-14106113060128637865_1200_000_1220_000_with_camera_labels-130.png 480 832 58
big_dataset_depth/000000003829-segment-14106113060128637865_1200_000_1220_000_with_camera_labels-130.png 488 824 59
big_dataset_depth/000000003829-segment-14106113060128637865_1200_000_1220_000_with_camera_labels-130.png 496 840 58
big_dataset_depth/000000003829-segment-14106113060128637865_1200_000_1220_000_with_camera_labels-130.png 504 808 59
big_dataset_depth/000000003829-segment-14106113060128637865_1200_000_1220_000_with_camera_labels-130.png 512 776 61
big_dataset_depth/000000003829-segment-14106113060128637865_1200_000_1220_000_with_camera_labels-130.png 520 768 63
big_dataset_depth/000000003829-segment-14106113060128637865_1200_000_1220_000_with_camera_labels-130.png 528 768 63
big_dataset_depth/000000003829-segment-14106113060128637865_1200_000_1220_000_with_camera_labels-130.png 536 800 60
big_dataset_depth/000000003829-segment-14106113060128637865_1200_000_1220_000_with_camera_labels-130.png 544 712 80
big_dataset_depth/000000003829-segment-14106113060128637865_1200_000_1220_000_with_camera_labels-130.png 552 744 68
big_dataset_depth/000000003829-segment-14106113060128637865_1200_000_1220_000_with_camera_labels-130.png 560 824 57
big_dataset_depth/000000003829-segment-14106113060128637865_1200_000_1220_000_with_camera_labels-130.png 568 824 57
big_dataset_depth/000000003829-segment-14106113060128637865_1200_000_1220_000_with_camera_labels-130.png 576 824 56
big_dataset_depth/000000003829-segment-14106113060128637865_1200_000_1220_000_with_camera_labels-130.png 584 824 57
big_dataset_depth/000000003829-segment-14106113060128637865_1200_000_1220_000_with_camera_labels-130.png 592 824 57
big_dataset_depth/000000003829-segment-14106113060128637865_1200_000_1220_000_with_camera_labels-130.png 600 816 57
big_dataset_depth/000000003829-segment-14106113060128637865_1200_000_1220_000_with_camera_labels-130.png 608 704 82
big_dataset_depth/000000003829-segment-14106113060128637865_1200_000_1220_000_with_camera_labels-130.png 616 768 71
big_dataset_depth/000000003829-segment-14106113060128637865_1200_000_1220_000_with_camera_labels-130.png 624 704 82
big_dataset_depth/000000003829-segment-14106113060128637865_1200_000_1220_000_with_camera_labels-130.png 632 824 58
big_dataset_depth/000000003829-segment-14106113060128637865_1200_000_1220_000_with_camera_labels-130.png 640 688 85
big_dataset_depth/000000003829-segment-14106113060128637865_1200_000_1220_000_with_camera_labels-130.png 648 688 87
big_dataset_depth/000000003829-segment-14106113060128637865_1200_000_1220_000_with_camera_labels-130.png 656 784 65
big_dataset_depth/000000003829-segment-14106113060128637865_1200_000_1220_000_with_camera_labels-130.png 664 784 65
big_dataset_depth/000000003829-segment-14106113060128637865_1200_000_1220_000_with_camera_labels-130.png 672 784 66
big_dataset_depth/000000003829-segment-14106113060128637865_1200_000_1220_000_with_camera_labels-130.png 680 696 79
big_dataset_depth/000000003829-segment-14106113060128637865_1200_000_1220_000_with_camera_labels-130.png 688 704 79
big_dataset_depth/000000003829-segment-14106113060128637865_1200_000_1220_000_with_camera_labels-130.png 696 704 79
big_dataset_depth/000000003829-segment-14106113060128637865_1200_000_1220_000_with_camera_labels-130.png 704 704 79
big_dataset_depth/000000003829-segment-14106113060128637865_1200_000_1220_000_with_camera_labels-130.png 712 704 79
big_dataset_depth/000000003829-segment-14106113060128637865_1200_000_1220_000_with_camera_labels-130.png 720 696 79
big_dataset_depth/000000003829-segment-14106113060128637865_1200_000_1220_000_with_camera_labels-130.png 728 704 80
big_dataset_depth/000000003829-segment-14106113060128637865_1200_000_1220_000_with_camera_labels-130.png 736 648 96
big_dataset_depth/000000003829-segment-14106113060128637865_1200_000_1220_000_with_camera_labels-130.png 744 664 95
big_dataset_depth/000000003829-segment-14106113060128637865_1200_000_1220_000_with_camera_labels-130.png 992 520 98
big_dataset_depth/000000003829-segment-14106113060128637865_1200_000_1220_000_with_camera_labels-130.png 1000 528 98
big_dataset_depth/000000003829-segment-14106113060128637865_1200_000_1220_000_with_camera_labels-130.png 1008 552 98
big_dataset_depth/000000003829-segment-14106113060128637865_1200_000_1220_000_with_camera_labels-130.png 1016 560 97
big_dataset_depth/000000003829-segment-14106113060128637865_1200_000_1220_000_with_camera_labels-130.png 1024 728 67
big_dataset_depth/000000003829-segment-14106113060128637865_1200_000_1220_000_with_camera_labels-130.png 1032 752 66
big_dataset_depth/000000003829-segment-14106113060128637865_1200_000_1220_000_with_camera_labels-130.png 1040 760 66
big_dataset_depth/000000003829-segment-14106113060128637865_1200_000_1220_000_with_camera_labels-130.png 1048 760 66
big_dataset_depth/000000003829-segment-14106113060128637865_1200_000_1220_000_with_camera_labels-130.png 1056 752 66
big_dataset_depth/000000003829-segment-14106113060128637865_1200_000_1220_000_with_camera_labels-130.png 1064 752 66
big_dataset_depth/000000003829-segment-14106113060128637865_1200_000_1220_000_with_camera_labels-130.png 1072 768 66
big_dataset_depth/000000003829-segment-14106113060128637865_1200_000_1220_000_with_camera_labels-130.png 1080 752 66
big_dataset_depth/000000003829-segment-14106113060128637865_1200_000_1220_000_with_camera_labels-130.png 1088 752 66
big_dataset_depth/000000003829-segment-14106113060128637865_1200_000_1220_000_with_camera_labels-130.png 1096 752 66
big_dataset_depth/000000003829-segment-14106113060128637865_1200_000_1220_000_with_camera_labels-130.png 1104 712 79
big_dataset_depth/000000003829-segment-14106113060128637865_1200_000_1220_000_with_camera_labels-130.png 1112 744 71
big_dataset_depth/000000003829-segment-14106113060128637865_1200_000_1220_000_with_camera_labels-130.png 1120 744 70
big_dataset_depth/000000003829-segment-14106113060128637865_1200_000_1220_000_with_camera_labels-130.png 1128 792 63
big_dataset_depth/000000003829-segment-14106113060128637865_1200_000_1220_000_with_camera_labels-130.png 1136 792 63
big_dataset_depth/000000003829-segment-14106113060128637865_1200_000_1220_000_with_camera_labels-130.png 1144 792 63
big_dataset_depth/000000003829-segment-14106113060128637865_1200_000_1220_000_with_camera_labels-130.png 1152 792 63
big_dataset_depth/000000003829-segment-14106113060128637865_1200_000_1220_000_with_camera_labels-130.png 1160 792 63
big_dataset_depth/000000003829-segment-14106113060128637865_1200_000_1220_000_with_camera_labels-130.png 1168 792 63
big_dataset_depth/000000003829-segment-14106113060128637865_1200_000_1220_000_with_camera_labels-130.png 1176 792 63
big_dataset_depth/000000003829-segment-14106113060128637865_1200_000_1220_000_with_camera_labels-130.png 1184 776 65
big_dataset_depth/000000003829-segment-14106113060128637865_1200_000_1220_000_with_camera_labels-130.png 1192 672 55
big_dataset_depth/000000003829-segment-14106113060128637865_1200_000_1220_000_with_camera_labels-130.png 1200 832 55
big_dataset_depth/000000003829-segment-14106113060128637865_1200_000_1220_000_with_camera_labels-130.png 1208 840 54
big_dataset_depth/000000003829-segment-14106113060128637865_1200_000_1220_000_with_camera_labels-130.png 1216 832 54
big_dataset_depth/000000003829-segment-14106113060128637865_1200_000_1220_000_with_camera_labels-130.png 1224 848 54
big_dataset_depth/000000003829-segment-14106113060128637865_1200_000_1220_000_with_camera_labels-130.png 1232 816 55
big_dataset_depth/000000003829-segment-14106113060128637865_1200_000_1220_000_with_camera_labels-130.png 1240 824 55
big_dataset_depth/000000003829-segment-14106113060128637865_1200_000_1220_000_with_camera_labels-130.png 1248 776 61
big_dataset_depth/000000003829-segment-14106113060128637865_1200_000_1220_000_with_camera_labels-130.png 1256 768 66
big_dataset_depth/000000003829-segment-14106113060128637865_1200_000_1220_000_with_camera_labels-130.png 1264 768 65
big_dataset_depth/000000003829-segment-14106113060128637865_1200_000_1220_000_with_camera_labels-130.png 1272 760 65
big_dataset_depth/000000003829-segment-14106113060128637865_1200_000_1220_000_with_camera_labels-130.png 1280 792 62
big_dataset_depth/000000003829-segment-14106113060128637865_1200_000_1220_000_with_camera_labels-130.png 1288 792 62
big_dataset_depth/000000003829-segment-14106113060128637865_1200_000_1220_000_with_camera_labels-130.png 1296 792 62
big_dataset_depth/000000003829-segment-14106113060128637865_1200_000_1220_000_with_camera_labels-130.png 1304 792 62
big_dataset_depth/000000003829-segment-14106113060128637865_1200_000_1220_000_with_camera_labels-130.png 1312 792 62
big_dataset_depth/000000003829-segment-14106113060128637865_1200_000_1220_000_with_camera_labels-130.png 1320 792 62
big_dataset_depth/000000003829-segment-14106113060128637865_1200_000_1220_000_with_camera_labels-130.png 1328 792 62
big_dataset_depth/000000003829-segment-14106113060128637865_1200_000_1220_000_with_camera_labels-130.png 1336 792 62
big_dataset_depth/000000003829-segment-14106113060128637865_1200_000_1220_000_with_camera_labels-130.png 1344 792 62
big_dataset_depth/000000003829-segment-14106113060128637865_1200_000_1220_000_with_camera_labels-130.png 1352 808 60
big_dataset_depth/000000003829-segment-14106113060128637865_1200_000_1220_000_with_camera_labels-130.png 1360 808 62
big_dataset_depth/000000003829-segment-14106113060128637865_1200_000_1220_000_with_camera_labels-130.png 1368 808 62
big_dataset_depth/000000003829-segment-14106113060128637865_1200_000_1220_000_with_camera_labels-130.png 1376 816 60
big_dataset_depth/000000003829-segment-14106113060128637865_1200_000_1220_000_with_camera_labels-130.png 1384 800 62
big_dataset_depth/000000003829-segment-14106113060128637865_1200_000_1220_000_with_camera_labels-130.png 1392 816 60
big_dataset_depth/000000003829-segment-14106113060128637865_1200_000_1220_000_with_camera_labels-130.png 1400 800 61
big_dataset_depth/000000003829-segment-14106113060128637865_1200_000_1220_000_with_camera_labels-130.png 1408 808 59
big_dataset_depth/000000003829-segment-14106113060128637865_1200_000_1220_000_with_camera_labels-130.png 1416 816 57
big_dataset_depth/000000003829-segment-14106113060128637865_1200_000_1220_000_with_camera_labels-130.png 1424 816 54
big_dataset_depth/000000003829-segment-14106113060128637865_1200_000_1220_000_with_camera_labels-130.png 1432 800 55
big_dataset_depth/000000003829-segment-14106113060128637865_1200_000_1220_000_with_camera_labels-130.png 1440 776 56
big_dataset_depth/000000003829-segment-14106113060128637865_1200_000_1220_000_with_camera_labels-130.png 1448 824 54
big_dataset_depth/000000003829-segment-14106113060128637865_1200_000_1220_000_with_camera_labels-130.png 1456 824 54
big_dataset_depth/000000003829-segment-14106113060128637865_1200_000_1220_000_with_camera_labels-130.png 1464 824 54
big_dataset_depth/000000003829-segment-14106113060128637865_1200_000_1220_000_with_camera_labels-130.png 1472 824 54
big_dataset_depth/000000003829-segment-14106113060128637865_1200_000_1220_000_with_camera_labels-130.png 1480 816 54
big_dataset_depth/000000003829-segment-14106113060128637865_1200_000_1220_000_with_camera_labels-130.png 1488 912 25
big_dataset_depth/000000003829-segment-14106113060128637865_1200_000_1220_000_with_camera_labels-130.png 1496 816 54
big_dataset_depth/000000003829-segment-14106113060128637865_1200_000_1220_000_with_camera_labels-130.png 1504 864 40
big_dataset_depth/000000003829-segment-14106113060128637865_1200_000_1220_000_with_camera_labels-130.png 1520 792 53
big_dataset_depth/000000003829-segment-14106113060128637865_1200_000_1220_000_with_camera_labels-130.png 1528 768 38
big_dataset_depth/000000003829-segment-14106113060128637865_1200_000_1220_000_with_camera_labels-130.png 1536 856 25
big_dataset_depth/000000003829-segment-14106113060128637865_1200_000_1220_000_with_camera_labels-130.png 1544 824 24
big_dataset_depth/000000003829-segment-14106113060128637865_1200_000_1220_000_with_camera_labels-130.png 1560 848 25
big_dataset_depth/000000003829-segment-14106113060128637865_1200_000_1220_000_with_camera_labels-130.png 1568 904 25
big_dataset_depth/000000003829-segment-14106113060128637865_1200_000_1220_000_with_camera_labels-130.png 1576 840 25
big_dataset_depth/000000003829-segment-14106113060128637865_1200_000_1220_000_with_camera_labels-130.png 1584 952 22
big_dataset_depth/000000003829-segment-14106113060128637865_1200_000_1220_000_with_camera_labels-130.png 1592 832 35
big_dataset_depth/000000003829-segment-14106113060128637865_1200_000_1220_000_with_camera_labels-130.png 1600 856 24
big_dataset_depth/000000003829-segment-14106113060128637865_1200_000_1220_000_with_camera_labels-130.png 1608 840 25
big_dataset_depth/000000003829-segment-14106113060128637865_1200_000_1220_000_with_camera_labels-130.png 1616 888 23
big_dataset_depth/000000003829-segment-14106113060128637865_1200_000_1220_000_with_camera_labels-130.png 1624 888 23
big_dataset_depth/000000003829-segment-14106113060128637865_1200_000_1220_000_with_camera_labels-130.png 1632 920 23
big_dataset_depth/000000003829-segment-14106113060128637865_1200_000_1220_000_with_camera_labels-130.png 1640 920 23
big_dataset_depth/000000003829-segment-14106113060128637865_1200_000_1220_000_with_camera_labels-130.png 1648 888 23
big_dataset_depth/000000003829-segment-14106113060128637865_1200_000_1220_000_with_camera_labels-130.png 1656 936 22
big_dataset_depth/000000003829-segment-14106113060128637865_1200_000_1220_000_with_camera_labels-130.png 1664 992 21
big_dataset_depth/000000003829-segment-14106113060128637865_1200_000_1220_000_with_camera_labels-130.png 1672 912 22
big_dataset_depth/000000003829-segment-14106113060128637865_1200_000_1220_000_with_camera_labels-130.png 1680 936 22
big_dataset_depth/000000003829-segment-14106113060128637865_1200_000_1220_000_with_camera_labels-130.png 1688 936 22
big_dataset_depth/000000003829-segment-14106113060128637865_1200_000_1220_000_with_camera_labels-130.png 1696 1008 20
big_dataset_depth/000000003829-segment-14106113060128637865_1200_000_1220_000_with_camera_labels-130.png 1704 920 21
big_dataset_depth/000000003829-segment-14106113060128637865_1200_000_1220_000_with_camera_labels-130.png 1712 944 22
big_dataset_depth/000000003829-segment-14106113060128637865_1200_000_1220_000_with_camera_labels-130.png 1720 936 22
big_dataset_depth/000000003829-segment-14106113060128637865_1200_000_1220_000_with_camera_labels-130.png 1736 944 21
big_dataset_depth/000000003829-segment-14106113060128637865_1200_000_1220_000_with_camera_labels-130.png 1744 1032 19
big_dataset_depth/000000003829-segment-14106113060128637865_1200_000_1220_000_with_camera_labels-130.png 1752 976 20
big_dataset_depth/000000003829-segment-14106113060128637865_1200_000_1220_000_with_camera_labels-130.png 1760 944 22
big_dataset_depth/000000003829-segment-14106113060128637865_1200_000_1220_000_with_camera_labels-130.png 1768 936 22
big_dataset_depth/000000003829-segment-14106113060128637865_1200_000_1220_000_with_camera_labels-130.png 1776 928 22
big_dataset_depth/000000003829-segment-14106113060128637865_1200_000_1220_000_with_camera_labels-130.png 1784 920 30
big_dataset_depth/000000003829-segment-14106113060128637865_1200_000_1220_000_with_camera_labels-130.png 1792 912 22
big_dataset_depth/000000003829-segment-14106113060128637865_1200_000_1220_000_with_camera_labels-130.png 1800 744 55
big_dataset_depth/000000003829-segment-14106113060128637865_1200_000_1220_000_with_camera_labels-130.png 1808 936 22
big_dataset_depth/000000003829-segment-14106113060128637865_1200_000_1220_000_with_camera_labels-130.png 1816 872 32
big_dataset_depth/000000003829-segment-14106113060128637865_1200_000_1220_000_with_camera_labels-130.png 1824 888 31
big_dataset_depth/000000003829-segment-14106113060128637865_1200_000_1220_000_with_camera_labels-130.png 1832 760 53
big_dataset_depth/000000003829-segment-14106113060128637865_1200_000_1220_000_with_camera_labels-130.png 1840 768 53
big_dataset_depth/000000003829-segment-14106113060128637865_1200_000_1220_000_with_camera_labels-130.png 1848 768 53
big_dataset_depth/000000003829-segment-14106113060128637865_1200_000_1220_000_with_camera_labels-130.png 1856 768 53
big_dataset_depth/000000003829-segment-14106113060128637865_1200_000_1220_000_with_camera_labels-130.png 1864 768 53
big_dataset_depth/000000003829-segment-14106113060128637865_1200_000_1220_000_with_camera_labels-130.png 1872 848 44
big_dataset_depth/000000003829-segment-14106113060128637865_1200_000_1220_000_with_camera_labels-130.png 1880 752 53
big_dataset_depth/000000003829-segment-14106113060128637865_1200_000_1220_000_with_camera_labels-130.png 1888 728 57
big_dataset_depth/000000003829-segment-14106113060128637865_1200_000_1220_000_with_camera_labels-130.png 1896 752 53
big_dataset_depth/000000003829-segment-14106113060128637865_1200_000_1220_000_with_camera_labels-130.png 1904 696 62
big_dataset_depth/000000003829-segment-14106113060128637865_1200_000_1220_000_with_camera_labels-130.png 1912 688 63
