big_dataset_depth/000000001794-segment-11925224148023145510_1040_000_1060_000_with_camera_labels-150.png 0 768 44
big_dataset_depth/000000001794-segment-11925224148023145510_1040_000_1060_000_with_camera_labels-150.png 8 768 44
big_dataset_depth/000000001794-segment-11925224148023145510_1040_000_1060_000_with_camera_labels-150.png 16 768 45
big_dataset_depth/000000001794-segment-11925224148023145510_1040_000_1060_000_with_camera_labels-150.png 24 768 45
big_dataset_depth/000000001794-segment-11925224148023145510_1040_000_1060_000_with_camera_labels-150.png 32 760 45
big_dataset_depth/000000001794-segment-11925224148023145510_1040_000_1060_000_with_camera_labels-150.png 40 768 46
big_dataset_depth/000000001794-segment-11925224148023145510_1040_000_1060_000_with_camera_labels-150.png 48 768 46
big_dataset_depth/000000001794-segment-11925224148023145510_1040_000_1060_000_with_camera_labels-150.png 56 760 46
big_dataset_depth/000000001794-segment-11925224148023145510_1040_000_1060_000_with_camera_labels-150.png 64 752 47
big_dataset_depth/000000001794-segment-11925224148023145510_1040_000_1060_000_with_camera_labels-150.png 72 752 47
big_dataset_depth/000000001794-segment-11925224148023145510_1040_000_1060_000_with_camera_labels-150.png 80 760 47
big_dataset_depth/000000001794-segment-11925224148023145510_1040_000_1060_000_with_camera_labels-150.png 88 736 47
big_dataset_depth/000000001794-segment-11925224148023145510_1040_000_1060_000_with_camera_labels-150.png 96 744 50
big_dataset_depth/000000001794-segment-11925224148023145510_1040_000_1060_000_with_camera_labels-150.png 104 752 50
big_dataset_depth/000000001794-segment-11925224148023145510_1040_000_1060_000_with_camera_labels-150.png 112 744 51
big_dataset_depth/000000001794-segment-11925224148023145510_1040_000_1060_000_with_camera_labels-150.png 120 744 51
big_dataset_depth/000000001794-segment-11925224148023145510_1040_000_1060_000_with_camera_labels-150.png 128 744 52
big_dataset_depth/000000001794-segment-11925224148023145510_1040_000_1060_000_with_camera_labels-150.png 136 744 52
big_dataset_depth/000000001794-segment-11925224148023145510_1040_000_1060_000_with_camera_labels-150.png 144 744 52
big_dataset_depth/000000001794-segment-11925224148023145510_1040_000_1060_000_with_camera_labels-150.png 152 744 52
big_dataset_depth/000000001794-segment-11925224148023145510_1040_000_1060_000_with_camera_labels-150.png 160 744 52
big_dataset_depth/000000001794-segment-11925224148023145510_1040_000_1060_000_with_camera_labels-150.png 168 720 52
big_dataset_depth/000000001794-segment-11925224148023145510_1040_000_1060_000_with_camera_labels-150.png 176 744 52
big_dataset_depth/000000001794-segment-11925224148023145510_1040_000_1060_000_with_camera_labels-150.png 184 744 52
big_dataset_depth/000000001794-segment-11925224148023145510_1040_000_1060_000_with_camera_labels-150.png 192 728 53
big_dataset_depth/000000001794-segment-11925224148023145510_1040_000_1060_000_with_camera_labels-150.png 200 728 54
big_dataset_depth/000000001794-segment-11925224148023145510_1040_000_1060_000_with_camera_labels-150.png 208 728 54
big_dataset_depth/000000001794-segment-11925224148023145510_1040_000_1060_000_with_camera_labels-150.png 216 728 55
big_dataset_depth/000000001794-segment-11925224148023145510_1040_000_1060_000_with_camera_labels-150.png 224 696 57
big_dataset_depth/000000001794-segment-11925224148023145510_1040_000_1060_000_with_camera_labels-150.png 232 720 57
big_dataset_depth/000000001794-segment-11925224148023145510_1040_000_1060_000_with_camera_labels-150.png 240 720 57
big_dataset_depth/000000001794-segment-11925224148023145510_1040_000_1060_000_with_camera_labels-150.png 248 720 58
big_dataset_depth/000000001794-segment-11925224148023145510_1040_000_1060_000_with_camera_labels-150.png 256 720 58
big_dataset_depth/000000001794-segment-11925224148023145510_1040_000_1060_000_with_camera_labels-150.png 264 768 45
big_dataset_depth/000000001794-segment-11925224148023145510_1040_000_1060_000_with_camera_labels-150.png 272 744 51
big_dataset_depth/000000001794-segment-11925224148023145510_1040_000_1060_000_with_camera_labels-150.png 280 568 44
big_dataset_depth/000000001794-segment-11925224148023145510_1040_000_1060_000_with_camera_labels-150.png 288 768 43
big_dataset_depth/000000001794-segment-11925224148023145510_1040_000_1060_000_with_camera_labels-150.png 296 760 44
big_dataset_depth/000000001794-segment-11925224148023145510_1040_000_1060_000_with_camera_labels-150.png 304 768 45
big_dataset_depth/000000001794-segment-11925224148023145510_1040_000_1060_000_with_camera_labels-150.png 312 760 45
big_dataset_depth/000000001794-segment-11925224148023145510_1040_000_1060_000_with_camera_labels-150.png 320 760 44
big_dataset_depth/000000001794-segment-11925224148023145510_1040_000_1060_000_with_camera_labels-150.png 328 760 46
big_dataset_depth/000000001794-segment-11925224148023145510_1040_000_1060_000_with_camera_labels-150.png 336 760 47
big_dataset_depth/000000001794-segment-11925224148023145510_1040_000_1060_000_with_camera_labels-150.png 344 752 47
big_dataset_depth/000000001794-segment-11925224148023145510_1040_000_1060_000_with_camera_labels-150.png 352 744 49
big_dataset_depth/000000001794-segment-11925224148023145510_1040_000_1060_000_with_camera_labels-150.png 360 744 49
big_dataset_depth/000000001794-segment-11925224148023145510_1040_000_1060_000_with_camera_labels-150.png 368 728 47
big_dataset_depth/000000001794-segment-11925224148023145510_1040_000_1060_000_with_camera_labels-150.png 392 688 79
big_dataset_depth/000000001794-segment-11925224148023145510_1040_000_1060_000_with_camera_labels-150.png 400 688 79
big_dataset_depth/000000001794-segment-11925224148023145510_1040_000_1060_000_with_camera_labels-150.png 408 688 79
big_dataset_depth/000000001794-segment-11925224148023145510_1040_000_1060_000_with_camera_labels-150.png 416 712 65
big_dataset_depth/000000001794-segment-11925224148023145510_1040_000_1060_000_with_camera_labels-150.png 424 728 51
big_dataset_depth/000000001794-segment-11925224148023145510_1040_000_1060_000_with_camera_labels-150.png 432 744 51
big_dataset_depth/000000001794-segment-11925224148023145510_1040_000_1060_000_with_camera_labels-150.png 440 744 50
big_dataset_depth/000000001794-segment-11925224148023145510_1040_000_1060_000_with_camera_labels-150.png 448 720 53
big_dataset_depth/000000001794-segment-11925224148023145510_1040_000_1060_000_with_camera_labels-150.png 456 696 55
big_dataset_depth/000000001794-segment-11925224148023145510_1040_000_1060_000_with_camera_labels-150.png 464 696 72
big_dataset_depth/000000001794-segment-11925224148023145510_1040_000_1060_000_with_camera_labels-150.png 472 680 75
big_dataset_depth/000000001794-segment-11925224148023145510_1040_000_1060_000_with_camera_labels-150.png 480 696 73
big_dataset_depth/000000001794-segment-11925224148023145510_1040_000_1060_000_with_camera_labels-150.png 488 688 73
big_dataset_depth/000000001794-segment-11925224148023145510_1040_000_1060_000_with_camera_labels-150.png 504 672 89
big_dataset_depth/000000001794-segment-11925224148023145510_1040_000_1060_000_with_camera_labels-150.png 512 688 78
big_dataset_depth/000000001794-segment-11925224148023145510_1040_000_1060_000_with_camera_labels-150.png 520 712 65
big_dataset_depth/000000001794-segment-11925224148023145510_1040_000_1060_000_with_camera_labels-150.png 528 688 62
big_dataset_depth/000000001794-segment-11925224148023145510_1040_000_1060_000_with_camera_labels-150.png 536 712 65
big_dataset_depth/000000001794-segment-11925224148023145510_1040_000_1060_000_with_camera_labels-150.png 544 656 89
big_dataset_depth/000000001794-segment-11925224148023145510_1040_000_1060_000_with_camera_labels-150.png 552 664 90
big_dataset_depth/000000001794-segment-11925224148023145510_1040_000_1060_000_with_camera_labels-150.png 560 648 88
big_dataset_depth/000000001794-segment-11925224148023145510_1040_000_1060_000_with_camera_labels-150.png 568 720 63
big_dataset_depth/000000001794-segment-11925224148023145510_1040_000_1060_000_with_camera_labels-150.png 576 720 63
big_dataset_depth/000000001794-segment-11925224148023145510_1040_000_1060_000_with_camera_labels-150.png 584 704 63
big_dataset_depth/000000001794-segment-11925224148023145510_1040_000_1060_000_with_camera_labels-150.png 592 704 62
big_dataset_depth/000000001794-segment-11925224148023145510_1040_000_1060_000_with_camera_labels-150.png 600 704 62
big_dataset_depth/000000001794-segment-11925224148023145510_1040_000_1060_000_with_camera_labels-150.png 608 696 64
big_dataset_depth/000000001794-segment-11925224148023145510_1040_000_1060_000_with_camera_labels-150.png 616 704 62
big_dataset_depth/000000001794-segment-11925224148023145510_1040_000_1060_000_with_camera_labels-150.png 624 704 62
big_dataset_depth/000000001794-segment-11925224148023145510_1040_000_1060_000_with_camera_labels-150.png 632 704 62
big_dataset_depth/000000001794-segment-11925224148023145510_1040_000_1060_000_with_camera_labels-150.png 640 704 62
big_dataset_depth/000000001794-segment-11925224148023145510_1040_000_1060_000_with_camera_labels-150.png 648 712 63
big_dataset_depth/000000001794-segment-11925224148023145510_1040_000_1060_000_with_camera_labels-150.png 656 712 63
big_dataset_depth/000000001794-segment-11925224148023145510_1040_000_1060_000_with_camera_labels-150.png 664 600 101
big_dataset_depth/000000001794-segment-11925224148023145510_1040_000_1060_000_with_camera_labels-150.png 672 704 67
big_dataset_depth/000000001794-segment-11925224148023145510_1040_000_1060_000_with_camera_labels-150.png 680 696 72
big_dataset_depth/000000001794-segment-11925224148023145510_1040_000_1060_000_with_camera_labels-150.png 688 688 73
big_dataset_depth/000000001794-segment-11925224148023145510_1040_000_1060_000_with_camera_labels-150.png 696 696 73
big_dataset_depth/000000001794-segment-11925224148023145510_1040_000_1060_000_with_camera_labels-150.png 704 680 75
big_dataset_depth/000000001794-segment-11925224148023145510_1040_000_1060_000_with_camera_labels-150.png 712 552 100
big_dataset_depth/000000001794-segment-11925224148023145510_1040_000_1060_000_with_camera_labels-150.png 720 688 80
big_dataset_depth/000000001794-segment-11925224148023145510_1040_000_1060_000_with_camera_labels-150.png 728 672 85
big_dataset_depth/000000001794-segment-11925224148023145510_1040_000_1060_000_with_camera_labels-150.png 736 680 84
big_dataset_depth/000000001794-segment-11925224148023145510_1040_000_1060_000_with_camera_labels-150.png 744 672 87
big_dataset_depth/000000001794-segment-11925224148023145510_1040_000_1060_000_with_camera_labels-150.png 768 664 97
big_dataset_depth/000000001794-segment-11925224148023145510_1040_000_1060_000_with_camera_labels-150.png 1120 656 104
big_dataset_depth/000000001794-segment-11925224148023145510_1040_000_1060_000_with_camera_labels-150.png 1128 656 103
big_dataset_depth/000000001794-segment-11925224148023145510_1040_000_1060_000_with_camera_labels-150.png 1136 648 103
big_dataset_depth/000000001794-segment-11925224148023145510_1040_000_1060_000_with_camera_labels-150.png 1144 664 103
big_dataset_depth/000000001794-segment-11925224148023145510_1040_000_1060_000_with_camera_labels-150.png 1152 672 102
big_dataset_depth/000000001794-segment-11925224148023145510_1040_000_1060_000_with_camera_labels-150.png 1160 648 104
big_dataset_depth/000000001794-segment-11925224148023145510_1040_000_1060_000_with_camera_labels-150.png 1168 656 103
big_dataset_depth/000000001794-segment-11925224148023145510_1040_000_1060_000_with_camera_labels-150.png 1176 656 103
big_dataset_depth/000000001794-segment-11925224148023145510_1040_000_1060_000_with_camera_labels-150.png 1184 648 102
big_dataset_depth/000000001794-segment-11925224148023145510_1040_000_1060_000_with_camera_labels-150.png 1200 696 75
big_dataset_depth/000000001794-segment-11925224148023145510_1040_000_1060_000_with_camera_labels-150.png 1208 672 89
big_dataset_depth/000000001794-segment-11925224148023145510_1040_000_1060_000_with_camera_labels-150.png 1216 680 71
big_dataset_depth/000000001794-segment-11925224148023145510_1040_000_1060_000_with_camera_labels-150.png 1224 696 71
big_dataset_depth/000000001794-segment-11925224148023145510_1040_000_1060_000_with_camera_labels-150.png 1232 680 83
big_dataset_depth/000000001794-segment-11925224148023145510_1040_000_1060_000_with_camera_labels-150.png 1240 680 87
big_dataset_depth/000000001794-segment-11925224148023145510_1040_000_1060_000_with_camera_labels-150.png 1248 552 97
big_dataset_depth/000000001794-segment-11925224148023145510_1040_000_1060_000_with_camera_labels-150.png 1256 680 76
big_dataset_depth/000000001794-segment-11925224148023145510_1040_000_1060_000_with_camera_labels-150.png 1264 688 75
big_dataset_depth/000000001794-segment-11925224148023145510_1040_000_1060_000_with_camera_labels-150.png 1272 672 76
big_dataset_depth/000000001794-segment-11925224148023145510_1040_000_1060_000_with_camera_labels-150.png 1280 680 86
big_dataset_depth/000000001794-segment-11925224148023145510_1040_000_1060_000_with_camera_labels-150.png 1288 688 80
big_dataset_depth/000000001794-segment-11925224148023145510_1040_000_1060_000_with_camera_labels-150.png 1296 584 101
big_dataset_depth/000000001794-segment-11925224148023145510_1040_000_1060_000_with_camera_labels-150.png 1304 688 77
big_dataset_depth/000000001794-segment-11925224148023145510_1040_000_1060_000_with_camera_labels-150.png 1312 672 79
big_dataset_depth/000000001794-segment-11925224148023145510_1040_000_1060_000_with_camera_labels-150.png 1320 688 75
big_dataset_depth/000000001794-segment-11925224148023145510_1040_000_1060_000_with_camera_labels-150.png 1328 648 86
big_dataset_depth/000000001794-segment-11925224148023145510_1040_000_1060_000_with_camera_labels-150.png 1336 704 68
big_dataset_depth/000000001794-segment-11925224148023145510_1040_000_1060_000_with_camera_labels-150.png 1344 704 68
big_dataset_depth/000000001794-segment-11925224148023145510_1040_000_1060_000_with_camera_labels-150.png 1352 720 56
big_dataset_depth/000000001794-segment-11925224148023145510_1040_000_1060_000_with_camera_labels-150.png 1360 728 55
big_dataset_depth/000000001794-segment-11925224148023145510_1040_000_1060_000_with_camera_labels-150.png 1368 728 55
big_dataset_depth/000000001794-segment-11925224148023145510_1040_000_1060_000_with_camera_labels-150.png 1376 712 58
big_dataset_depth/000000001794-segment-11925224148023145510_1040_000_1060_000_with_camera_labels-150.png 1384 728 55
big_dataset_depth/000000001794-segment-11925224148023145510_1040_000_1060_000_with_camera_labels-150.png 1392 744 51
big_dataset_depth/000000001794-segment-11925224148023145510_1040_000_1060_000_with_camera_labels-150.png 1400 728 56
big_dataset_depth/000000001794-segment-11925224148023145510_1040_000_1060_000_with_camera_labels-150.png 1408 752 48
big_dataset_depth/000000001794-segment-11925224148023145510_1040_000_1060_000_with_camera_labels-150.png 1424 760 45
big_dataset_depth/000000001794-segment-11925224148023145510_1040_000_1060_000_with_camera_labels-150.png 1432 760 45
big_dataset_depth/000000001794-segment-11925224148023145510_1040_000_1060_000_with_camera_labels-150.png 1440 760 46
big_dataset_depth/000000001794-segment-11925224148023145510_1040_000_1060_000_with_camera_labels-150.png 1448 752 46
big_dataset_depth/000000001794-segment-11925224148023145510_1040_000_1060_000_with_camera_labels-150.png 1456 752 46
big_dataset_depth/000000001794-segment-11925224148023145510_1040_000_1060_000_with_camera_labels-150.png 1464 744 45
big_dataset_depth/000000001794-segment-11925224148023145510_1040_000_1060_000_with_camera_labels-150.png 1480 760 43
big_dataset_depth/000000001794-segment-11925224148023145510_1040_000_1060_000_with_camera_labels-150.png 1488 760 46
big_dataset_depth/000000001794-segment-11925224148023145510_1040_000_1060_000_with_camera_labels-150.png 1496 736 49
big_dataset_depth/000000001794-segment-11925224148023145510_1040_000_1060_000_with_camera_labels-150.png 1504 744 49
big_dataset_depth/000000001794-segment-11925224148023145510_1040_000_1060_000_with_camera_labels-150.png 1512 744 49
big_dataset_depth/000000001794-segment-11925224148023145510_1040_000_1060_000_with_camera_labels-150.png 1520 744 49
big_dataset_depth/000000001794-segment-11925224148023145510_1040_000_1060_000_with_camera_labels-150.png 1560 736 55
big_dataset_depth/000000001794-segment-11925224148023145510_1040_000_1060_000_with_camera_labels-150.png 1600 1176 14
big_dataset_depth/000000001794-segment-11925224148023145510_1040_000_1060_000_with_camera_labels-150.png 1608 1176 14
big_dataset_depth/000000001794-segment-11925224148023145510_1040_000_1060_000_with_camera_labels-150.png 1616 1176 14
big_dataset_depth/000000001794-segment-11925224148023145510_1040_000_1060_000_with_camera_labels-150.png 1624 1176 14
big_dataset_depth/000000001794-segment-11925224148023145510_1040_000_1060_000_with_camera_labels-150.png 1632 1184 14
big_dataset_depth/000000001794-segment-11925224148023145510_1040_000_1060_000_with_camera_labels-150.png 1640 1112 14
big_dataset_depth/000000001794-segment-11925224148023145510_1040_000_1060_000_with_camera_labels-150.png 1664 1112 12
big_dataset_depth/000000001794-segment-11925224148023145510_1040_000_1060_000_with_camera_labels-150.png 1672 1112 12
big_dataset_depth/000000001794-segment-11925224148023145510_1040_000_1060_000_with_camera_labels-150.png 1680 1152 12
big_dataset_depth/000000001794-segment-11925224148023145510_1040_000_1060_000_with_camera_labels-150.png 1688 1152 12
big_dataset_depth/000000001794-segment-11925224148023145510_1040_000_1060_000_with_camera_labels-150.png 1696 1200 12
big_dataset_depth/000000001794-segment-11925224148023145510_1040_000_1060_000_with_camera_labels-150.png 1712 1200 11
big_dataset_depth/000000001794-segment-11925224148023145510_1040_000_1060_000_with_camera_labels-150.png 1720 1272 11
big_dataset_depth/000000001794-segment-11925224148023145510_1040_000_1060_000_with_camera_labels-150.png 1728 1248 11
big_dataset_depth/000000001794-segment-11925224148023145510_1040_000_1060_000_with_camera_labels-150.png 1744 752 38
big_dataset_depth/000000001794-segment-11925224148023145510_1040_000_1060_000_with_camera_labels-150.png 1752 920 28
big_dataset_depth/000000001794-segment-11925224148023145510_1040_000_1060_000_with_camera_labels-150.png 1760 1248 10
big_dataset_depth/000000001794-segment-11925224148023145510_1040_000_1060_000_with_camera_labels-150.png 1768 1048 23
big_dataset_depth/000000001794-segment-11925224148023145510_1040_000_1060_000_with_camera_labels-150.png 1776 1272 10
big_dataset_depth/000000001794-segment-11925224148023145510_1040_000_1060_000_with_camera_labels-150.png 1784 1104 22
big_dataset_depth/000000001794-segment-11925224148023145510_1040_000_1060_000_with_camera_labels-150.png 1792 1024 27
big_dataset_depth/000000001794-segment-11925224148023145510_1040_000_1060_000_with_camera_labels-150.png 1800 1104 22
big_dataset_depth/000000001794-segment-11925224148023145510_1040_000_1060_000_with_camera_labels-150.png 1808 1280 10
big_dataset_depth/000000001794-segment-11925224148023145510_1040_000_1060_000_with_camera_labels-150.png 1816 1280 10
big_dataset_depth/000000001794-segment-11925224148023145510_1040_000_1060_000_with_camera_labels-150.png 1824 1280 10
big_dataset_depth/000000001794-segment-11925224148023145510_1040_000_1060_000_with_camera_labels-150.png 1832 1040 25
big_dataset_depth/000000001794-segment-11925224148023145510_1040_000_1060_000_with_camera_labels-150.png 1840 1024 25
big_dataset_depth/000000001794-segment-11925224148023145510_1040_000_1060_000_with_camera_labels-150.png 1848 1256 10
big_dataset_depth/000000001794-segment-11925224148023145510_1040_000_1060_000_with_camera_labels-150.png 1856 1104 19
big_dataset_depth/000000001794-segment-11925224148023145510_1040_000_1060_000_with_camera_labels-150.png 1864 1000 25
big_dataset_depth/000000001794-segment-11925224148023145510_1040_000_1060_000_with_camera_labels-150.png 1872 1256 10
big_dataset_depth/000000001794-segment-11925224148023145510_1040_000_1060_000_with_camera_labels-150.png 1880 1256 10
big_dataset_depth/000000001794-segment-11925224148023145510_1040_000_1060_000_with_camera_labels-150.png 1888 984 25
big_dataset_depth/000000001794-segment-11925224148023145510_1040_000_1060_000_with_camera_labels-150.png 1896 1048 22
big_dataset_depth/000000001794-segment-11925224148023145510_1040_000_1060_000_with_camera_labels-150.png 1904 1176 10
big_dataset_depth/000000001794-segment-11925224148023145510_1040_000_1060_000_with_camera_labels-150.png 1912 920 28
