big_dataset_depth/000000002141-segment-12273083120751993429_7285_000_7305_000_with_camera_labels-40.png 0 784 47
big_dataset_depth/000000002141-segment-12273083120751993429_7285_000_7305_000_with_camera_labels-40.png 8 728 67
big_dataset_depth/000000002141-segment-12273083120751993429_7285_000_7305_000_with_camera_labels-40.png 16 784 48
big_dataset_depth/000000002141-segment-12273083120751993429_7285_000_7305_000_with_camera_labels-40.png 24 776 48
big_dataset_depth/000000002141-segment-12273083120751993429_7285_000_7305_000_with_camera_labels-40.png 32 784 48
big_dataset_depth/000000002141-segment-12273083120751993429_7285_000_7305_000_with_camera_labels-40.png 40 776 49
big_dataset_depth/000000002141-segment-12273083120751993429_7285_000_7305_000_with_camera_labels-40.png 48 784 49
big_dataset_depth/000000002141-segment-12273083120751993429_7285_000_7305_000_with_camera_labels-40.png 56 776 50
big_dataset_depth/000000002141-segment-12273083120751993429_7285_000_7305_000_with_camera_labels-40.png 64 760 50
big_dataset_depth/000000002141-segment-12273083120751993429_7285_000_7305_000_with_camera_labels-40.png 72 776 50
big_dataset_depth/000000002141-segment-12273083120751993429_7285_000_7305_000_with_camera_labels-40.png 80 784 50
big_dataset_depth/000000002141-segment-12273083120751993429_7285_000_7305_000_with_camera_labels-40.png 88 768 51
big_dataset_depth/000000002141-segment-12273083120751993429_7285_000_7305_000_with_camera_labels-40.png 96 776 51
big_dataset_depth/000000002141-segment-12273083120751993429_7285_000_7305_000_with_camera_labels-40.png 104 776 52
big_dataset_depth/000000002141-segment-12273083120751993429_7285_000_7305_000_with_camera_labels-40.png 112 768 52
big_dataset_depth/000000002141-segment-12273083120751993429_7285_000_7305_000_with_camera_labels-40.png 120 768 53
big_dataset_depth/000000002141-segment-12273083120751993429_7285_000_7305_000_with_camera_labels-40.png 128 760 53
big_dataset_depth/000000002141-segment-12273083120751993429_7285_000_7305_000_with_camera_labels-40.png 136 768 53
big_dataset_depth/000000002141-segment-12273083120751993429_7285_000_7305_000_with_camera_labels-40.png 144 776 54
big_dataset_depth/000000002141-segment-12273083120751993429_7285_000_7305_000_with_camera_labels-40.png 152 768 54
big_dataset_depth/000000002141-segment-12273083120751993429_7285_000_7305_000_with_camera_labels-40.png 160 768 54
big_dataset_depth/000000002141-segment-12273083120751993429_7285_000_7305_000_with_camera_labels-40.png 168 760 55
big_dataset_depth/000000002141-segment-12273083120751993429_7285_000_7305_000_with_camera_labels-40.png 176 760 56
big_dataset_depth/000000002141-segment-12273083120751993429_7285_000_7305_000_with_camera_labels-40.png 184 760 56
big_dataset_depth/000000002141-segment-12273083120751993429_7285_000_7305_000_with_camera_labels-40.png 192 752 57
big_dataset_depth/000000002141-segment-12273083120751993429_7285_000_7305_000_with_camera_labels-40.png 200 760 57
big_dataset_depth/000000002141-segment-12273083120751993429_7285_000_7305_000_with_camera_labels-40.png 208 752 58
big_dataset_depth/000000002141-segment-12273083120751993429_7285_000_7305_000_with_camera_labels-40.png 216 744 58
big_dataset_depth/000000002141-segment-12273083120751993429_7285_000_7305_000_with_camera_labels-40.png 224 744 59
big_dataset_depth/000000002141-segment-12273083120751993429_7285_000_7305_000_with_camera_labels-40.png 232 752 59
big_dataset_depth/000000002141-segment-12273083120751993429_7285_000_7305_000_with_camera_labels-40.png 240 744 60
big_dataset_depth/000000002141-segment-12273083120751993429_7285_000_7305_000_with_camera_labels-40.png 248 744 61
big_dataset_depth/000000002141-segment-12273083120751993429_7285_000_7305_000_with_camera_labels-40.png 256 744 61
big_dataset_depth/000000002141-segment-12273083120751993429_7285_000_7305_000_with_camera_labels-40.png 264 744 62
big_dataset_depth/000000002141-segment-12273083120751993429_7285_000_7305_000_with_camera_labels-40.png 272 744 62
big_dataset_depth/000000002141-segment-12273083120751993429_7285_000_7305_000_with_camera_labels-40.png 280 728 63
big_dataset_depth/000000002141-segment-12273083120751993429_7285_000_7305_000_with_camera_labels-40.png 288 736 64
big_dataset_depth/000000002141-segment-12273083120751993429_7285_000_7305_000_with_camera_labels-40.png 296 736 64
big_dataset_depth/000000002141-segment-12273083120751993429_7285_000_7305_000_with_camera_labels-40.png 304 736 65
big_dataset_depth/000000002141-segment-12273083120751993429_7285_000_7305_000_with_camera_labels-40.png 312 736 66
big_dataset_depth/000000002141-segment-12273083120751993429_7285_000_7305_000_with_camera_labels-40.png 320 736 67
big_dataset_depth/000000002141-segment-12273083120751993429_7285_000_7305_000_with_camera_labels-40.png 328 736 67
big_dataset_depth/000000002141-segment-12273083120751993429_7285_000_7305_000_with_camera_labels-40.png 336 720 68
big_dataset_depth/000000002141-segment-12273083120751993429_7285_000_7305_000_with_camera_labels-40.png 344 728 69
big_dataset_depth/000000002141-segment-12273083120751993429_7285_000_7305_000_with_camera_labels-40.png 352 728 70
big_dataset_depth/000000002141-segment-12273083120751993429_7285_000_7305_000_with_camera_labels-40.png 360 728 71
big_dataset_depth/000000002141-segment-12273083120751993429_7285_000_7305_000_with_camera_labels-40.png 368 728 71
big_dataset_depth/000000002141-segment-12273083120751993429_7285_000_7305_000_with_camera_labels-40.png 376 720 72
big_dataset_depth/000000002141-segment-12273083120751993429_7285_000_7305_000_with_camera_labels-40.png 384 728 73
big_dataset_depth/000000002141-segment-12273083120751993429_7285_000_7305_000_with_camera_labels-40.png 392 728 74
big_dataset_depth/000000002141-segment-12273083120751993429_7285_000_7305_000_with_camera_labels-40.png 400 728 75
big_dataset_depth/000000002141-segment-12273083120751993429_7285_000_7305_000_with_camera_labels-40.png 408 728 75
big_dataset_depth/000000002141-segment-12273083120751993429_7285_000_7305_000_with_camera_labels-40.png 416 728 76
big_dataset_depth/000000002141-segment-12273083120751993429_7285_000_7305_000_with_camera_labels-40.png 424 728 77
big_dataset_depth/000000002141-segment-12273083120751993429_7285_000_7305_000_with_camera_labels-40.png 432 712 79
big_dataset_depth/000000002141-segment-12273083120751993429_7285_000_7305_000_with_camera_labels-40.png 440 728 79
big_dataset_depth/000000002141-segment-12273083120751993429_7285_000_7305_000_with_camera_labels-40.png 448 728 80
big_dataset_depth/000000002141-segment-12273083120751993429_7285_000_7305_000_with_camera_labels-40.png 456 704 83
big_dataset_depth/000000002141-segment-12273083120751993429_7285_000_7305_000_with_camera_labels-40.png 464 712 84
big_dataset_depth/000000002141-segment-12273083120751993429_7285_000_7305_000_with_camera_labels-40.png 472 704 86
big_dataset_depth/000000002141-segment-12273083120751993429_7285_000_7305_000_with_camera_labels-40.png 480 712 87
big_dataset_depth/000000002141-segment-12273083120751993429_7285_000_7305_000_with_camera_labels-40.png 488 704 88
big_dataset_depth/000000002141-segment-12273083120751993429_7285_000_7305_000_with_camera_labels-40.png 496 704 89
big_dataset_depth/000000002141-segment-12273083120751993429_7285_000_7305_000_with_camera_labels-40.png 504 704 91
big_dataset_depth/000000002141-segment-12273083120751993429_7285_000_7305_000_with_camera_labels-40.png 512 704 92
big_dataset_depth/000000002141-segment-12273083120751993429_7285_000_7305_000_with_camera_labels-40.png 520 704 94
big_dataset_depth/000000002141-segment-12273083120751993429_7285_000_7305_000_with_camera_labels-40.png 528 704 95
big_dataset_depth/000000002141-segment-12273083120751993429_7285_000_7305_000_with_camera_labels-40.png 536 704 97
big_dataset_depth/000000002141-segment-12273083120751993429_7285_000_7305_000_with_camera_labels-40.png 544 704 98
big_dataset_depth/000000002141-segment-12273083120751993429_7285_000_7305_000_with_camera_labels-40.png 552 704 100
big_dataset_depth/000000002141-segment-12273083120751993429_7285_000_7305_000_with_camera_labels-40.png 560 704 102
big_dataset_depth/000000002141-segment-12273083120751993429_7285_000_7305_000_with_camera_labels-40.png 568 704 103
big_dataset_depth/000000002141-segment-12273083120751993429_7285_000_7305_000_with_camera_labels-40.png 576 704 105
big_dataset_depth/000000002141-segment-12273083120751993429_7285_000_7305_000_with_camera_labels-40.png 584 704 107
big_dataset_depth/000000002141-segment-12273083120751993429_7285_000_7305_000_with_camera_labels-40.png 712 712 67
big_dataset_depth/000000002141-segment-12273083120751993429_7285_000_7305_000_with_camera_labels-40.png 720 744 68
big_dataset_depth/000000002141-segment-12273083120751993429_7285_000_7305_000_with_camera_labels-40.png 728 744 68
big_dataset_depth/000000002141-segment-12273083120751993429_7285_000_7305_000_with_camera_labels-40.png 736 728 67
big_dataset_depth/000000002141-segment-12273083120751993429_7285_000_7305_000_with_camera_labels-40.png 744 720 67
big_dataset_depth/000000002141-segment-12273083120751993429_7285_000_7305_000_with_camera_labels-40.png 752 728 67
big_dataset_depth/000000002141-segment-12273083120751993429_7285_000_7305_000_with_camera_labels-40.png 760 728 67
big_dataset_depth/000000002141-segment-12273083120751993429_7285_000_7305_000_with_camera_labels-40.png 768 720 67
big_dataset_depth/000000002141-segment-12273083120751993429_7285_000_7305_000_with_camera_labels-40.png 776 720 67
big_dataset_depth/000000002141-segment-12273083120751993429_7285_000_7305_000_with_camera_labels-40.png 784 720 67
big_dataset_depth/000000002141-segment-12273083120751993429_7285_000_7305_000_with_camera_labels-40.png 792 736 68
big_dataset_depth/000000002141-segment-12273083120751993429_7285_000_7305_000_with_camera_labels-40.png 800 736 70
big_dataset_depth/000000002141-segment-12273083120751993429_7285_000_7305_000_with_camera_labels-40.png 808 720 72
big_dataset_depth/000000002141-segment-12273083120751993429_7285_000_7305_000_with_camera_labels-40.png 1240 728 97
big_dataset_depth/000000002141-segment-12273083120751993429_7285_000_7305_000_with_camera_labels-40.png 1408 1000 19
big_dataset_depth/000000002141-segment-12273083120751993429_7285_000_7305_000_with_camera_labels-40.png 1416 1048 19
big_dataset_depth/000000002141-segment-12273083120751993429_7285_000_7305_000_with_camera_labels-40.png 1424 1048 19
big_dataset_depth/000000002141-segment-12273083120751993429_7285_000_7305_000_with_camera_labels-40.png 1432 1048 19
big_dataset_depth/000000002141-segment-12273083120751993429_7285_000_7305_000_with_camera_labels-40.png 1440 1032 19
big_dataset_depth/000000002141-segment-12273083120751993429_7285_000_7305_000_with_camera_labels-40.png 1448 1048 19
big_dataset_depth/000000002141-segment-12273083120751993429_7285_000_7305_000_with_camera_labels-40.png 1456 1064 18
big_dataset_depth/000000002141-segment-12273083120751993429_7285_000_7305_000_with_camera_labels-40.png 1464 1048 19
big_dataset_depth/000000002141-segment-12273083120751993429_7285_000_7305_000_with_camera_labels-40.png 1472 1008 17
big_dataset_depth/000000002141-segment-12273083120751993429_7285_000_7305_000_with_camera_labels-40.png 1480 1072 18
big_dataset_depth/000000002141-segment-12273083120751993429_7285_000_7305_000_with_camera_labels-40.png 1488 1008 17
big_dataset_depth/000000002141-segment-12273083120751993429_7285_000_7305_000_with_camera_labels-40.png 1496 1024 17
big_dataset_depth/000000002141-segment-12273083120751993429_7285_000_7305_000_with_camera_labels-40.png 1504 1008 16
big_dataset_depth/000000002141-segment-12273083120751993429_7285_000_7305_000_with_camera_labels-40.png 1512 1024 16
big_dataset_depth/000000002141-segment-12273083120751993429_7285_000_7305_000_with_camera_labels-40.png 1520 1096 17
big_dataset_depth/000000002141-segment-12273083120751993429_7285_000_7305_000_with_camera_labels-40.png 1528 1056 16
big_dataset_depth/000000002141-segment-12273083120751993429_7285_000_7305_000_with_camera_labels-40.png 1536 1096 16
big_dataset_depth/000000002141-segment-12273083120751993429_7285_000_7305_000_with_camera_labels-40.png 1544 1144 15
big_dataset_depth/000000002141-segment-12273083120751993429_7285_000_7305_000_with_camera_labels-40.png 1552 1160 15
big_dataset_depth/000000002141-segment-12273083120751993429_7285_000_7305_000_with_camera_labels-40.png 1560 1160 15
big_dataset_depth/000000002141-segment-12273083120751993429_7285_000_7305_000_with_camera_labels-40.png 1568 1160 15
big_dataset_depth/000000002141-segment-12273083120751993429_7285_000_7305_000_with_camera_labels-40.png 1576 1152 15
big_dataset_depth/000000002141-segment-12273083120751993429_7285_000_7305_000_with_camera_labels-40.png 1584 1152 15
big_dataset_depth/000000002141-segment-12273083120751993429_7285_000_7305_000_with_camera_labels-40.png 1592 1152 15
big_dataset_depth/000000002141-segment-12273083120751993429_7285_000_7305_000_with_camera_labels-40.png 1600 1160 15
big_dataset_depth/000000002141-segment-12273083120751993429_7285_000_7305_000_with_camera_labels-40.png 1608 1120 15
big_dataset_depth/000000002141-segment-12273083120751993429_7285_000_7305_000_with_camera_labels-40.png 1616 1096 15
big_dataset_depth/000000002141-segment-12273083120751993429_7285_000_7305_000_with_camera_labels-40.png 1632 1088 15
big_dataset_depth/000000002141-segment-12273083120751993429_7285_000_7305_000_with_camera_labels-40.png 1640 1120 15
big_dataset_depth/000000002141-segment-12273083120751993429_7285_000_7305_000_with_camera_labels-40.png 1648 1120 15
big_dataset_depth/000000002141-segment-12273083120751993429_7285_000_7305_000_with_camera_labels-40.png 1656 1144 16
big_dataset_depth/000000002141-segment-12273083120751993429_7285_000_7305_000_with_camera_labels-40.png 1664 1096 14
big_dataset_depth/000000002141-segment-12273083120751993429_7285_000_7305_000_with_camera_labels-40.png 1672 1096 14
big_dataset_depth/000000002141-segment-12273083120751993429_7285_000_7305_000_with_camera_labels-40.png 1680 1096 14
big_dataset_depth/000000002141-segment-12273083120751993429_7285_000_7305_000_with_camera_labels-40.png 1688 1096 14
big_dataset_depth/000000002141-segment-12273083120751993429_7285_000_7305_000_with_camera_labels-40.png 1696 1120 15
big_dataset_depth/000000002141-segment-12273083120751993429_7285_000_7305_000_with_camera_labels-40.png 1704 1144 16
big_dataset_depth/000000002141-segment-12273083120751993429_7285_000_7305_000_with_camera_labels-40.png 1720 1120 15
big_dataset_depth/000000002141-segment-12273083120751993429_7285_000_7305_000_with_camera_labels-40.png 1728 1096 14
big_dataset_depth/000000002141-segment-12273083120751993429_7285_000_7305_000_with_camera_labels-40.png 1736 1088 14
big_dataset_depth/000000002141-segment-12273083120751993429_7285_000_7305_000_with_camera_labels-40.png 1744 1096 14
big_dataset_depth/000000002141-segment-12273083120751993429_7285_000_7305_000_with_camera_labels-40.png 1752 1096 14
big_dataset_depth/000000002141-segment-12273083120751993429_7285_000_7305_000_with_camera_labels-40.png 1760 1096 14
big_dataset_depth/000000002141-segment-12273083120751993429_7285_000_7305_000_with_camera_labels-40.png 1768 1096 14
big_dataset_depth/000000002141-segment-12273083120751993429_7285_000_7305_000_with_camera_labels-40.png 1776 1088 15
big_dataset_depth/000000002141-segment-12273083120751993429_7285_000_7305_000_with_camera_labels-40.png 1784 1096 15
big_dataset_depth/000000002141-segment-12273083120751993429_7285_000_7305_000_with_camera_labels-40.png 1792 1096 15
big_dataset_depth/000000002141-segment-12273083120751993429_7285_000_7305_000_with_camera_labels-40.png 1800 1088 14
big_dataset_depth/000000002141-segment-12273083120751993429_7285_000_7305_000_with_camera_labels-40.png 1808 1104 15
big_dataset_depth/000000002141-segment-12273083120751993429_7285_000_7305_000_with_camera_labels-40.png 1816 1096 15
big_dataset_depth/000000002141-segment-12273083120751993429_7285_000_7305_000_with_camera_labels-40.png 1824 1104 15
big_dataset_depth/000000002141-segment-12273083120751993429_7285_000_7305_000_with_camera_labels-40.png 1832 1104 15
big_dataset_depth/000000002141-segment-12273083120751993429_7285_000_7305_000_with_camera_labels-40.png 1840 1096 15
big_dataset_depth/000000002141-segment-12273083120751993429_7285_000_7305_000_with_camera_labels-40.png 1848 1104 15
big_dataset_depth/000000002141-segment-12273083120751993429_7285_000_7305_000_with_camera_labels-40.png 1856 1104 15
big_dataset_depth/000000002141-segment-12273083120751993429_7285_000_7305_000_with_camera_labels-40.png 1864 1096 15
big_dataset_depth/000000002141-segment-12273083120751993429_7285_000_7305_000_with_camera_labels-40.png 1872 944 37
big_dataset_depth/000000002141-segment-12273083120751993429_7285_000_7305_000_with_camera_labels-40.png 1880 1104 15
big_dataset_depth/000000002141-segment-12273083120751993429_7285_000_7305_000_with_camera_labels-40.png 1888 1000 29
big_dataset_depth/000000002141-segment-12273083120751993429_7285_000_7305_000_with_camera_labels-40.png 1896 792 57
big_dataset_depth/000000002141-segment-12273083120751993429_7285_000_7305_000_with_camera_labels-40.png 1904 1024 26
big_dataset_depth/000000002141-segment-12273083120751993429_7285_000_7305_000_with_camera_labels-40.png 1912 1032 26
