big_dataset_depth/000000000339-segment-10231929575853664160_1160_000_1180_000_with_camera_labels-190.png 0 752 42
big_dataset_depth/000000000339-segment-10231929575853664160_1160_000_1180_000_with_camera_labels-190.png 8 904 27
big_dataset_depth/000000000339-segment-10231929575853664160_1160_000_1180_000_with_camera_labels-190.png 16 800 36
big_dataset_depth/000000000339-segment-10231929575853664160_1160_000_1180_000_with_camera_labels-190.png 24 904 27
big_dataset_depth/000000000339-segment-10231929575853664160_1160_000_1180_000_with_camera_labels-190.png 32 904 27
big_dataset_depth/000000000339-segment-10231929575853664160_1160_000_1180_000_with_camera_labels-190.png 40 904 27
big_dataset_depth/000000000339-segment-10231929575853664160_1160_000_1180_000_with_camera_labels-190.png 48 848 30
big_dataset_depth/000000000339-segment-10231929575853664160_1160_000_1180_000_with_camera_labels-190.png 56 848 30
big_dataset_depth/000000000339-segment-10231929575853664160_1160_000_1180_000_with_camera_labels-190.png 64 848 30
big_dataset_depth/000000000339-segment-10231929575853664160_1160_000_1180_000_with_camera_labels-190.png 72 848 30
big_dataset_depth/000000000339-segment-10231929575853664160_1160_000_1180_000_with_camera_labels-190.png 80 864 29
big_dataset_depth/000000000339-segment-10231929575853664160_1160_000_1180_000_with_camera_labels-190.png 96 816 34
big_dataset_depth/000000000339-segment-10231929575853664160_1160_000_1180_000_with_camera_labels-190.png 112 872 30
big_dataset_depth/000000000339-segment-10231929575853664160_1160_000_1180_000_with_camera_labels-190.png 120 872 30
big_dataset_depth/000000000339-segment-10231929575853664160_1160_000_1180_000_with_camera_labels-190.png 128 744 48
big_dataset_depth/000000000339-segment-10231929575853664160_1160_000_1180_000_with_camera_labels-190.png 136 872 30
big_dataset_depth/000000000339-segment-10231929575853664160_1160_000_1180_000_with_camera_labels-190.png 144 800 33
big_dataset_depth/000000000339-segment-10231929575853664160_1160_000_1180_000_with_camera_labels-190.png 152 824 33
big_dataset_depth/000000000339-segment-10231929575853664160_1160_000_1180_000_with_camera_labels-190.png 160 824 32
big_dataset_depth/000000000339-segment-10231929575853664160_1160_000_1180_000_with_camera_labels-190.png 168 856 31
big_dataset_depth/000000000339-segment-10231929575853664160_1160_000_1180_000_with_camera_labels-190.png 176 840 31
big_dataset_depth/000000000339-segment-10231929575853664160_1160_000_1180_000_with_camera_labels-190.png 184 856 31
big_dataset_depth/000000000339-segment-10231929575853664160_1160_000_1180_000_with_camera_labels-190.png 192 864 30
big_dataset_depth/000000000339-segment-10231929575853664160_1160_000_1180_000_with_camera_labels-190.png 200 856 31
big_dataset_depth/000000000339-segment-10231929575853664160_1160_000_1180_000_with_camera_labels-190.png 208 856 31
big_dataset_depth/000000000339-segment-10231929575853664160_1160_000_1180_000_with_camera_labels-190.png 216 856 31
big_dataset_depth/000000000339-segment-10231929575853664160_1160_000_1180_000_with_camera_labels-190.png 224 824 30
big_dataset_depth/000000000339-segment-10231929575853664160_1160_000_1180_000_with_camera_labels-190.png 232 848 30
big_dataset_depth/000000000339-segment-10231929575853664160_1160_000_1180_000_with_camera_labels-190.png 240 840 30
big_dataset_depth/000000000339-segment-10231929575853664160_1160_000_1180_000_with_camera_labels-190.png 248 824 30
big_dataset_depth/000000000339-segment-10231929575853664160_1160_000_1180_000_with_camera_labels-190.png 256 824 29
big_dataset_depth/000000000339-segment-10231929575853664160_1160_000_1180_000_with_camera_labels-190.png 264 840 30
big_dataset_depth/000000000339-segment-10231929575853664160_1160_000_1180_000_with_camera_labels-190.png 272 824 29
big_dataset_depth/000000000339-segment-10231929575853664160_1160_000_1180_000_with_camera_labels-190.png 280 832 30
big_dataset_depth/000000000339-segment-10231929575853664160_1160_000_1180_000_with_camera_labels-190.png 288 824 29
big_dataset_depth/000000000339-segment-10231929575853664160_1160_000_1180_000_with_camera_labels-190.png 296 840 29
big_dataset_depth/000000000339-segment-10231929575853664160_1160_000_1180_000_with_camera_labels-190.png 304 832 30
big_dataset_depth/000000000339-segment-10231929575853664160_1160_000_1180_000_with_camera_labels-190.png 312 848 30
big_dataset_depth/000000000339-segment-10231929575853664160_1160_000_1180_000_with_camera_labels-190.png 320 832 30
big_dataset_depth/000000000339-segment-10231929575853664160_1160_000_1180_000_with_camera_labels-190.png 328 848 31
big_dataset_depth/000000000339-segment-10231929575853664160_1160_000_1180_000_with_camera_labels-190.png 336 848 30
big_dataset_depth/000000000339-segment-10231929575853664160_1160_000_1180_000_with_camera_labels-190.png 344 824 30
big_dataset_depth/000000000339-segment-10231929575853664160_1160_000_1180_000_with_camera_labels-190.png 352 864 29
big_dataset_depth/000000000339-segment-10231929575853664160_1160_000_1180_000_with_camera_labels-190.png 360 848 31
big_dataset_depth/000000000339-segment-10231929575853664160_1160_000_1180_000_with_camera_labels-190.png 368 840 30
big_dataset_depth/000000000339-segment-10231929575853664160_1160_000_1180_000_with_camera_labels-190.png 376 848 30
big_dataset_depth/000000000339-segment-10231929575853664160_1160_000_1180_000_with_camera_labels-190.png 384 848 31
big_dataset_depth/000000000339-segment-10231929575853664160_1160_000_1180_000_with_camera_labels-190.png 392 824 31
big_dataset_depth/000000000339-segment-10231929575853664160_1160_000_1180_000_with_camera_labels-190.png 400 808 32
big_dataset_depth/000000000339-segment-10231929575853664160_1160_000_1180_000_with_camera_labels-190.png 408 816 32
big_dataset_depth/000000000339-segment-10231929575853664160_1160_000_1180_000_with_camera_labels-190.png 416 768 33
big_dataset_depth/000000000339-segment-10231929575853664160_1160_000_1180_000_with_camera_labels-190.png 424 824 34
big_dataset_depth/000000000339-segment-10231929575853664160_1160_000_1180_000_with_camera_labels-190.png 432 816 34
big_dataset_depth/000000000339-segment-10231929575853664160_1160_000_1180_000_with_camera_labels-190.png 440 816 34
big_dataset_depth/000000000339-segment-10231929575853664160_1160_000_1180_000_with_camera_labels-190.png 448 776 36
big_dataset_depth/000000000339-segment-10231929575853664160_1160_000_1180_000_with_camera_labels-190.png 456 784 38
big_dataset_depth/000000000339-segment-10231929575853664160_1160_000_1180_000_with_camera_labels-190.png 464 792 37
big_dataset_depth/000000000339-segment-10231929575853664160_1160_000_1180_000_with_camera_labels-190.png 472 792 38
big_dataset_depth/000000000339-segment-10231929575853664160_1160_000_1180_000_with_camera_labels-190.png 480 800 38
big_dataset_depth/000000000339-segment-10231929575853664160_1160_000_1180_000_with_camera_labels-190.png 488 792 38
big_dataset_depth/000000000339-segment-10231929575853664160_1160_000_1180_000_with_camera_labels-190.png 496 792 38
big_dataset_depth/000000000339-segment-10231929575853664160_1160_000_1180_000_with_camera_labels-190.png 504 768 41
big_dataset_depth/000000000339-segment-10231929575853664160_1160_000_1180_000_with_camera_labels-190.png 512 768 42
big_dataset_depth/000000000339-segment-10231929575853664160_1160_000_1180_000_with_camera_labels-190.png 520 768 42
big_dataset_depth/000000000339-segment-10231929575853664160_1160_000_1180_000_with_camera_labels-190.png 528 768 42
big_dataset_depth/000000000339-segment-10231929575853664160_1160_000_1180_000_with_camera_labels-190.png 536 728 43
big_dataset_depth/000000000339-segment-10231929575853664160_1160_000_1180_000_with_camera_labels-190.png 552 536 89
big_dataset_depth/000000000339-segment-10231929575853664160_1160_000_1180_000_with_camera_labels-190.png 568 536 89
big_dataset_depth/000000000339-segment-10231929575853664160_1160_000_1180_000_with_camera_labels-190.png 576 536 89
big_dataset_depth/000000000339-segment-10231929575853664160_1160_000_1180_000_with_camera_labels-190.png 592 672 98
big_dataset_depth/000000000339-segment-10231929575853664160_1160_000_1180_000_with_camera_labels-190.png 616 736 54
big_dataset_depth/000000000339-segment-10231929575853664160_1160_000_1180_000_with_camera_labels-190.png 632 664 87
big_dataset_depth/000000000339-segment-10231929575853664160_1160_000_1180_000_with_camera_labels-190.png 640 680 87
big_dataset_depth/000000000339-segment-10231929575853664160_1160_000_1180_000_with_camera_labels-190.png 648 680 87
big_dataset_depth/000000000339-segment-10231929575853664160_1160_000_1180_000_with_camera_labels-190.png 664 632 105
big_dataset_depth/000000000339-segment-10231929575853664160_1160_000_1180_000_with_camera_labels-190.png 672 656 106
big_dataset_depth/000000000339-segment-10231929575853664160_1160_000_1180_000_with_camera_labels-190.png 680 656 106
big_dataset_depth/000000000339-segment-10231929575853664160_1160_000_1180_000_with_camera_labels-190.png 688 656 105
big_dataset_depth/000000000339-segment-10231929575853664160_1160_000_1180_000_with_camera_labels-190.png 696 664 103
big_dataset_depth/000000000339-segment-10231929575853664160_1160_000_1180_000_with_camera_labels-190.png 704 648 103
big_dataset_depth/000000000339-segment-10231929575853664160_1160_000_1180_000_with_camera_labels-190.png 712 656 103
big_dataset_depth/000000000339-segment-10231929575853664160_1160_000_1180_000_with_camera_labels-190.png 720 656 103
big_dataset_depth/000000000339-segment-10231929575853664160_1160_000_1180_000_with_camera_labels-190.png 728 656 103
big_dataset_depth/000000000339-segment-10231929575853664160_1160_000_1180_000_with_camera_labels-190.png 736 656 104
big_dataset_depth/000000000339-segment-10231929575853664160_1160_000_1180_000_with_camera_labels-190.png 744 656 108
big_dataset_depth/000000000339-segment-10231929575853664160_1160_000_1180_000_with_camera_labels-190.png 760 688 75
big_dataset_depth/000000000339-segment-10231929575853664160_1160_000_1180_000_with_camera_labels-190.png 768 680 74
big_dataset_depth/000000000339-segment-10231929575853664160_1160_000_1180_000_with_camera_labels-190.png 776 680 74
big_dataset_depth/000000000339-segment-10231929575853664160_1160_000_1180_000_with_camera_labels-190.png 784 832 47
big_dataset_depth/000000000339-segment-10231929575853664160_1160_000_1180_000_with_camera_labels-190.png 792 888 37
big_dataset_depth/000000000339-segment-10231929575853664160_1160_000_1180_000_with_camera_labels-190.png 800 992 19
big_dataset_depth/000000000339-segment-10231929575853664160_1160_000_1180_000_with_camera_labels-190.png 808 992 19
big_dataset_depth/000000000339-segment-10231929575853664160_1160_000_1180_000_with_camera_labels-190.png 816 992 19
big_dataset_depth/000000000339-segment-10231929575853664160_1160_000_1180_000_with_camera_labels-190.png 824 952 18
big_dataset_depth/000000000339-segment-10231929575853664160_1160_000_1180_000_with_camera_labels-190.png 832 944 18
big_dataset_depth/000000000339-segment-10231929575853664160_1160_000_1180_000_with_camera_labels-190.png 840 952 18
big_dataset_depth/000000000339-segment-10231929575853664160_1160_000_1180_000_with_camera_labels-190.png 848 952 18
big_dataset_depth/000000000339-segment-10231929575853664160_1160_000_1180_000_with_camera_labels-190.png 856 1008 18
big_dataset_depth/000000000339-segment-10231929575853664160_1160_000_1180_000_with_camera_labels-190.png 864 952 18
big_dataset_depth/000000000339-segment-10231929575853664160_1160_000_1180_000_with_camera_labels-190.png 872 952 18
big_dataset_depth/000000000339-segment-10231929575853664160_1160_000_1180_000_with_camera_labels-190.png 880 976 18
big_dataset_depth/000000000339-segment-10231929575853664160_1160_000_1180_000_with_camera_labels-190.png 888 952 18
big_dataset_depth/000000000339-segment-10231929575853664160_1160_000_1180_000_with_camera_labels-190.png 896 952 18
big_dataset_depth/000000000339-segment-10231929575853664160_1160_000_1180_000_with_camera_labels-190.png 904 976 18
big_dataset_depth/000000000339-segment-10231929575853664160_1160_000_1180_000_with_camera_labels-190.png 912 952 18
big_dataset_depth/000000000339-segment-10231929575853664160_1160_000_1180_000_with_camera_labels-190.png 920 952 18
big_dataset_depth/000000000339-segment-10231929575853664160_1160_000_1180_000_with_camera_labels-190.png 928 936 18
big_dataset_depth/000000000339-segment-10231929575853664160_1160_000_1180_000_with_camera_labels-190.png 936 952 18
big_dataset_depth/000000000339-segment-10231929575853664160_1160_000_1180_000_with_camera_labels-190.png 944 952 18
big_dataset_depth/000000000339-segment-10231929575853664160_1160_000_1180_000_with_camera_labels-190.png 952 952 18
big_dataset_depth/000000000339-segment-10231929575853664160_1160_000_1180_000_with_camera_labels-190.png 960 952 18
big_dataset_depth/000000000339-segment-10231929575853664160_1160_000_1180_000_with_camera_labels-190.png 968 952 18
big_dataset_depth/000000000339-segment-10231929575853664160_1160_000_1180_000_with_camera_labels-190.png 976 968 19
big_dataset_depth/000000000339-segment-10231929575853664160_1160_000_1180_000_with_camera_labels-190.png 984 1016 17
big_dataset_depth/000000000339-segment-10231929575853664160_1160_000_1180_000_with_camera_labels-190.png 992 984 19
big_dataset_depth/000000000339-segment-10231929575853664160_1160_000_1180_000_with_camera_labels-190.png 1000 1040 17
big_dataset_depth/000000000339-segment-10231929575853664160_1160_000_1180_000_with_camera_labels-190.png 1008 960 18
big_dataset_depth/000000000339-segment-10231929575853664160_1160_000_1180_000_with_camera_labels-190.png 1016 952 18
big_dataset_depth/000000000339-segment-10231929575853664160_1160_000_1180_000_with_camera_labels-190.png 1024 1008 18
big_dataset_depth/000000000339-segment-10231929575853664160_1160_000_1180_000_with_camera_labels-190.png 1032 984 19
big_dataset_depth/000000000339-segment-10231929575853664160_1160_000_1180_000_with_camera_labels-190.png 1040 968 19
big_dataset_depth/000000000339-segment-10231929575853664160_1160_000_1180_000_with_camera_labels-190.png 1048 984 19
big_dataset_depth/000000000339-segment-10231929575853664160_1160_000_1180_000_with_camera_labels-190.png 1056 984 19
big_dataset_depth/000000000339-segment-10231929575853664160_1160_000_1180_000_with_camera_labels-190.png 1064 984 19
big_dataset_depth/000000000339-segment-10231929575853664160_1160_000_1180_000_with_camera_labels-190.png 1072 984 19
big_dataset_depth/000000000339-segment-10231929575853664160_1160_000_1180_000_with_camera_labels-190.png 1080 800 57
big_dataset_depth/000000000339-segment-10231929575853664160_1160_000_1180_000_with_camera_labels-190.png 1088 672 95
big_dataset_depth/000000000339-segment-10231929575853664160_1160_000_1180_000_with_camera_labels-190.png 1096 672 95
big_dataset_depth/000000000339-segment-10231929575853664160_1160_000_1180_000_with_camera_labels-190.png 1104 672 95
big_dataset_depth/000000000339-segment-10231929575853664160_1160_000_1180_000_with_camera_labels-190.png 1120 640 102
big_dataset_depth/000000000339-segment-10231929575853664160_1160_000_1180_000_with_camera_labels-190.png 1128 656 101
big_dataset_depth/000000000339-segment-10231929575853664160_1160_000_1180_000_with_camera_labels-190.png 1144 680 85
big_dataset_depth/000000000339-segment-10231929575853664160_1160_000_1180_000_with_camera_labels-190.png 1152 696 84
big_dataset_depth/000000000339-segment-10231929575853664160_1160_000_1180_000_with_camera_labels-190.png 1160 688 86
big_dataset_depth/000000000339-segment-10231929575853664160_1160_000_1180_000_with_camera_labels-190.png 1168 688 88
big_dataset_depth/000000000339-segment-10231929575853664160_1160_000_1180_000_with_camera_labels-190.png 1176 688 86
big_dataset_depth/000000000339-segment-10231929575853664160_1160_000_1180_000_with_camera_labels-190.png 1184 672 85
big_dataset_depth/000000000339-segment-10231929575853664160_1160_000_1180_000_with_camera_labels-190.png 1192 592 86
big_dataset_depth/000000000339-segment-10231929575853664160_1160_000_1180_000_with_camera_labels-190.png 1200 632 102
big_dataset_depth/000000000339-segment-10231929575853664160_1160_000_1180_000_with_camera_labels-190.png 1208 656 105
big_dataset_depth/000000000339-segment-10231929575853664160_1160_000_1180_000_with_camera_labels-190.png 1216 664 102
big_dataset_depth/000000000339-segment-10231929575853664160_1160_000_1180_000_with_camera_labels-190.png 1224 672 98
big_dataset_depth/000000000339-segment-10231929575853664160_1160_000_1180_000_with_camera_labels-190.png 1232 664 98
big_dataset_depth/000000000339-segment-10231929575853664160_1160_000_1180_000_with_camera_labels-190.png 1240 616 96
big_dataset_depth/000000000339-segment-10231929575853664160_1160_000_1180_000_with_camera_labels-190.png 1248 768 43
big_dataset_depth/000000000339-segment-10231929575853664160_1160_000_1180_000_with_camera_labels-190.png 1256 776 43
big_dataset_depth/000000000339-segment-10231929575853664160_1160_000_1180_000_with_camera_labels-190.png 1264 752 42
big_dataset_depth/000000000339-segment-10231929575853664160_1160_000_1180_000_with_camera_labels-190.png 1272 760 41
big_dataset_depth/000000000339-segment-10231929575853664160_1160_000_1180_000_with_camera_labels-190.png 1280 776 40
big_dataset_depth/000000000339-segment-10231929575853664160_1160_000_1180_000_with_camera_labels-190.png 1288 784 40
big_dataset_depth/000000000339-segment-10231929575853664160_1160_000_1180_000_with_camera_labels-190.png 1296 776 39
big_dataset_depth/000000000339-segment-10231929575853664160_1160_000_1180_000_with_camera_labels-190.png 1304 776 39
big_dataset_depth/000000000339-segment-10231929575853664160_1160_000_1180_000_with_camera_labels-190.png 1312 760 38
big_dataset_depth/000000000339-segment-10231929575853664160_1160_000_1180_000_with_camera_labels-190.png 1320 776 38
big_dataset_depth/000000000339-segment-10231929575853664160_1160_000_1180_000_with_camera_labels-190.png 1328 776 38
big_dataset_depth/000000000339-segment-10231929575853664160_1160_000_1180_000_with_camera_labels-190.png 1336 792 40
big_dataset_depth/000000000339-segment-10231929575853664160_1160_000_1180_000_with_camera_labels-190.png 1344 776 38
big_dataset_depth/000000000339-segment-10231929575853664160_1160_000_1180_000_with_camera_labels-190.png 1352 768 38
big_dataset_depth/000000000339-segment-10231929575853664160_1160_000_1180_000_with_camera_labels-190.png 1360 824 34
big_dataset_depth/000000000339-segment-10231929575853664160_1160_000_1180_000_with_camera_labels-190.png 1368 824 34
big_dataset_depth/000000000339-segment-10231929575853664160_1160_000_1180_000_with_camera_labels-190.png 1376 832 33
big_dataset_depth/000000000339-segment-10231929575853664160_1160_000_1180_000_with_camera_labels-190.png 1384 824 33
big_dataset_depth/000000000339-segment-10231929575853664160_1160_000_1180_000_with_camera_labels-190.png 1392 840 33
big_dataset_depth/000000000339-segment-10231929575853664160_1160_000_1180_000_with_camera_labels-190.png 1400 752 32
big_dataset_depth/000000000339-segment-10231929575853664160_1160_000_1180_000_with_camera_labels-190.png 1408 808 31
big_dataset_depth/000000000339-segment-10231929575853664160_1160_000_1180_000_with_camera_labels-190.png 1416 800 31
big_dataset_depth/000000000339-segment-10231929575853664160_1160_000_1180_000_with_camera_labels-190.png 1424 824 30
big_dataset_depth/000000000339-segment-10231929575853664160_1160_000_1180_000_with_camera_labels-190.png 1432 848 30
big_dataset_depth/000000000339-segment-10231929575853664160_1160_000_1180_000_with_camera_labels-190.png 1440 848 30
big_dataset_depth/000000000339-segment-10231929575853664160_1160_000_1180_000_with_camera_labels-190.png 1448 848 30
big_dataset_depth/000000000339-segment-10231929575853664160_1160_000_1180_000_with_camera_labels-190.png 1456 864 29
big_dataset_depth/000000000339-segment-10231929575853664160_1160_000_1180_000_with_camera_labels-190.png 1464 824 29
big_dataset_depth/000000000339-segment-10231929575853664160_1160_000_1180_000_with_camera_labels-190.png 1472 824 29
big_dataset_depth/000000000339-segment-10231929575853664160_1160_000_1180_000_with_camera_labels-190.png 1480 816 29
big_dataset_depth/000000000339-segment-10231929575853664160_1160_000_1180_000_with_camera_labels-190.png 1488 824 29
big_dataset_depth/000000000339-segment-10231929575853664160_1160_000_1180_000_with_camera_labels-190.png 1496 832 29
big_dataset_depth/000000000339-segment-10231929575853664160_1160_000_1180_000_with_camera_labels-190.png 1504 848 29
big_dataset_depth/000000000339-segment-10231929575853664160_1160_000_1180_000_with_camera_labels-190.png 1512 832 29
big_dataset_depth/000000000339-segment-10231929575853664160_1160_000_1180_000_with_camera_labels-190.png 1520 824 29
big_dataset_depth/000000000339-segment-10231929575853664160_1160_000_1180_000_with_camera_labels-190.png 1528 880 26
big_dataset_depth/000000000339-segment-10231929575853664160_1160_000_1180_000_with_camera_labels-190.png 1536 904 25
big_dataset_depth/000000000339-segment-10231929575853664160_1160_000_1180_000_with_camera_labels-190.png 1544 912 25
big_dataset_depth/000000000339-segment-10231929575853664160_1160_000_1180_000_with_camera_labels-190.png 1552 920 25
big_dataset_depth/000000000339-segment-10231929575853664160_1160_000_1180_000_with_camera_labels-190.png 1560 912 25
big_dataset_depth/000000000339-segment-10231929575853664160_1160_000_1180_000_with_camera_labels-190.png 1568 912 25
big_dataset_depth/000000000339-segment-10231929575853664160_1160_000_1180_000_with_camera_labels-190.png 1576 920 25
big_dataset_depth/000000000339-segment-10231929575853664160_1160_000_1180_000_with_camera_labels-190.png 1584 912 25
big_dataset_depth/000000000339-segment-10231929575853664160_1160_000_1180_000_with_camera_labels-190.png 1592 888 25
big_dataset_depth/000000000339-segment-10231929575853664160_1160_000_1180_000_with_camera_labels-190.png 1600 896 25
big_dataset_depth/000000000339-segment-10231929575853664160_1160_000_1180_000_with_camera_labels-190.png 1608 880 24
big_dataset_depth/000000000339-segment-10231929575853664160_1160_000_1180_000_with_camera_labels-190.png 1616 880 23
big_dataset_depth/000000000339-segment-10231929575853664160_1160_000_1180_000_with_camera_labels-190.png 1624 880 23
big_dataset_depth/000000000339-segment-10231929575853664160_1160_000_1180_000_with_camera_labels-190.png 1632 912 24
big_dataset_depth/000000000339-segment-10231929575853664160_1160_000_1180_000_with_camera_labels-190.png 1640 888 23
big_dataset_depth/000000000339-segment-10231929575853664160_1160_000_1180_000_with_camera_labels-190.png 1648 880 23
big_dataset_depth/000000000339-segment-10231929575853664160_1160_000_1180_000_with_camera_labels-190.png 1656 896 23
big_dataset_depth/000000000339-segment-10231929575853664160_1160_000_1180_000_with_camera_labels-190.png 1664 904 22
big_dataset_depth/000000000339-segment-10231929575853664160_1160_000_1180_000_with_camera_labels-190.png 1672 904 22
big_dataset_depth/000000000339-segment-10231929575853664160_1160_000_1180_000_with_camera_labels-190.png 1680 904 22
big_dataset_depth/000000000339-segment-10231929575853664160_1160_000_1180_000_with_camera_labels-190.png 1688 904 22
big_dataset_depth/000000000339-segment-10231929575853664160_1160_000_1180_000_with_camera_labels-190.png 1696 896 22
big_dataset_depth/000000000339-segment-10231929575853664160_1160_000_1180_000_with_camera_labels-190.png 1704 920 22
big_dataset_depth/000000000339-segment-10231929575853664160_1160_000_1180_000_with_camera_labels-190.png 1712 928 22
big_dataset_depth/000000000339-segment-10231929575853664160_1160_000_1180_000_with_camera_labels-190.png 1720 992 21
big_dataset_depth/000000000339-segment-10231929575853664160_1160_000_1180_000_with_camera_labels-190.png 1728 992 21
big_dataset_depth/000000000339-segment-10231929575853664160_1160_000_1180_000_with_camera_labels-190.png 1736 1000 21
big_dataset_depth/000000000339-segment-10231929575853664160_1160_000_1180_000_with_camera_labels-190.png 1744 992 21
big_dataset_depth/000000000339-segment-10231929575853664160_1160_000_1180_000_with_camera_labels-190.png 1752 992 21
big_dataset_depth/000000000339-segment-10231929575853664160_1160_000_1180_000_with_camera_labels-190.png 1760 1000 21
big_dataset_depth/000000000339-segment-10231929575853664160_1160_000_1180_000_with_camera_labels-190.png 1768 992 21
big_dataset_depth/000000000339-segment-10231929575853664160_1160_000_1180_000_with_camera_labels-190.png 1784 928 20
big_dataset_depth/000000000339-segment-10231929575853664160_1160_000_1180_000_with_camera_labels-190.png 1792 1008 21
big_dataset_depth/000000000339-segment-10231929575853664160_1160_000_1180_000_with_camera_labels-190.png 1800 992 22
big_dataset_depth/000000000339-segment-10231929575853664160_1160_000_1180_000_with_camera_labels-190.png 1816 944 20
big_dataset_depth/000000000339-segment-10231929575853664160_1160_000_1180_000_with_camera_labels-190.png 1824 960 20
big_dataset_depth/000000000339-segment-10231929575853664160_1160_000_1180_000_with_camera_labels-190.png 1832 960 20
big_dataset_depth/000000000339-segment-10231929575853664160_1160_000_1180_000_with_camera_labels-190.png 1840 1016 21
big_dataset_depth/000000000339-segment-10231929575853664160_1160_000_1180_000_with_camera_labels-190.png 1848 960 20
big_dataset_depth/000000000339-segment-10231929575853664160_1160_000_1180_000_with_camera_labels-190.png 1856 960 20
big_dataset_depth/000000000339-segment-10231929575853664160_1160_000_1180_000_with_camera_labels-190.png 1864 960 20
big_dataset_depth/000000000339-segment-10231929575853664160_1160_000_1180_000_with_camera_labels-190.png 1872 960 20
big_dataset_depth/000000000339-segment-10231929575853664160_1160_000_1180_000_with_camera_labels-190.png 1880 880 25
big_dataset_depth/000000000339-segment-10231929575853664160_1160_000_1180_000_with_camera_labels-190.png 1888 992 20
big_dataset_depth/000000000339-segment-10231929575853664160_1160_000_1180_000_with_camera_labels-190.png 1896 816 28
big_dataset_depth/000000000339-segment-10231929575853664160_1160_000_1180_000_with_camera_labels-190.png 1904 888 24
big_dataset_depth/000000000339-segment-10231929575853664160_1160_000_1180_000_with_camera_labels-190.png 1912 920 25
