big_dataset_depth/000000003698-segment-14018515129165961775_483_260_503_260_with_camera_labels-10.png 0 768 94
big_dataset_depth/000000003698-segment-14018515129165961775_483_260_503_260_with_camera_labels-10.png 8 768 94
big_dataset_depth/000000003698-segment-14018515129165961775_483_260_503_260_with_camera_labels-10.png 16 776 85
big_dataset_depth/000000003698-segment-14018515129165961775_483_260_503_260_with_camera_labels-10.png 24 768 94
big_dataset_depth/000000003698-segment-14018515129165961775_483_260_503_260_with_camera_labels-10.png 32 776 90
big_dataset_depth/000000003698-segment-14018515129165961775_483_260_503_260_with_camera_labels-10.png 40 768 92
big_dataset_depth/000000003698-segment-14018515129165961775_483_260_503_260_with_camera_labels-10.png 48 776 91
big_dataset_depth/000000003698-segment-14018515129165961775_483_260_503_260_with_camera_labels-10.png 56 768 92
big_dataset_depth/000000003698-segment-14018515129165961775_483_260_503_260_with_camera_labels-10.png 64 760 92
big_dataset_depth/000000003698-segment-14018515129165961775_483_260_503_260_with_camera_labels-10.png 72 768 92
big_dataset_depth/000000003698-segment-14018515129165961775_483_260_503_260_with_camera_labels-10.png 80 768 92
big_dataset_depth/000000003698-segment-14018515129165961775_483_260_503_260_with_camera_labels-10.png 88 752 104
big_dataset_depth/000000003698-segment-14018515129165961775_483_260_503_260_with_camera_labels-10.png 96 768 93
big_dataset_depth/000000003698-segment-14018515129165961775_483_260_503_260_with_camera_labels-10.png 104 760 101
big_dataset_depth/000000003698-segment-14018515129165961775_483_260_503_260_with_camera_labels-10.png 112 768 93
big_dataset_depth/000000003698-segment-14018515129165961775_483_260_503_260_with_camera_labels-10.png 120 752 105
big_dataset_depth/000000003698-segment-14018515129165961775_483_260_503_260_with_camera_labels-10.png 128 760 104
big_dataset_depth/000000003698-segment-14018515129165961775_483_260_503_260_with_camera_labels-10.png 136 768 101
big_dataset_depth/000000003698-segment-14018515129165961775_483_260_503_260_with_camera_labels-10.png 144 776 89
big_dataset_depth/000000003698-segment-14018515129165961775_483_260_503_260_with_camera_labels-10.png 152 768 98
big_dataset_depth/000000003698-segment-14018515129165961775_483_260_503_260_with_camera_labels-10.png 160 768 96
big_dataset_depth/000000003698-segment-14018515129165961775_483_260_503_260_with_camera_labels-10.png 168 760 97
big_dataset_depth/000000003698-segment-14018515129165961775_483_260_503_260_with_camera_labels-10.png 176 760 98
big_dataset_depth/000000003698-segment-14018515129165961775_483_260_503_260_with_camera_labels-10.png 184 752 100
big_dataset_depth/000000003698-segment-14018515129165961775_483_260_503_260_with_camera_labels-10.png 192 760 100
big_dataset_depth/000000003698-segment-14018515129165961775_483_260_503_260_with_camera_labels-10.png 200 760 98
big_dataset_depth/000000003698-segment-14018515129165961775_483_260_503_260_with_camera_labels-10.png 208 752 97
big_dataset_depth/000000003698-segment-14018515129165961775_483_260_503_260_with_camera_labels-10.png 216 760 97
big_dataset_depth/000000003698-segment-14018515129165961775_483_260_503_260_with_camera_labels-10.png 224 760 97
big_dataset_depth/000000003698-segment-14018515129165961775_483_260_503_260_with_camera_labels-10.png 232 760 97
big_dataset_depth/000000003698-segment-14018515129165961775_483_260_503_260_with_camera_labels-10.png 240 736 101
big_dataset_depth/000000003698-segment-14018515129165961775_483_260_503_260_with_camera_labels-10.png 248 760 97
big_dataset_depth/000000003698-segment-14018515129165961775_483_260_503_260_with_camera_labels-10.png 256 760 97
big_dataset_depth/000000003698-segment-14018515129165961775_483_260_503_260_with_camera_labels-10.png 264 760 97
big_dataset_depth/000000003698-segment-14018515129165961775_483_260_503_260_with_camera_labels-10.png 272 760 98
big_dataset_depth/000000003698-segment-14018515129165961775_483_260_503_260_with_camera_labels-10.png 280 760 99
big_dataset_depth/000000003698-segment-14018515129165961775_483_260_503_260_with_camera_labels-10.png 296 760 103
big_dataset_depth/000000003698-segment-14018515129165961775_483_260_503_260_with_camera_labels-10.png 720 744 107
big_dataset_depth/000000003698-segment-14018515129165961775_483_260_503_260_with_camera_labels-10.png 728 744 106
big_dataset_depth/000000003698-segment-14018515129165961775_483_260_503_260_with_camera_labels-10.png 736 744 106
big_dataset_depth/000000003698-segment-14018515129165961775_483_260_503_260_with_camera_labels-10.png 744 744 106
big_dataset_depth/000000003698-segment-14018515129165961775_483_260_503_260_with_camera_labels-10.png 752 744 106
big_dataset_depth/000000003698-segment-14018515129165961775_483_260_503_260_with_camera_labels-10.png 760 744 106
big_dataset_depth/000000003698-segment-14018515129165961775_483_260_503_260_with_camera_labels-10.png 768 744 106
big_dataset_depth/000000003698-segment-14018515129165961775_483_260_503_260_with_camera_labels-10.png 792 744 107
big_dataset_depth/000000003698-segment-14018515129165961775_483_260_503_260_with_camera_labels-10.png 800 744 108
big_dataset_depth/000000003698-segment-14018515129165961775_483_260_503_260_with_camera_labels-10.png 888 760 90
big_dataset_depth/000000003698-segment-14018515129165961775_483_260_503_260_with_camera_labels-10.png 1056 656 97
big_dataset_depth/000000003698-segment-14018515129165961775_483_260_503_260_with_camera_labels-10.png 1064 752 95
big_dataset_depth/000000003698-segment-14018515129165961775_483_260_503_260_with_camera_labels-10.png 1072 656 97
big_dataset_depth/000000003698-segment-14018515129165961775_483_260_503_260_with_camera_labels-10.png 1080 752 92
big_dataset_depth/000000003698-segment-14018515129165961775_483_260_503_260_with_camera_labels-10.png 1088 752 92
big_dataset_depth/000000003698-segment-14018515129165961775_483_260_503_260_with_camera_labels-10.png 1096 656 94
big_dataset_depth/000000003698-segment-14018515129165961775_483_260_503_260_with_camera_labels-10.png 1104 752 91
big_dataset_depth/000000003698-segment-14018515129165961775_483_260_503_260_with_camera_labels-10.png 1112 656 94
big_dataset_depth/000000003698-segment-14018515129165961775_483_260_503_260_with_camera_labels-10.png 1120 752 90
big_dataset_depth/000000003698-segment-14018515129165961775_483_260_503_260_with_camera_labels-10.png 1128 752 90
big_dataset_depth/000000003698-segment-14018515129165961775_483_260_503_260_with_camera_labels-10.png 1136 656 91
big_dataset_depth/000000003698-segment-14018515129165961775_483_260_503_260_with_camera_labels-10.png 1144 656 90
big_dataset_depth/000000003698-segment-14018515129165961775_483_260_503_260_with_camera_labels-10.png 1152 664 90
big_dataset_depth/000000003698-segment-14018515129165961775_483_260_503_260_with_camera_labels-10.png 1160 648 89
big_dataset_depth/000000003698-segment-14018515129165961775_483_260_503_260_with_camera_labels-10.png 1168 728 102
big_dataset_depth/000000003698-segment-14018515129165961775_483_260_503_260_with_camera_labels-10.png 1176 744 96
big_dataset_depth/000000003698-segment-14018515129165961775_483_260_503_260_with_camera_labels-10.png 1184 744 95
big_dataset_depth/000000003698-segment-14018515129165961775_483_260_503_260_with_camera_labels-10.png 1192 744 95
big_dataset_depth/000000003698-segment-14018515129165961775_483_260_503_260_with_camera_labels-10.png 1200 744 93
big_dataset_depth/000000003698-segment-14018515129165961775_483_260_503_260_with_camera_labels-10.png 1208 744 88
big_dataset_depth/000000003698-segment-14018515129165961775_483_260_503_260_with_camera_labels-10.png 1216 744 87
big_dataset_depth/000000003698-segment-14018515129165961775_483_260_503_260_with_camera_labels-10.png 1224 744 87
big_dataset_depth/000000003698-segment-14018515129165961775_483_260_503_260_with_camera_labels-10.png 1232 744 87
big_dataset_depth/000000003698-segment-14018515129165961775_483_260_503_260_with_camera_labels-10.png 1240 744 87
big_dataset_depth/000000003698-segment-14018515129165961775_483_260_503_260_with_camera_labels-10.png 1248 808 63
big_dataset_depth/000000003698-segment-14018515129165961775_483_260_503_260_with_camera_labels-10.png 1256 872 38
big_dataset_depth/000000003698-segment-14018515129165961775_483_260_503_260_with_camera_labels-10.png 1264 776 64
big_dataset_depth/000000003698-segment-14018515129165961775_483_260_503_260_with_camera_labels-10.png 1272 784 59
big_dataset_depth/000000003698-segment-14018515129165961775_483_260_503_260_with_camera_labels-10.png 1280 784 59
big_dataset_depth/000000003698-segment-14018515129165961775_483_260_503_260_with_camera_labels-10.png 1288 784 57
big_dataset_depth/000000003698-segment-14018515129165961775_483_260_503_260_with_camera_labels-10.png 1296 896 34
big_dataset_depth/000000003698-segment-14018515129165961775_483_260_503_260_with_camera_labels-10.png 1304 824 48
big_dataset_depth/000000003698-segment-14018515129165961775_483_260_503_260_with_camera_labels-10.png 1312 792 55
big_dataset_depth/000000003698-segment-14018515129165961775_483_260_503_260_with_camera_labels-10.png 1320 784 55
big_dataset_depth/000000003698-segment-14018515129165961775_483_260_503_260_with_camera_labels-10.png 1328 784 55
big_dataset_depth/000000003698-segment-14018515129165961775_483_260_503_260_with_camera_labels-10.png 1336 784 55
big_dataset_depth/000000003698-segment-14018515129165961775_483_260_503_260_with_camera_labels-10.png 1344 856 43
big_dataset_depth/000000003698-segment-14018515129165961775_483_260_503_260_with_camera_labels-10.png 1352 784 55
big_dataset_depth/000000003698-segment-14018515129165961775_483_260_503_260_with_camera_labels-10.png 1360 784 55
big_dataset_depth/000000003698-segment-14018515129165961775_483_260_503_260_with_camera_labels-10.png 1368 784 55
big_dataset_depth/000000003698-segment-14018515129165961775_483_260_503_260_with_camera_labels-10.png 1376 664 68
big_dataset_depth/000000003698-segment-14018515129165961775_483_260_503_260_with_camera_labels-10.png 1392 872 39
big_dataset_depth/000000003698-segment-14018515129165961775_483_260_503_260_with_camera_labels-10.png 1400 872 39
big_dataset_depth/000000003698-segment-14018515129165961775_483_260_503_260_with_camera_labels-10.png 1408 952 27
big_dataset_depth/000000003698-segment-14018515129165961775_483_260_503_260_with_camera_labels-10.png 1416 824 44
big_dataset_depth/000000003698-segment-14018515129165961775_483_260_503_260_with_camera_labels-10.png 1424 968 26
big_dataset_depth/000000003698-segment-14018515129165961775_483_260_503_260_with_camera_labels-10.png 1432 824 44
big_dataset_depth/000000003698-segment-14018515129165961775_483_260_503_260_with_camera_labels-10.png 1440 984 25
big_dataset_depth/000000003698-segment-14018515129165961775_483_260_503_260_with_camera_labels-10.png 1448 904 34
big_dataset_depth/000000003698-segment-14018515129165961775_483_260_503_260_with_camera_labels-10.png 1456 904 34
big_dataset_depth/000000003698-segment-14018515129165961775_483_260_503_260_with_camera_labels-10.png 1464 984 24
big_dataset_depth/000000003698-segment-14018515129165961775_483_260_503_260_with_camera_labels-10.png 1472 832 44
big_dataset_depth/000000003698-segment-14018515129165961775_483_260_503_260_with_camera_labels-10.png 1480 832 44
big_dataset_depth/000000003698-segment-14018515129165961775_483_260_503_260_with_camera_labels-10.png 1488 832 44
big_dataset_depth/000000003698-segment-14018515129165961775_483_260_503_260_with_camera_labels-10.png 1504 824 44
big_dataset_depth/000000003698-segment-14018515129165961775_483_260_503_260_with_camera_labels-10.png 1512 920 33
big_dataset_depth/000000003698-segment-14018515129165961775_483_260_503_260_with_camera_labels-10.png 1520 1016 22
big_dataset_depth/000000003698-segment-14018515129165961775_483_260_503_260_with_camera_labels-10.png 1528 816 42
big_dataset_depth/000000003698-segment-14018515129165961775_483_260_503_260_with_camera_labels-10.png 1552 1056 21
big_dataset_depth/000000003698-segment-14018515129165961775_483_260_503_260_with_camera_labels-10.png 1560 1056 21
big_dataset_depth/000000003698-segment-14018515129165961775_483_260_503_260_with_camera_labels-10.png 1568 1056 20
big_dataset_depth/000000003698-segment-14018515129165961775_483_260_503_260_with_camera_labels-10.png 1576 1056 20
big_dataset_depth/000000003698-segment-14018515129165961775_483_260_503_260_with_camera_labels-10.png 1584 1056 20
big_dataset_depth/000000003698-segment-14018515129165961775_483_260_503_260_with_camera_labels-10.png 1600 1072 20
big_dataset_depth/000000003698-segment-14018515129165961775_483_260_503_260_with_camera_labels-10.png 1608 1072 20
big_dataset_depth/000000003698-segment-14018515129165961775_483_260_503_260_with_camera_labels-10.png 1616 1072 20
big_dataset_depth/000000003698-segment-14018515129165961775_483_260_503_260_with_camera_labels-10.png 1624 1072 19
big_dataset_depth/000000003698-segment-14018515129165961775_483_260_503_260_with_camera_labels-10.png 1632 1072 19
big_dataset_depth/000000003698-segment-14018515129165961775_483_260_503_260_with_camera_labels-10.png 1640 1080 19
big_dataset_depth/000000003698-segment-14018515129165961775_483_260_503_260_with_camera_labels-10.png 1648 1072 19
big_dataset_depth/000000003698-segment-14018515129165961775_483_260_503_260_with_camera_labels-10.png 1656 1096 19
big_dataset_depth/000000003698-segment-14018515129165961775_483_260_503_260_with_camera_labels-10.png 1664 1096 19
big_dataset_depth/000000003698-segment-14018515129165961775_483_260_503_260_with_camera_labels-10.png 1672 1096 19
big_dataset_depth/000000003698-segment-14018515129165961775_483_260_503_260_with_camera_labels-10.png 1680 1096 19
big_dataset_depth/000000003698-segment-14018515129165961775_483_260_503_260_with_camera_labels-10.png 1696 1104 18
big_dataset_depth/000000003698-segment-14018515129165961775_483_260_503_260_with_camera_labels-10.png 1704 1112 18
big_dataset_depth/000000003698-segment-14018515129165961775_483_260_503_260_with_camera_labels-10.png 1712 1112 18
big_dataset_depth/000000003698-segment-14018515129165961775_483_260_503_260_with_camera_labels-10.png 1720 1112 18
big_dataset_depth/000000003698-segment-14018515129165961775_483_260_503_260_with_camera_labels-10.png 1728 1112 18
big_dataset_depth/000000003698-segment-14018515129165961775_483_260_503_260_with_camera_labels-10.png 1736 1112 18
big_dataset_depth/000000003698-segment-14018515129165961775_483_260_503_260_with_camera_labels-10.png 1744 1120 18
big_dataset_depth/000000003698-segment-14018515129165961775_483_260_503_260_with_camera_labels-10.png 1752 1120 18
big_dataset_depth/000000003698-segment-14018515129165961775_483_260_503_260_with_camera_labels-10.png 1760 1120 18
big_dataset_depth/000000003698-segment-14018515129165961775_483_260_503_260_with_camera_labels-10.png 1768 1120 18
big_dataset_depth/000000003698-segment-14018515129165961775_483_260_503_260_with_camera_labels-10.png 1776 1120 18
big_dataset_depth/000000003698-segment-14018515129165961775_483_260_503_260_with_camera_labels-10.png 1784 1120 18
big_dataset_depth/000000003698-segment-14018515129165961775_483_260_503_260_with_camera_labels-10.png 1792 1120 18
big_dataset_depth/000000003698-segment-14018515129165961775_483_260_503_260_with_camera_labels-10.png 1800 1120 18
big_dataset_depth/000000003698-segment-14018515129165961775_483_260_503_260_with_camera_labels-10.png 1808 1120 18
big_dataset_depth/000000003698-segment-14018515129165961775_483_260_503_260_with_camera_labels-10.png 1816 1136 17
big_dataset_depth/000000003698-segment-14018515129165961775_483_260_503_260_with_camera_labels-10.png 1824 1136 17
big_dataset_depth/000000003698-segment-14018515129165961775_483_260_503_260_with_camera_labels-10.png 1832 1136 17
big_dataset_depth/000000003698-segment-14018515129165961775_483_260_503_260_with_camera_labels-10.png 1840 1136 17
big_dataset_depth/000000003698-segment-14018515129165961775_483_260_503_260_with_camera_labels-10.png 1848 1136 17
big_dataset_depth/000000003698-segment-14018515129165961775_483_260_503_260_with_camera_labels-10.png 1856 1136 17
big_dataset_depth/000000003698-segment-14018515129165961775_483_260_503_260_with_camera_labels-10.png 1864 1136 17
big_dataset_depth/000000003698-segment-14018515129165961775_483_260_503_260_with_camera_labels-10.png 1872 1136 17
big_dataset_depth/000000003698-segment-14018515129165961775_483_260_503_260_with_camera_labels-10.png 1880 1136 17
big_dataset_depth/000000003698-segment-14018515129165961775_483_260_503_260_with_camera_labels-10.png 1888 1008 23
big_dataset_depth/000000003698-segment-14018515129165961775_483_260_503_260_with_camera_labels-10.png 1896 936 34
big_dataset_depth/000000003698-segment-14018515129165961775_483_260_503_260_with_camera_labels-10.png 1904 1016 23
big_dataset_depth/000000003698-segment-14018515129165961775_483_260_503_260_with_camera_labels-10.png 1912 952 30
