big_dataset_depth/000000002512-segment-12848519977617081063_2488_000_2508_000_with_camera_labels-150.png 0 824 36
big_dataset_depth/000000002512-segment-12848519977617081063_2488_000_2508_000_with_camera_labels-150.png 8 952 19
big_dataset_depth/000000002512-segment-12848519977617081063_2488_000_2508_000_with_camera_labels-150.png 16 832 36
big_dataset_depth/000000002512-segment-12848519977617081063_2488_000_2508_000_with_camera_labels-150.png 24 912 27
big_dataset_depth/000000002512-segment-12848519977617081063_2488_000_2508_000_with_camera_labels-150.png 32 968 19
big_dataset_depth/000000002512-segment-12848519977617081063_2488_000_2508_000_with_camera_labels-150.png 40 896 28
big_dataset_depth/000000002512-segment-12848519977617081063_2488_000_2508_000_with_camera_labels-150.png 48 784 46
big_dataset_depth/000000002512-segment-12848519977617081063_2488_000_2508_000_with_camera_labels-150.png 56 872 32
big_dataset_depth/000000002512-segment-12848519977617081063_2488_000_2508_000_with_camera_labels-150.png 64 792 46
big_dataset_depth/000000002512-segment-12848519977617081063_2488_000_2508_000_with_camera_labels-150.png 72 1040 20
big_dataset_depth/000000002512-segment-12848519977617081063_2488_000_2508_000_with_camera_labels-150.png 80 1040 20
big_dataset_depth/000000002512-segment-12848519977617081063_2488_000_2508_000_with_camera_labels-150.png 88 1032 20
big_dataset_depth/000000002512-segment-12848519977617081063_2488_000_2508_000_with_camera_labels-150.png 96 1048 20
big_dataset_depth/000000002512-segment-12848519977617081063_2488_000_2508_000_with_camera_labels-150.png 104 1032 20
big_dataset_depth/000000002512-segment-12848519977617081063_2488_000_2508_000_with_camera_labels-150.png 112 1032 20
big_dataset_depth/000000002512-segment-12848519977617081063_2488_000_2508_000_with_camera_labels-150.png 120 1032 20
big_dataset_depth/000000002512-segment-12848519977617081063_2488_000_2508_000_with_camera_labels-150.png 128 1000 21
big_dataset_depth/000000002512-segment-12848519977617081063_2488_000_2508_000_with_camera_labels-150.png 136 976 20
big_dataset_depth/000000002512-segment-12848519977617081063_2488_000_2508_000_with_camera_labels-150.png 144 976 20
big_dataset_depth/000000002512-segment-12848519977617081063_2488_000_2508_000_with_camera_labels-150.png 152 944 19
big_dataset_depth/000000002512-segment-12848519977617081063_2488_000_2508_000_with_camera_labels-150.png 160 936 19
big_dataset_depth/000000002512-segment-12848519977617081063_2488_000_2508_000_with_camera_labels-150.png 168 960 19
big_dataset_depth/000000002512-segment-12848519977617081063_2488_000_2508_000_with_camera_labels-150.png 184 968 19
big_dataset_depth/000000002512-segment-12848519977617081063_2488_000_2508_000_with_camera_labels-150.png 192 960 19
big_dataset_depth/000000002512-segment-12848519977617081063_2488_000_2508_000_with_camera_labels-150.png 200 960 19
big_dataset_depth/000000002512-segment-12848519977617081063_2488_000_2508_000_with_camera_labels-150.png 208 952 19
big_dataset_depth/000000002512-segment-12848519977617081063_2488_000_2508_000_with_camera_labels-150.png 216 936 19
big_dataset_depth/000000002512-segment-12848519977617081063_2488_000_2508_000_with_camera_labels-150.png 224 960 18
big_dataset_depth/000000002512-segment-12848519977617081063_2488_000_2508_000_with_camera_labels-150.png 232 936 19
big_dataset_depth/000000002512-segment-12848519977617081063_2488_000_2508_000_with_camera_labels-150.png 240 960 19
big_dataset_depth/000000002512-segment-12848519977617081063_2488_000_2508_000_with_camera_labels-150.png 248 944 18
big_dataset_depth/000000002512-segment-12848519977617081063_2488_000_2508_000_with_camera_labels-150.png 256 920 18
big_dataset_depth/000000002512-segment-12848519977617081063_2488_000_2508_000_with_camera_labels-150.png 264 952 18
big_dataset_depth/000000002512-segment-12848519977617081063_2488_000_2508_000_with_camera_labels-150.png 272 936 18
big_dataset_depth/000000002512-segment-12848519977617081063_2488_000_2508_000_with_camera_labels-150.png 280 952 18
big_dataset_depth/000000002512-segment-12848519977617081063_2488_000_2508_000_with_camera_labels-150.png 288 920 18
big_dataset_depth/000000002512-segment-12848519977617081063_2488_000_2508_000_with_camera_labels-150.png 296 960 18
big_dataset_depth/000000002512-segment-12848519977617081063_2488_000_2508_000_with_camera_labels-150.png 304 968 18
big_dataset_depth/000000002512-segment-12848519977617081063_2488_000_2508_000_with_camera_labels-150.png 312 960 18
big_dataset_depth/000000002512-segment-12848519977617081063_2488_000_2508_000_with_camera_labels-150.png 320 968 19
big_dataset_depth/000000002512-segment-12848519977617081063_2488_000_2508_000_with_camera_labels-150.png 328 944 18
big_dataset_depth/000000002512-segment-12848519977617081063_2488_000_2508_000_with_camera_labels-150.png 336 952 18
big_dataset_depth/000000002512-segment-12848519977617081063_2488_000_2508_000_with_camera_labels-150.png 344 952 19
big_dataset_depth/000000002512-segment-12848519977617081063_2488_000_2508_000_with_camera_labels-150.png 352 928 18
big_dataset_depth/000000002512-segment-12848519977617081063_2488_000_2508_000_with_camera_labels-150.png 360 952 18
big_dataset_depth/000000002512-segment-12848519977617081063_2488_000_2508_000_with_camera_labels-150.png 368 1040 19
big_dataset_depth/000000002512-segment-12848519977617081063_2488_000_2508_000_with_camera_labels-150.png 376 1000 20
big_dataset_depth/000000002512-segment-12848519977617081063_2488_000_2508_000_with_camera_labels-150.png 384 1032 19
big_dataset_depth/000000002512-segment-12848519977617081063_2488_000_2508_000_with_camera_labels-150.png 392 1016 19
big_dataset_depth/000000002512-segment-12848519977617081063_2488_000_2508_000_with_camera_labels-150.png 400 1048 19
big_dataset_depth/000000002512-segment-12848519977617081063_2488_000_2508_000_with_camera_labels-150.png 408 1040 19
big_dataset_depth/000000002512-segment-12848519977617081063_2488_000_2508_000_with_camera_labels-150.png 416 1040 19
big_dataset_depth/000000002512-segment-12848519977617081063_2488_000_2508_000_with_camera_labels-150.png 424 1016 19
big_dataset_depth/000000002512-segment-12848519977617081063_2488_000_2508_000_with_camera_labels-150.png 432 1016 20
big_dataset_depth/000000002512-segment-12848519977617081063_2488_000_2508_000_with_camera_labels-150.png 440 1016 20
big_dataset_depth/000000002512-segment-12848519977617081063_2488_000_2508_000_with_camera_labels-150.png 448 952 20
big_dataset_depth/000000002512-segment-12848519977617081063_2488_000_2508_000_with_camera_labels-150.png 456 808 21
big_dataset_depth/000000002512-segment-12848519977617081063_2488_000_2508_000_with_camera_labels-150.png 472 912 21
big_dataset_depth/000000002512-segment-12848519977617081063_2488_000_2508_000_with_camera_labels-150.png 480 912 22
big_dataset_depth/000000002512-segment-12848519977617081063_2488_000_2508_000_with_camera_labels-150.png 488 768 22
big_dataset_depth/000000002512-segment-12848519977617081063_2488_000_2508_000_with_camera_labels-150.png 504 832 43
big_dataset_depth/000000002512-segment-12848519977617081063_2488_000_2508_000_with_camera_labels-150.png 512 768 61
big_dataset_depth/000000002512-segment-12848519977617081063_2488_000_2508_000_with_camera_labels-150.png 520 936 24
big_dataset_depth/000000002512-segment-12848519977617081063_2488_000_2508_000_with_camera_labels-150.png 536 944 24
big_dataset_depth/000000002512-segment-12848519977617081063_2488_000_2508_000_with_camera_labels-150.png 544 920 24
big_dataset_depth/000000002512-segment-12848519977617081063_2488_000_2508_000_with_camera_labels-150.png 552 928 24
big_dataset_depth/000000002512-segment-12848519977617081063_2488_000_2508_000_with_camera_labels-150.png 560 920 25
big_dataset_depth/000000002512-segment-12848519977617081063_2488_000_2508_000_with_camera_labels-150.png 568 896 25
big_dataset_depth/000000002512-segment-12848519977617081063_2488_000_2508_000_with_camera_labels-150.png 592 696 103
big_dataset_depth/000000002512-segment-12848519977617081063_2488_000_2508_000_with_camera_labels-150.png 616 696 108
big_dataset_depth/000000002512-segment-12848519977617081063_2488_000_2508_000_with_camera_labels-150.png 768 720 71
big_dataset_depth/000000002512-segment-12848519977617081063_2488_000_2508_000_with_camera_labels-150.png 776 728 71
big_dataset_depth/000000002512-segment-12848519977617081063_2488_000_2508_000_with_camera_labels-150.png 784 720 71
big_dataset_depth/000000002512-segment-12848519977617081063_2488_000_2508_000_with_camera_labels-150.png 792 720 71
big_dataset_depth/000000002512-segment-12848519977617081063_2488_000_2508_000_with_camera_labels-150.png 800 720 71
big_dataset_depth/000000002512-segment-12848519977617081063_2488_000_2508_000_with_camera_labels-150.png 808 792 55
big_dataset_depth/000000002512-segment-12848519977617081063_2488_000_2508_000_with_camera_labels-150.png 816 904 26
big_dataset_depth/000000002512-segment-12848519977617081063_2488_000_2508_000_with_camera_labels-150.png 832 888 26
big_dataset_depth/000000002512-segment-12848519977617081063_2488_000_2508_000_with_camera_labels-150.png 840 880 26
big_dataset_depth/000000002512-segment-12848519977617081063_2488_000_2508_000_with_camera_labels-150.png 848 880 25
big_dataset_depth/000000002512-segment-12848519977617081063_2488_000_2508_000_with_camera_labels-150.png 856 896 26
big_dataset_depth/000000002512-segment-12848519977617081063_2488_000_2508_000_with_camera_labels-150.png 864 880 25
big_dataset_depth/000000002512-segment-12848519977617081063_2488_000_2508_000_with_camera_labels-150.png 872 880 25
big_dataset_depth/000000002512-segment-12848519977617081063_2488_000_2508_000_with_camera_labels-150.png 880 888 27
big_dataset_depth/000000002512-segment-12848519977617081063_2488_000_2508_000_with_camera_labels-150.png 888 880 25
big_dataset_depth/000000002512-segment-12848519977617081063_2488_000_2508_000_with_camera_labels-150.png 896 880 25
big_dataset_depth/000000002512-segment-12848519977617081063_2488_000_2508_000_with_camera_labels-150.png 904 880 25
big_dataset_depth/000000002512-segment-12848519977617081063_2488_000_2508_000_with_camera_labels-150.png 912 880 25
big_dataset_depth/000000002512-segment-12848519977617081063_2488_000_2508_000_with_camera_labels-150.png 920 880 25
big_dataset_depth/000000002512-segment-12848519977617081063_2488_000_2508_000_with_camera_labels-150.png 928 880 25
big_dataset_depth/000000002512-segment-12848519977617081063_2488_000_2508_000_with_camera_labels-150.png 936 896 25
big_dataset_depth/000000002512-segment-12848519977617081063_2488_000_2508_000_with_camera_labels-150.png 944 880 25
big_dataset_depth/000000002512-segment-12848519977617081063_2488_000_2508_000_with_camera_labels-150.png 952 880 25
big_dataset_depth/000000002512-segment-12848519977617081063_2488_000_2508_000_with_camera_labels-150.png 960 880 25
big_dataset_depth/000000002512-segment-12848519977617081063_2488_000_2508_000_with_camera_labels-150.png 968 880 25
big_dataset_depth/000000002512-segment-12848519977617081063_2488_000_2508_000_with_camera_labels-150.png 976 880 25
big_dataset_depth/000000002512-segment-12848519977617081063_2488_000_2508_000_with_camera_labels-150.png 984 912 26
big_dataset_depth/000000002512-segment-12848519977617081063_2488_000_2508_000_with_camera_labels-150.png 992 904 26
big_dataset_depth/000000002512-segment-12848519977617081063_2488_000_2508_000_with_camera_labels-150.png 1000 912 26
big_dataset_depth/000000002512-segment-12848519977617081063_2488_000_2508_000_with_camera_labels-150.png 1008 912 26
big_dataset_depth/000000002512-segment-12848519977617081063_2488_000_2508_000_with_camera_labels-150.png 1016 888 27
big_dataset_depth/000000002512-segment-12848519977617081063_2488_000_2508_000_with_camera_labels-150.png 1024 816 29
big_dataset_depth/000000002512-segment-12848519977617081063_2488_000_2508_000_with_camera_labels-150.png 1032 768 28
big_dataset_depth/000000002512-segment-12848519977617081063_2488_000_2508_000_with_camera_labels-150.png 1080 712 80
big_dataset_depth/000000002512-segment-12848519977617081063_2488_000_2508_000_with_camera_labels-150.png 1088 712 80
big_dataset_depth/000000002512-segment-12848519977617081063_2488_000_2508_000_with_camera_labels-150.png 1096 712 80
big_dataset_depth/000000002512-segment-12848519977617081063_2488_000_2508_000_with_camera_labels-150.png 1104 712 80
big_dataset_depth/000000002512-segment-12848519977617081063_2488_000_2508_000_with_camera_labels-150.png 1112 712 80
big_dataset_depth/000000002512-segment-12848519977617081063_2488_000_2508_000_with_camera_labels-150.png 1120 776 45
big_dataset_depth/000000002512-segment-12848519977617081063_2488_000_2508_000_with_camera_labels-150.png 1128 792 44
big_dataset_depth/000000002512-segment-12848519977617081063_2488_000_2508_000_with_camera_labels-150.png 1136 760 44
big_dataset_depth/000000002512-segment-12848519977617081063_2488_000_2508_000_with_camera_labels-150.png 1144 792 40
big_dataset_depth/000000002512-segment-12848519977617081063_2488_000_2508_000_with_camera_labels-150.png 1152 816 39
big_dataset_depth/000000002512-segment-12848519977617081063_2488_000_2508_000_with_camera_labels-150.png 1160 816 39
big_dataset_depth/000000002512-segment-12848519977617081063_2488_000_2508_000_with_camera_labels-150.png 1168 816 39
big_dataset_depth/000000002512-segment-12848519977617081063_2488_000_2508_000_with_camera_labels-150.png 1176 816 39
big_dataset_depth/000000002512-segment-12848519977617081063_2488_000_2508_000_with_camera_labels-150.png 1184 776 38
big_dataset_depth/000000002512-segment-12848519977617081063_2488_000_2508_000_with_camera_labels-150.png 1192 760 38
big_dataset_depth/000000002512-segment-12848519977617081063_2488_000_2508_000_with_camera_labels-150.png 1200 816 39
big_dataset_depth/000000002512-segment-12848519977617081063_2488_000_2508_000_with_camera_labels-150.png 1208 776 38
big_dataset_depth/000000002512-segment-12848519977617081063_2488_000_2508_000_with_camera_labels-150.png 1216 776 38
big_dataset_depth/000000002512-segment-12848519977617081063_2488_000_2508_000_with_camera_labels-150.png 1224 776 38
big_dataset_depth/000000002512-segment-12848519977617081063_2488_000_2508_000_with_camera_labels-150.png 1232 792 39
big_dataset_depth/000000002512-segment-12848519977617081063_2488_000_2508_000_with_camera_labels-150.png 1240 808 39
big_dataset_depth/000000002512-segment-12848519977617081063_2488_000_2508_000_with_camera_labels-150.png 1248 784 37
big_dataset_depth/000000002512-segment-12848519977617081063_2488_000_2508_000_with_camera_labels-150.png 1256 808 38
big_dataset_depth/000000002512-segment-12848519977617081063_2488_000_2508_000_with_camera_labels-150.png 1264 760 38
big_dataset_depth/000000002512-segment-12848519977617081063_2488_000_2508_000_with_camera_labels-150.png 1272 776 38
big_dataset_depth/000000002512-segment-12848519977617081063_2488_000_2508_000_with_camera_labels-150.png 1280 776 39
big_dataset_depth/000000002512-segment-12848519977617081063_2488_000_2508_000_with_camera_labels-150.png 1288 768 38
big_dataset_depth/000000002512-segment-12848519977617081063_2488_000_2508_000_with_camera_labels-150.png 1296 816 39
big_dataset_depth/000000002512-segment-12848519977617081063_2488_000_2508_000_with_camera_labels-150.png 1304 816 39
big_dataset_depth/000000002512-segment-12848519977617081063_2488_000_2508_000_with_camera_labels-150.png 1312 824 38
big_dataset_depth/000000002512-segment-12848519977617081063_2488_000_2508_000_with_camera_labels-150.png 1320 816 39
big_dataset_depth/000000002512-segment-12848519977617081063_2488_000_2508_000_with_camera_labels-150.png 1328 784 39
big_dataset_depth/000000002512-segment-12848519977617081063_2488_000_2508_000_with_camera_labels-150.png 1336 728 60
big_dataset_depth/000000002512-segment-12848519977617081063_2488_000_2508_000_with_camera_labels-150.png 1344 728 60
big_dataset_depth/000000002512-segment-12848519977617081063_2488_000_2508_000_with_camera_labels-150.png 1368 800 22
big_dataset_depth/000000002512-segment-12848519977617081063_2488_000_2508_000_with_camera_labels-150.png 1376 944 23
big_dataset_depth/000000002512-segment-12848519977617081063_2488_000_2508_000_with_camera_labels-150.png 1384 960 23
big_dataset_depth/000000002512-segment-12848519977617081063_2488_000_2508_000_with_camera_labels-150.png 1392 968 22
big_dataset_depth/000000002512-segment-12848519977617081063_2488_000_2508_000_with_camera_labels-150.png 1400 960 23
big_dataset_depth/000000002512-segment-12848519977617081063_2488_000_2508_000_with_camera_labels-150.png 1408 952 22
big_dataset_depth/000000002512-segment-12848519977617081063_2488_000_2508_000_with_camera_labels-150.png 1416 912 21
big_dataset_depth/000000002512-segment-12848519977617081063_2488_000_2508_000_with_camera_labels-150.png 1424 936 21
big_dataset_depth/000000002512-segment-12848519977617081063_2488_000_2508_000_with_camera_labels-150.png 1432 952 20
big_dataset_depth/000000002512-segment-12848519977617081063_2488_000_2508_000_with_camera_labels-150.png 1440 960 20
big_dataset_depth/000000002512-segment-12848519977617081063_2488_000_2508_000_with_camera_labels-150.png 1448 960 20
big_dataset_depth/000000002512-segment-12848519977617081063_2488_000_2508_000_with_camera_labels-150.png 1456 976 19
big_dataset_depth/000000002512-segment-12848519977617081063_2488_000_2508_000_with_camera_labels-150.png 1464 984 19
big_dataset_depth/000000002512-segment-12848519977617081063_2488_000_2508_000_with_camera_labels-150.png 1472 1040 19
big_dataset_depth/000000002512-segment-12848519977617081063_2488_000_2508_000_with_camera_labels-150.png 1480 1048 18
big_dataset_depth/000000002512-segment-12848519977617081063_2488_000_2508_000_with_camera_labels-150.png 1488 1048 18
big_dataset_depth/000000002512-segment-12848519977617081063_2488_000_2508_000_with_camera_labels-150.png 1496 1048 18
big_dataset_depth/000000002512-segment-12848519977617081063_2488_000_2508_000_with_camera_labels-150.png 1504 1048 18
big_dataset_depth/000000002512-segment-12848519977617081063_2488_000_2508_000_with_camera_labels-150.png 1512 1040 18
big_dataset_depth/000000002512-segment-12848519977617081063_2488_000_2508_000_with_camera_labels-150.png 1520 1048 18
big_dataset_depth/000000002512-segment-12848519977617081063_2488_000_2508_000_with_camera_labels-150.png 1528 1048 18
big_dataset_depth/000000002512-segment-12848519977617081063_2488_000_2508_000_with_camera_labels-150.png 1536 1016 18
big_dataset_depth/000000002512-segment-12848519977617081063_2488_000_2508_000_with_camera_labels-150.png 1544 1016 17
big_dataset_depth/000000002512-segment-12848519977617081063_2488_000_2508_000_with_camera_labels-150.png 1552 1016 17
big_dataset_depth/000000002512-segment-12848519977617081063_2488_000_2508_000_with_camera_labels-150.png 1560 1016 17
big_dataset_depth/000000002512-segment-12848519977617081063_2488_000_2508_000_with_camera_labels-150.png 1568 1024 17
big_dataset_depth/000000002512-segment-12848519977617081063_2488_000_2508_000_with_camera_labels-150.png 1576 1032 18
big_dataset_depth/000000002512-segment-12848519977617081063_2488_000_2508_000_with_camera_labels-150.png 1584 1032 18
big_dataset_depth/000000002512-segment-12848519977617081063_2488_000_2508_000_with_camera_labels-150.png 1592 1072 18
big_dataset_depth/000000002512-segment-12848519977617081063_2488_000_2508_000_with_camera_labels-150.png 1600 1008 17
big_dataset_depth/000000002512-segment-12848519977617081063_2488_000_2508_000_with_camera_labels-150.png 1608 1016 17
big_dataset_depth/000000002512-segment-12848519977617081063_2488_000_2508_000_with_camera_labels-150.png 1616 1032 18
big_dataset_depth/000000002512-segment-12848519977617081063_2488_000_2508_000_with_camera_labels-150.png 1624 1016 17
big_dataset_depth/000000002512-segment-12848519977617081063_2488_000_2508_000_with_camera_labels-150.png 1632 1016 17
big_dataset_depth/000000002512-segment-12848519977617081063_2488_000_2508_000_with_camera_labels-150.png 1640 1040 18
big_dataset_depth/000000002512-segment-12848519977617081063_2488_000_2508_000_with_camera_labels-150.png 1648 1016 17
big_dataset_depth/000000002512-segment-12848519977617081063_2488_000_2508_000_with_camera_labels-150.png 1656 1016 17
big_dataset_depth/000000002512-segment-12848519977617081063_2488_000_2508_000_with_camera_labels-150.png 1664 1016 17
big_dataset_depth/000000002512-segment-12848519977617081063_2488_000_2508_000_with_camera_labels-150.png 1672 1016 17
big_dataset_depth/000000002512-segment-12848519977617081063_2488_000_2508_000_with_camera_labels-150.png 1680 1024 17
big_dataset_depth/000000002512-segment-12848519977617081063_2488_000_2508_000_with_camera_labels-150.png 1688 1024 17
big_dataset_depth/000000002512-segment-12848519977617081063_2488_000_2508_000_with_camera_labels-150.png 1696 1048 18
big_dataset_depth/000000002512-segment-12848519977617081063_2488_000_2508_000_with_camera_labels-150.png 1704 1024 17
big_dataset_depth/000000002512-segment-12848519977617081063_2488_000_2508_000_with_camera_labels-150.png 1712 1024 17
big_dataset_depth/000000002512-segment-12848519977617081063_2488_000_2508_000_with_camera_labels-150.png 1720 1032 18
big_dataset_depth/000000002512-segment-12848519977617081063_2488_000_2508_000_with_camera_labels-150.png 1728 1024 17
big_dataset_depth/000000002512-segment-12848519977617081063_2488_000_2508_000_with_camera_labels-150.png 1736 1024 17
big_dataset_depth/000000002512-segment-12848519977617081063_2488_000_2508_000_with_camera_labels-150.png 1744 1024 17
big_dataset_depth/000000002512-segment-12848519977617081063_2488_000_2508_000_with_camera_labels-150.png 1752 1056 18
big_dataset_depth/000000002512-segment-12848519977617081063_2488_000_2508_000_with_camera_labels-150.png 1760 1024 17
big_dataset_depth/000000002512-segment-12848519977617081063_2488_000_2508_000_with_camera_labels-150.png 1768 1024 18
big_dataset_depth/000000002512-segment-12848519977617081063_2488_000_2508_000_with_camera_labels-150.png 1776 1024 18
big_dataset_depth/000000002512-segment-12848519977617081063_2488_000_2508_000_with_camera_labels-150.png 1784 1048 19
big_dataset_depth/000000002512-segment-12848519977617081063_2488_000_2508_000_with_camera_labels-150.png 1792 1048 19
big_dataset_depth/000000002512-segment-12848519977617081063_2488_000_2508_000_with_camera_labels-150.png 1800 1048 19
big_dataset_depth/000000002512-segment-12848519977617081063_2488_000_2508_000_with_camera_labels-150.png 1808 1040 18
big_dataset_depth/000000002512-segment-12848519977617081063_2488_000_2508_000_with_camera_labels-150.png 1816 880 42
big_dataset_depth/000000002512-segment-12848519977617081063_2488_000_2508_000_with_camera_labels-150.png 1824 1024 18
big_dataset_depth/000000002512-segment-12848519977617081063_2488_000_2508_000_with_camera_labels-150.png 1832 1048 18
big_dataset_depth/000000002512-segment-12848519977617081063_2488_000_2508_000_with_camera_labels-150.png 1840 848 48
big_dataset_depth/000000002512-segment-12848519977617081063_2488_000_2508_000_with_camera_labels-150.png 1848 1008 18
big_dataset_depth/000000002512-segment-12848519977617081063_2488_000_2508_000_with_camera_labels-150.png 1856 1056 19
big_dataset_depth/000000002512-segment-12848519977617081063_2488_000_2508_000_with_camera_labels-150.png 1864 1008 18
big_dataset_depth/000000002512-segment-12848519977617081063_2488_000_2508_000_with_camera_labels-150.png 1872 1008 18
big_dataset_depth/000000002512-segment-12848519977617081063_2488_000_2508_000_with_camera_labels-150.png 1880 784 39
big_dataset_depth/000000002512-segment-12848519977617081063_2488_000_2508_000_with_camera_labels-150.png 1888 808 39
big_dataset_depth/000000002512-segment-12848519977617081063_2488_000_2508_000_with_camera_labels-150.png 1896 808 38
big_dataset_depth/000000002512-segment-12848519977617081063_2488_000_2508_000_with_camera_labels-150.png 1904 832 38
big_dataset_depth/000000002512-segment-12848519977617081063_2488_000_2508_000_with_camera_labels-150.png 1912 792 45
