big_dataset_depth/000000003685-segment-14004546003548947884_2331_861_2351_861_with_camera_labels-80.png 0 800 41
big_dataset_depth/000000003685-segment-14004546003548947884_2331_861_2351_861_with_camera_labels-80.png 8 784 39
big_dataset_depth/000000003685-segment-14004546003548947884_2331_861_2351_861_with_camera_labels-80.png 16 880 29
big_dataset_depth/000000003685-segment-14004546003548947884_2331_861_2351_861_with_camera_labels-80.png 24 880 29
big_dataset_depth/000000003685-segment-14004546003548947884_2331_861_2351_861_with_camera_labels-80.png 32 880 29
big_dataset_depth/000000003685-segment-14004546003548947884_2331_861_2351_861_with_camera_labels-80.png 40 880 29
big_dataset_depth/000000003685-segment-14004546003548947884_2331_861_2351_861_with_camera_labels-80.png 48 880 29
big_dataset_depth/000000003685-segment-14004546003548947884_2331_861_2351_861_with_camera_labels-80.png 56 872 29
big_dataset_depth/000000003685-segment-14004546003548947884_2331_861_2351_861_with_camera_labels-80.png 64 880 29
big_dataset_depth/000000003685-segment-14004546003548947884_2331_861_2351_861_with_camera_labels-80.png 80 832 32
big_dataset_depth/000000003685-segment-14004546003548947884_2331_861_2351_861_with_camera_labels-80.png 88 848 32
big_dataset_depth/000000003685-segment-14004546003548947884_2331_861_2351_861_with_camera_labels-80.png 96 840 32
big_dataset_depth/000000003685-segment-14004546003548947884_2331_861_2351_861_with_camera_labels-80.png 104 848 32
big_dataset_depth/000000003685-segment-14004546003548947884_2331_861_2351_861_with_camera_labels-80.png 112 840 32
big_dataset_depth/000000003685-segment-14004546003548947884_2331_861_2351_861_with_camera_labels-80.png 120 840 32
big_dataset_depth/000000003685-segment-14004546003548947884_2331_861_2351_861_with_camera_labels-80.png 128 848 32
big_dataset_depth/000000003685-segment-14004546003548947884_2331_861_2351_861_with_camera_labels-80.png 136 824 32
big_dataset_depth/000000003685-segment-14004546003548947884_2331_861_2351_861_with_camera_labels-80.png 144 848 32
big_dataset_depth/000000003685-segment-14004546003548947884_2331_861_2351_861_with_camera_labels-80.png 152 848 32
big_dataset_depth/000000003685-segment-14004546003548947884_2331_861_2351_861_with_camera_labels-80.png 160 840 32
big_dataset_depth/000000003685-segment-14004546003548947884_2331_861_2351_861_with_camera_labels-80.png 168 824 32
big_dataset_depth/000000003685-segment-14004546003548947884_2331_861_2351_861_with_camera_labels-80.png 176 824 32
big_dataset_depth/000000003685-segment-14004546003548947884_2331_861_2351_861_with_camera_labels-80.png 184 832 32
big_dataset_depth/000000003685-segment-14004546003548947884_2331_861_2351_861_with_camera_labels-80.png 192 840 33
big_dataset_depth/000000003685-segment-14004546003548947884_2331_861_2351_861_with_camera_labels-80.png 200 808 32
big_dataset_depth/000000003685-segment-14004546003548947884_2331_861_2351_861_with_camera_labels-80.png 216 792 27
big_dataset_depth/000000003685-segment-14004546003548947884_2331_861_2351_861_with_camera_labels-80.png 232 800 27
big_dataset_depth/000000003685-segment-14004546003548947884_2331_861_2351_861_with_camera_labels-80.png 240 776 39
big_dataset_depth/000000003685-segment-14004546003548947884_2331_861_2351_861_with_camera_labels-80.png 248 800 50
big_dataset_depth/000000003685-segment-14004546003548947884_2331_861_2351_861_with_camera_labels-80.png 256 752 60
big_dataset_depth/000000003685-segment-14004546003548947884_2331_861_2351_861_with_camera_labels-80.png 264 904 27
big_dataset_depth/000000003685-segment-14004546003548947884_2331_861_2351_861_with_camera_labels-80.png 272 912 26
big_dataset_depth/000000003685-segment-14004546003548947884_2331_861_2351_861_with_camera_labels-80.png 280 896 27
big_dataset_depth/000000003685-segment-14004546003548947884_2331_861_2351_861_with_camera_labels-80.png 288 896 27
big_dataset_depth/000000003685-segment-14004546003548947884_2331_861_2351_861_with_camera_labels-80.png 296 904 26
big_dataset_depth/000000003685-segment-14004546003548947884_2331_861_2351_861_with_camera_labels-80.png 304 896 27
big_dataset_depth/000000003685-segment-14004546003548947884_2331_861_2351_861_with_camera_labels-80.png 312 896 27
big_dataset_depth/000000003685-segment-14004546003548947884_2331_861_2351_861_with_camera_labels-80.png 320 880 27
big_dataset_depth/000000003685-segment-14004546003548947884_2331_861_2351_861_with_camera_labels-80.png 328 896 27
big_dataset_depth/000000003685-segment-14004546003548947884_2331_861_2351_861_with_camera_labels-80.png 336 856 27
big_dataset_depth/000000003685-segment-14004546003548947884_2331_861_2351_861_with_camera_labels-80.png 344 768 42
big_dataset_depth/000000003685-segment-14004546003548947884_2331_861_2351_861_with_camera_labels-80.png 360 768 42
big_dataset_depth/000000003685-segment-14004546003548947884_2331_861_2351_861_with_camera_labels-80.png 368 768 42
big_dataset_depth/000000003685-segment-14004546003548947884_2331_861_2351_861_with_camera_labels-80.png 376 768 42
big_dataset_depth/000000003685-segment-14004546003548947884_2331_861_2351_861_with_camera_labels-80.png 384 768 42
big_dataset_depth/000000003685-segment-14004546003548947884_2331_861_2351_861_with_camera_labels-80.png 392 768 42
big_dataset_depth/000000003685-segment-14004546003548947884_2331_861_2351_861_with_camera_labels-80.png 400 768 42
big_dataset_depth/000000003685-segment-14004546003548947884_2331_861_2351_861_with_camera_labels-80.png 408 776 41
big_dataset_depth/000000003685-segment-14004546003548947884_2331_861_2351_861_with_camera_labels-80.png 416 768 42
big_dataset_depth/000000003685-segment-14004546003548947884_2331_861_2351_861_with_camera_labels-80.png 424 760 42
big_dataset_depth/000000003685-segment-14004546003548947884_2331_861_2351_861_with_camera_labels-80.png 432 768 42
big_dataset_depth/000000003685-segment-14004546003548947884_2331_861_2351_861_with_camera_labels-80.png 440 768 43
big_dataset_depth/000000003685-segment-14004546003548947884_2331_861_2351_861_with_camera_labels-80.png 448 752 43
big_dataset_depth/000000003685-segment-14004546003548947884_2331_861_2351_861_with_camera_labels-80.png 456 736 44
big_dataset_depth/000000003685-segment-14004546003548947884_2331_861_2351_861_with_camera_labels-80.png 464 720 46
big_dataset_depth/000000003685-segment-14004546003548947884_2331_861_2351_861_with_camera_labels-80.png 472 720 46
big_dataset_depth/000000003685-segment-14004546003548947884_2331_861_2351_861_with_camera_labels-80.png 480 720 46
big_dataset_depth/000000003685-segment-14004546003548947884_2331_861_2351_861_with_camera_labels-80.png 488 688 71
big_dataset_depth/000000003685-segment-14004546003548947884_2331_861_2351_861_with_camera_labels-80.png 496 688 71
big_dataset_depth/000000003685-segment-14004546003548947884_2331_861_2351_861_with_camera_labels-80.png 504 664 77
big_dataset_depth/000000003685-segment-14004546003548947884_2331_861_2351_861_with_camera_labels-80.png 512 688 75
big_dataset_depth/000000003685-segment-14004546003548947884_2331_861_2351_861_with_camera_labels-80.png 520 680 84
big_dataset_depth/000000003685-segment-14004546003548947884_2331_861_2351_861_with_camera_labels-80.png 528 688 75
big_dataset_depth/000000003685-segment-14004546003548947884_2331_861_2351_861_with_camera_labels-80.png 536 672 85
big_dataset_depth/000000003685-segment-14004546003548947884_2331_861_2351_861_with_camera_labels-80.png 544 688 77
big_dataset_depth/000000003685-segment-14004546003548947884_2331_861_2351_861_with_camera_labels-80.png 552 680 83
big_dataset_depth/000000003685-segment-14004546003548947884_2331_861_2351_861_with_camera_labels-80.png 560 672 97
big_dataset_depth/000000003685-segment-14004546003548947884_2331_861_2351_861_with_camera_labels-80.png 568 680 90
big_dataset_depth/000000003685-segment-14004546003548947884_2331_861_2351_861_with_camera_labels-80.png 576 672 93
big_dataset_depth/000000003685-segment-14004546003548947884_2331_861_2351_861_with_camera_labels-80.png 584 688 78
big_dataset_depth/000000003685-segment-14004546003548947884_2331_861_2351_861_with_camera_labels-80.png 592 688 78
big_dataset_depth/000000003685-segment-14004546003548947884_2331_861_2351_861_with_camera_labels-80.png 600 664 98
big_dataset_depth/000000003685-segment-14004546003548947884_2331_861_2351_861_with_camera_labels-80.png 608 664 103
big_dataset_depth/000000003685-segment-14004546003548947884_2331_861_2351_861_with_camera_labels-80.png 616 656 109
big_dataset_depth/000000003685-segment-14004546003548947884_2331_861_2351_861_with_camera_labels-80.png 624 664 103
big_dataset_depth/000000003685-segment-14004546003548947884_2331_861_2351_861_with_camera_labels-80.png 632 672 91
big_dataset_depth/000000003685-segment-14004546003548947884_2331_861_2351_861_with_camera_labels-80.png 640 696 71
big_dataset_depth/000000003685-segment-14004546003548947884_2331_861_2351_861_with_camera_labels-80.png 648 696 66
big_dataset_depth/000000003685-segment-14004546003548947884_2331_861_2351_861_with_camera_labels-80.png 656 672 85
big_dataset_depth/000000003685-segment-14004546003548947884_2331_861_2351_861_with_camera_labels-80.png 664 696 65
big_dataset_depth/000000003685-segment-14004546003548947884_2331_861_2351_861_with_camera_labels-80.png 672 680 82
big_dataset_depth/000000003685-segment-14004546003548947884_2331_861_2351_861_with_camera_labels-80.png 680 704 66
big_dataset_depth/000000003685-segment-14004546003548947884_2331_861_2351_861_with_camera_labels-80.png 688 656 105
big_dataset_depth/000000003685-segment-14004546003548947884_2331_861_2351_861_with_camera_labels-80.png 696 656 105
big_dataset_depth/000000003685-segment-14004546003548947884_2331_861_2351_861_with_camera_labels-80.png 704 648 105
big_dataset_depth/000000003685-segment-14004546003548947884_2331_861_2351_861_with_camera_labels-80.png 712 640 104
big_dataset_depth/000000003685-segment-14004546003548947884_2331_861_2351_861_with_camera_labels-80.png 720 664 101
big_dataset_depth/000000003685-segment-14004546003548947884_2331_861_2351_861_with_camera_labels-80.png 728 664 101
big_dataset_depth/000000003685-segment-14004546003548947884_2331_861_2351_861_with_camera_labels-80.png 736 664 98
big_dataset_depth/000000003685-segment-14004546003548947884_2331_861_2351_861_with_camera_labels-80.png 744 664 95
big_dataset_depth/000000003685-segment-14004546003548947884_2331_861_2351_861_with_camera_labels-80.png 752 656 98
big_dataset_depth/000000003685-segment-14004546003548947884_2331_861_2351_861_with_camera_labels-80.png 760 664 98
big_dataset_depth/000000003685-segment-14004546003548947884_2331_861_2351_861_with_camera_labels-80.png 768 656 103
big_dataset_depth/000000003685-segment-14004546003548947884_2331_861_2351_861_with_camera_labels-80.png 776 656 101
big_dataset_depth/000000003685-segment-14004546003548947884_2331_861_2351_861_with_camera_labels-80.png 784 664 101
big_dataset_depth/000000003685-segment-14004546003548947884_2331_861_2351_861_with_camera_labels-80.png 792 664 100
big_dataset_depth/000000003685-segment-14004546003548947884_2331_861_2351_861_with_camera_labels-80.png 800 664 100
big_dataset_depth/000000003685-segment-14004546003548947884_2331_861_2351_861_with_camera_labels-80.png 808 664 100
big_dataset_depth/000000003685-segment-14004546003548947884_2331_861_2351_861_with_camera_labels-80.png 816 656 103
big_dataset_depth/000000003685-segment-14004546003548947884_2331_861_2351_861_with_camera_labels-80.png 824 664 103
big_dataset_depth/000000003685-segment-14004546003548947884_2331_861_2351_861_with_camera_labels-80.png 832 664 103
big_dataset_depth/000000003685-segment-14004546003548947884_2331_861_2351_861_with_camera_labels-80.png 840 664 103
big_dataset_depth/000000003685-segment-14004546003548947884_2331_861_2351_861_with_camera_labels-80.png 1288 832 30
big_dataset_depth/000000003685-segment-14004546003548947884_2331_861_2351_861_with_camera_labels-80.png 1296 832 30
big_dataset_depth/000000003685-segment-14004546003548947884_2331_861_2351_861_with_camera_labels-80.png 1312 848 26
big_dataset_depth/000000003685-segment-14004546003548947884_2331_861_2351_861_with_camera_labels-80.png 1320 872 26
big_dataset_depth/000000003685-segment-14004546003548947884_2331_861_2351_861_with_camera_labels-80.png 1328 872 26
big_dataset_depth/000000003685-segment-14004546003548947884_2331_861_2351_861_with_camera_labels-80.png 1336 864 26
big_dataset_depth/000000003685-segment-14004546003548947884_2331_861_2351_861_with_camera_labels-80.png 1344 864 26
big_dataset_depth/000000003685-segment-14004546003548947884_2331_861_2351_861_with_camera_labels-80.png 1352 824 25
big_dataset_depth/000000003685-segment-14004546003548947884_2331_861_2351_861_with_camera_labels-80.png 1360 848 26
big_dataset_depth/000000003685-segment-14004546003548947884_2331_861_2351_861_with_camera_labels-80.png 1368 840 25
big_dataset_depth/000000003685-segment-14004546003548947884_2331_861_2351_861_with_camera_labels-80.png 1376 848 26
big_dataset_depth/000000003685-segment-14004546003548947884_2331_861_2351_861_with_camera_labels-80.png 1384 824 25
big_dataset_depth/000000003685-segment-14004546003548947884_2331_861_2351_861_with_camera_labels-80.png 1392 832 25
big_dataset_depth/000000003685-segment-14004546003548947884_2331_861_2351_861_with_camera_labels-80.png 1400 832 25
big_dataset_depth/000000003685-segment-14004546003548947884_2331_861_2351_861_with_camera_labels-80.png 1408 824 25
big_dataset_depth/000000003685-segment-14004546003548947884_2331_861_2351_861_with_camera_labels-80.png 1416 824 25
big_dataset_depth/000000003685-segment-14004546003548947884_2331_861_2351_861_with_camera_labels-80.png 1424 832 25
big_dataset_depth/000000003685-segment-14004546003548947884_2331_861_2351_861_with_camera_labels-80.png 1432 832 25
big_dataset_depth/000000003685-segment-14004546003548947884_2331_861_2351_861_with_camera_labels-80.png 1440 832 25
big_dataset_depth/000000003685-segment-14004546003548947884_2331_861_2351_861_with_camera_labels-80.png 1448 824 25
big_dataset_depth/000000003685-segment-14004546003548947884_2331_861_2351_861_with_camera_labels-80.png 1456 832 25
big_dataset_depth/000000003685-segment-14004546003548947884_2331_861_2351_861_with_camera_labels-80.png 1464 832 25
big_dataset_depth/000000003685-segment-14004546003548947884_2331_861_2351_861_with_camera_labels-80.png 1472 832 25
big_dataset_depth/000000003685-segment-14004546003548947884_2331_861_2351_861_with_camera_labels-80.png 1480 832 25
big_dataset_depth/000000003685-segment-14004546003548947884_2331_861_2351_861_with_camera_labels-80.png 1488 832 25
big_dataset_depth/000000003685-segment-14004546003548947884_2331_861_2351_861_with_camera_labels-80.png 1496 848 26
big_dataset_depth/000000003685-segment-14004546003548947884_2331_861_2351_861_with_camera_labels-80.png 1504 824 25
big_dataset_depth/000000003685-segment-14004546003548947884_2331_861_2351_861_with_camera_labels-80.png 1512 824 25
big_dataset_depth/000000003685-segment-14004546003548947884_2331_861_2351_861_with_camera_labels-80.png 1520 864 26
big_dataset_depth/000000003685-segment-14004546003548947884_2331_861_2351_861_with_camera_labels-80.png 1528 872 26
big_dataset_depth/000000003685-segment-14004546003548947884_2331_861_2351_861_with_camera_labels-80.png 1536 856 26
big_dataset_depth/000000003685-segment-14004546003548947884_2331_861_2351_861_with_camera_labels-80.png 1544 816 36
big_dataset_depth/000000003685-segment-14004546003548947884_2331_861_2351_861_with_camera_labels-80.png 1552 864 26
big_dataset_depth/000000003685-segment-14004546003548947884_2331_861_2351_861_with_camera_labels-80.png 1560 760 43
big_dataset_depth/000000003685-segment-14004546003548947884_2331_861_2351_861_with_camera_labels-80.png 1568 888 25
big_dataset_depth/000000003685-segment-14004546003548947884_2331_861_2351_861_with_camera_labels-80.png 1576 704 53
big_dataset_depth/000000003685-segment-14004546003548947884_2331_861_2351_861_with_camera_labels-80.png 1584 704 47
big_dataset_depth/000000003685-segment-14004546003548947884_2331_861_2351_861_with_camera_labels-80.png 1592 736 46
big_dataset_depth/000000003685-segment-14004546003548947884_2331_861_2351_861_with_camera_labels-80.png 1600 712 45
big_dataset_depth/000000003685-segment-14004546003548947884_2331_861_2351_861_with_camera_labels-80.png 1608 752 39
big_dataset_depth/000000003685-segment-14004546003548947884_2331_861_2351_861_with_camera_labels-80.png 1616 736 39
big_dataset_depth/000000003685-segment-14004546003548947884_2331_861_2351_861_with_camera_labels-80.png 1624 760 39
big_dataset_depth/000000003685-segment-14004546003548947884_2331_861_2351_861_with_camera_labels-80.png 1632 752 39
big_dataset_depth/000000003685-segment-14004546003548947884_2331_861_2351_861_with_camera_labels-80.png 1640 760 39
big_dataset_depth/000000003685-segment-14004546003548947884_2331_861_2351_861_with_camera_labels-80.png 1648 728 39
big_dataset_depth/000000003685-segment-14004546003548947884_2331_861_2351_861_with_camera_labels-80.png 1656 752 39
big_dataset_depth/000000003685-segment-14004546003548947884_2331_861_2351_861_with_camera_labels-80.png 1664 760 39
big_dataset_depth/000000003685-segment-14004546003548947884_2331_861_2351_861_with_camera_labels-80.png 1672 736 44
big_dataset_depth/000000003685-segment-14004546003548947884_2331_861_2351_861_with_camera_labels-80.png 1680 720 46
big_dataset_depth/000000003685-segment-14004546003548947884_2331_861_2351_861_with_camera_labels-80.png 1688 720 44
big_dataset_depth/000000003685-segment-14004546003548947884_2331_861_2351_861_with_camera_labels-80.png 1696 728 45
big_dataset_depth/000000003685-segment-14004546003548947884_2331_861_2351_861_with_camera_labels-80.png 1704 736 45
big_dataset_depth/000000003685-segment-14004546003548947884_2331_861_2351_861_with_camera_labels-80.png 1712 736 44
big_dataset_depth/000000003685-segment-14004546003548947884_2331_861_2351_861_with_camera_labels-80.png 1720 736 44
big_dataset_depth/000000003685-segment-14004546003548947884_2331_861_2351_861_with_camera_labels-80.png 1728 728 45
big_dataset_depth/000000003685-segment-14004546003548947884_2331_861_2351_861_with_camera_labels-80.png 1736 712 45
big_dataset_depth/000000003685-segment-14004546003548947884_2331_861_2351_861_with_camera_labels-80.png 1744 704 46
big_dataset_depth/000000003685-segment-14004546003548947884_2331_861_2351_861_with_camera_labels-80.png 1752 688 45
big_dataset_depth/000000003685-segment-14004546003548947884_2331_861_2351_861_with_camera_labels-80.png 1760 696 46
big_dataset_depth/000000003685-segment-14004546003548947884_2331_861_2351_861_with_camera_labels-80.png 1768 696 45
big_dataset_depth/000000003685-segment-14004546003548947884_2331_861_2351_861_with_camera_labels-80.png 1792 728 32
big_dataset_depth/000000003685-segment-14004546003548947884_2331_861_2351_861_with_camera_labels-80.png 1800 776 32
big_dataset_depth/000000003685-segment-14004546003548947884_2331_861_2351_861_with_camera_labels-80.png 1808 800 31
big_dataset_depth/000000003685-segment-14004546003548947884_2331_861_2351_861_with_camera_labels-80.png 1816 800 31
big_dataset_depth/000000003685-segment-14004546003548947884_2331_861_2351_861_with_camera_labels-80.png 1824 800 31
big_dataset_depth/000000003685-segment-14004546003548947884_2331_861_2351_861_with_camera_labels-80.png 1832 792 31
big_dataset_depth/000000003685-segment-14004546003548947884_2331_861_2351_861_with_camera_labels-80.png 1840 800 31
big_dataset_depth/000000003685-segment-14004546003548947884_2331_861_2351_861_with_camera_labels-80.png 1848 800 31
big_dataset_depth/000000003685-segment-14004546003548947884_2331_861_2351_861_with_camera_labels-80.png 1856 792 31
big_dataset_depth/000000003685-segment-14004546003548947884_2331_861_2351_861_with_camera_labels-80.png 1864 784 31
big_dataset_depth/000000003685-segment-14004546003548947884_2331_861_2351_861_with_camera_labels-80.png 1872 784 31
big_dataset_depth/000000003685-segment-14004546003548947884_2331_861_2351_861_with_camera_labels-80.png 1880 784 31
big_dataset_depth/000000003685-segment-14004546003548947884_2331_861_2351_861_with_camera_labels-80.png 1888 784 32
big_dataset_depth/000000003685-segment-14004546003548947884_2331_861_2351_861_with_camera_labels-80.png 1896 792 31
big_dataset_depth/000000003685-segment-14004546003548947884_2331_861_2351_861_with_camera_labels-80.png 1904 728 39
big_dataset_depth/000000003685-segment-14004546003548947884_2331_861_2351_861_with_camera_labels-80.png 1912 712 42
