big_dataset_depth/000000003019-segment-13238419657658219864_4630_850_4650_850_with_camera_labels-20.png 0 808 54
big_dataset_depth/000000003019-segment-13238419657658219864_4630_850_4650_850_with_camera_labels-20.png 8 800 54
big_dataset_depth/000000003019-segment-13238419657658219864_4630_850_4650_850_with_camera_labels-20.png 16 824 54
big_dataset_depth/000000003019-segment-13238419657658219864_4630_850_4650_850_with_camera_labels-20.png 24 808 54
big_dataset_depth/000000003019-segment-13238419657658219864_4630_850_4650_850_with_camera_labels-20.png 32 824 53
big_dataset_depth/000000003019-segment-13238419657658219864_4630_850_4650_850_with_camera_labels-20.png 40 824 53
big_dataset_depth/000000003019-segment-13238419657658219864_4630_850_4650_850_with_camera_labels-20.png 48 824 53
big_dataset_depth/000000003019-segment-13238419657658219864_4630_850_4650_850_with_camera_labels-20.png 56 816 53
big_dataset_depth/000000003019-segment-13238419657658219864_4630_850_4650_850_with_camera_labels-20.png 64 816 55
big_dataset_depth/000000003019-segment-13238419657658219864_4630_850_4650_850_with_camera_labels-20.png 72 800 54
big_dataset_depth/000000003019-segment-13238419657658219864_4630_850_4650_850_with_camera_labels-20.png 80 808 55
big_dataset_depth/000000003019-segment-13238419657658219864_4630_850_4650_850_with_camera_labels-20.png 88 824 55
big_dataset_depth/000000003019-segment-13238419657658219864_4630_850_4650_850_with_camera_labels-20.png 96 768 53
big_dataset_depth/000000003019-segment-13238419657658219864_4630_850_4650_850_with_camera_labels-20.png 104 808 53
big_dataset_depth/000000003019-segment-13238419657658219864_4630_850_4650_850_with_camera_labels-20.png 112 824 53
big_dataset_depth/000000003019-segment-13238419657658219864_4630_850_4650_850_with_camera_labels-20.png 120 824 53
big_dataset_depth/000000003019-segment-13238419657658219864_4630_850_4650_850_with_camera_labels-20.png 128 816 53
big_dataset_depth/000000003019-segment-13238419657658219864_4630_850_4650_850_with_camera_labels-20.png 136 816 52
big_dataset_depth/000000003019-segment-13238419657658219864_4630_850_4650_850_with_camera_labels-20.png 144 816 53
big_dataset_depth/000000003019-segment-13238419657658219864_4630_850_4650_850_with_camera_labels-20.png 152 816 53
big_dataset_depth/000000003019-segment-13238419657658219864_4630_850_4650_850_with_camera_labels-20.png 160 824 52
big_dataset_depth/000000003019-segment-13238419657658219864_4630_850_4650_850_with_camera_labels-20.png 168 816 53
big_dataset_depth/000000003019-segment-13238419657658219864_4630_850_4650_850_with_camera_labels-20.png 176 816 54
big_dataset_depth/000000003019-segment-13238419657658219864_4630_850_4650_850_with_camera_labels-20.png 184 816 53
big_dataset_depth/000000003019-segment-13238419657658219864_4630_850_4650_850_with_camera_labels-20.png 192 816 54
big_dataset_depth/000000003019-segment-13238419657658219864_4630_850_4650_850_with_camera_labels-20.png 200 816 54
big_dataset_depth/000000003019-segment-13238419657658219864_4630_850_4650_850_with_camera_labels-20.png 208 800 52
big_dataset_depth/000000003019-segment-13238419657658219864_4630_850_4650_850_with_camera_labels-20.png 216 824 51
big_dataset_depth/000000003019-segment-13238419657658219864_4630_850_4650_850_with_camera_labels-20.png 224 816 52
big_dataset_depth/000000003019-segment-13238419657658219864_4630_850_4650_850_with_camera_labels-20.png 232 832 51
big_dataset_depth/000000003019-segment-13238419657658219864_4630_850_4650_850_with_camera_labels-20.png 240 824 51
big_dataset_depth/000000003019-segment-13238419657658219864_4630_850_4650_850_with_camera_labels-20.png 248 832 51
big_dataset_depth/000000003019-segment-13238419657658219864_4630_850_4650_850_with_camera_labels-20.png 256 824 51
big_dataset_depth/000000003019-segment-13238419657658219864_4630_850_4650_850_with_camera_labels-20.png 264 824 51
big_dataset_depth/000000003019-segment-13238419657658219864_4630_850_4650_850_with_camera_labels-20.png 272 824 52
big_dataset_depth/000000003019-segment-13238419657658219864_4630_850_4650_850_with_camera_labels-20.png 280 824 52
big_dataset_depth/000000003019-segment-13238419657658219864_4630_850_4650_850_with_camera_labels-20.png 288 832 50
big_dataset_depth/000000003019-segment-13238419657658219864_4630_850_4650_850_with_camera_labels-20.png 296 816 52
big_dataset_depth/000000003019-segment-13238419657658219864_4630_850_4650_850_with_camera_labels-20.png 304 816 52
big_dataset_depth/000000003019-segment-13238419657658219864_4630_850_4650_850_with_camera_labels-20.png 312 816 52
big_dataset_depth/000000003019-segment-13238419657658219864_4630_850_4650_850_with_camera_labels-20.png 320 816 51
big_dataset_depth/000000003019-segment-13238419657658219864_4630_850_4650_850_with_camera_labels-20.png 328 728 52
big_dataset_depth/000000003019-segment-13238419657658219864_4630_850_4650_850_with_camera_labels-20.png 336 816 51
big_dataset_depth/000000003019-segment-13238419657658219864_4630_850_4650_850_with_camera_labels-20.png 344 824 51
big_dataset_depth/000000003019-segment-13238419657658219864_4630_850_4650_850_with_camera_labels-20.png 352 824 51
big_dataset_depth/000000003019-segment-13238419657658219864_4630_850_4650_850_with_camera_labels-20.png 360 824 51
big_dataset_depth/000000003019-segment-13238419657658219864_4630_850_4650_850_with_camera_labels-20.png 368 824 51
big_dataset_depth/000000003019-segment-13238419657658219864_4630_850_4650_850_with_camera_labels-20.png 376 824 52
big_dataset_depth/000000003019-segment-13238419657658219864_4630_850_4650_850_with_camera_labels-20.png 384 808 52
big_dataset_depth/000000003019-segment-13238419657658219864_4630_850_4650_850_with_camera_labels-20.png 392 800 53
big_dataset_depth/000000003019-segment-13238419657658219864_4630_850_4650_850_with_camera_labels-20.png 400 752 53
big_dataset_depth/000000003019-segment-13238419657658219864_4630_850_4650_850_with_camera_labels-20.png 408 736 53
big_dataset_depth/000000003019-segment-13238419657658219864_4630_850_4650_850_with_camera_labels-20.png 416 752 90
big_dataset_depth/000000003019-segment-13238419657658219864_4630_850_4650_850_with_camera_labels-20.png 424 752 90
big_dataset_depth/000000003019-segment-13238419657658219864_4630_850_4650_850_with_camera_labels-20.png 432 760 90
big_dataset_depth/000000003019-segment-13238419657658219864_4630_850_4650_850_with_camera_labels-20.png 440 752 91
big_dataset_depth/000000003019-segment-13238419657658219864_4630_850_4650_850_with_camera_labels-20.png 448 760 91
big_dataset_depth/000000003019-segment-13238419657658219864_4630_850_4650_850_with_camera_labels-20.png 456 744 87
big_dataset_depth/000000003019-segment-13238419657658219864_4630_850_4650_850_with_camera_labels-20.png 464 728 87
big_dataset_depth/000000003019-segment-13238419657658219864_4630_850_4650_850_with_camera_labels-20.png 472 736 107
big_dataset_depth/000000003019-segment-13238419657658219864_4630_850_4650_850_with_camera_labels-20.png 480 792 56
big_dataset_depth/000000003019-segment-13238419657658219864_4630_850_4650_850_with_camera_labels-20.png 488 816 55
big_dataset_depth/000000003019-segment-13238419657658219864_4630_850_4650_850_with_camera_labels-20.png 496 784 55
big_dataset_depth/000000003019-segment-13238419657658219864_4630_850_4650_850_with_camera_labels-20.png 504 800 56
big_dataset_depth/000000003019-segment-13238419657658219864_4630_850_4650_850_with_camera_labels-20.png 512 792 55
big_dataset_depth/000000003019-segment-13238419657658219864_4630_850_4650_850_with_camera_labels-20.png 520 800 56
big_dataset_depth/000000003019-segment-13238419657658219864_4630_850_4650_850_with_camera_labels-20.png 528 800 55
big_dataset_depth/000000003019-segment-13238419657658219864_4630_850_4650_850_with_camera_labels-20.png 536 800 56
big_dataset_depth/000000003019-segment-13238419657658219864_4630_850_4650_850_with_camera_labels-20.png 544 800 55
big_dataset_depth/000000003019-segment-13238419657658219864_4630_850_4650_850_with_camera_labels-20.png 552 800 55
big_dataset_depth/000000003019-segment-13238419657658219864_4630_850_4650_850_with_camera_labels-20.png 560 800 55
big_dataset_depth/000000003019-segment-13238419657658219864_4630_850_4650_850_with_camera_labels-20.png 568 792 55
big_dataset_depth/000000003019-segment-13238419657658219864_4630_850_4650_850_with_camera_labels-20.png 576 784 55
big_dataset_depth/000000003019-segment-13238419657658219864_4630_850_4650_850_with_camera_labels-20.png 584 808 55
big_dataset_depth/000000003019-segment-13238419657658219864_4630_850_4650_850_with_camera_labels-20.png 592 808 56
big_dataset_depth/000000003019-segment-13238419657658219864_4630_850_4650_850_with_camera_labels-20.png 600 800 61
big_dataset_depth/000000003019-segment-13238419657658219864_4630_850_4650_850_with_camera_labels-20.png 784 616 104
big_dataset_depth/000000003019-segment-13238419657658219864_4630_850_4650_850_with_camera_labels-20.png 792 624 103
big_dataset_depth/000000003019-segment-13238419657658219864_4630_850_4650_850_with_camera_labels-20.png 800 624 100
big_dataset_depth/000000003019-segment-13238419657658219864_4630_850_4650_850_with_camera_labels-20.png 808 640 103
big_dataset_depth/000000003019-segment-13238419657658219864_4630_850_4650_850_with_camera_labels-20.png 824 640 101
big_dataset_depth/000000003019-segment-13238419657658219864_4630_850_4650_850_with_camera_labels-20.png 832 640 103
big_dataset_depth/000000003019-segment-13238419657658219864_4630_850_4650_850_with_camera_labels-20.png 840 632 101
big_dataset_depth/000000003019-segment-13238419657658219864_4630_850_4650_850_with_camera_labels-20.png 848 744 101
big_dataset_depth/000000003019-segment-13238419657658219864_4630_850_4650_850_with_camera_labels-20.png 856 744 99
big_dataset_depth/000000003019-segment-13238419657658219864_4630_850_4650_850_with_camera_labels-20.png 864 744 98
big_dataset_depth/000000003019-segment-13238419657658219864_4630_850_4650_850_with_camera_labels-20.png 872 744 97
big_dataset_depth/000000003019-segment-13238419657658219864_4630_850_4650_850_with_camera_labels-20.png 880 744 96
big_dataset_depth/000000003019-segment-13238419657658219864_4630_850_4650_850_with_camera_labels-20.png 888 744 95
big_dataset_depth/000000003019-segment-13238419657658219864_4630_850_4650_850_with_camera_labels-20.png 896 736 98
big_dataset_depth/000000003019-segment-13238419657658219864_4630_850_4650_850_with_camera_labels-20.png 904 736 100
big_dataset_depth/000000003019-segment-13238419657658219864_4630_850_4650_850_with_camera_labels-20.png 912 736 100
big_dataset_depth/000000003019-segment-13238419657658219864_4630_850_4650_850_with_camera_labels-20.png 920 736 100
big_dataset_depth/000000003019-segment-13238419657658219864_4630_850_4650_850_with_camera_labels-20.png 928 736 99
big_dataset_depth/000000003019-segment-13238419657658219864_4630_850_4650_850_with_camera_labels-20.png 936 728 101
big_dataset_depth/000000003019-segment-13238419657658219864_4630_850_4650_850_with_camera_labels-20.png 944 728 100
big_dataset_depth/000000003019-segment-13238419657658219864_4630_850_4650_850_with_camera_labels-20.png 952 728 103
big_dataset_depth/000000003019-segment-13238419657658219864_4630_850_4650_850_with_camera_labels-20.png 960 720 103
big_dataset_depth/000000003019-segment-13238419657658219864_4630_850_4650_850_with_camera_labels-20.png 968 712 104
big_dataset_depth/000000003019-segment-13238419657658219864_4630_850_4650_850_with_camera_labels-20.png 976 792 56
big_dataset_depth/000000003019-segment-13238419657658219864_4630_850_4650_850_with_camera_labels-20.png 984 792 56
big_dataset_depth/000000003019-segment-13238419657658219864_4630_850_4650_850_with_camera_labels-20.png 992 720 101
big_dataset_depth/000000003019-segment-13238419657658219864_4630_850_4650_850_with_camera_labels-20.png 1000 792 52
big_dataset_depth/000000003019-segment-13238419657658219864_4630_850_4650_850_with_camera_labels-20.png 1008 792 52
big_dataset_depth/000000003019-segment-13238419657658219864_4630_850_4650_850_with_camera_labels-20.png 1016 776 52
big_dataset_depth/000000003019-segment-13238419657658219864_4630_850_4650_850_with_camera_labels-20.png 1024 776 52
big_dataset_depth/000000003019-segment-13238419657658219864_4630_850_4650_850_with_camera_labels-20.png 1032 776 52
big_dataset_depth/000000003019-segment-13238419657658219864_4630_850_4650_850_with_camera_labels-20.png 1040 792 51
big_dataset_depth/000000003019-segment-13238419657658219864_4630_850_4650_850_with_camera_labels-20.png 1048 776 52
big_dataset_depth/000000003019-segment-13238419657658219864_4630_850_4650_850_with_camera_labels-20.png 1056 776 52
big_dataset_depth/000000003019-segment-13238419657658219864_4630_850_4650_850_with_camera_labels-20.png 1064 776 52
big_dataset_depth/000000003019-segment-13238419657658219864_4630_850_4650_850_with_camera_labels-20.png 1072 784 52
big_dataset_depth/000000003019-segment-13238419657658219864_4630_850_4650_850_with_camera_labels-20.png 1080 792 52
big_dataset_depth/000000003019-segment-13238419657658219864_4630_850_4650_850_with_camera_labels-20.png 1088 800 52
big_dataset_depth/000000003019-segment-13238419657658219864_4630_850_4650_850_with_camera_labels-20.png 1096 720 89
big_dataset_depth/000000003019-segment-13238419657658219864_4630_850_4650_850_with_camera_labels-20.png 1104 736 83
big_dataset_depth/000000003019-segment-13238419657658219864_4630_850_4650_850_with_camera_labels-20.png 1112 736 84
big_dataset_depth/000000003019-segment-13238419657658219864_4630_850_4650_850_with_camera_labels-20.png 1120 752 75
big_dataset_depth/000000003019-segment-13238419657658219864_4630_850_4650_850_with_camera_labels-20.png 1128 752 77
big_dataset_depth/000000003019-segment-13238419657658219864_4630_850_4650_850_with_camera_labels-20.png 1136 760 68
big_dataset_depth/000000003019-segment-13238419657658219864_4630_850_4650_850_with_camera_labels-20.png 1144 744 77
big_dataset_depth/000000003019-segment-13238419657658219864_4630_850_4650_850_with_camera_labels-20.png 1152 760 68
big_dataset_depth/000000003019-segment-13238419657658219864_4630_850_4650_850_with_camera_labels-20.png 1160 752 74
big_dataset_depth/000000003019-segment-13238419657658219864_4630_850_4650_850_with_camera_labels-20.png 1168 728 84
big_dataset_depth/000000003019-segment-13238419657658219864_4630_850_4650_850_with_camera_labels-20.png 1176 736 83
big_dataset_depth/000000003019-segment-13238419657658219864_4630_850_4650_850_with_camera_labels-20.png 1184 728 73
big_dataset_depth/000000003019-segment-13238419657658219864_4630_850_4650_850_with_camera_labels-20.png 1192 760 68
big_dataset_depth/000000003019-segment-13238419657658219864_4630_850_4650_850_with_camera_labels-20.png 1200 752 68
big_dataset_depth/000000003019-segment-13238419657658219864_4630_850_4650_850_with_camera_labels-20.png 1208 752 77
big_dataset_depth/000000003019-segment-13238419657658219864_4630_850_4650_850_with_camera_labels-20.png 1216 744 77
big_dataset_depth/000000003019-segment-13238419657658219864_4630_850_4650_850_with_camera_labels-20.png 1224 728 82
big_dataset_depth/000000003019-segment-13238419657658219864_4630_850_4650_850_with_camera_labels-20.png 1232 728 82
big_dataset_depth/000000003019-segment-13238419657658219864_4630_850_4650_850_with_camera_labels-20.png 1240 720 83
big_dataset_depth/000000003019-segment-13238419657658219864_4630_850_4650_850_with_camera_labels-20.png 1248 736 82
big_dataset_depth/000000003019-segment-13238419657658219864_4630_850_4650_850_with_camera_labels-20.png 1256 720 81
big_dataset_depth/000000003019-segment-13238419657658219864_4630_850_4650_850_with_camera_labels-20.png 1264 720 79
big_dataset_depth/000000003019-segment-13238419657658219864_4630_850_4650_850_with_camera_labels-20.png 1272 728 79
big_dataset_depth/000000003019-segment-13238419657658219864_4630_850_4650_850_with_camera_labels-20.png 1280 720 79
big_dataset_depth/000000003019-segment-13238419657658219864_4630_850_4650_850_with_camera_labels-20.png 1288 736 79
big_dataset_depth/000000003019-segment-13238419657658219864_4630_850_4650_850_with_camera_labels-20.png 1296 736 79
big_dataset_depth/000000003019-segment-13238419657658219864_4630_850_4650_850_with_camera_labels-20.png 1304 784 50
big_dataset_depth/000000003019-segment-13238419657658219864_4630_850_4650_850_with_camera_labels-20.png 1312 800 49
big_dataset_depth/000000003019-segment-13238419657658219864_4630_850_4650_850_with_camera_labels-20.png 1320 792 49
big_dataset_depth/000000003019-segment-13238419657658219864_4630_850_4650_850_with_camera_labels-20.png 1328 792 49
big_dataset_depth/000000003019-segment-13238419657658219864_4630_850_4650_850_with_camera_labels-20.png 1336 792 49
big_dataset_depth/000000003019-segment-13238419657658219864_4630_850_4650_850_with_camera_labels-20.png 1344 792 49
big_dataset_depth/000000003019-segment-13238419657658219864_4630_850_4650_850_with_camera_labels-20.png 1352 760 66
big_dataset_depth/000000003019-segment-13238419657658219864_4630_850_4650_850_with_camera_labels-20.png 1360 768 42
big_dataset_depth/000000003019-segment-13238419657658219864_4630_850_4650_850_with_camera_labels-20.png 1376 784 41
big_dataset_depth/000000003019-segment-13238419657658219864_4630_850_4650_850_with_camera_labels-20.png 1384 792 41
big_dataset_depth/000000003019-segment-13238419657658219864_4630_850_4650_850_with_camera_labels-20.png 1392 792 41
big_dataset_depth/000000003019-segment-13238419657658219864_4630_850_4650_850_with_camera_labels-20.png 1400 792 40
big_dataset_depth/000000003019-segment-13238419657658219864_4630_850_4650_850_with_camera_labels-20.png 1408 768 40
big_dataset_depth/000000003019-segment-13238419657658219864_4630_850_4650_850_with_camera_labels-20.png 1416 784 40
big_dataset_depth/000000003019-segment-13238419657658219864_4630_850_4650_850_with_camera_labels-20.png 1424 784 40
big_dataset_depth/000000003019-segment-13238419657658219864_4630_850_4650_850_with_camera_labels-20.png 1432 784 40
big_dataset_depth/000000003019-segment-13238419657658219864_4630_850_4650_850_with_camera_labels-20.png 1440 808 41
big_dataset_depth/000000003019-segment-13238419657658219864_4630_850_4650_850_with_camera_labels-20.png 1456 848 35
big_dataset_depth/000000003019-segment-13238419657658219864_4630_850_4650_850_with_camera_labels-20.png 1464 848 35
big_dataset_depth/000000003019-segment-13238419657658219864_4630_850_4650_850_with_camera_labels-20.png 1472 848 35
big_dataset_depth/000000003019-segment-13238419657658219864_4630_850_4650_850_with_camera_labels-20.png 1480 832 38
big_dataset_depth/000000003019-segment-13238419657658219864_4630_850_4650_850_with_camera_labels-20.png 1488 808 41
big_dataset_depth/000000003019-segment-13238419657658219864_4630_850_4650_850_with_camera_labels-20.png 1496 840 36
big_dataset_depth/000000003019-segment-13238419657658219864_4630_850_4650_850_with_camera_labels-20.png 1504 848 35
big_dataset_depth/000000003019-segment-13238419657658219864_4630_850_4650_850_with_camera_labels-20.png 1512 856 34
big_dataset_depth/000000003019-segment-13238419657658219864_4630_850_4650_850_with_camera_labels-20.png 1520 848 35
big_dataset_depth/000000003019-segment-13238419657658219864_4630_850_4650_850_with_camera_labels-20.png 1528 856 35
big_dataset_depth/000000003019-segment-13238419657658219864_4630_850_4650_850_with_camera_labels-20.png 1536 848 35
big_dataset_depth/000000003019-segment-13238419657658219864_4630_850_4650_850_with_camera_labels-20.png 1544 848 35
big_dataset_depth/000000003019-segment-13238419657658219864_4630_850_4650_850_with_camera_labels-20.png 1552 848 35
big_dataset_depth/000000003019-segment-13238419657658219864_4630_850_4650_850_with_camera_labels-20.png 1560 848 35
big_dataset_depth/000000003019-segment-13238419657658219864_4630_850_4650_850_with_camera_labels-20.png 1568 840 36
big_dataset_depth/000000003019-segment-13238419657658219864_4630_850_4650_850_with_camera_labels-20.png 1576 848 36
big_dataset_depth/000000003019-segment-13238419657658219864_4630_850_4650_850_with_camera_labels-20.png 1584 840 36
big_dataset_depth/000000003019-segment-13238419657658219864_4630_850_4650_850_with_camera_labels-20.png 1592 832 36
big_dataset_depth/000000003019-segment-13238419657658219864_4630_850_4650_850_with_camera_labels-20.png 1600 832 36
big_dataset_depth/000000003019-segment-13238419657658219864_4630_850_4650_850_with_camera_labels-20.png 1608 832 36
big_dataset_depth/000000003019-segment-13238419657658219864_4630_850_4650_850_with_camera_labels-20.png 1616 840 36
big_dataset_depth/000000003019-segment-13238419657658219864_4630_850_4650_850_with_camera_labels-20.png 1624 832 36
big_dataset_depth/000000003019-segment-13238419657658219864_4630_850_4650_850_with_camera_labels-20.png 1632 832 36
big_dataset_depth/000000003019-segment-13238419657658219864_4630_850_4650_850_with_camera_labels-20.png 1640 840 36
big_dataset_depth/000000003019-segment-13238419657658219864_4630_850_4650_850_with_camera_labels-20.png 1648 840 36
big_dataset_depth/000000003019-segment-13238419657658219864_4630_850_4650_850_with_camera_labels-20.png 1656 840 36
big_dataset_depth/000000003019-segment-13238419657658219864_4630_850_4650_850_with_camera_labels-20.png 1672 824 36
big_dataset_depth/000000003019-segment-13238419657658219864_4630_850_4650_850_with_camera_labels-20.png 1680 912 27
big_dataset_depth/000000003019-segment-13238419657658219864_4630_850_4650_850_with_camera_labels-20.png 1688 912 27
big_dataset_depth/000000003019-segment-13238419657658219864_4630_850_4650_850_with_camera_labels-20.png 1720 840 37
big_dataset_depth/000000003019-segment-13238419657658219864_4630_850_4650_850_with_camera_labels-20.png 1728 912 26
big_dataset_depth/000000003019-segment-13238419657658219864_4630_850_4650_850_with_camera_labels-20.png 1792 1016 20
big_dataset_depth/000000003019-segment-13238419657658219864_4630_850_4650_850_with_camera_labels-20.png 1800 1104 12
big_dataset_depth/000000003019-segment-13238419657658219864_4630_850_4650_850_with_camera_labels-20.png 1808 1000 24
big_dataset_depth/000000003019-segment-13238419657658219864_4630_850_4650_850_with_camera_labels-20.png 1816 1144 12
big_dataset_depth/000000003019-segment-13238419657658219864_4630_850_4650_850_with_camera_labels-20.png 1824 1200 11
big_dataset_depth/000000003019-segment-13238419657658219864_4630_850_4650_850_with_camera_labels-20.png 1832 1168 12
big_dataset_depth/000000003019-segment-13238419657658219864_4630_850_4650_850_with_camera_labels-20.png 1840 944 25
big_dataset_depth/000000003019-segment-13238419657658219864_4630_850_4650_850_with_camera_labels-20.png 1848 1104 18
big_dataset_depth/000000003019-segment-13238419657658219864_4630_850_4650_850_with_camera_labels-20.png 1856 928 27
big_dataset_depth/000000003019-segment-13238419657658219864_4630_850_4650_850_with_camera_labels-20.png 1864 1256 11
big_dataset_depth/000000003019-segment-13238419657658219864_4630_850_4650_850_with_camera_labels-20.png 1872 1280 11
big_dataset_depth/000000003019-segment-13238419657658219864_4630_850_4650_850_with_camera_labels-20.png 1880 1280 11
big_dataset_depth/000000003019-segment-13238419657658219864_4630_850_4650_850_with_camera_labels-20.png 1888 1120 17
big_dataset_depth/000000003019-segment-13238419657658219864_4630_850_4650_850_with_camera_labels-20.png 1896 1176 15
big_dataset_depth/000000003019-segment-13238419657658219864_4630_850_4650_850_with_camera_labels-20.png 1904 976 26
big_dataset_depth/000000003019-segment-13238419657658219864_4630_850_4650_850_with_camera_labels-20.png 1912 952 26
