big_dataset_depth/000000002955-segment-13207915841618107559_2980_000_3000_000_with_camera_labels-180.png 0 864 31
big_dataset_depth/000000002955-segment-13207915841618107559_2980_000_3000_000_with_camera_labels-180.png 8 872 28
big_dataset_depth/000000002955-segment-13207915841618107559_2980_000_3000_000_with_camera_labels-180.png 16 880 30
big_dataset_depth/000000002955-segment-13207915841618107559_2980_000_3000_000_with_camera_labels-180.png 24 1048 19
big_dataset_depth/000000002955-segment-13207915841618107559_2980_000_3000_000_with_camera_labels-180.png 32 880 31
big_dataset_depth/000000002955-segment-13207915841618107559_2980_000_3000_000_with_camera_labels-180.png 40 1024 19
big_dataset_depth/000000002955-segment-13207915841618107559_2980_000_3000_000_with_camera_labels-180.png 48 1016 20
big_dataset_depth/000000002955-segment-13207915841618107559_2980_000_3000_000_with_camera_labels-180.png 56 1032 19
big_dataset_depth/000000002955-segment-13207915841618107559_2980_000_3000_000_with_camera_labels-180.png 64 1024 20
big_dataset_depth/000000002955-segment-13207915841618107559_2980_000_3000_000_with_camera_labels-180.png 72 1024 20
big_dataset_depth/000000002955-segment-13207915841618107559_2980_000_3000_000_with_camera_labels-180.png 80 1016 20
big_dataset_depth/000000002955-segment-13207915841618107559_2980_000_3000_000_with_camera_labels-180.png 88 1000 20
big_dataset_depth/000000002955-segment-13207915841618107559_2980_000_3000_000_with_camera_labels-180.png 104 952 21
big_dataset_depth/000000002955-segment-13207915841618107559_2980_000_3000_000_with_camera_labels-180.png 112 952 21
big_dataset_depth/000000002955-segment-13207915841618107559_2980_000_3000_000_with_camera_labels-180.png 120 960 21
big_dataset_depth/000000002955-segment-13207915841618107559_2980_000_3000_000_with_camera_labels-180.png 128 936 21
big_dataset_depth/000000002955-segment-13207915841618107559_2980_000_3000_000_with_camera_labels-180.png 136 928 21
big_dataset_depth/000000002955-segment-13207915841618107559_2980_000_3000_000_with_camera_labels-180.png 144 912 21
big_dataset_depth/000000002955-segment-13207915841618107559_2980_000_3000_000_with_camera_labels-180.png 152 920 22
big_dataset_depth/000000002955-segment-13207915841618107559_2980_000_3000_000_with_camera_labels-180.png 160 920 22
big_dataset_depth/000000002955-segment-13207915841618107559_2980_000_3000_000_with_camera_labels-180.png 168 912 22
big_dataset_depth/000000002955-segment-13207915841618107559_2980_000_3000_000_with_camera_labels-180.png 176 928 23
big_dataset_depth/000000002955-segment-13207915841618107559_2980_000_3000_000_with_camera_labels-180.png 184 912 23
big_dataset_depth/000000002955-segment-13207915841618107559_2980_000_3000_000_with_camera_labels-180.png 192 944 23
big_dataset_depth/000000002955-segment-13207915841618107559_2980_000_3000_000_with_camera_labels-180.png 200 944 23
big_dataset_depth/000000002955-segment-13207915841618107559_2980_000_3000_000_with_camera_labels-180.png 208 928 23
big_dataset_depth/000000002955-segment-13207915841618107559_2980_000_3000_000_with_camera_labels-180.png 216 920 23
big_dataset_depth/000000002955-segment-13207915841618107559_2980_000_3000_000_with_camera_labels-180.png 224 896 24
big_dataset_depth/000000002955-segment-13207915841618107559_2980_000_3000_000_with_camera_labels-180.png 232 880 24
big_dataset_depth/000000002955-segment-13207915841618107559_2980_000_3000_000_with_camera_labels-180.png 240 880 24
big_dataset_depth/000000002955-segment-13207915841618107559_2980_000_3000_000_with_camera_labels-180.png 248 808 30
big_dataset_depth/000000002955-segment-13207915841618107559_2980_000_3000_000_with_camera_labels-180.png 256 848 30
big_dataset_depth/000000002955-segment-13207915841618107559_2980_000_3000_000_with_camera_labels-180.png 264 848 30
big_dataset_depth/000000002955-segment-13207915841618107559_2980_000_3000_000_with_camera_labels-180.png 272 848 30
big_dataset_depth/000000002955-segment-13207915841618107559_2980_000_3000_000_with_camera_labels-180.png 280 848 30
big_dataset_depth/000000002955-segment-13207915841618107559_2980_000_3000_000_with_camera_labels-180.png 288 832 30
big_dataset_depth/000000002955-segment-13207915841618107559_2980_000_3000_000_with_camera_labels-180.png 296 864 30
big_dataset_depth/000000002955-segment-13207915841618107559_2980_000_3000_000_with_camera_labels-180.png 304 824 30
big_dataset_depth/000000002955-segment-13207915841618107559_2980_000_3000_000_with_camera_labels-180.png 312 864 30
big_dataset_depth/000000002955-segment-13207915841618107559_2980_000_3000_000_with_camera_labels-180.png 320 864 30
big_dataset_depth/000000002955-segment-13207915841618107559_2980_000_3000_000_with_camera_labels-180.png 328 856 30
big_dataset_depth/000000002955-segment-13207915841618107559_2980_000_3000_000_with_camera_labels-180.png 336 848 30
big_dataset_depth/000000002955-segment-13207915841618107559_2980_000_3000_000_with_camera_labels-180.png 344 848 31
big_dataset_depth/000000002955-segment-13207915841618107559_2980_000_3000_000_with_camera_labels-180.png 352 824 31
big_dataset_depth/000000002955-segment-13207915841618107559_2980_000_3000_000_with_camera_labels-180.png 360 800 32
big_dataset_depth/000000002955-segment-13207915841618107559_2980_000_3000_000_with_camera_labels-180.png 368 832 32
big_dataset_depth/000000002955-segment-13207915841618107559_2980_000_3000_000_with_camera_labels-180.png 376 816 32
big_dataset_depth/000000002955-segment-13207915841618107559_2980_000_3000_000_with_camera_labels-180.png 384 824 33
big_dataset_depth/000000002955-segment-13207915841618107559_2980_000_3000_000_with_camera_labels-180.png 392 816 33
big_dataset_depth/000000002955-segment-13207915841618107559_2980_000_3000_000_with_camera_labels-180.png 400 816 34
big_dataset_depth/000000002955-segment-13207915841618107559_2980_000_3000_000_with_camera_labels-180.png 408 824 34
big_dataset_depth/000000002955-segment-13207915841618107559_2980_000_3000_000_with_camera_labels-180.png 416 816 34
big_dataset_depth/000000002955-segment-13207915841618107559_2980_000_3000_000_with_camera_labels-180.png 424 784 35
big_dataset_depth/000000002955-segment-13207915841618107559_2980_000_3000_000_with_camera_labels-180.png 432 744 40
big_dataset_depth/000000002955-segment-13207915841618107559_2980_000_3000_000_with_camera_labels-180.png 440 752 41
big_dataset_depth/000000002955-segment-13207915841618107559_2980_000_3000_000_with_camera_labels-180.png 448 744 40
big_dataset_depth/000000002955-segment-13207915841618107559_2980_000_3000_000_with_camera_labels-180.png 456 744 40
big_dataset_depth/000000002955-segment-13207915841618107559_2980_000_3000_000_with_camera_labels-180.png 464 744 40
big_dataset_depth/000000002955-segment-13207915841618107559_2980_000_3000_000_with_camera_labels-180.png 472 744 41
big_dataset_depth/000000002955-segment-13207915841618107559_2980_000_3000_000_with_camera_labels-180.png 480 744 41
big_dataset_depth/000000002955-segment-13207915841618107559_2980_000_3000_000_with_camera_labels-180.png 488 744 41
big_dataset_depth/000000002955-segment-13207915841618107559_2980_000_3000_000_with_camera_labels-180.png 496 784 43
big_dataset_depth/000000002955-segment-13207915841618107559_2980_000_3000_000_with_camera_labels-180.png 504 736 41
big_dataset_depth/000000002955-segment-13207915841618107559_2980_000_3000_000_with_camera_labels-180.png 512 776 42
big_dataset_depth/000000002955-segment-13207915841618107559_2980_000_3000_000_with_camera_labels-180.png 520 776 41
big_dataset_depth/000000002955-segment-13207915841618107559_2980_000_3000_000_with_camera_labels-180.png 528 784 41
big_dataset_depth/000000002955-segment-13207915841618107559_2980_000_3000_000_with_camera_labels-180.png 536 776 42
big_dataset_depth/000000002955-segment-13207915841618107559_2980_000_3000_000_with_camera_labels-180.png 544 720 43
big_dataset_depth/000000002955-segment-13207915841618107559_2980_000_3000_000_with_camera_labels-180.png 552 728 44
big_dataset_depth/000000002955-segment-13207915841618107559_2980_000_3000_000_with_camera_labels-180.png 560 744 47
big_dataset_depth/000000002955-segment-13207915841618107559_2980_000_3000_000_with_camera_labels-180.png 568 752 47
big_dataset_depth/000000002955-segment-13207915841618107559_2980_000_3000_000_with_camera_labels-180.png 576 760 47
big_dataset_depth/000000002955-segment-13207915841618107559_2980_000_3000_000_with_camera_labels-180.png 584 752 47
big_dataset_depth/000000002955-segment-13207915841618107559_2980_000_3000_000_with_camera_labels-180.png 592 728 51
big_dataset_depth/000000002955-segment-13207915841618107559_2980_000_3000_000_with_camera_labels-180.png 600 672 62
big_dataset_depth/000000002955-segment-13207915841618107559_2980_000_3000_000_with_camera_labels-180.png 608 736 54
big_dataset_depth/000000002955-segment-13207915841618107559_2980_000_3000_000_with_camera_labels-180.png 616 728 56
big_dataset_depth/000000002955-segment-13207915841618107559_2980_000_3000_000_with_camera_labels-180.png 624 712 57
big_dataset_depth/000000002955-segment-13207915841618107559_2980_000_3000_000_with_camera_labels-180.png 632 696 58
big_dataset_depth/000000002955-segment-13207915841618107559_2980_000_3000_000_with_camera_labels-180.png 640 720 58
big_dataset_depth/000000002955-segment-13207915841618107559_2980_000_3000_000_with_camera_labels-180.png 648 696 59
big_dataset_depth/000000002955-segment-13207915841618107559_2980_000_3000_000_with_camera_labels-180.png 656 712 61
big_dataset_depth/000000002955-segment-13207915841618107559_2980_000_3000_000_with_camera_labels-180.png 664 688 65
big_dataset_depth/000000002955-segment-13207915841618107559_2980_000_3000_000_with_camera_labels-180.png 672 704 67
big_dataset_depth/000000002955-segment-13207915841618107559_2980_000_3000_000_with_camera_labels-180.png 680 688 69
big_dataset_depth/000000002955-segment-13207915841618107559_2980_000_3000_000_with_camera_labels-180.png 688 696 75
big_dataset_depth/000000002955-segment-13207915841618107559_2980_000_3000_000_with_camera_labels-180.png 696 688 75
big_dataset_depth/000000002955-segment-13207915841618107559_2980_000_3000_000_with_camera_labels-180.png 704 696 75
big_dataset_depth/000000002955-segment-13207915841618107559_2980_000_3000_000_with_camera_labels-180.png 712 712 58
big_dataset_depth/000000002955-segment-13207915841618107559_2980_000_3000_000_with_camera_labels-180.png 720 712 58
big_dataset_depth/000000002955-segment-13207915841618107559_2980_000_3000_000_with_camera_labels-180.png 728 712 58
big_dataset_depth/000000002955-segment-13207915841618107559_2980_000_3000_000_with_camera_labels-180.png 736 712 58
big_dataset_depth/000000002955-segment-13207915841618107559_2980_000_3000_000_with_camera_labels-180.png 744 712 58
big_dataset_depth/000000002955-segment-13207915841618107559_2980_000_3000_000_with_camera_labels-180.png 752 712 58
big_dataset_depth/000000002955-segment-13207915841618107559_2980_000_3000_000_with_camera_labels-180.png 760 712 58
big_dataset_depth/000000002955-segment-13207915841618107559_2980_000_3000_000_with_camera_labels-180.png 768 688 58
big_dataset_depth/000000002955-segment-13207915841618107559_2980_000_3000_000_with_camera_labels-180.png 776 704 57
big_dataset_depth/000000002955-segment-13207915841618107559_2980_000_3000_000_with_camera_labels-180.png 784 704 57
big_dataset_depth/000000002955-segment-13207915841618107559_2980_000_3000_000_with_camera_labels-180.png 792 712 58
big_dataset_depth/000000002955-segment-13207915841618107559_2980_000_3000_000_with_camera_labels-180.png 800 704 58
big_dataset_depth/000000002955-segment-13207915841618107559_2980_000_3000_000_with_camera_labels-180.png 808 688 61
big_dataset_depth/000000002955-segment-13207915841618107559_2980_000_3000_000_with_camera_labels-180.png 816 664 87
big_dataset_depth/000000002955-segment-13207915841618107559_2980_000_3000_000_with_camera_labels-180.png 824 664 87
big_dataset_depth/000000002955-segment-13207915841618107559_2980_000_3000_000_with_camera_labels-180.png 832 664 87
big_dataset_depth/000000002955-segment-13207915841618107559_2980_000_3000_000_with_camera_labels-180.png 840 672 88
big_dataset_depth/000000002955-segment-13207915841618107559_2980_000_3000_000_with_camera_labels-180.png 848 664 87
big_dataset_depth/000000002955-segment-13207915841618107559_2980_000_3000_000_with_camera_labels-180.png 856 664 87
big_dataset_depth/000000002955-segment-13207915841618107559_2980_000_3000_000_with_camera_labels-180.png 1024 656 95
big_dataset_depth/000000002955-segment-13207915841618107559_2980_000_3000_000_with_camera_labels-180.png 1032 664 92
big_dataset_depth/000000002955-segment-13207915841618107559_2980_000_3000_000_with_camera_labels-180.png 1040 664 85
big_dataset_depth/000000002955-segment-13207915841618107559_2980_000_3000_000_with_camera_labels-180.png 1048 664 77
big_dataset_depth/000000002955-segment-13207915841618107559_2980_000_3000_000_with_camera_labels-180.png 1056 672 74
big_dataset_depth/000000002955-segment-13207915841618107559_2980_000_3000_000_with_camera_labels-180.png 1064 664 74
big_dataset_depth/000000002955-segment-13207915841618107559_2980_000_3000_000_with_camera_labels-180.png 1072 664 74
big_dataset_depth/000000002955-segment-13207915841618107559_2980_000_3000_000_with_camera_labels-180.png 1080 680 70
big_dataset_depth/000000002955-segment-13207915841618107559_2980_000_3000_000_with_camera_labels-180.png 1088 688 65
big_dataset_depth/000000002955-segment-13207915841618107559_2980_000_3000_000_with_camera_labels-180.png 1096 704 57
big_dataset_depth/000000002955-segment-13207915841618107559_2980_000_3000_000_with_camera_labels-180.png 1104 712 54
big_dataset_depth/000000002955-segment-13207915841618107559_2980_000_3000_000_with_camera_labels-180.png 1112 752 42
big_dataset_depth/000000002955-segment-13207915841618107559_2980_000_3000_000_with_camera_labels-180.png 1120 752 40
big_dataset_depth/000000002955-segment-13207915841618107559_2980_000_3000_000_with_camera_labels-180.png 1128 768 40
big_dataset_depth/000000002955-segment-13207915841618107559_2980_000_3000_000_with_camera_labels-180.png 1136 768 38
big_dataset_depth/000000002955-segment-13207915841618107559_2980_000_3000_000_with_camera_labels-180.png 1144 768 38
big_dataset_depth/000000002955-segment-13207915841618107559_2980_000_3000_000_with_camera_labels-180.png 1152 752 37
big_dataset_depth/000000002955-segment-13207915841618107559_2980_000_3000_000_with_camera_labels-180.png 1160 752 37
big_dataset_depth/000000002955-segment-13207915841618107559_2980_000_3000_000_with_camera_labels-180.png 1168 752 38
big_dataset_depth/000000002955-segment-13207915841618107559_2980_000_3000_000_with_camera_labels-180.png 1176 752 37
big_dataset_depth/000000002955-segment-13207915841618107559_2980_000_3000_000_with_camera_labels-180.png 1184 752 37
big_dataset_depth/000000002955-segment-13207915841618107559_2980_000_3000_000_with_camera_labels-180.png 1192 752 37
big_dataset_depth/000000002955-segment-13207915841618107559_2980_000_3000_000_with_camera_labels-180.png 1200 776 38
big_dataset_depth/000000002955-segment-13207915841618107559_2980_000_3000_000_with_camera_labels-180.png 1208 752 37
big_dataset_depth/000000002955-segment-13207915841618107559_2980_000_3000_000_with_camera_labels-180.png 1216 776 37
big_dataset_depth/000000002955-segment-13207915841618107559_2980_000_3000_000_with_camera_labels-180.png 1224 752 37
big_dataset_depth/000000002955-segment-13207915841618107559_2980_000_3000_000_with_camera_labels-180.png 1232 768 38
big_dataset_depth/000000002955-segment-13207915841618107559_2980_000_3000_000_with_camera_labels-180.png 1240 768 37
big_dataset_depth/000000002955-segment-13207915841618107559_2980_000_3000_000_with_camera_labels-180.png 1248 752 37
big_dataset_depth/000000002955-segment-13207915841618107559_2980_000_3000_000_with_camera_labels-180.png 1256 760 37
big_dataset_depth/000000002955-segment-13207915841618107559_2980_000_3000_000_with_camera_labels-180.png 1264 760 37
big_dataset_depth/000000002955-segment-13207915841618107559_2980_000_3000_000_with_camera_labels-180.png 1272 760 38
big_dataset_depth/000000002955-segment-13207915841618107559_2980_000_3000_000_with_camera_labels-180.png 1280 752 37
big_dataset_depth/000000002955-segment-13207915841618107559_2980_000_3000_000_with_camera_labels-180.png 1288 736 47
big_dataset_depth/000000002955-segment-13207915841618107559_2980_000_3000_000_with_camera_labels-180.png 1296 680 56
big_dataset_depth/000000002955-segment-13207915841618107559_2980_000_3000_000_with_camera_labels-180.png 1328 912 23
big_dataset_depth/000000002955-segment-13207915841618107559_2980_000_3000_000_with_camera_labels-180.png 1336 912 23
big_dataset_depth/000000002955-segment-13207915841618107559_2980_000_3000_000_with_camera_labels-180.png 1344 920 23
big_dataset_depth/000000002955-segment-13207915841618107559_2980_000_3000_000_with_camera_labels-180.png 1352 912 23
big_dataset_depth/000000002955-segment-13207915841618107559_2980_000_3000_000_with_camera_labels-180.png 1360 896 22
big_dataset_depth/000000002955-segment-13207915841618107559_2980_000_3000_000_with_camera_labels-180.png 1368 912 22
big_dataset_depth/000000002955-segment-13207915841618107559_2980_000_3000_000_with_camera_labels-180.png 1376 896 21
big_dataset_depth/000000002955-segment-13207915841618107559_2980_000_3000_000_with_camera_labels-180.png 1384 912 21
big_dataset_depth/000000002955-segment-13207915841618107559_2980_000_3000_000_with_camera_labels-180.png 1392 912 21
big_dataset_depth/000000002955-segment-13207915841618107559_2980_000_3000_000_with_camera_labels-180.png 1400 928 20
big_dataset_depth/000000002955-segment-13207915841618107559_2980_000_3000_000_with_camera_labels-180.png 1416 968 20
big_dataset_depth/000000002955-segment-13207915841618107559_2980_000_3000_000_with_camera_labels-180.png 1424 976 20
big_dataset_depth/000000002955-segment-13207915841618107559_2980_000_3000_000_with_camera_labels-180.png 1432 976 20
big_dataset_depth/000000002955-segment-13207915841618107559_2980_000_3000_000_with_camera_labels-180.png 1440 984 19
big_dataset_depth/000000002955-segment-13207915841618107559_2980_000_3000_000_with_camera_labels-180.png 1448 976 20
big_dataset_depth/000000002955-segment-13207915841618107559_2980_000_3000_000_with_camera_labels-180.png 1456 928 19
big_dataset_depth/000000002955-segment-13207915841618107559_2980_000_3000_000_with_camera_labels-180.png 1464 952 20
big_dataset_depth/000000002955-segment-13207915841618107559_2980_000_3000_000_with_camera_labels-180.png 1472 928 19
big_dataset_depth/000000002955-segment-13207915841618107559_2980_000_3000_000_with_camera_labels-180.png 1480 944 20
big_dataset_depth/000000002955-segment-13207915841618107559_2980_000_3000_000_with_camera_labels-180.png 1488 904 19
big_dataset_depth/000000002955-segment-13207915841618107559_2980_000_3000_000_with_camera_labels-180.png 1496 928 19
big_dataset_depth/000000002955-segment-13207915841618107559_2980_000_3000_000_with_camera_labels-180.png 1504 928 19
big_dataset_depth/000000002955-segment-13207915841618107559_2980_000_3000_000_with_camera_labels-180.png 1512 928 19
big_dataset_depth/000000002955-segment-13207915841618107559_2980_000_3000_000_with_camera_labels-180.png 1520 920 19
big_dataset_depth/000000002955-segment-13207915841618107559_2980_000_3000_000_with_camera_labels-180.png 1528 928 19
big_dataset_depth/000000002955-segment-13207915841618107559_2980_000_3000_000_with_camera_labels-180.png 1536 936 20
big_dataset_depth/000000002955-segment-13207915841618107559_2980_000_3000_000_with_camera_labels-180.png 1544 928 19
big_dataset_depth/000000002955-segment-13207915841618107559_2980_000_3000_000_with_camera_labels-180.png 1552 928 19
big_dataset_depth/000000002955-segment-13207915841618107559_2980_000_3000_000_with_camera_labels-180.png 1560 928 19
big_dataset_depth/000000002955-segment-13207915841618107559_2980_000_3000_000_with_camera_labels-180.png 1568 912 19
big_dataset_depth/000000002955-segment-13207915841618107559_2980_000_3000_000_with_camera_labels-180.png 1576 928 19
big_dataset_depth/000000002955-segment-13207915841618107559_2980_000_3000_000_with_camera_labels-180.png 1584 936 20
big_dataset_depth/000000002955-segment-13207915841618107559_2980_000_3000_000_with_camera_labels-180.png 1592 928 19
big_dataset_depth/000000002955-segment-13207915841618107559_2980_000_3000_000_with_camera_labels-180.png 1600 928 19
big_dataset_depth/000000002955-segment-13207915841618107559_2980_000_3000_000_with_camera_labels-180.png 1608 928 19
big_dataset_depth/000000002955-segment-13207915841618107559_2980_000_3000_000_with_camera_labels-180.png 1616 928 19
big_dataset_depth/000000002955-segment-13207915841618107559_2980_000_3000_000_with_camera_labels-180.png 1624 936 19
big_dataset_depth/000000002955-segment-13207915841618107559_2980_000_3000_000_with_camera_labels-180.png 1632 936 19
big_dataset_depth/000000002955-segment-13207915841618107559_2980_000_3000_000_with_camera_labels-180.png 1640 928 19
big_dataset_depth/000000002955-segment-13207915841618107559_2980_000_3000_000_with_camera_labels-180.png 1648 936 20
big_dataset_depth/000000002955-segment-13207915841618107559_2980_000_3000_000_with_camera_labels-180.png 1656 952 20
big_dataset_depth/000000002955-segment-13207915841618107559_2980_000_3000_000_with_camera_labels-180.png 1664 968 20
big_dataset_depth/000000002955-segment-13207915841618107559_2980_000_3000_000_with_camera_labels-180.png 1672 976 20
big_dataset_depth/000000002955-segment-13207915841618107559_2980_000_3000_000_with_camera_labels-180.png 1680 968 20
big_dataset_depth/000000002955-segment-13207915841618107559_2980_000_3000_000_with_camera_labels-180.png 1688 968 20
big_dataset_depth/000000002955-segment-13207915841618107559_2980_000_3000_000_with_camera_labels-180.png 1696 960 20
big_dataset_depth/000000002955-segment-13207915841618107559_2980_000_3000_000_with_camera_labels-180.png 1704 952 21
big_dataset_depth/000000002955-segment-13207915841618107559_2980_000_3000_000_with_camera_labels-180.png 1712 960 21
big_dataset_depth/000000002955-segment-13207915841618107559_2980_000_3000_000_with_camera_labels-180.png 1720 952 21
big_dataset_depth/000000002955-segment-13207915841618107559_2980_000_3000_000_with_camera_labels-180.png 1728 960 20
big_dataset_depth/000000002955-segment-13207915841618107559_2980_000_3000_000_with_camera_labels-180.png 1736 976 20
big_dataset_depth/000000002955-segment-13207915841618107559_2980_000_3000_000_with_camera_labels-180.png 1744 976 20
big_dataset_depth/000000002955-segment-13207915841618107559_2980_000_3000_000_with_camera_labels-180.png 1752 976 20
big_dataset_depth/000000002955-segment-13207915841618107559_2980_000_3000_000_with_camera_labels-180.png 1768 976 20
big_dataset_depth/000000002955-segment-13207915841618107559_2980_000_3000_000_with_camera_labels-180.png 1776 992 20
big_dataset_depth/000000002955-segment-13207915841618107559_2980_000_3000_000_with_camera_labels-180.png 1784 992 19
big_dataset_depth/000000002955-segment-13207915841618107559_2980_000_3000_000_with_camera_labels-180.png 1792 992 19
big_dataset_depth/000000002955-segment-13207915841618107559_2980_000_3000_000_with_camera_labels-180.png 1800 992 19
big_dataset_depth/000000002955-segment-13207915841618107559_2980_000_3000_000_with_camera_labels-180.png 1808 1000 19
big_dataset_depth/000000002955-segment-13207915841618107559_2980_000_3000_000_with_camera_labels-180.png 1816 864 28
big_dataset_depth/000000002955-segment-13207915841618107559_2980_000_3000_000_with_camera_labels-180.png 1824 1016 19
big_dataset_depth/000000002955-segment-13207915841618107559_2980_000_3000_000_with_camera_labels-180.png 1832 1016 19
big_dataset_depth/000000002955-segment-13207915841618107559_2980_000_3000_000_with_camera_labels-180.png 1840 848 29
big_dataset_depth/000000002955-segment-13207915841618107559_2980_000_3000_000_with_camera_labels-180.png 1848 848 20
big_dataset_depth/000000002955-segment-13207915841618107559_2980_000_3000_000_with_camera_labels-180.png 1856 896 26
big_dataset_depth/000000002955-segment-13207915841618107559_2980_000_3000_000_with_camera_labels-180.png 1864 944 24
big_dataset_depth/000000002955-segment-13207915841618107559_2980_000_3000_000_with_camera_labels-180.png 1872 784 33
big_dataset_depth/000000002955-segment-13207915841618107559_2980_000_3000_000_with_camera_labels-180.png 1888 808 30
big_dataset_depth/000000002955-segment-13207915841618107559_2980_000_3000_000_with_camera_labels-180.png 1896 784 30
big_dataset_depth/000000002955-segment-13207915841618107559_2980_000_3000_000_with_camera_labels-180.png 1904 800 29
big_dataset_depth/000000002955-segment-13207915841618107559_2980_000_3000_000_with_camera_labels-180.png 1912 784 29
