big_dataset_depth/000000000206-segment-10096619443888687526_2820_000_2840_000_with_camera_labels-60.png 0 1024 20
big_dataset_depth/000000000206-segment-10096619443888687526_2820_000_2840_000_with_camera_labels-60.png 8 888 23
big_dataset_depth/000000000206-segment-10096619443888687526_2820_000_2840_000_with_camera_labels-60.png 16 1056 18
big_dataset_depth/000000000206-segment-10096619443888687526_2820_000_2840_000_with_camera_labels-60.png 24 1000 38
big_dataset_depth/000000000206-segment-10096619443888687526_2820_000_2840_000_with_camera_labels-60.png 32 1064 18
big_dataset_depth/000000000206-segment-10096619443888687526_2820_000_2840_000_with_camera_labels-60.png 40 1160 15
big_dataset_depth/000000000206-segment-10096619443888687526_2820_000_2840_000_with_camera_labels-60.png 48 1200 16
big_dataset_depth/000000000206-segment-10096619443888687526_2820_000_2840_000_with_camera_labels-60.png 56 1176 16
big_dataset_depth/000000000206-segment-10096619443888687526_2820_000_2840_000_with_camera_labels-60.png 64 1176 16
big_dataset_depth/000000000206-segment-10096619443888687526_2820_000_2840_000_with_camera_labels-60.png 72 1168 16
big_dataset_depth/000000000206-segment-10096619443888687526_2820_000_2840_000_with_camera_labels-60.png 80 1176 16
big_dataset_depth/000000000206-segment-10096619443888687526_2820_000_2840_000_with_camera_labels-60.png 88 1176 16
big_dataset_depth/000000000206-segment-10096619443888687526_2820_000_2840_000_with_camera_labels-60.png 96 1176 16
big_dataset_depth/000000000206-segment-10096619443888687526_2820_000_2840_000_with_camera_labels-60.png 104 1152 16
big_dataset_depth/000000000206-segment-10096619443888687526_2820_000_2840_000_with_camera_labels-60.png 112 1152 16
big_dataset_depth/000000000206-segment-10096619443888687526_2820_000_2840_000_with_camera_labels-60.png 120 1152 17
big_dataset_depth/000000000206-segment-10096619443888687526_2820_000_2840_000_with_camera_labels-60.png 144 1024 20
big_dataset_depth/000000000206-segment-10096619443888687526_2820_000_2840_000_with_camera_labels-60.png 152 1032 20
big_dataset_depth/000000000206-segment-10096619443888687526_2820_000_2840_000_with_camera_labels-60.png 160 1048 20
big_dataset_depth/000000000206-segment-10096619443888687526_2820_000_2840_000_with_camera_labels-60.png 168 1032 20
big_dataset_depth/000000000206-segment-10096619443888687526_2820_000_2840_000_with_camera_labels-60.png 176 1032 20
big_dataset_depth/000000000206-segment-10096619443888687526_2820_000_2840_000_with_camera_labels-60.png 184 1032 20
big_dataset_depth/000000000206-segment-10096619443888687526_2820_000_2840_000_with_camera_labels-60.png 192 1048 21
big_dataset_depth/000000000206-segment-10096619443888687526_2820_000_2840_000_with_camera_labels-60.png 200 1040 21
big_dataset_depth/000000000206-segment-10096619443888687526_2820_000_2840_000_with_camera_labels-60.png 208 1048 21
big_dataset_depth/000000000206-segment-10096619443888687526_2820_000_2840_000_with_camera_labels-60.png 216 1048 21
big_dataset_depth/000000000206-segment-10096619443888687526_2820_000_2840_000_with_camera_labels-60.png 224 1040 21
big_dataset_depth/000000000206-segment-10096619443888687526_2820_000_2840_000_with_camera_labels-60.png 232 1040 21
big_dataset_depth/000000000206-segment-10096619443888687526_2820_000_2840_000_with_camera_labels-60.png 248 960 23
big_dataset_depth/000000000206-segment-10096619443888687526_2820_000_2840_000_with_camera_labels-60.png 256 960 23
big_dataset_depth/000000000206-segment-10096619443888687526_2820_000_2840_000_with_camera_labels-60.png 264 976 25
big_dataset_depth/000000000206-segment-10096619443888687526_2820_000_2840_000_with_camera_labels-60.png 272 952 24
big_dataset_depth/000000000206-segment-10096619443888687526_2820_000_2840_000_with_camera_labels-60.png 280 976 25
big_dataset_depth/000000000206-segment-10096619443888687526_2820_000_2840_000_with_camera_labels-60.png 288 976 25
big_dataset_depth/000000000206-segment-10096619443888687526_2820_000_2840_000_with_camera_labels-60.png 296 976 25
big_dataset_depth/000000000206-segment-10096619443888687526_2820_000_2840_000_with_camera_labels-60.png 336 680 67
big_dataset_depth/000000000206-segment-10096619443888687526_2820_000_2840_000_with_camera_labels-60.png 344 704 68
big_dataset_depth/000000000206-segment-10096619443888687526_2820_000_2840_000_with_camera_labels-60.png 352 760 71
big_dataset_depth/000000000206-segment-10096619443888687526_2820_000_2840_000_with_camera_labels-60.png 360 712 68
big_dataset_depth/000000000206-segment-10096619443888687526_2820_000_2840_000_with_camera_labels-60.png 368 752 86
big_dataset_depth/000000000206-segment-10096619443888687526_2820_000_2840_000_with_camera_labels-60.png 376 776 69
big_dataset_depth/000000000206-segment-10096619443888687526_2820_000_2840_000_with_camera_labels-60.png 384 768 69
big_dataset_depth/000000000206-segment-10096619443888687526_2820_000_2840_000_with_camera_labels-60.png 392 768 69
big_dataset_depth/000000000206-segment-10096619443888687526_2820_000_2840_000_with_camera_labels-60.png 400 768 69
big_dataset_depth/000000000206-segment-10096619443888687526_2820_000_2840_000_with_camera_labels-60.png 408 760 69
big_dataset_depth/000000000206-segment-10096619443888687526_2820_000_2840_000_with_camera_labels-60.png 416 760 69
big_dataset_depth/000000000206-segment-10096619443888687526_2820_000_2840_000_with_camera_labels-60.png 424 760 69
big_dataset_depth/000000000206-segment-10096619443888687526_2820_000_2840_000_with_camera_labels-60.png 432 760 69
big_dataset_depth/000000000206-segment-10096619443888687526_2820_000_2840_000_with_camera_labels-60.png 440 768 69
big_dataset_depth/000000000206-segment-10096619443888687526_2820_000_2840_000_with_camera_labels-60.png 464 776 62
big_dataset_depth/000000000206-segment-10096619443888687526_2820_000_2840_000_with_camera_labels-60.png 472 768 65
big_dataset_depth/000000000206-segment-10096619443888687526_2820_000_2840_000_with_camera_labels-60.png 480 776 61
big_dataset_depth/000000000206-segment-10096619443888687526_2820_000_2840_000_with_camera_labels-60.png 488 768 67
big_dataset_depth/000000000206-segment-10096619443888687526_2820_000_2840_000_with_camera_labels-60.png 496 776 60
big_dataset_depth/000000000206-segment-10096619443888687526_2820_000_2840_000_with_camera_labels-60.png 504 768 65
big_dataset_depth/000000000206-segment-10096619443888687526_2820_000_2840_000_with_camera_labels-60.png 512 768 62
big_dataset_depth/000000000206-segment-10096619443888687526_2820_000_2840_000_with_camera_labels-60.png 520 768 65
big_dataset_depth/000000000206-segment-10096619443888687526_2820_000_2840_000_with_camera_labels-60.png 552 776 57
big_dataset_depth/000000000206-segment-10096619443888687526_2820_000_2840_000_with_camera_labels-60.png 584 768 60
big_dataset_depth/000000000206-segment-10096619443888687526_2820_000_2840_000_with_camera_labels-60.png 592 776 57
big_dataset_depth/000000000206-segment-10096619443888687526_2820_000_2840_000_with_camera_labels-60.png 600 768 60
big_dataset_depth/000000000206-segment-10096619443888687526_2820_000_2840_000_with_camera_labels-60.png 608 784 52
big_dataset_depth/000000000206-segment-10096619443888687526_2820_000_2840_000_with_camera_labels-60.png 616 760 62
big_dataset_depth/000000000206-segment-10096619443888687526_2820_000_2840_000_with_camera_labels-60.png 624 776 57
big_dataset_depth/000000000206-segment-10096619443888687526_2820_000_2840_000_with_camera_labels-60.png 632 768 60
big_dataset_depth/000000000206-segment-10096619443888687526_2820_000_2840_000_with_camera_labels-60.png 640 760 62
big_dataset_depth/000000000206-segment-10096619443888687526_2820_000_2840_000_with_camera_labels-60.png 648 768 61
big_dataset_depth/000000000206-segment-10096619443888687526_2820_000_2840_000_with_camera_labels-60.png 656 760 63
big_dataset_depth/000000000206-segment-10096619443888687526_2820_000_2840_000_with_camera_labels-60.png 664 672 59
big_dataset_depth/000000000206-segment-10096619443888687526_2820_000_2840_000_with_camera_labels-60.png 672 776 56
big_dataset_depth/000000000206-segment-10096619443888687526_2820_000_2840_000_with_camera_labels-60.png 680 760 63
big_dataset_depth/000000000206-segment-10096619443888687526_2820_000_2840_000_with_camera_labels-60.png 688 776 57
big_dataset_depth/000000000206-segment-10096619443888687526_2820_000_2840_000_with_camera_labels-60.png 696 560 58
big_dataset_depth/000000000206-segment-10096619443888687526_2820_000_2840_000_with_camera_labels-60.png 704 784 52
big_dataset_depth/000000000206-segment-10096619443888687526_2820_000_2840_000_with_camera_labels-60.png 712 744 77
big_dataset_depth/000000000206-segment-10096619443888687526_2820_000_2840_000_with_camera_labels-60.png 720 744 77
big_dataset_depth/000000000206-segment-10096619443888687526_2820_000_2840_000_with_camera_labels-60.png 728 712 76
big_dataset_depth/000000000206-segment-10096619443888687526_2820_000_2840_000_with_camera_labels-60.png 736 728 75
big_dataset_depth/000000000206-segment-10096619443888687526_2820_000_2840_000_with_camera_labels-60.png 744 768 59
big_dataset_depth/000000000206-segment-10096619443888687526_2820_000_2840_000_with_camera_labels-60.png 752 744 65
big_dataset_depth/000000000206-segment-10096619443888687526_2820_000_2840_000_with_camera_labels-60.png 760 752 61
big_dataset_depth/000000000206-segment-10096619443888687526_2820_000_2840_000_with_camera_labels-60.png 768 768 55
big_dataset_depth/000000000206-segment-10096619443888687526_2820_000_2840_000_with_camera_labels-60.png 776 768 54
big_dataset_depth/000000000206-segment-10096619443888687526_2820_000_2840_000_with_camera_labels-60.png 784 768 54
big_dataset_depth/000000000206-segment-10096619443888687526_2820_000_2840_000_with_camera_labels-60.png 792 768 54
big_dataset_depth/000000000206-segment-10096619443888687526_2820_000_2840_000_with_camera_labels-60.png 800 768 53
big_dataset_depth/000000000206-segment-10096619443888687526_2820_000_2840_000_with_camera_labels-60.png 808 768 53
big_dataset_depth/000000000206-segment-10096619443888687526_2820_000_2840_000_with_camera_labels-60.png 816 768 53
big_dataset_depth/000000000206-segment-10096619443888687526_2820_000_2840_000_with_camera_labels-60.png 824 768 53
big_dataset_depth/000000000206-segment-10096619443888687526_2820_000_2840_000_with_camera_labels-60.png 832 768 53
big_dataset_depth/000000000206-segment-10096619443888687526_2820_000_2840_000_with_camera_labels-60.png 840 760 53
big_dataset_depth/000000000206-segment-10096619443888687526_2820_000_2840_000_with_camera_labels-60.png 848 768 49
big_dataset_depth/000000000206-segment-10096619443888687526_2820_000_2840_000_with_camera_labels-60.png 856 792 45
big_dataset_depth/000000000206-segment-10096619443888687526_2820_000_2840_000_with_camera_labels-60.png 864 792 45
big_dataset_depth/000000000206-segment-10096619443888687526_2820_000_2840_000_with_camera_labels-60.png 872 608 58
big_dataset_depth/000000000206-segment-10096619443888687526_2820_000_2840_000_with_camera_labels-60.png 880 800 41
big_dataset_depth/000000000206-segment-10096619443888687526_2820_000_2840_000_with_camera_labels-60.png 888 824 37
big_dataset_depth/000000000206-segment-10096619443888687526_2820_000_2840_000_with_camera_labels-60.png 896 840 37
big_dataset_depth/000000000206-segment-10096619443888687526_2820_000_2840_000_with_camera_labels-60.png 904 824 37
big_dataset_depth/000000000206-segment-10096619443888687526_2820_000_2840_000_with_camera_labels-60.png 912 816 37
big_dataset_depth/000000000206-segment-10096619443888687526_2820_000_2840_000_with_camera_labels-60.png 920 824 37
big_dataset_depth/000000000206-segment-10096619443888687526_2820_000_2840_000_with_camera_labels-60.png 928 824 37
big_dataset_depth/000000000206-segment-10096619443888687526_2820_000_2840_000_with_camera_labels-60.png 936 816 37
big_dataset_depth/000000000206-segment-10096619443888687526_2820_000_2840_000_with_camera_labels-60.png 944 824 37
big_dataset_depth/000000000206-segment-10096619443888687526_2820_000_2840_000_with_camera_labels-60.png 952 832 36
big_dataset_depth/000000000206-segment-10096619443888687526_2820_000_2840_000_with_camera_labels-60.png 960 824 37
big_dataset_depth/000000000206-segment-10096619443888687526_2820_000_2840_000_with_camera_labels-60.png 968 824 37
big_dataset_depth/000000000206-segment-10096619443888687526_2820_000_2840_000_with_camera_labels-60.png 976 824 37
big_dataset_depth/000000000206-segment-10096619443888687526_2820_000_2840_000_with_camera_labels-60.png 984 816 37
big_dataset_depth/000000000206-segment-10096619443888687526_2820_000_2840_000_with_camera_labels-60.png 992 896 29
big_dataset_depth/000000000206-segment-10096619443888687526_2820_000_2840_000_with_camera_labels-60.png 1000 896 29
big_dataset_depth/000000000206-segment-10096619443888687526_2820_000_2840_000_with_camera_labels-60.png 1008 792 40
big_dataset_depth/000000000206-segment-10096619443888687526_2820_000_2840_000_with_camera_labels-60.png 1016 840 34
big_dataset_depth/000000000206-segment-10096619443888687526_2820_000_2840_000_with_camera_labels-60.png 1024 792 34
big_dataset_depth/000000000206-segment-10096619443888687526_2820_000_2840_000_with_camera_labels-60.png 1032 840 33
big_dataset_depth/000000000206-segment-10096619443888687526_2820_000_2840_000_with_camera_labels-60.png 1040 880 30
big_dataset_depth/000000000206-segment-10096619443888687526_2820_000_2840_000_with_camera_labels-60.png 1048 840 30
big_dataset_depth/000000000206-segment-10096619443888687526_2820_000_2840_000_with_camera_labels-60.png 1056 920 26
big_dataset_depth/000000000206-segment-10096619443888687526_2820_000_2840_000_with_camera_labels-60.png 1064 824 32
big_dataset_depth/000000000206-segment-10096619443888687526_2820_000_2840_000_with_camera_labels-60.png 1072 800 40
big_dataset_depth/000000000206-segment-10096619443888687526_2820_000_2840_000_with_camera_labels-60.png 1080 760 47
big_dataset_depth/000000000206-segment-10096619443888687526_2820_000_2840_000_with_camera_labels-60.png 1088 744 40
big_dataset_depth/000000000206-segment-10096619443888687526_2820_000_2840_000_with_camera_labels-60.png 1096 920 24
big_dataset_depth/000000000206-segment-10096619443888687526_2820_000_2840_000_with_camera_labels-60.png 1104 920 24
big_dataset_depth/000000000206-segment-10096619443888687526_2820_000_2840_000_with_camera_labels-60.png 1112 936 24
big_dataset_depth/000000000206-segment-10096619443888687526_2820_000_2840_000_with_camera_labels-60.png 1120 936 23
big_dataset_depth/000000000206-segment-10096619443888687526_2820_000_2840_000_with_camera_labels-60.png 1128 952 23
big_dataset_depth/000000000206-segment-10096619443888687526_2820_000_2840_000_with_camera_labels-60.png 1136 952 23
big_dataset_depth/000000000206-segment-10096619443888687526_2820_000_2840_000_with_camera_labels-60.png 1144 952 23
big_dataset_depth/000000000206-segment-10096619443888687526_2820_000_2840_000_with_camera_labels-60.png 1152 952 23
big_dataset_depth/000000000206-segment-10096619443888687526_2820_000_2840_000_with_camera_labels-60.png 1160 944 23
big_dataset_depth/000000000206-segment-10096619443888687526_2820_000_2840_000_with_camera_labels-60.png 1168 944 22
big_dataset_depth/000000000206-segment-10096619443888687526_2820_000_2840_000_with_camera_labels-60.png 1176 992 21
big_dataset_depth/000000000206-segment-10096619443888687526_2820_000_2840_000_with_camera_labels-60.png 1184 992 21
big_dataset_depth/000000000206-segment-10096619443888687526_2820_000_2840_000_with_camera_labels-60.png 1192 992 21
big_dataset_depth/000000000206-segment-10096619443888687526_2820_000_2840_000_with_camera_labels-60.png 1200 992 21
big_dataset_depth/000000000206-segment-10096619443888687526_2820_000_2840_000_with_camera_labels-60.png 1208 992 21
big_dataset_depth/000000000206-segment-10096619443888687526_2820_000_2840_000_with_camera_labels-60.png 1216 968 21
big_dataset_depth/000000000206-segment-10096619443888687526_2820_000_2840_000_with_camera_labels-60.png 1224 1008 20
big_dataset_depth/000000000206-segment-10096619443888687526_2820_000_2840_000_with_camera_labels-60.png 1232 1008 20
big_dataset_depth/000000000206-segment-10096619443888687526_2820_000_2840_000_with_camera_labels-60.png 1240 1024 20
big_dataset_depth/000000000206-segment-10096619443888687526_2820_000_2840_000_with_camera_labels-60.png 1248 968 21
big_dataset_depth/000000000206-segment-10096619443888687526_2820_000_2840_000_with_camera_labels-60.png 1256 1024 20
big_dataset_depth/000000000206-segment-10096619443888687526_2820_000_2840_000_with_camera_labels-60.png 1264 1024 20
big_dataset_depth/000000000206-segment-10096619443888687526_2820_000_2840_000_with_camera_labels-60.png 1272 1024 19
big_dataset_depth/000000000206-segment-10096619443888687526_2820_000_2840_000_with_camera_labels-60.png 1280 976 21
big_dataset_depth/000000000206-segment-10096619443888687526_2820_000_2840_000_with_camera_labels-60.png 1288 1048 19
big_dataset_depth/000000000206-segment-10096619443888687526_2820_000_2840_000_with_camera_labels-60.png 1296 1048 19
big_dataset_depth/000000000206-segment-10096619443888687526_2820_000_2840_000_with_camera_labels-60.png 1304 1048 19
big_dataset_depth/000000000206-segment-10096619443888687526_2820_000_2840_000_with_camera_labels-60.png 1312 1048 19
big_dataset_depth/000000000206-segment-10096619443888687526_2820_000_2840_000_with_camera_labels-60.png 1320 1048 18
big_dataset_depth/000000000206-segment-10096619443888687526_2820_000_2840_000_with_camera_labels-60.png 1328 1048 18
big_dataset_depth/000000000206-segment-10096619443888687526_2820_000_2840_000_with_camera_labels-60.png 1336 1064 18
big_dataset_depth/000000000206-segment-10096619443888687526_2820_000_2840_000_with_camera_labels-60.png 1344 1064 18
big_dataset_depth/000000000206-segment-10096619443888687526_2820_000_2840_000_with_camera_labels-60.png 1352 1072 18
big_dataset_depth/000000000206-segment-10096619443888687526_2820_000_2840_000_with_camera_labels-60.png 1360 1088 18
big_dataset_depth/000000000206-segment-10096619443888687526_2820_000_2840_000_with_camera_labels-60.png 1368 1088 17
big_dataset_depth/000000000206-segment-10096619443888687526_2820_000_2840_000_with_camera_labels-60.png 1376 1088 17
big_dataset_depth/000000000206-segment-10096619443888687526_2820_000_2840_000_with_camera_labels-60.png 1384 1088 17
big_dataset_depth/000000000206-segment-10096619443888687526_2820_000_2840_000_with_camera_labels-60.png 1392 1024 19
big_dataset_depth/000000000206-segment-10096619443888687526_2820_000_2840_000_with_camera_labels-60.png 1400 896 20
big_dataset_depth/000000000206-segment-10096619443888687526_2820_000_2840_000_with_camera_labels-60.png 1408 1112 17
big_dataset_depth/000000000206-segment-10096619443888687526_2820_000_2840_000_with_camera_labels-60.png 1416 1112 17
big_dataset_depth/000000000206-segment-10096619443888687526_2820_000_2840_000_with_camera_labels-60.png 1424 1112 17
big_dataset_depth/000000000206-segment-10096619443888687526_2820_000_2840_000_with_camera_labels-60.png 1432 1112 16
big_dataset_depth/000000000206-segment-10096619443888687526_2820_000_2840_000_with_camera_labels-60.png 1440 1128 16
big_dataset_depth/000000000206-segment-10096619443888687526_2820_000_2840_000_with_camera_labels-60.png 1448 1136 16
big_dataset_depth/000000000206-segment-10096619443888687526_2820_000_2840_000_with_camera_labels-60.png 1456 1136 16
big_dataset_depth/000000000206-segment-10096619443888687526_2820_000_2840_000_with_camera_labels-60.png 1464 1136 16
big_dataset_depth/000000000206-segment-10096619443888687526_2820_000_2840_000_with_camera_labels-60.png 1472 1136 16
big_dataset_depth/000000000206-segment-10096619443888687526_2820_000_2840_000_with_camera_labels-60.png 1480 1080 17
big_dataset_depth/000000000206-segment-10096619443888687526_2820_000_2840_000_with_camera_labels-60.png 1488 1160 16
big_dataset_depth/000000000206-segment-10096619443888687526_2820_000_2840_000_with_camera_labels-60.png 1496 1040 18
big_dataset_depth/000000000206-segment-10096619443888687526_2820_000_2840_000_with_camera_labels-60.png 1504 928 20
big_dataset_depth/000000000206-segment-10096619443888687526_2820_000_2840_000_with_camera_labels-60.png 1512 960 20
big_dataset_depth/000000000206-segment-10096619443888687526_2820_000_2840_000_with_camera_labels-60.png 1520 936 20
big_dataset_depth/000000000206-segment-10096619443888687526_2820_000_2840_000_with_camera_labels-60.png 1528 920 20
big_dataset_depth/000000000206-segment-10096619443888687526_2820_000_2840_000_with_camera_labels-60.png 1536 952 21
big_dataset_depth/000000000206-segment-10096619443888687526_2820_000_2840_000_with_camera_labels-60.png 1544 1096 17
big_dataset_depth/000000000206-segment-10096619443888687526_2820_000_2840_000_with_camera_labels-60.png 1552 936 21
big_dataset_depth/000000000206-segment-10096619443888687526_2820_000_2840_000_with_camera_labels-60.png 1560 872 20
big_dataset_depth/000000000206-segment-10096619443888687526_2820_000_2840_000_with_camera_labels-60.png 1568 992 18
big_dataset_depth/000000000206-segment-10096619443888687526_2820_000_2840_000_with_camera_labels-60.png 1576 992 18
big_dataset_depth/000000000206-segment-10096619443888687526_2820_000_2840_000_with_camera_labels-60.png 1584 864 21
big_dataset_depth/000000000206-segment-10096619443888687526_2820_000_2840_000_with_camera_labels-60.png 1592 904 22
big_dataset_depth/000000000206-segment-10096619443888687526_2820_000_2840_000_with_camera_labels-60.png 1600 816 26
big_dataset_depth/000000000206-segment-10096619443888687526_2820_000_2840_000_with_camera_labels-60.png 1608 856 20
big_dataset_depth/000000000206-segment-10096619443888687526_2820_000_2840_000_with_camera_labels-60.png 1616 784 32
big_dataset_depth/000000000206-segment-10096619443888687526_2820_000_2840_000_with_camera_labels-60.png 1624 776 32
big_dataset_depth/000000000206-segment-10096619443888687526_2820_000_2840_000_with_camera_labels-60.png 1632 784 33
big_dataset_depth/000000000206-segment-10096619443888687526_2820_000_2840_000_with_camera_labels-60.png 1640 920 24
big_dataset_depth/000000000206-segment-10096619443888687526_2820_000_2840_000_with_camera_labels-60.png 1648 1080 17
big_dataset_depth/000000000206-segment-10096619443888687526_2820_000_2840_000_with_camera_labels-60.png 1656 1080 17
big_dataset_depth/000000000206-segment-10096619443888687526_2820_000_2840_000_with_camera_labels-60.png 1664 808 32
big_dataset_depth/000000000206-segment-10096619443888687526_2820_000_2840_000_with_camera_labels-60.png 1672 1080 17
big_dataset_depth/000000000206-segment-10096619443888687526_2820_000_2840_000_with_camera_labels-60.png 1680 672 33
big_dataset_depth/000000000206-segment-10096619443888687526_2820_000_2840_000_with_camera_labels-60.png 1688 784 33
big_dataset_depth/000000000206-segment-10096619443888687526_2820_000_2840_000_with_camera_labels-60.png 1696 784 33
big_dataset_depth/000000000206-segment-10096619443888687526_2820_000_2840_000_with_camera_labels-60.png 1704 880 27
big_dataset_depth/000000000206-segment-10096619443888687526_2820_000_2840_000_with_camera_labels-60.png 1712 1064 17
big_dataset_depth/000000000206-segment-10096619443888687526_2820_000_2840_000_with_camera_labels-60.png 1720 1064 17
big_dataset_depth/000000000206-segment-10096619443888687526_2820_000_2840_000_with_camera_labels-60.png 1728 912 24
big_dataset_depth/000000000206-segment-10096619443888687526_2820_000_2840_000_with_camera_labels-60.png 1736 928 25
big_dataset_depth/000000000206-segment-10096619443888687526_2820_000_2840_000_with_camera_labels-60.png 1752 776 30
big_dataset_depth/000000000206-segment-10096619443888687526_2820_000_2840_000_with_camera_labels-60.png 1768 784 30
big_dataset_depth/000000000206-segment-10096619443888687526_2820_000_2840_000_with_camera_labels-60.png 1776 776 29
big_dataset_depth/000000000206-segment-10096619443888687526_2820_000_2840_000_with_camera_labels-60.png 1784 896 23
big_dataset_depth/000000000206-segment-10096619443888687526_2820_000_2840_000_with_camera_labels-60.png 1792 808 29
big_dataset_depth/000000000206-segment-10096619443888687526_2820_000_2840_000_with_camera_labels-60.png 1800 800 29
big_dataset_depth/000000000206-segment-10096619443888687526_2820_000_2840_000_with_camera_labels-60.png 1808 808 29
big_dataset_depth/000000000206-segment-10096619443888687526_2820_000_2840_000_with_camera_labels-60.png 1816 1048 17
big_dataset_depth/000000000206-segment-10096619443888687526_2820_000_2840_000_with_camera_labels-60.png 1824 792 29
big_dataset_depth/000000000206-segment-10096619443888687526_2820_000_2840_000_with_camera_labels-60.png 1832 816 29
big_dataset_depth/000000000206-segment-10096619443888687526_2820_000_2840_000_with_camera_labels-60.png 1848 768 29
big_dataset_depth/000000000206-segment-10096619443888687526_2820_000_2840_000_with_camera_labels-60.png 1856 752 29
big_dataset_depth/000000000206-segment-10096619443888687526_2820_000_2840_000_with_camera_labels-60.png 1864 800 29
big_dataset_depth/000000000206-segment-10096619443888687526_2820_000_2840_000_with_camera_labels-60.png 1872 784 29
big_dataset_depth/000000000206-segment-10096619443888687526_2820_000_2840_000_with_camera_labels-60.png 1880 800 29
big_dataset_depth/000000000206-segment-10096619443888687526_2820_000_2840_000_with_camera_labels-60.png 1888 800 29
big_dataset_depth/000000000206-segment-10096619443888687526_2820_000_2840_000_with_camera_labels-60.png 1896 896 25
big_dataset_depth/000000000206-segment-10096619443888687526_2820_000_2840_000_with_camera_labels-60.png 1904 936 23
big_dataset_depth/000000000206-segment-10096619443888687526_2820_000_2840_000_with_camera_labels-60.png 1912 920 24
