big_dataset_depth/000000000643-segment-10588771936253546636_2300_000_2320_000_with_camera_labels-30.png 0 936 23
big_dataset_depth/000000000643-segment-10588771936253546636_2300_000_2320_000_with_camera_labels-30.png 8 952 23
big_dataset_depth/000000000643-segment-10588771936253546636_2300_000_2320_000_with_camera_labels-30.png 16 1016 21
big_dataset_depth/000000000643-segment-10588771936253546636_2300_000_2320_000_with_camera_labels-30.png 24 1016 22
big_dataset_depth/000000000643-segment-10588771936253546636_2300_000_2320_000_with_camera_labels-30.png 32 976 22
big_dataset_depth/000000000643-segment-10588771936253546636_2300_000_2320_000_with_camera_labels-30.png 40 960 22
big_dataset_depth/000000000643-segment-10588771936253546636_2300_000_2320_000_with_camera_labels-30.png 56 936 23
big_dataset_depth/000000000643-segment-10588771936253546636_2300_000_2320_000_with_camera_labels-30.png 64 968 24
big_dataset_depth/000000000643-segment-10588771936253546636_2300_000_2320_000_with_camera_labels-30.png 72 944 24
big_dataset_depth/000000000643-segment-10588771936253546636_2300_000_2320_000_with_camera_labels-30.png 80 960 24
big_dataset_depth/000000000643-segment-10588771936253546636_2300_000_2320_000_with_camera_labels-30.png 88 960 24
big_dataset_depth/000000000643-segment-10588771936253546636_2300_000_2320_000_with_camera_labels-30.png 96 976 24
big_dataset_depth/000000000643-segment-10588771936253546636_2300_000_2320_000_with_camera_labels-30.png 104 976 24
big_dataset_depth/000000000643-segment-10588771936253546636_2300_000_2320_000_with_camera_labels-30.png 112 960 24
big_dataset_depth/000000000643-segment-10588771936253546636_2300_000_2320_000_with_camera_labels-30.png 120 976 24
big_dataset_depth/000000000643-segment-10588771936253546636_2300_000_2320_000_with_camera_labels-30.png 128 976 24
big_dataset_depth/000000000643-segment-10588771936253546636_2300_000_2320_000_with_camera_labels-30.png 136 960 24
big_dataset_depth/000000000643-segment-10588771936253546636_2300_000_2320_000_with_camera_labels-30.png 144 944 25
big_dataset_depth/000000000643-segment-10588771936253546636_2300_000_2320_000_with_camera_labels-30.png 152 960 24
big_dataset_depth/000000000643-segment-10588771936253546636_2300_000_2320_000_with_camera_labels-30.png 160 960 24
big_dataset_depth/000000000643-segment-10588771936253546636_2300_000_2320_000_with_camera_labels-30.png 168 960 24
big_dataset_depth/000000000643-segment-10588771936253546636_2300_000_2320_000_with_camera_labels-30.png 176 952 24
big_dataset_depth/000000000643-segment-10588771936253546636_2300_000_2320_000_with_camera_labels-30.png 184 936 24
big_dataset_depth/000000000643-segment-10588771936253546636_2300_000_2320_000_with_camera_labels-30.png 192 936 25
big_dataset_depth/000000000643-segment-10588771936253546636_2300_000_2320_000_with_camera_labels-30.png 200 920 25
big_dataset_depth/000000000643-segment-10588771936253546636_2300_000_2320_000_with_camera_labels-30.png 208 904 26
big_dataset_depth/000000000643-segment-10588771936253546636_2300_000_2320_000_with_camera_labels-30.png 216 936 26
big_dataset_depth/000000000643-segment-10588771936253546636_2300_000_2320_000_with_camera_labels-30.png 224 920 26
big_dataset_depth/000000000643-segment-10588771936253546636_2300_000_2320_000_with_camera_labels-30.png 232 896 26
big_dataset_depth/000000000643-segment-10588771936253546636_2300_000_2320_000_with_camera_labels-30.png 240 920 26
big_dataset_depth/000000000643-segment-10588771936253546636_2300_000_2320_000_with_camera_labels-30.png 248 904 26
big_dataset_depth/000000000643-segment-10588771936253546636_2300_000_2320_000_with_camera_labels-30.png 256 904 27
big_dataset_depth/000000000643-segment-10588771936253546636_2300_000_2320_000_with_camera_labels-30.png 264 896 27
big_dataset_depth/000000000643-segment-10588771936253546636_2300_000_2320_000_with_camera_labels-30.png 272 920 27
big_dataset_depth/000000000643-segment-10588771936253546636_2300_000_2320_000_with_camera_labels-30.png 280 888 28
big_dataset_depth/000000000643-segment-10588771936253546636_2300_000_2320_000_with_camera_labels-30.png 288 904 28
big_dataset_depth/000000000643-segment-10588771936253546636_2300_000_2320_000_with_camera_labels-30.png 296 904 28
big_dataset_depth/000000000643-segment-10588771936253546636_2300_000_2320_000_with_camera_labels-30.png 304 904 28
big_dataset_depth/000000000643-segment-10588771936253546636_2300_000_2320_000_with_camera_labels-30.png 312 904 29
big_dataset_depth/000000000643-segment-10588771936253546636_2300_000_2320_000_with_camera_labels-30.png 328 848 29
big_dataset_depth/000000000643-segment-10588771936253546636_2300_000_2320_000_with_camera_labels-30.png 352 784 65
big_dataset_depth/000000000643-segment-10588771936253546636_2300_000_2320_000_with_camera_labels-30.png 360 784 66
big_dataset_depth/000000000643-segment-10588771936253546636_2300_000_2320_000_with_camera_labels-30.png 368 784 65
big_dataset_depth/000000000643-segment-10588771936253546636_2300_000_2320_000_with_camera_labels-30.png 376 784 67
big_dataset_depth/000000000643-segment-10588771936253546636_2300_000_2320_000_with_camera_labels-30.png 384 760 68
big_dataset_depth/000000000643-segment-10588771936253546636_2300_000_2320_000_with_camera_labels-30.png 392 768 69
big_dataset_depth/000000000643-segment-10588771936253546636_2300_000_2320_000_with_camera_labels-30.png 400 776 68
big_dataset_depth/000000000643-segment-10588771936253546636_2300_000_2320_000_with_camera_labels-30.png 408 768 71
big_dataset_depth/000000000643-segment-10588771936253546636_2300_000_2320_000_with_camera_labels-30.png 416 760 72
big_dataset_depth/000000000643-segment-10588771936253546636_2300_000_2320_000_with_camera_labels-30.png 424 752 73
big_dataset_depth/000000000643-segment-10588771936253546636_2300_000_2320_000_with_camera_labels-30.png 432 760 74
big_dataset_depth/000000000643-segment-10588771936253546636_2300_000_2320_000_with_camera_labels-30.png 440 744 75
big_dataset_depth/000000000643-segment-10588771936253546636_2300_000_2320_000_with_camera_labels-30.png 448 744 78
big_dataset_depth/000000000643-segment-10588771936253546636_2300_000_2320_000_with_camera_labels-30.png 456 752 77
big_dataset_depth/000000000643-segment-10588771936253546636_2300_000_2320_000_with_camera_labels-30.png 464 752 78
big_dataset_depth/000000000643-segment-10588771936253546636_2300_000_2320_000_with_camera_labels-30.png 472 752 77
big_dataset_depth/000000000643-segment-10588771936253546636_2300_000_2320_000_with_camera_labels-30.png 480 744 81
big_dataset_depth/000000000643-segment-10588771936253546636_2300_000_2320_000_with_camera_labels-30.png 488 728 83
big_dataset_depth/000000000643-segment-10588771936253546636_2300_000_2320_000_with_camera_labels-30.png 496 720 86
big_dataset_depth/000000000643-segment-10588771936253546636_2300_000_2320_000_with_camera_labels-30.png 504 728 87
big_dataset_depth/000000000643-segment-10588771936253546636_2300_000_2320_000_with_camera_labels-30.png 512 728 87
big_dataset_depth/000000000643-segment-10588771936253546636_2300_000_2320_000_with_camera_labels-30.png 520 792 60
big_dataset_depth/000000000643-segment-10588771936253546636_2300_000_2320_000_with_camera_labels-30.png 528 800 59
big_dataset_depth/000000000643-segment-10588771936253546636_2300_000_2320_000_with_camera_labels-30.png 536 800 60
big_dataset_depth/000000000643-segment-10588771936253546636_2300_000_2320_000_with_camera_labels-30.png 544 760 66
big_dataset_depth/000000000643-segment-10588771936253546636_2300_000_2320_000_with_camera_labels-30.png 552 776 66
big_dataset_depth/000000000643-segment-10588771936253546636_2300_000_2320_000_with_camera_labels-30.png 560 776 66
big_dataset_depth/000000000643-segment-10588771936253546636_2300_000_2320_000_with_camera_labels-30.png 568 784 63
big_dataset_depth/000000000643-segment-10588771936253546636_2300_000_2320_000_with_camera_labels-30.png 576 792 60
big_dataset_depth/000000000643-segment-10588771936253546636_2300_000_2320_000_with_camera_labels-30.png 584 800 60
big_dataset_depth/000000000643-segment-10588771936253546636_2300_000_2320_000_with_camera_labels-30.png 592 792 60
big_dataset_depth/000000000643-segment-10588771936253546636_2300_000_2320_000_with_camera_labels-30.png 600 784 59
big_dataset_depth/000000000643-segment-10588771936253546636_2300_000_2320_000_with_camera_labels-30.png 608 784 59
big_dataset_depth/000000000643-segment-10588771936253546636_2300_000_2320_000_with_camera_labels-30.png 616 800 59
big_dataset_depth/000000000643-segment-10588771936253546636_2300_000_2320_000_with_camera_labels-30.png 624 784 59
big_dataset_depth/000000000643-segment-10588771936253546636_2300_000_2320_000_with_camera_labels-30.png 632 784 59
big_dataset_depth/000000000643-segment-10588771936253546636_2300_000_2320_000_with_camera_labels-30.png 640 784 59
big_dataset_depth/000000000643-segment-10588771936253546636_2300_000_2320_000_with_camera_labels-30.png 648 784 59
big_dataset_depth/000000000643-segment-10588771936253546636_2300_000_2320_000_with_camera_labels-30.png 656 776 59
big_dataset_depth/000000000643-segment-10588771936253546636_2300_000_2320_000_with_camera_labels-30.png 664 784 60
big_dataset_depth/000000000643-segment-10588771936253546636_2300_000_2320_000_with_camera_labels-30.png 672 784 60
big_dataset_depth/000000000643-segment-10588771936253546636_2300_000_2320_000_with_camera_labels-30.png 680 768 65
big_dataset_depth/000000000643-segment-10588771936253546636_2300_000_2320_000_with_camera_labels-30.png 696 752 72
big_dataset_depth/000000000643-segment-10588771936253546636_2300_000_2320_000_with_camera_labels-30.png 704 792 51
big_dataset_depth/000000000643-segment-10588771936253546636_2300_000_2320_000_with_camera_labels-30.png 712 784 50
big_dataset_depth/000000000643-segment-10588771936253546636_2300_000_2320_000_with_camera_labels-30.png 720 800 50
big_dataset_depth/000000000643-segment-10588771936253546636_2300_000_2320_000_with_camera_labels-30.png 728 800 50
big_dataset_depth/000000000643-segment-10588771936253546636_2300_000_2320_000_with_camera_labels-30.png 736 800 50
big_dataset_depth/000000000643-segment-10588771936253546636_2300_000_2320_000_with_camera_labels-30.png 744 800 50
big_dataset_depth/000000000643-segment-10588771936253546636_2300_000_2320_000_with_camera_labels-30.png 752 792 50
big_dataset_depth/000000000643-segment-10588771936253546636_2300_000_2320_000_with_camera_labels-30.png 760 800 50
big_dataset_depth/000000000643-segment-10588771936253546636_2300_000_2320_000_with_camera_labels-30.png 768 792 50
big_dataset_depth/000000000643-segment-10588771936253546636_2300_000_2320_000_with_camera_labels-30.png 776 784 50
big_dataset_depth/000000000643-segment-10588771936253546636_2300_000_2320_000_with_camera_labels-30.png 784 784 50
big_dataset_depth/000000000643-segment-10588771936253546636_2300_000_2320_000_with_camera_labels-30.png 792 784 50
big_dataset_depth/000000000643-segment-10588771936253546636_2300_000_2320_000_with_camera_labels-30.png 800 784 50
big_dataset_depth/000000000643-segment-10588771936253546636_2300_000_2320_000_with_camera_labels-30.png 808 784 51
big_dataset_depth/000000000643-segment-10588771936253546636_2300_000_2320_000_with_camera_labels-30.png 816 792 54
big_dataset_depth/000000000643-segment-10588771936253546636_2300_000_2320_000_with_camera_labels-30.png 1016 704 103
big_dataset_depth/000000000643-segment-10588771936253546636_2300_000_2320_000_with_camera_labels-30.png 1024 720 91
big_dataset_depth/000000000643-segment-10588771936253546636_2300_000_2320_000_with_camera_labels-30.png 1032 720 78
big_dataset_depth/000000000643-segment-10588771936253546636_2300_000_2320_000_with_camera_labels-30.png 1040 720 78
big_dataset_depth/000000000643-segment-10588771936253546636_2300_000_2320_000_with_camera_labels-30.png 1048 720 78
big_dataset_depth/000000000643-segment-10588771936253546636_2300_000_2320_000_with_camera_labels-30.png 1056 728 78
big_dataset_depth/000000000643-segment-10588771936253546636_2300_000_2320_000_with_camera_labels-30.png 1064 728 78
big_dataset_depth/000000000643-segment-10588771936253546636_2300_000_2320_000_with_camera_labels-30.png 1072 736 78
big_dataset_depth/000000000643-segment-10588771936253546636_2300_000_2320_000_with_camera_labels-30.png 1080 720 78
big_dataset_depth/000000000643-segment-10588771936253546636_2300_000_2320_000_with_camera_labels-30.png 1088 720 78
big_dataset_depth/000000000643-segment-10588771936253546636_2300_000_2320_000_with_camera_labels-30.png 1096 728 78
big_dataset_depth/000000000643-segment-10588771936253546636_2300_000_2320_000_with_camera_labels-30.png 1104 704 103
big_dataset_depth/000000000643-segment-10588771936253546636_2300_000_2320_000_with_camera_labels-30.png 1112 720 93
big_dataset_depth/000000000643-segment-10588771936253546636_2300_000_2320_000_with_camera_labels-30.png 1120 720 92
big_dataset_depth/000000000643-segment-10588771936253546636_2300_000_2320_000_with_camera_labels-30.png 1128 720 80
big_dataset_depth/000000000643-segment-10588771936253546636_2300_000_2320_000_with_camera_labels-30.png 1136 728 81
big_dataset_depth/000000000643-segment-10588771936253546636_2300_000_2320_000_with_camera_labels-30.png 1144 720 84
big_dataset_depth/000000000643-segment-10588771936253546636_2300_000_2320_000_with_camera_labels-30.png 1152 640 68
big_dataset_depth/000000000643-segment-10588771936253546636_2300_000_2320_000_with_camera_labels-30.png 1160 624 81
big_dataset_depth/000000000643-segment-10588771936253546636_2300_000_2320_000_with_camera_labels-30.png 1176 632 53
big_dataset_depth/000000000643-segment-10588771936253546636_2300_000_2320_000_with_camera_labels-30.png 1184 616 54
big_dataset_depth/000000000643-segment-10588771936253546636_2300_000_2320_000_with_camera_labels-30.png 1192 632 52
big_dataset_depth/000000000643-segment-10588771936253546636_2300_000_2320_000_with_camera_labels-30.png 1200 696 101
big_dataset_depth/000000000643-segment-10588771936253546636_2300_000_2320_000_with_camera_labels-30.png 1208 696 103
big_dataset_depth/000000000643-segment-10588771936253546636_2300_000_2320_000_with_camera_labels-30.png 1216 672 54
big_dataset_depth/000000000643-segment-10588771936253546636_2300_000_2320_000_with_camera_labels-30.png 1224 744 54
big_dataset_depth/000000000643-segment-10588771936253546636_2300_000_2320_000_with_camera_labels-30.png 1232 784 54
big_dataset_depth/000000000643-segment-10588771936253546636_2300_000_2320_000_with_camera_labels-30.png 1240 672 69
big_dataset_depth/000000000643-segment-10588771936253546636_2300_000_2320_000_with_camera_labels-30.png 1248 728 80
big_dataset_depth/000000000643-segment-10588771936253546636_2300_000_2320_000_with_camera_labels-30.png 1256 712 81
big_dataset_depth/000000000643-segment-10588771936253546636_2300_000_2320_000_with_camera_labels-30.png 1264 720 76
big_dataset_depth/000000000643-segment-10588771936253546636_2300_000_2320_000_with_camera_labels-30.png 1272 784 45
big_dataset_depth/000000000643-segment-10588771936253546636_2300_000_2320_000_with_camera_labels-30.png 1280 808 45
big_dataset_depth/000000000643-segment-10588771936253546636_2300_000_2320_000_with_camera_labels-30.png 1288 808 44
big_dataset_depth/000000000643-segment-10588771936253546636_2300_000_2320_000_with_camera_labels-30.png 1296 808 43
big_dataset_depth/000000000643-segment-10588771936253546636_2300_000_2320_000_with_camera_labels-30.png 1304 808 43
big_dataset_depth/000000000643-segment-10588771936253546636_2300_000_2320_000_with_camera_labels-30.png 1312 824 41
big_dataset_depth/000000000643-segment-10588771936253546636_2300_000_2320_000_with_camera_labels-30.png 1320 784 54
big_dataset_depth/000000000643-segment-10588771936253546636_2300_000_2320_000_with_camera_labels-30.png 1328 744 74
big_dataset_depth/000000000643-segment-10588771936253546636_2300_000_2320_000_with_camera_labels-30.png 1336 744 74
big_dataset_depth/000000000643-segment-10588771936253546636_2300_000_2320_000_with_camera_labels-30.png 1344 744 74
big_dataset_depth/000000000643-segment-10588771936253546636_2300_000_2320_000_with_camera_labels-30.png 1352 736 74
big_dataset_depth/000000000643-segment-10588771936253546636_2300_000_2320_000_with_camera_labels-30.png 1360 752 67
big_dataset_depth/000000000643-segment-10588771936253546636_2300_000_2320_000_with_camera_labels-30.png 1408 1064 18
big_dataset_depth/000000000643-segment-10588771936253546636_2300_000_2320_000_with_camera_labels-30.png 1416 1080 17
big_dataset_depth/000000000643-segment-10588771936253546636_2300_000_2320_000_with_camera_labels-30.png 1424 1072 17
big_dataset_depth/000000000643-segment-10588771936253546636_2300_000_2320_000_with_camera_labels-30.png 1432 1072 17
big_dataset_depth/000000000643-segment-10588771936253546636_2300_000_2320_000_with_camera_labels-30.png 1440 1080 17
big_dataset_depth/000000000643-segment-10588771936253546636_2300_000_2320_000_with_camera_labels-30.png 1448 1088 17
big_dataset_depth/000000000643-segment-10588771936253546636_2300_000_2320_000_with_camera_labels-30.png 1456 1080 17
big_dataset_depth/000000000643-segment-10588771936253546636_2300_000_2320_000_with_camera_labels-30.png 1464 1096 17
big_dataset_depth/000000000643-segment-10588771936253546636_2300_000_2320_000_with_camera_labels-30.png 1472 1096 17
big_dataset_depth/000000000643-segment-10588771936253546636_2300_000_2320_000_with_camera_labels-30.png 1480 1096 17
big_dataset_depth/000000000643-segment-10588771936253546636_2300_000_2320_000_with_camera_labels-30.png 1488 1104 17
big_dataset_depth/000000000643-segment-10588771936253546636_2300_000_2320_000_with_camera_labels-30.png 1496 1096 17
big_dataset_depth/000000000643-segment-10588771936253546636_2300_000_2320_000_with_camera_labels-30.png 1512 1072 16
big_dataset_depth/000000000643-segment-10588771936253546636_2300_000_2320_000_with_camera_labels-30.png 1520 1136 16
big_dataset_depth/000000000643-segment-10588771936253546636_2300_000_2320_000_with_camera_labels-30.png 1528 1080 15
big_dataset_depth/000000000643-segment-10588771936253546636_2300_000_2320_000_with_camera_labels-30.png 1536 1088 15
big_dataset_depth/000000000643-segment-10588771936253546636_2300_000_2320_000_with_camera_labels-30.png 1552 1096 15
big_dataset_depth/000000000643-segment-10588771936253546636_2300_000_2320_000_with_camera_labels-30.png 1560 1096 15
big_dataset_depth/000000000643-segment-10588771936253546636_2300_000_2320_000_with_camera_labels-30.png 1568 1120 15
big_dataset_depth/000000000643-segment-10588771936253546636_2300_000_2320_000_with_camera_labels-30.png 1576 1112 14
big_dataset_depth/000000000643-segment-10588771936253546636_2300_000_2320_000_with_camera_labels-30.png 1584 1184 14
big_dataset_depth/000000000643-segment-10588771936253546636_2300_000_2320_000_with_camera_labels-30.png 1592 1232 14
big_dataset_depth/000000000643-segment-10588771936253546636_2300_000_2320_000_with_camera_labels-30.png 1600 1232 14
big_dataset_depth/000000000643-segment-10588771936253546636_2300_000_2320_000_with_camera_labels-30.png 1608 1256 14
big_dataset_depth/000000000643-segment-10588771936253546636_2300_000_2320_000_with_camera_labels-30.png 1616 1256 14
big_dataset_depth/000000000643-segment-10588771936253546636_2300_000_2320_000_with_camera_labels-30.png 1624 1256 14
big_dataset_depth/000000000643-segment-10588771936253546636_2300_000_2320_000_with_camera_labels-30.png 1632 1256 14
big_dataset_depth/000000000643-segment-10588771936253546636_2300_000_2320_000_with_camera_labels-30.png 1640 1248 13
big_dataset_depth/000000000643-segment-10588771936253546636_2300_000_2320_000_with_camera_labels-30.png 1648 1256 14
big_dataset_depth/000000000643-segment-10588771936253546636_2300_000_2320_000_with_camera_labels-30.png 1656 1264 14
big_dataset_depth/000000000643-segment-10588771936253546636_2300_000_2320_000_with_camera_labels-30.png 1664 1264 14
big_dataset_depth/000000000643-segment-10588771936253546636_2300_000_2320_000_with_camera_labels-30.png 1672 1264 14
big_dataset_depth/000000000643-segment-10588771936253546636_2300_000_2320_000_with_camera_labels-30.png 1680 1248 13
big_dataset_depth/000000000643-segment-10588771936253546636_2300_000_2320_000_with_camera_labels-30.png 1688 1264 14
big_dataset_depth/000000000643-segment-10588771936253546636_2300_000_2320_000_with_camera_labels-30.png 1704 1192 13
big_dataset_depth/000000000643-segment-10588771936253546636_2300_000_2320_000_with_camera_labels-30.png 1712 1184 13
big_dataset_depth/000000000643-segment-10588771936253546636_2300_000_2320_000_with_camera_labels-30.png 1728 1184 13
big_dataset_depth/000000000643-segment-10588771936253546636_2300_000_2320_000_with_camera_labels-30.png 1736 1200 13
big_dataset_depth/000000000643-segment-10588771936253546636_2300_000_2320_000_with_camera_labels-30.png 1744 1184 13
big_dataset_depth/000000000643-segment-10588771936253546636_2300_000_2320_000_with_camera_labels-30.png 1752 1184 13
big_dataset_depth/000000000643-segment-10588771936253546636_2300_000_2320_000_with_camera_labels-30.png 1760 1200 13
big_dataset_depth/000000000643-segment-10588771936253546636_2300_000_2320_000_with_camera_labels-30.png 1768 1184 13
big_dataset_depth/000000000643-segment-10588771936253546636_2300_000_2320_000_with_camera_labels-30.png 1776 1176 13
big_dataset_depth/000000000643-segment-10588771936253546636_2300_000_2320_000_with_camera_labels-30.png 1784 1192 13
big_dataset_depth/000000000643-segment-10588771936253546636_2300_000_2320_000_with_camera_labels-30.png 1792 1200 13
big_dataset_depth/000000000643-segment-10588771936253546636_2300_000_2320_000_with_camera_labels-30.png 1800 1192 13
big_dataset_depth/000000000643-segment-10588771936253546636_2300_000_2320_000_with_camera_labels-30.png 1808 1200 13
big_dataset_depth/000000000643-segment-10588771936253546636_2300_000_2320_000_with_camera_labels-30.png 1816 1200 13
big_dataset_depth/000000000643-segment-10588771936253546636_2300_000_2320_000_with_camera_labels-30.png 1824 1224 13
big_dataset_depth/000000000643-segment-10588771936253546636_2300_000_2320_000_with_camera_labels-30.png 1832 1208 13
big_dataset_depth/000000000643-segment-10588771936253546636_2300_000_2320_000_with_camera_labels-30.png 1840 1184 13
big_dataset_depth/000000000643-segment-10588771936253546636_2300_000_2320_000_with_camera_labels-30.png 1848 1184 13
big_dataset_depth/000000000643-segment-10588771936253546636_2300_000_2320_000_with_camera_labels-30.png 1864 1192 13
big_dataset_depth/000000000643-segment-10588771936253546636_2300_000_2320_000_with_camera_labels-30.png 1872 784 27
big_dataset_depth/000000000643-segment-10588771936253546636_2300_000_2320_000_with_camera_labels-30.png 1880 968 19
big_dataset_depth/000000000643-segment-10588771936253546636_2300_000_2320_000_with_camera_labels-30.png 1888 904 22
big_dataset_depth/000000000643-segment-10588771936253546636_2300_000_2320_000_with_camera_labels-30.png 1896 1184 13
big_dataset_depth/000000000643-segment-10588771936253546636_2300_000_2320_000_with_camera_labels-30.png 1904 976 24
big_dataset_depth/000000000643-segment-10588771936253546636_2300_000_2320_000_with_camera_labels-30.png 1912 1184 13
