big_dataset_depth/000000003652-segment-13965460994524880649_2842_050_2862_050_with_camera_labels-150.png 0 712 97
big_dataset_depth/000000003652-segment-13965460994524880649_2842_050_2862_050_with_camera_labels-150.png 8 712 97
big_dataset_depth/000000003652-segment-13965460994524880649_2842_050_2862_050_with_camera_labels-150.png 16 712 98
big_dataset_depth/000000003652-segment-13965460994524880649_2842_050_2862_050_with_camera_labels-150.png 24 712 98
big_dataset_depth/000000003652-segment-13965460994524880649_2842_050_2862_050_with_camera_labels-150.png 32 800 65
big_dataset_depth/000000003652-segment-13965460994524880649_2842_050_2862_050_with_camera_labels-150.png 40 712 99
big_dataset_depth/000000003652-segment-13965460994524880649_2842_050_2862_050_with_camera_labels-150.png 48 800 66
big_dataset_depth/000000003652-segment-13965460994524880649_2842_050_2862_050_with_camera_labels-150.png 56 832 55
big_dataset_depth/000000003652-segment-13965460994524880649_2842_050_2862_050_with_camera_labels-150.png 64 712 100
big_dataset_depth/000000003652-segment-13965460994524880649_2842_050_2862_050_with_camera_labels-150.png 72 720 99
big_dataset_depth/000000003652-segment-13965460994524880649_2842_050_2862_050_with_camera_labels-150.png 80 712 101
big_dataset_depth/000000003652-segment-13965460994524880649_2842_050_2862_050_with_camera_labels-150.png 88 712 102
big_dataset_depth/000000003652-segment-13965460994524880649_2842_050_2862_050_with_camera_labels-150.png 96 744 95
big_dataset_depth/000000003652-segment-13965460994524880649_2842_050_2862_050_with_camera_labels-150.png 104 872 34
big_dataset_depth/000000003652-segment-13965460994524880649_2842_050_2862_050_with_camera_labels-150.png 112 816 57
big_dataset_depth/000000003652-segment-13965460994524880649_2842_050_2862_050_with_camera_labels-150.png 120 712 103
big_dataset_depth/000000003652-segment-13965460994524880649_2842_050_2862_050_with_camera_labels-150.png 128 704 104
big_dataset_depth/000000003652-segment-13965460994524880649_2842_050_2862_050_with_camera_labels-150.png 136 696 104
big_dataset_depth/000000003652-segment-13965460994524880649_2842_050_2862_050_with_camera_labels-150.png 144 704 105
big_dataset_depth/000000003652-segment-13965460994524880649_2842_050_2862_050_with_camera_labels-150.png 160 704 106
big_dataset_depth/000000003652-segment-13965460994524880649_2842_050_2862_050_with_camera_labels-150.png 168 808 60
big_dataset_depth/000000003652-segment-13965460994524880649_2842_050_2862_050_with_camera_labels-150.png 176 856 37
big_dataset_depth/000000003652-segment-13965460994524880649_2842_050_2862_050_with_camera_labels-150.png 184 752 84
big_dataset_depth/000000003652-segment-13965460994524880649_2842_050_2862_050_with_camera_labels-150.png 192 696 108
big_dataset_depth/000000003652-segment-13965460994524880649_2842_050_2862_050_with_camera_labels-150.png 200 712 106
big_dataset_depth/000000003652-segment-13965460994524880649_2842_050_2862_050_with_camera_labels-150.png 320 744 99
big_dataset_depth/000000003652-segment-13965460994524880649_2842_050_2862_050_with_camera_labels-150.png 328 616 89
big_dataset_depth/000000003652-segment-13965460994524880649_2842_050_2862_050_with_camera_labels-150.png 336 744 99
big_dataset_depth/000000003652-segment-13965460994524880649_2842_050_2862_050_with_camera_labels-150.png 344 600 88
big_dataset_depth/000000003652-segment-13965460994524880649_2842_050_2862_050_with_camera_labels-150.png 352 624 87
big_dataset_depth/000000003652-segment-13965460994524880649_2842_050_2862_050_with_camera_labels-150.png 360 656 87
big_dataset_depth/000000003652-segment-13965460994524880649_2842_050_2862_050_with_camera_labels-150.png 368 672 87
big_dataset_depth/000000003652-segment-13965460994524880649_2842_050_2862_050_with_camera_labels-150.png 376 672 87
big_dataset_depth/000000003652-segment-13965460994524880649_2842_050_2862_050_with_camera_labels-150.png 384 688 74
big_dataset_depth/000000003652-segment-13965460994524880649_2842_050_2862_050_with_camera_labels-150.png 392 648 57
big_dataset_depth/000000003652-segment-13965460994524880649_2842_050_2862_050_with_camera_labels-150.png 400 752 68
big_dataset_depth/000000003652-segment-13965460994524880649_2842_050_2862_050_with_camera_labels-150.png 408 696 85
big_dataset_depth/000000003652-segment-13965460994524880649_2842_050_2862_050_with_camera_labels-150.png 416 688 85
big_dataset_depth/000000003652-segment-13965460994524880649_2842_050_2862_050_with_camera_labels-150.png 424 656 96
big_dataset_depth/000000003652-segment-13965460994524880649_2842_050_2862_050_with_camera_labels-150.png 440 688 102
big_dataset_depth/000000003652-segment-13965460994524880649_2842_050_2862_050_with_camera_labels-150.png 448 736 108
big_dataset_depth/000000003652-segment-13965460994524880649_2842_050_2862_050_with_camera_labels-150.png 456 680 98
big_dataset_depth/000000003652-segment-13965460994524880649_2842_050_2862_050_with_camera_labels-150.png 464 640 84
big_dataset_depth/000000003652-segment-13965460994524880649_2842_050_2862_050_with_camera_labels-150.png 472 744 85
big_dataset_depth/000000003652-segment-13965460994524880649_2842_050_2862_050_with_camera_labels-150.png 480 744 85
big_dataset_depth/000000003652-segment-13965460994524880649_2842_050_2862_050_with_camera_labels-150.png 488 744 85
big_dataset_depth/000000003652-segment-13965460994524880649_2842_050_2862_050_with_camera_labels-150.png 496 744 85
big_dataset_depth/000000003652-segment-13965460994524880649_2842_050_2862_050_with_camera_labels-150.png 504 736 85
big_dataset_depth/000000003652-segment-13965460994524880649_2842_050_2862_050_with_camera_labels-150.png 512 640 82
big_dataset_depth/000000003652-segment-13965460994524880649_2842_050_2862_050_with_camera_labels-150.png 520 736 103
big_dataset_depth/000000003652-segment-13965460994524880649_2842_050_2862_050_with_camera_labels-150.png 528 624 82
big_dataset_depth/000000003652-segment-13965460994524880649_2842_050_2862_050_with_camera_labels-150.png 536 736 105
big_dataset_depth/000000003652-segment-13965460994524880649_2842_050_2862_050_with_camera_labels-150.png 544 720 103
big_dataset_depth/000000003652-segment-13965460994524880649_2842_050_2862_050_with_camera_labels-150.png 552 688 97
big_dataset_depth/000000003652-segment-13965460994524880649_2842_050_2862_050_with_camera_labels-150.png 560 664 89
big_dataset_depth/000000003652-segment-13965460994524880649_2842_050_2862_050_with_camera_labels-150.png 568 728 93
big_dataset_depth/000000003652-segment-13965460994524880649_2842_050_2862_050_with_camera_labels-150.png 584 728 93
big_dataset_depth/000000003652-segment-13965460994524880649_2842_050_2862_050_with_camera_labels-150.png 592 720 93
big_dataset_depth/000000003652-segment-13965460994524880649_2842_050_2862_050_with_camera_labels-150.png 600 728 92
big_dataset_depth/000000003652-segment-13965460994524880649_2842_050_2862_050_with_camera_labels-150.png 608 712 90
big_dataset_depth/000000003652-segment-13965460994524880649_2842_050_2862_050_with_camera_labels-150.png 616 720 92
big_dataset_depth/000000003652-segment-13965460994524880649_2842_050_2862_050_with_camera_labels-150.png 624 720 90
big_dataset_depth/000000003652-segment-13965460994524880649_2842_050_2862_050_with_camera_labels-150.png 632 720 92
big_dataset_depth/000000003652-segment-13965460994524880649_2842_050_2862_050_with_camera_labels-150.png 640 720 92
big_dataset_depth/000000003652-segment-13965460994524880649_2842_050_2862_050_with_camera_labels-150.png 648 720 92
big_dataset_depth/000000003652-segment-13965460994524880649_2842_050_2862_050_with_camera_labels-150.png 656 720 87
big_dataset_depth/000000003652-segment-13965460994524880649_2842_050_2862_050_with_camera_labels-150.png 664 720 92
big_dataset_depth/000000003652-segment-13965460994524880649_2842_050_2862_050_with_camera_labels-150.png 672 720 90
big_dataset_depth/000000003652-segment-13965460994524880649_2842_050_2862_050_with_camera_labels-150.png 680 712 95
big_dataset_depth/000000003652-segment-13965460994524880649_2842_050_2862_050_with_camera_labels-150.png 688 720 87
big_dataset_depth/000000003652-segment-13965460994524880649_2842_050_2862_050_with_camera_labels-150.png 696 720 89
big_dataset_depth/000000003652-segment-13965460994524880649_2842_050_2862_050_with_camera_labels-150.png 704 720 90
big_dataset_depth/000000003652-segment-13965460994524880649_2842_050_2862_050_with_camera_labels-150.png 1216 600 81
big_dataset_depth/000000003652-segment-13965460994524880649_2842_050_2862_050_with_camera_labels-150.png 1224 680 85
big_dataset_depth/000000003652-segment-13965460994524880649_2842_050_2862_050_with_camera_labels-150.png 1232 704 84
big_dataset_depth/000000003652-segment-13965460994524880649_2842_050_2862_050_with_camera_labels-150.png 1240 736 70
big_dataset_depth/000000003652-segment-13965460994524880649_2842_050_2862_050_with_camera_labels-150.png 1248 760 59
big_dataset_depth/000000003652-segment-13965460994524880649_2842_050_2862_050_with_camera_labels-150.png 1256 680 65
big_dataset_depth/000000003652-segment-13965460994524880649_2842_050_2862_050_with_camera_labels-150.png 1264 728 65
big_dataset_depth/000000003652-segment-13965460994524880649_2842_050_2862_050_with_camera_labels-150.png 1272 736 64
big_dataset_depth/000000003652-segment-13965460994524880649_2842_050_2862_050_with_camera_labels-150.png 1280 736 64
big_dataset_depth/000000003652-segment-13965460994524880649_2842_050_2862_050_with_camera_labels-150.png 1288 736 64
big_dataset_depth/000000003652-segment-13965460994524880649_2842_050_2862_050_with_camera_labels-150.png 1296 832 37
big_dataset_depth/000000003652-segment-13965460994524880649_2842_050_2862_050_with_camera_labels-150.png 1304 832 37
big_dataset_depth/000000003652-segment-13965460994524880649_2842_050_2862_050_with_camera_labels-150.png 1312 656 44
big_dataset_depth/000000003652-segment-13965460994524880649_2842_050_2862_050_with_camera_labels-150.png 1320 760 44
big_dataset_depth/000000003652-segment-13965460994524880649_2842_050_2862_050_with_camera_labels-150.png 1328 792 44
big_dataset_depth/000000003652-segment-13965460994524880649_2842_050_2862_050_with_camera_labels-150.png 1336 792 44
big_dataset_depth/000000003652-segment-13965460994524880649_2842_050_2862_050_with_camera_labels-150.png 1344 864 33
big_dataset_depth/000000003652-segment-13965460994524880649_2842_050_2862_050_with_camera_labels-150.png 1352 864 33
big_dataset_depth/000000003652-segment-13965460994524880649_2842_050_2862_050_with_camera_labels-150.png 1360 792 43
big_dataset_depth/000000003652-segment-13965460994524880649_2842_050_2862_050_with_camera_labels-150.png 1368 792 43
big_dataset_depth/000000003652-segment-13965460994524880649_2842_050_2862_050_with_camera_labels-150.png 1376 784 43
big_dataset_depth/000000003652-segment-13965460994524880649_2842_050_2862_050_with_camera_labels-150.png 1384 776 43
big_dataset_depth/000000003652-segment-13965460994524880649_2842_050_2862_050_with_camera_labels-150.png 1392 784 43
big_dataset_depth/000000003652-segment-13965460994524880649_2842_050_2862_050_with_camera_labels-150.png 1400 760 43
big_dataset_depth/000000003652-segment-13965460994524880649_2842_050_2862_050_with_camera_labels-150.png 1408 768 43
big_dataset_depth/000000003652-segment-13965460994524880649_2842_050_2862_050_with_camera_labels-150.png 1416 840 36
big_dataset_depth/000000003652-segment-13965460994524880649_2842_050_2862_050_with_camera_labels-150.png 1424 904 28
big_dataset_depth/000000003652-segment-13965460994524880649_2842_050_2862_050_with_camera_labels-150.png 1432 784 44
big_dataset_depth/000000003652-segment-13965460994524880649_2842_050_2862_050_with_camera_labels-150.png 1440 848 35
big_dataset_depth/000000003652-segment-13965460994524880649_2842_050_2862_050_with_camera_labels-150.png 1448 920 26
big_dataset_depth/000000003652-segment-13965460994524880649_2842_050_2862_050_with_camera_labels-150.png 1464 888 31
big_dataset_depth/000000003652-segment-13965460994524880649_2842_050_2862_050_with_camera_labels-150.png 1472 872 32
big_dataset_depth/000000003652-segment-13965460994524880649_2842_050_2862_050_with_camera_labels-150.png 1480 936 25
big_dataset_depth/000000003652-segment-13965460994524880649_2842_050_2862_050_with_camera_labels-150.png 1496 952 24
big_dataset_depth/000000003652-segment-13965460994524880649_2842_050_2862_050_with_camera_labels-150.png 1504 952 24
big_dataset_depth/000000003652-segment-13965460994524880649_2842_050_2862_050_with_camera_labels-150.png 1512 952 24
big_dataset_depth/000000003652-segment-13965460994524880649_2842_050_2862_050_with_camera_labels-150.png 1520 864 31
big_dataset_depth/000000003652-segment-13965460994524880649_2842_050_2862_050_with_camera_labels-150.png 1528 968 23
big_dataset_depth/000000003652-segment-13965460994524880649_2842_050_2862_050_with_camera_labels-150.png 1536 864 28
big_dataset_depth/000000003652-segment-13965460994524880649_2842_050_2862_050_with_camera_labels-150.png 1544 968 23
big_dataset_depth/000000003652-segment-13965460994524880649_2842_050_2862_050_with_camera_labels-150.png 1552 792 39
big_dataset_depth/000000003652-segment-13965460994524880649_2842_050_2862_050_with_camera_labels-150.png 1568 984 22
big_dataset_depth/000000003652-segment-13965460994524880649_2842_050_2862_050_with_camera_labels-150.png 1576 984 22
big_dataset_depth/000000003652-segment-13965460994524880649_2842_050_2862_050_with_camera_labels-150.png 1584 864 29
big_dataset_depth/000000003652-segment-13965460994524880649_2842_050_2862_050_with_camera_labels-150.png 1592 800 32
big_dataset_depth/000000003652-segment-13965460994524880649_2842_050_2862_050_with_camera_labels-150.png 1608 840 32
big_dataset_depth/000000003652-segment-13965460994524880649_2842_050_2862_050_with_camera_labels-150.png 1616 920 27
big_dataset_depth/000000003652-segment-13965460994524880649_2842_050_2862_050_with_camera_labels-150.png 1624 1008 21
big_dataset_depth/000000003652-segment-13965460994524880649_2842_050_2862_050_with_camera_labels-150.png 1632 880 28
big_dataset_depth/000000003652-segment-13965460994524880649_2842_050_2862_050_with_camera_labels-150.png 1656 816 32
big_dataset_depth/000000003652-segment-13965460994524880649_2842_050_2862_050_with_camera_labels-150.png 1664 1024 20
big_dataset_depth/000000003652-segment-13965460994524880649_2842_050_2862_050_with_camera_labels-150.png 1672 1024 20
big_dataset_depth/000000003652-segment-13965460994524880649_2842_050_2862_050_with_camera_labels-150.png 1680 1024 20
big_dataset_depth/000000003652-segment-13965460994524880649_2842_050_2862_050_with_camera_labels-150.png 1688 1024 20
big_dataset_depth/000000003652-segment-13965460994524880649_2842_050_2862_050_with_camera_labels-150.png 1696 968 23
big_dataset_depth/000000003652-segment-13965460994524880649_2842_050_2862_050_with_camera_labels-150.png 1704 968 24
big_dataset_depth/000000003652-segment-13965460994524880649_2842_050_2862_050_with_camera_labels-150.png 1712 936 26
big_dataset_depth/000000003652-segment-13965460994524880649_2842_050_2862_050_with_camera_labels-150.png 1720 912 26
big_dataset_depth/000000003652-segment-13965460994524880649_2842_050_2862_050_with_camera_labels-150.png 1752 840 32
big_dataset_depth/000000003652-segment-13965460994524880649_2842_050_2862_050_with_camera_labels-150.png 1760 1048 19
big_dataset_depth/000000003652-segment-13965460994524880649_2842_050_2862_050_with_camera_labels-150.png 1768 1048 19
big_dataset_depth/000000003652-segment-13965460994524880649_2842_050_2862_050_with_camera_labels-150.png 1776 1048 19
big_dataset_depth/000000003652-segment-13965460994524880649_2842_050_2862_050_with_camera_labels-150.png 1792 1048 19
big_dataset_depth/000000003652-segment-13965460994524880649_2842_050_2862_050_with_camera_labels-150.png 1800 944 26
big_dataset_depth/000000003652-segment-13965460994524880649_2842_050_2862_050_with_camera_labels-150.png 1808 1048 19
big_dataset_depth/000000003652-segment-13965460994524880649_2842_050_2862_050_with_camera_labels-150.png 1816 864 28
big_dataset_depth/000000003652-segment-13965460994524880649_2842_050_2862_050_with_camera_labels-150.png 1824 928 23
big_dataset_depth/000000003652-segment-13965460994524880649_2842_050_2862_050_with_camera_labels-150.png 1832 904 26
big_dataset_depth/000000003652-segment-13965460994524880649_2842_050_2862_050_with_camera_labels-150.png 1840 880 25
big_dataset_depth/000000003652-segment-13965460994524880649_2842_050_2862_050_with_camera_labels-150.png 1856 776 41
big_dataset_depth/000000003652-segment-13965460994524880649_2842_050_2862_050_with_camera_labels-150.png 1864 960 22
big_dataset_depth/000000003652-segment-13965460994524880649_2842_050_2862_050_with_camera_labels-150.png 1872 776 41
big_dataset_depth/000000003652-segment-13965460994524880649_2842_050_2862_050_with_camera_labels-150.png 1880 776 41
big_dataset_depth/000000003652-segment-13965460994524880649_2842_050_2862_050_with_camera_labels-150.png 1888 768 41
big_dataset_depth/000000003652-segment-13965460994524880649_2842_050_2862_050_with_camera_labels-150.png 1896 1072 18
big_dataset_depth/000000003652-segment-13965460994524880649_2842_050_2862_050_with_camera_labels-150.png 1904 920 30
big_dataset_depth/000000003652-segment-13965460994524880649_2842_050_2862_050_with_camera_labels-150.png 1912 1072 18
