big_dataset_depth/000000003670-segment-13984577671034960830_4545_000_4565_000_with_camera_labels-130.png 0 936 49
big_dataset_depth/000000003670-segment-13984577671034960830_4545_000_4565_000_with_camera_labels-130.png 8 1040 37
big_dataset_depth/000000003670-segment-13984577671034960830_4545_000_4565_000_with_camera_labels-130.png 16 992 45
big_dataset_depth/000000003670-segment-13984577671034960830_4545_000_4565_000_with_camera_labels-130.png 24 1096 31
big_dataset_depth/000000003670-segment-13984577671034960830_4545_000_4565_000_with_camera_labels-130.png 32 1008 40
big_dataset_depth/000000003670-segment-13984577671034960830_4545_000_4565_000_with_camera_labels-130.png 40 1152 24
big_dataset_depth/000000003670-segment-13984577671034960830_4545_000_4565_000_with_camera_labels-130.png 48 1272 13
big_dataset_depth/000000003670-segment-13984577671034960830_4545_000_4565_000_with_camera_labels-130.png 56 1152 27
big_dataset_depth/000000003670-segment-13984577671034960830_4545_000_4565_000_with_camera_labels-130.png 64 1072 27
big_dataset_depth/000000003670-segment-13984577671034960830_4545_000_4565_000_with_camera_labels-130.png 72 1272 13
big_dataset_depth/000000003670-segment-13984577671034960830_4545_000_4565_000_with_camera_labels-130.png 80 1096 32
big_dataset_depth/000000003670-segment-13984577671034960830_4545_000_4565_000_with_camera_labels-130.png 88 1248 14
big_dataset_depth/000000003670-segment-13984577671034960830_4545_000_4565_000_with_camera_labels-130.png 96 1152 20
big_dataset_depth/000000003670-segment-13984577671034960830_4545_000_4565_000_with_camera_labels-130.png 104 1248 14
big_dataset_depth/000000003670-segment-13984577671034960830_4545_000_4565_000_with_camera_labels-130.png 112 1248 14
big_dataset_depth/000000003670-segment-13984577671034960830_4545_000_4565_000_with_camera_labels-130.png 120 1248 14
big_dataset_depth/000000003670-segment-13984577671034960830_4545_000_4565_000_with_camera_labels-130.png 128 1248 14
big_dataset_depth/000000003670-segment-13984577671034960830_4545_000_4565_000_with_camera_labels-130.png 136 1224 14
big_dataset_depth/000000003670-segment-13984577671034960830_4545_000_4565_000_with_camera_labels-130.png 144 928 39
big_dataset_depth/000000003670-segment-13984577671034960830_4545_000_4565_000_with_camera_labels-130.png 152 1216 14
big_dataset_depth/000000003670-segment-13984577671034960830_4545_000_4565_000_with_camera_labels-130.png 160 1216 14
big_dataset_depth/000000003670-segment-13984577671034960830_4545_000_4565_000_with_camera_labels-130.png 168 1216 14
big_dataset_depth/000000003670-segment-13984577671034960830_4545_000_4565_000_with_camera_labels-130.png 176 1216 14
big_dataset_depth/000000003670-segment-13984577671034960830_4545_000_4565_000_with_camera_labels-130.png 184 1216 14
big_dataset_depth/000000003670-segment-13984577671034960830_4545_000_4565_000_with_camera_labels-130.png 192 1216 14
big_dataset_depth/000000003670-segment-13984577671034960830_4545_000_4565_000_with_camera_labels-130.png 200 1208 14
big_dataset_depth/000000003670-segment-13984577671034960830_4545_000_4565_000_with_camera_labels-130.png 208 1192 14
big_dataset_depth/000000003670-segment-13984577671034960830_4545_000_4565_000_with_camera_labels-130.png 216 1192 14
big_dataset_depth/000000003670-segment-13984577671034960830_4545_000_4565_000_with_camera_labels-130.png 224 1192 14
big_dataset_depth/000000003670-segment-13984577671034960830_4545_000_4565_000_with_camera_labels-130.png 232 1192 15
big_dataset_depth/000000003670-segment-13984577671034960830_4545_000_4565_000_with_camera_labels-130.png 240 1192 15
big_dataset_depth/000000003670-segment-13984577671034960830_4545_000_4565_000_with_camera_labels-130.png 248 1192 15
big_dataset_depth/000000003670-segment-13984577671034960830_4545_000_4565_000_with_camera_labels-130.png 256 1192 15
big_dataset_depth/000000003670-segment-13984577671034960830_4545_000_4565_000_with_camera_labels-130.png 264 1168 15
big_dataset_depth/000000003670-segment-13984577671034960830_4545_000_4565_000_with_camera_labels-130.png 272 1176 15
big_dataset_depth/000000003670-segment-13984577671034960830_4545_000_4565_000_with_camera_labels-130.png 280 1168 15
big_dataset_depth/000000003670-segment-13984577671034960830_4545_000_4565_000_with_camera_labels-130.png 288 1168 15
big_dataset_depth/000000003670-segment-13984577671034960830_4545_000_4565_000_with_camera_labels-130.png 296 1168 15
big_dataset_depth/000000003670-segment-13984577671034960830_4545_000_4565_000_with_camera_labels-130.png 304 1168 15
big_dataset_depth/000000003670-segment-13984577671034960830_4545_000_4565_000_with_camera_labels-130.png 312 1168 15
big_dataset_depth/000000003670-segment-13984577671034960830_4545_000_4565_000_with_camera_labels-130.png 320 1168 15
big_dataset_depth/000000003670-segment-13984577671034960830_4545_000_4565_000_with_camera_labels-130.png 328 1152 15
big_dataset_depth/000000003670-segment-13984577671034960830_4545_000_4565_000_with_camera_labels-130.png 336 1152 15
big_dataset_depth/000000003670-segment-13984577671034960830_4545_000_4565_000_with_camera_labels-130.png 344 1144 15
big_dataset_depth/000000003670-segment-13984577671034960830_4545_000_4565_000_with_camera_labels-130.png 352 1144 15
big_dataset_depth/000000003670-segment-13984577671034960830_4545_000_4565_000_with_camera_labels-130.png 360 1144 16
big_dataset_depth/000000003670-segment-13984577671034960830_4545_000_4565_000_with_camera_labels-130.png 368 1144 16
big_dataset_depth/000000003670-segment-13984577671034960830_4545_000_4565_000_with_camera_labels-130.png 376 1144 16
big_dataset_depth/000000003670-segment-13984577671034960830_4545_000_4565_000_with_camera_labels-130.png 384 1144 16
big_dataset_depth/000000003670-segment-13984577671034960830_4545_000_4565_000_with_camera_labels-130.png 392 1144 16
big_dataset_depth/000000003670-segment-13984577671034960830_4545_000_4565_000_with_camera_labels-130.png 400 1144 16
big_dataset_depth/000000003670-segment-13984577671034960830_4545_000_4565_000_with_camera_labels-130.png 408 1120 16
big_dataset_depth/000000003670-segment-13984577671034960830_4545_000_4565_000_with_camera_labels-130.png 416 1128 16
big_dataset_depth/000000003670-segment-13984577671034960830_4545_000_4565_000_with_camera_labels-130.png 424 1120 16
big_dataset_depth/000000003670-segment-13984577671034960830_4545_000_4565_000_with_camera_labels-130.png 432 1120 16
big_dataset_depth/000000003670-segment-13984577671034960830_4545_000_4565_000_with_camera_labels-130.png 440 1120 16
big_dataset_depth/000000003670-segment-13984577671034960830_4545_000_4565_000_with_camera_labels-130.png 448 1120 16
big_dataset_depth/000000003670-segment-13984577671034960830_4545_000_4565_000_with_camera_labels-130.png 456 1104 16
big_dataset_depth/000000003670-segment-13984577671034960830_4545_000_4565_000_with_camera_labels-130.png 464 1120 16
big_dataset_depth/000000003670-segment-13984577671034960830_4545_000_4565_000_with_camera_labels-130.png 472 1096 17
big_dataset_depth/000000003670-segment-13984577671034960830_4545_000_4565_000_with_camera_labels-130.png 480 1096 17
big_dataset_depth/000000003670-segment-13984577671034960830_4545_000_4565_000_with_camera_labels-130.png 488 1096 17
big_dataset_depth/000000003670-segment-13984577671034960830_4545_000_4565_000_with_camera_labels-130.png 496 1096 17
big_dataset_depth/000000003670-segment-13984577671034960830_4545_000_4565_000_with_camera_labels-130.png 504 1096 17
big_dataset_depth/000000003670-segment-13984577671034960830_4545_000_4565_000_with_camera_labels-130.png 512 1096 17
big_dataset_depth/000000003670-segment-13984577671034960830_4545_000_4565_000_with_camera_labels-130.png 520 1096 17
big_dataset_depth/000000003670-segment-13984577671034960830_4545_000_4565_000_with_camera_labels-130.png 528 1088 17
big_dataset_depth/000000003670-segment-13984577671034960830_4545_000_4565_000_with_camera_labels-130.png 544 1072 17
big_dataset_depth/000000003670-segment-13984577671034960830_4545_000_4565_000_with_camera_labels-130.png 552 1072 17
big_dataset_depth/000000003670-segment-13984577671034960830_4545_000_4565_000_with_camera_labels-130.png 560 1072 17
big_dataset_depth/000000003670-segment-13984577671034960830_4545_000_4565_000_with_camera_labels-130.png 568 1064 18
big_dataset_depth/000000003670-segment-13984577671034960830_4545_000_4565_000_with_camera_labels-130.png 576 1072 18
big_dataset_depth/000000003670-segment-13984577671034960830_4545_000_4565_000_with_camera_labels-130.png 584 1056 18
big_dataset_depth/000000003670-segment-13984577671034960830_4545_000_4565_000_with_camera_labels-130.png 592 1056 18
big_dataset_depth/000000003670-segment-13984577671034960830_4545_000_4565_000_with_camera_labels-130.png 600 1056 18
big_dataset_depth/000000003670-segment-13984577671034960830_4545_000_4565_000_with_camera_labels-130.png 608 1056 18
big_dataset_depth/000000003670-segment-13984577671034960830_4545_000_4565_000_with_camera_labels-130.png 616 1056 18
big_dataset_depth/000000003670-segment-13984577671034960830_4545_000_4565_000_with_camera_labels-130.png 624 1056 18
big_dataset_depth/000000003670-segment-13984577671034960830_4545_000_4565_000_with_camera_labels-130.png 632 1040 18
big_dataset_depth/000000003670-segment-13984577671034960830_4545_000_4565_000_with_camera_labels-130.png 640 1032 18
big_dataset_depth/000000003670-segment-13984577671034960830_4545_000_4565_000_with_camera_labels-130.png 648 1032 18
big_dataset_depth/000000003670-segment-13984577671034960830_4545_000_4565_000_with_camera_labels-130.png 656 1032 19
big_dataset_depth/000000003670-segment-13984577671034960830_4545_000_4565_000_with_camera_labels-130.png 664 1032 19
big_dataset_depth/000000003670-segment-13984577671034960830_4545_000_4565_000_with_camera_labels-130.png 672 1032 19
big_dataset_depth/000000003670-segment-13984577671034960830_4545_000_4565_000_with_camera_labels-130.png 680 1016 19
big_dataset_depth/000000003670-segment-13984577671034960830_4545_000_4565_000_with_camera_labels-130.png 688 1016 19
big_dataset_depth/000000003670-segment-13984577671034960830_4545_000_4565_000_with_camera_labels-130.png 696 1016 19
big_dataset_depth/000000003670-segment-13984577671034960830_4545_000_4565_000_with_camera_labels-130.png 704 1016 19
big_dataset_depth/000000003670-segment-13984577671034960830_4545_000_4565_000_with_camera_labels-130.png 712 1016 19
big_dataset_depth/000000003670-segment-13984577671034960830_4545_000_4565_000_with_camera_labels-130.png 720 1008 19
big_dataset_depth/000000003670-segment-13984577671034960830_4545_000_4565_000_with_camera_labels-130.png 728 1000 20
big_dataset_depth/000000003670-segment-13984577671034960830_4545_000_4565_000_with_camera_labels-130.png 736 1000 20
big_dataset_depth/000000003670-segment-13984577671034960830_4545_000_4565_000_with_camera_labels-130.png 744 1000 20
big_dataset_depth/000000003670-segment-13984577671034960830_4545_000_4565_000_with_camera_labels-130.png 752 1000 20
big_dataset_depth/000000003670-segment-13984577671034960830_4545_000_4565_000_with_camera_labels-130.png 760 1000 20
big_dataset_depth/000000003670-segment-13984577671034960830_4545_000_4565_000_with_camera_labels-130.png 768 976 20
big_dataset_depth/000000003670-segment-13984577671034960830_4545_000_4565_000_with_camera_labels-130.png 776 976 20
big_dataset_depth/000000003670-segment-13984577671034960830_4545_000_4565_000_with_camera_labels-130.png 784 976 20
big_dataset_depth/000000003670-segment-13984577671034960830_4545_000_4565_000_with_camera_labels-130.png 792 976 21
big_dataset_depth/000000003670-segment-13984577671034960830_4545_000_4565_000_with_camera_labels-130.png 800 976 21
big_dataset_depth/000000003670-segment-13984577671034960830_4545_000_4565_000_with_camera_labels-130.png 808 976 21
big_dataset_depth/000000003670-segment-13984577671034960830_4545_000_4565_000_with_camera_labels-130.png 816 976 21
big_dataset_depth/000000003670-segment-13984577671034960830_4545_000_4565_000_with_camera_labels-130.png 824 976 21
big_dataset_depth/000000003670-segment-13984577671034960830_4545_000_4565_000_with_camera_labels-130.png 832 832 24
big_dataset_depth/000000003670-segment-13984577671034960830_4545_000_4565_000_with_camera_labels-130.png 840 960 21
big_dataset_depth/000000003670-segment-13984577671034960830_4545_000_4565_000_with_camera_labels-130.png 848 960 21
big_dataset_depth/000000003670-segment-13984577671034960830_4545_000_4565_000_with_camera_labels-130.png 856 960 21
big_dataset_depth/000000003670-segment-13984577671034960830_4545_000_4565_000_with_camera_labels-130.png 864 784 25
big_dataset_depth/000000003670-segment-13984577671034960830_4545_000_4565_000_with_camera_labels-130.png 872 960 22
big_dataset_depth/000000003670-segment-13984577671034960830_4545_000_4565_000_with_camera_labels-130.png 880 896 23
big_dataset_depth/000000003670-segment-13984577671034960830_4545_000_4565_000_with_camera_labels-130.png 888 944 22
big_dataset_depth/000000003670-segment-13984577671034960830_4545_000_4565_000_with_camera_labels-130.png 896 944 22
big_dataset_depth/000000003670-segment-13984577671034960830_4545_000_4565_000_with_camera_labels-130.png 904 944 22
big_dataset_depth/000000003670-segment-13984577671034960830_4545_000_4565_000_with_camera_labels-130.png 912 888 24
big_dataset_depth/000000003670-segment-13984577671034960830_4545_000_4565_000_with_camera_labels-130.png 920 856 23
big_dataset_depth/000000003670-segment-13984577671034960830_4545_000_4565_000_with_camera_labels-130.png 928 808 34
big_dataset_depth/000000003670-segment-13984577671034960830_4545_000_4565_000_with_camera_labels-130.png 936 936 23
big_dataset_depth/000000003670-segment-13984577671034960830_4545_000_4565_000_with_camera_labels-130.png 944 936 23
big_dataset_depth/000000003670-segment-13984577671034960830_4545_000_4565_000_with_camera_labels-130.png 952 944 14
big_dataset_depth/000000003670-segment-13984577671034960830_4545_000_4565_000_with_camera_labels-130.png 960 1040 13
big_dataset_depth/000000003670-segment-13984577671034960830_4545_000_4565_000_with_camera_labels-130.png 968 1064 13
big_dataset_depth/000000003670-segment-13984577671034960830_4545_000_4565_000_with_camera_labels-130.png 976 1064 13
big_dataset_depth/000000003670-segment-13984577671034960830_4545_000_4565_000_with_camera_labels-130.png 984 1152 14
big_dataset_depth/000000003670-segment-13984577671034960830_4545_000_4565_000_with_camera_labels-130.png 992 1080 14
big_dataset_depth/000000003670-segment-13984577671034960830_4545_000_4565_000_with_camera_labels-130.png 1000 1064 13
big_dataset_depth/000000003670-segment-13984577671034960830_4545_000_4565_000_with_camera_labels-130.png 1008 1064 13
big_dataset_depth/000000003670-segment-13984577671034960830_4545_000_4565_000_with_camera_labels-130.png 1016 1064 13
big_dataset_depth/000000003670-segment-13984577671034960830_4545_000_4565_000_with_camera_labels-130.png 1024 1128 15
big_dataset_depth/000000003670-segment-13984577671034960830_4545_000_4565_000_with_camera_labels-130.png 1032 1128 15
big_dataset_depth/000000003670-segment-13984577671034960830_4545_000_4565_000_with_camera_labels-130.png 1040 1128 15
big_dataset_depth/000000003670-segment-13984577671034960830_4545_000_4565_000_with_camera_labels-130.png 1048 1144 13
big_dataset_depth/000000003670-segment-13984577671034960830_4545_000_4565_000_with_camera_labels-130.png 1056 1128 15
big_dataset_depth/000000003670-segment-13984577671034960830_4545_000_4565_000_with_camera_labels-130.png 1064 1128 15
big_dataset_depth/000000003670-segment-13984577671034960830_4545_000_4565_000_with_camera_labels-130.png 1072 1112 14
big_dataset_depth/000000003670-segment-13984577671034960830_4545_000_4565_000_with_camera_labels-130.png 1080 1112 14
big_dataset_depth/000000003670-segment-13984577671034960830_4545_000_4565_000_with_camera_labels-130.png 1088 1112 14
big_dataset_depth/000000003670-segment-13984577671034960830_4545_000_4565_000_with_camera_labels-130.png 1096 1136 15
big_dataset_depth/000000003670-segment-13984577671034960830_4545_000_4565_000_with_camera_labels-130.png 1104 1088 13
big_dataset_depth/000000003670-segment-13984577671034960830_4545_000_4565_000_with_camera_labels-130.png 1112 1088 13
big_dataset_depth/000000003670-segment-13984577671034960830_4545_000_4565_000_with_camera_labels-130.png 1120 1072 13
big_dataset_depth/000000003670-segment-13984577671034960830_4545_000_4565_000_with_camera_labels-130.png 1128 1088 13
big_dataset_depth/000000003670-segment-13984577671034960830_4545_000_4565_000_with_camera_labels-130.png 1136 1120 13
big_dataset_depth/000000003670-segment-13984577671034960830_4545_000_4565_000_with_camera_labels-130.png 1144 1112 13
big_dataset_depth/000000003670-segment-13984577671034960830_4545_000_4565_000_with_camera_labels-130.png 1152 1176 14
big_dataset_depth/000000003670-segment-13984577671034960830_4545_000_4565_000_with_camera_labels-130.png 1160 1120 13
big_dataset_depth/000000003670-segment-13984577671034960830_4545_000_4565_000_with_camera_labels-130.png 1168 1112 13
big_dataset_depth/000000003670-segment-13984577671034960830_4545_000_4565_000_with_camera_labels-130.png 1176 1136 13
big_dataset_depth/000000003670-segment-13984577671034960830_4545_000_4565_000_with_camera_labels-130.png 1184 1160 13
big_dataset_depth/000000003670-segment-13984577671034960830_4545_000_4565_000_with_camera_labels-130.png 1192 1120 13
big_dataset_depth/000000003670-segment-13984577671034960830_4545_000_4565_000_with_camera_labels-130.png 1200 1136 13
big_dataset_depth/000000003670-segment-13984577671034960830_4545_000_4565_000_with_camera_labels-130.png 1208 1096 13
big_dataset_depth/000000003670-segment-13984577671034960830_4545_000_4565_000_with_camera_labels-130.png 1216 1080 13
big_dataset_depth/000000003670-segment-13984577671034960830_4545_000_4565_000_with_camera_labels-130.png 1224 1080 13
big_dataset_depth/000000003670-segment-13984577671034960830_4545_000_4565_000_with_camera_labels-130.png 1232 1072 13
big_dataset_depth/000000003670-segment-13984577671034960830_4545_000_4565_000_with_camera_labels-130.png 1240 1088 13
big_dataset_depth/000000003670-segment-13984577671034960830_4545_000_4565_000_with_camera_labels-130.png 1248 1072 13
big_dataset_depth/000000003670-segment-13984577671034960830_4545_000_4565_000_with_camera_labels-130.png 1256 1088 13
big_dataset_depth/000000003670-segment-13984577671034960830_4545_000_4565_000_with_camera_labels-130.png 1264 1088 13
big_dataset_depth/000000003670-segment-13984577671034960830_4545_000_4565_000_with_camera_labels-130.png 1272 1072 13
big_dataset_depth/000000003670-segment-13984577671034960830_4545_000_4565_000_with_camera_labels-130.png 1280 1096 13
big_dataset_depth/000000003670-segment-13984577671034960830_4545_000_4565_000_with_camera_labels-130.png 1288 1096 13
big_dataset_depth/000000003670-segment-13984577671034960830_4545_000_4565_000_with_camera_labels-130.png 1296 1096 13
big_dataset_depth/000000003670-segment-13984577671034960830_4545_000_4565_000_with_camera_labels-130.png 1304 1088 13
big_dataset_depth/000000003670-segment-13984577671034960830_4545_000_4565_000_with_camera_labels-130.png 1312 1096 13
big_dataset_depth/000000003670-segment-13984577671034960830_4545_000_4565_000_with_camera_labels-130.png 1320 1096 13
big_dataset_depth/000000003670-segment-13984577671034960830_4545_000_4565_000_with_camera_labels-130.png 1328 1096 13
big_dataset_depth/000000003670-segment-13984577671034960830_4545_000_4565_000_with_camera_labels-130.png 1336 1096 13
big_dataset_depth/000000003670-segment-13984577671034960830_4545_000_4565_000_with_camera_labels-130.png 1344 1096 13
big_dataset_depth/000000003670-segment-13984577671034960830_4545_000_4565_000_with_camera_labels-130.png 1352 1096 13
big_dataset_depth/000000003670-segment-13984577671034960830_4545_000_4565_000_with_camera_labels-130.png 1360 1096 13
big_dataset_depth/000000003670-segment-13984577671034960830_4545_000_4565_000_with_camera_labels-130.png 1368 1104 13
big_dataset_depth/000000003670-segment-13984577671034960830_4545_000_4565_000_with_camera_labels-130.png 1376 1088 13
big_dataset_depth/000000003670-segment-13984577671034960830_4545_000_4565_000_with_camera_labels-130.png 1384 1104 13
big_dataset_depth/000000003670-segment-13984577671034960830_4545_000_4565_000_with_camera_labels-130.png 1392 1080 13
big_dataset_depth/000000003670-segment-13984577671034960830_4545_000_4565_000_with_camera_labels-130.png 1400 1080 13
big_dataset_depth/000000003670-segment-13984577671034960830_4545_000_4565_000_with_camera_labels-130.png 1408 1080 13
big_dataset_depth/000000003670-segment-13984577671034960830_4545_000_4565_000_with_camera_labels-130.png 1416 1096 13
big_dataset_depth/000000003670-segment-13984577671034960830_4545_000_4565_000_with_camera_labels-130.png 1424 1080 13
big_dataset_depth/000000003670-segment-13984577671034960830_4545_000_4565_000_with_camera_labels-130.png 1432 1144 15
big_dataset_depth/000000003670-segment-13984577671034960830_4545_000_4565_000_with_camera_labels-130.png 1440 1096 13
big_dataset_depth/000000003670-segment-13984577671034960830_4545_000_4565_000_with_camera_labels-130.png 1448 1152 14
big_dataset_depth/000000003670-segment-13984577671034960830_4545_000_4565_000_with_camera_labels-130.png 1456 1168 14
big_dataset_depth/000000003670-segment-13984577671034960830_4545_000_4565_000_with_camera_labels-130.png 1464 1168 14
big_dataset_depth/000000003670-segment-13984577671034960830_4545_000_4565_000_with_camera_labels-130.png 1472 1168 14
big_dataset_depth/000000003670-segment-13984577671034960830_4545_000_4565_000_with_camera_labels-130.png 1480 1160 14
big_dataset_depth/000000003670-segment-13984577671034960830_4545_000_4565_000_with_camera_labels-130.png 1488 1176 14
big_dataset_depth/000000003670-segment-13984577671034960830_4545_000_4565_000_with_camera_labels-130.png 1496 1176 14
big_dataset_depth/000000003670-segment-13984577671034960830_4545_000_4565_000_with_camera_labels-130.png 1504 1176 14
big_dataset_depth/000000003670-segment-13984577671034960830_4545_000_4565_000_with_camera_labels-130.png 1512 1160 14
big_dataset_depth/000000003670-segment-13984577671034960830_4545_000_4565_000_with_camera_labels-130.png 1520 1152 14
big_dataset_depth/000000003670-segment-13984577671034960830_4545_000_4565_000_with_camera_labels-130.png 1528 1144 15
big_dataset_depth/000000003670-segment-13984577671034960830_4545_000_4565_000_with_camera_labels-130.png 1536 1120 15
big_dataset_depth/000000003670-segment-13984577671034960830_4545_000_4565_000_with_camera_labels-130.png 1552 1016 16
big_dataset_depth/000000003670-segment-13984577671034960830_4545_000_4565_000_with_camera_labels-130.png 1560 1016 17
big_dataset_depth/000000003670-segment-13984577671034960830_4545_000_4565_000_with_camera_labels-130.png 1568 848 41
big_dataset_depth/000000003670-segment-13984577671034960830_4545_000_4565_000_with_camera_labels-130.png 1576 984 18
big_dataset_depth/000000003670-segment-13984577671034960830_4545_000_4565_000_with_camera_labels-130.png 1584 984 19
big_dataset_depth/000000003670-segment-13984577671034960830_4545_000_4565_000_with_camera_labels-130.png 1592 840 37
big_dataset_depth/000000003670-segment-13984577671034960830_4545_000_4565_000_with_camera_labels-130.png 1600 984 19
big_dataset_depth/000000003670-segment-13984577671034960830_4545_000_4565_000_with_camera_labels-130.png 1608 1000 19
big_dataset_depth/000000003670-segment-13984577671034960830_4545_000_4565_000_with_camera_labels-130.png 1616 992 19
big_dataset_depth/000000003670-segment-13984577671034960830_4545_000_4565_000_with_camera_labels-130.png 1624 792 35
big_dataset_depth/000000003670-segment-13984577671034960830_4545_000_4565_000_with_camera_labels-130.png 1632 800 27
big_dataset_depth/000000003670-segment-13984577671034960830_4545_000_4565_000_with_camera_labels-130.png 1640 808 26
big_dataset_depth/000000003670-segment-13984577671034960830_4545_000_4565_000_with_camera_labels-130.png 1648 808 26
big_dataset_depth/000000003670-segment-13984577671034960830_4545_000_4565_000_with_camera_labels-130.png 1656 832 27
big_dataset_depth/000000003670-segment-13984577671034960830_4545_000_4565_000_with_camera_labels-130.png 1664 816 26
big_dataset_depth/000000003670-segment-13984577671034960830_4545_000_4565_000_with_camera_labels-130.png 1672 832 27
big_dataset_depth/000000003670-segment-13984577671034960830_4545_000_4565_000_with_camera_labels-130.png 1680 832 27
big_dataset_depth/000000003670-segment-13984577671034960830_4545_000_4565_000_with_camera_labels-130.png 1688 816 26
big_dataset_depth/000000003670-segment-13984577671034960830_4545_000_4565_000_with_camera_labels-130.png 1696 824 27
big_dataset_depth/000000003670-segment-13984577671034960830_4545_000_4565_000_with_camera_labels-130.png 1704 856 27
big_dataset_depth/000000003670-segment-13984577671034960830_4545_000_4565_000_with_camera_labels-130.png 1712 816 26
big_dataset_depth/000000003670-segment-13984577671034960830_4545_000_4565_000_with_camera_labels-130.png 1720 824 26
big_dataset_depth/000000003670-segment-13984577671034960830_4545_000_4565_000_with_camera_labels-130.png 1728 816 26
big_dataset_depth/000000003670-segment-13984577671034960830_4545_000_4565_000_with_camera_labels-130.png 1736 832 26
big_dataset_depth/000000003670-segment-13984577671034960830_4545_000_4565_000_with_camera_labels-130.png 1744 832 27
big_dataset_depth/000000003670-segment-13984577671034960830_4545_000_4565_000_with_camera_labels-130.png 1752 816 26
big_dataset_depth/000000003670-segment-13984577671034960830_4545_000_4565_000_with_camera_labels-130.png 1760 816 26
big_dataset_depth/000000003670-segment-13984577671034960830_4545_000_4565_000_with_camera_labels-130.png 1768 864 26
big_dataset_depth/000000003670-segment-13984577671034960830_4545_000_4565_000_with_camera_labels-130.png 1784 856 25
big_dataset_depth/000000003670-segment-13984577671034960830_4545_000_4565_000_with_camera_labels-130.png 1792 872 25
big_dataset_depth/000000003670-segment-13984577671034960830_4545_000_4565_000_with_camera_labels-130.png 1800 864 25
big_dataset_depth/000000003670-segment-13984577671034960830_4545_000_4565_000_with_camera_labels-130.png 1808 856 26
big_dataset_depth/000000003670-segment-13984577671034960830_4545_000_4565_000_with_camera_labels-130.png 1816 848 26
big_dataset_depth/000000003670-segment-13984577671034960830_4545_000_4565_000_with_camera_labels-130.png 1824 856 26
big_dataset_depth/000000003670-segment-13984577671034960830_4545_000_4565_000_with_camera_labels-130.png 1832 856 26
big_dataset_depth/000000003670-segment-13984577671034960830_4545_000_4565_000_with_camera_labels-130.png 1840 856 26
big_dataset_depth/000000003670-segment-13984577671034960830_4545_000_4565_000_with_camera_labels-130.png 1848 840 26
big_dataset_depth/000000003670-segment-13984577671034960830_4545_000_4565_000_with_camera_labels-130.png 1856 856 26
big_dataset_depth/000000003670-segment-13984577671034960830_4545_000_4565_000_with_camera_labels-130.png 1864 856 26
big_dataset_depth/000000003670-segment-13984577671034960830_4545_000_4565_000_with_camera_labels-130.png 1872 856 26
big_dataset_depth/000000003670-segment-13984577671034960830_4545_000_4565_000_with_camera_labels-130.png 1880 856 26
big_dataset_depth/000000003670-segment-13984577671034960830_4545_000_4565_000_with_camera_labels-130.png 1888 832 26
big_dataset_depth/000000003670-segment-13984577671034960830_4545_000_4565_000_with_camera_labels-130.png 1896 864 26
big_dataset_depth/000000003670-segment-13984577671034960830_4545_000_4565_000_with_camera_labels-130.png 1904 864 25
big_dataset_depth/000000003670-segment-13984577671034960830_4545_000_4565_000_with_camera_labels-130.png 1912 872 25
