big_dataset_depth/000000001229-segment-11183906854663518829_2294_000_2314_000_with_camera_labels-100.png 0 696 104
big_dataset_depth/000000001229-segment-11183906854663518829_2294_000_2314_000_with_camera_labels-100.png 8 696 101
big_dataset_depth/000000001229-segment-11183906854663518829_2294_000_2314_000_with_camera_labels-100.png 16 696 101
big_dataset_depth/000000001229-segment-11183906854663518829_2294_000_2314_000_with_camera_labels-100.png 24 696 97
big_dataset_depth/000000001229-segment-11183906854663518829_2294_000_2314_000_with_camera_labels-100.png 32 696 97
big_dataset_depth/000000001229-segment-11183906854663518829_2294_000_2314_000_with_camera_labels-100.png 40 696 97
big_dataset_depth/000000001229-segment-11183906854663518829_2294_000_2314_000_with_camera_labels-100.png 48 680 101
big_dataset_depth/000000001229-segment-11183906854663518829_2294_000_2314_000_with_camera_labels-100.png 56 688 97
big_dataset_depth/000000001229-segment-11183906854663518829_2294_000_2314_000_with_camera_labels-100.png 64 680 101
big_dataset_depth/000000001229-segment-11183906854663518829_2294_000_2314_000_with_camera_labels-100.png 72 696 104
big_dataset_depth/000000001229-segment-11183906854663518829_2294_000_2314_000_with_camera_labels-100.png 80 696 104
big_dataset_depth/000000001229-segment-11183906854663518829_2294_000_2314_000_with_camera_labels-100.png 88 696 104
big_dataset_depth/000000001229-segment-11183906854663518829_2294_000_2314_000_with_camera_labels-100.png 96 680 106
big_dataset_depth/000000001229-segment-11183906854663518829_2294_000_2314_000_with_camera_labels-100.png 104 696 106
big_dataset_depth/000000001229-segment-11183906854663518829_2294_000_2314_000_with_camera_labels-100.png 112 696 106
big_dataset_depth/000000001229-segment-11183906854663518829_2294_000_2314_000_with_camera_labels-100.png 120 688 108
big_dataset_depth/000000001229-segment-11183906854663518829_2294_000_2314_000_with_camera_labels-100.png 280 704 89
big_dataset_depth/000000001229-segment-11183906854663518829_2294_000_2314_000_with_camera_labels-100.png 288 704 89
big_dataset_depth/000000001229-segment-11183906854663518829_2294_000_2314_000_with_camera_labels-100.png 296 704 88
big_dataset_depth/000000001229-segment-11183906854663518829_2294_000_2314_000_with_camera_labels-100.png 304 704 88
big_dataset_depth/000000001229-segment-11183906854663518829_2294_000_2314_000_with_camera_labels-100.png 312 704 88
big_dataset_depth/000000001229-segment-11183906854663518829_2294_000_2314_000_with_camera_labels-100.png 320 704 88
big_dataset_depth/000000001229-segment-11183906854663518829_2294_000_2314_000_with_camera_labels-100.png 328 704 88
big_dataset_depth/000000001229-segment-11183906854663518829_2294_000_2314_000_with_camera_labels-100.png 336 704 88
big_dataset_depth/000000001229-segment-11183906854663518829_2294_000_2314_000_with_camera_labels-100.png 344 704 89
big_dataset_depth/000000001229-segment-11183906854663518829_2294_000_2314_000_with_camera_labels-100.png 352 704 90
big_dataset_depth/000000001229-segment-11183906854663518829_2294_000_2314_000_with_camera_labels-100.png 368 704 92
big_dataset_depth/000000001229-segment-11183906854663518829_2294_000_2314_000_with_camera_labels-100.png 376 704 93
big_dataset_depth/000000001229-segment-11183906854663518829_2294_000_2314_000_with_camera_labels-100.png 384 704 99
big_dataset_depth/000000001229-segment-11183906854663518829_2294_000_2314_000_with_camera_labels-100.png 392 704 99
big_dataset_depth/000000001229-segment-11183906854663518829_2294_000_2314_000_with_camera_labels-100.png 400 704 99
big_dataset_depth/000000001229-segment-11183906854663518829_2294_000_2314_000_with_camera_labels-100.png 408 680 100
big_dataset_depth/000000001229-segment-11183906854663518829_2294_000_2314_000_with_camera_labels-100.png 416 688 88
big_dataset_depth/000000001229-segment-11183906854663518829_2294_000_2314_000_with_camera_labels-100.png 448 704 87
big_dataset_depth/000000001229-segment-11183906854663518829_2294_000_2314_000_with_camera_labels-100.png 456 704 87
big_dataset_depth/000000001229-segment-11183906854663518829_2294_000_2314_000_with_camera_labels-100.png 464 704 87
big_dataset_depth/000000001229-segment-11183906854663518829_2294_000_2314_000_with_camera_labels-100.png 472 696 87
big_dataset_depth/000000001229-segment-11183906854663518829_2294_000_2314_000_with_camera_labels-100.png 480 704 88
big_dataset_depth/000000001229-segment-11183906854663518829_2294_000_2314_000_with_camera_labels-100.png 512 688 85
big_dataset_depth/000000001229-segment-11183906854663518829_2294_000_2314_000_with_camera_labels-100.png 520 696 85
big_dataset_depth/000000001229-segment-11183906854663518829_2294_000_2314_000_with_camera_labels-100.png 528 704 85
big_dataset_depth/000000001229-segment-11183906854663518829_2294_000_2314_000_with_camera_labels-100.png 536 696 84
big_dataset_depth/000000001229-segment-11183906854663518829_2294_000_2314_000_with_camera_labels-100.png 544 704 84
big_dataset_depth/000000001229-segment-11183906854663518829_2294_000_2314_000_with_camera_labels-100.png 552 704 84
big_dataset_depth/000000001229-segment-11183906854663518829_2294_000_2314_000_with_camera_labels-100.png 560 704 84
big_dataset_depth/000000001229-segment-11183906854663518829_2294_000_2314_000_with_camera_labels-100.png 568 704 85
big_dataset_depth/000000001229-segment-11183906854663518829_2294_000_2314_000_with_camera_labels-100.png 576 688 85
big_dataset_depth/000000001229-segment-11183906854663518829_2294_000_2314_000_with_camera_labels-100.png 584 688 85
big_dataset_depth/000000001229-segment-11183906854663518829_2294_000_2314_000_with_camera_labels-100.png 592 696 87
big_dataset_depth/000000001229-segment-11183906854663518829_2294_000_2314_000_with_camera_labels-100.png 600 696 89
big_dataset_depth/000000001229-segment-11183906854663518829_2294_000_2314_000_with_camera_labels-100.png 608 696 90
big_dataset_depth/000000001229-segment-11183906854663518829_2294_000_2314_000_with_camera_labels-100.png 616 704 91
big_dataset_depth/000000001229-segment-11183906854663518829_2294_000_2314_000_with_camera_labels-100.png 864 720 86
big_dataset_depth/000000001229-segment-11183906854663518829_2294_000_2314_000_with_camera_labels-100.png 872 696 87
big_dataset_depth/000000001229-segment-11183906854663518829_2294_000_2314_000_with_camera_labels-100.png 880 704 87
big_dataset_depth/000000001229-segment-11183906854663518829_2294_000_2314_000_with_camera_labels-100.png 888 704 87
big_dataset_depth/000000001229-segment-11183906854663518829_2294_000_2314_000_with_camera_labels-100.png 896 688 87
big_dataset_depth/000000001229-segment-11183906854663518829_2294_000_2314_000_with_camera_labels-100.png 904 712 91
big_dataset_depth/000000001229-segment-11183906854663518829_2294_000_2314_000_with_camera_labels-100.png 1368 712 106
big_dataset_depth/000000001229-segment-11183906854663518829_2294_000_2314_000_with_camera_labels-100.png 1384 712 99
big_dataset_depth/000000001229-segment-11183906854663518829_2294_000_2314_000_with_camera_labels-100.png 1392 720 99
big_dataset_depth/000000001229-segment-11183906854663518829_2294_000_2314_000_with_camera_labels-100.png 1400 696 108
big_dataset_depth/000000001229-segment-11183906854663518829_2294_000_2314_000_with_camera_labels-100.png 1408 712 108
big_dataset_depth/000000001229-segment-11183906854663518829_2294_000_2314_000_with_camera_labels-100.png 1416 712 99
big_dataset_depth/000000001229-segment-11183906854663518829_2294_000_2314_000_with_camera_labels-100.png 1424 712 96
big_dataset_depth/000000001229-segment-11183906854663518829_2294_000_2314_000_with_camera_labels-100.png 1432 720 93
big_dataset_depth/000000001229-segment-11183906854663518829_2294_000_2314_000_with_camera_labels-100.png 1440 712 99
big_dataset_depth/000000001229-segment-11183906854663518829_2294_000_2314_000_with_camera_labels-100.png 1448 720 93
big_dataset_depth/000000001229-segment-11183906854663518829_2294_000_2314_000_with_camera_labels-100.png 1456 704 99
big_dataset_depth/000000001229-segment-11183906854663518829_2294_000_2314_000_with_camera_labels-100.png 1464 720 97
big_dataset_depth/000000001229-segment-11183906854663518829_2294_000_2314_000_with_camera_labels-100.png 1472 728 88
big_dataset_depth/000000001229-segment-11183906854663518829_2294_000_2314_000_with_camera_labels-100.png 1480 728 88
big_dataset_depth/000000001229-segment-11183906854663518829_2294_000_2314_000_with_camera_labels-100.png 1488 728 91
big_dataset_depth/000000001229-segment-11183906854663518829_2294_000_2314_000_with_camera_labels-100.png 1496 720 93
big_dataset_depth/000000001229-segment-11183906854663518829_2294_000_2314_000_with_camera_labels-100.png 1504 720 95
big_dataset_depth/000000001229-segment-11183906854663518829_2294_000_2314_000_with_camera_labels-100.png 1512 704 89
big_dataset_depth/000000001229-segment-11183906854663518829_2294_000_2314_000_with_camera_labels-100.png 1520 720 89
big_dataset_depth/000000001229-segment-11183906854663518829_2294_000_2314_000_with_camera_labels-100.png 1528 712 90
big_dataset_depth/000000001229-segment-11183906854663518829_2294_000_2314_000_with_camera_labels-100.png 1536 720 90
big_dataset_depth/000000001229-segment-11183906854663518829_2294_000_2314_000_with_camera_labels-100.png 1544 720 92
big_dataset_depth/000000001229-segment-11183906854663518829_2294_000_2314_000_with_camera_labels-100.png 1552 712 91
big_dataset_depth/000000001229-segment-11183906854663518829_2294_000_2314_000_with_camera_labels-100.png 1560 720 89
big_dataset_depth/000000001229-segment-11183906854663518829_2294_000_2314_000_with_camera_labels-100.png 1568 728 90
big_dataset_depth/000000001229-segment-11183906854663518829_2294_000_2314_000_with_camera_labels-100.png 1576 648 89
big_dataset_depth/000000001229-segment-11183906854663518829_2294_000_2314_000_with_camera_labels-100.png 1584 728 88
big_dataset_depth/000000001229-segment-11183906854663518829_2294_000_2314_000_with_camera_labels-100.png 1592 704 89
big_dataset_depth/000000001229-segment-11183906854663518829_2294_000_2314_000_with_camera_labels-100.png 1600 728 88
big_dataset_depth/000000001229-segment-11183906854663518829_2294_000_2314_000_with_camera_labels-100.png 1608 720 89
big_dataset_depth/000000001229-segment-11183906854663518829_2294_000_2314_000_with_camera_labels-100.png 1616 720 89
big_dataset_depth/000000001229-segment-11183906854663518829_2294_000_2314_000_with_camera_labels-100.png 1624 712 90
big_dataset_depth/000000001229-segment-11183906854663518829_2294_000_2314_000_with_camera_labels-100.png 1632 728 89
big_dataset_depth/000000001229-segment-11183906854663518829_2294_000_2314_000_with_camera_labels-100.png 1640 728 88
big_dataset_depth/000000001229-segment-11183906854663518829_2294_000_2314_000_with_camera_labels-100.png 1648 728 89
big_dataset_depth/000000001229-segment-11183906854663518829_2294_000_2314_000_with_camera_labels-100.png 1656 736 86
big_dataset_depth/000000001229-segment-11183906854663518829_2294_000_2314_000_with_camera_labels-100.png 1664 720 87
big_dataset_depth/000000001229-segment-11183906854663518829_2294_000_2314_000_with_camera_labels-100.png 1672 720 90
big_dataset_depth/000000001229-segment-11183906854663518829_2294_000_2314_000_with_camera_labels-100.png 1680 720 92
big_dataset_depth/000000001229-segment-11183906854663518829_2294_000_2314_000_with_camera_labels-100.png 1688 728 88
big_dataset_depth/000000001229-segment-11183906854663518829_2294_000_2314_000_with_camera_labels-100.png 1696 728 91
big_dataset_depth/000000001229-segment-11183906854663518829_2294_000_2314_000_with_camera_labels-100.png 1704 640 90
big_dataset_depth/000000001229-segment-11183906854663518829_2294_000_2314_000_with_camera_labels-100.png 1712 728 90
big_dataset_depth/000000001229-segment-11183906854663518829_2294_000_2314_000_with_camera_labels-100.png 1768 736 88
big_dataset_depth/000000001229-segment-11183906854663518829_2294_000_2314_000_with_camera_labels-100.png 1776 728 90
big_dataset_depth/000000001229-segment-11183906854663518829_2294_000_2314_000_with_camera_labels-100.png 1784 728 92
big_dataset_depth/000000001229-segment-11183906854663518829_2294_000_2314_000_with_camera_labels-100.png 1792 712 92
big_dataset_depth/000000001229-segment-11183906854663518829_2294_000_2314_000_with_camera_labels-100.png 1800 736 87
big_dataset_depth/000000001229-segment-11183906854663518829_2294_000_2314_000_with_camera_labels-100.png 1808 744 86
big_dataset_depth/000000001229-segment-11183906854663518829_2294_000_2314_000_with_camera_labels-100.png 1816 744 86
big_dataset_depth/000000001229-segment-11183906854663518829_2294_000_2314_000_with_camera_labels-100.png 1824 736 86
big_dataset_depth/000000001229-segment-11183906854663518829_2294_000_2314_000_with_camera_labels-100.png 1832 728 87
big_dataset_depth/000000001229-segment-11183906854663518829_2294_000_2314_000_with_camera_labels-100.png 1840 728 86
big_dataset_depth/000000001229-segment-11183906854663518829_2294_000_2314_000_with_camera_labels-100.png 1848 720 87
big_dataset_depth/000000001229-segment-11183906854663518829_2294_000_2314_000_with_camera_labels-100.png 1856 736 87
big_dataset_depth/000000001229-segment-11183906854663518829_2294_000_2314_000_with_camera_labels-100.png 1864 736 87
big_dataset_depth/000000001229-segment-11183906854663518829_2294_000_2314_000_with_camera_labels-100.png 1872 736 87
big_dataset_depth/000000001229-segment-11183906854663518829_2294_000_2314_000_with_camera_labels-100.png 1880 728 87
big_dataset_depth/000000001229-segment-11183906854663518829_2294_000_2314_000_with_camera_labels-100.png 1888 728 93
big_dataset_depth/000000001229-segment-11183906854663518829_2294_000_2314_000_with_camera_labels-100.png 1896 728 93
big_dataset_depth/000000001229-segment-11183906854663518829_2294_000_2314_000_with_camera_labels-100.png 1912 736 88
