big_dataset_depth/000000002671-segment-12974838039736660070_4586_990_4606_990_with_camera_labels-140.png 0 776 51
big_dataset_depth/000000002671-segment-12974838039736660070_4586_990_4606_990_with_camera_labels-140.png 8 784 53
big_dataset_depth/000000002671-segment-12974838039736660070_4586_990_4606_990_with_camera_labels-140.png 16 1032 23
big_dataset_depth/000000002671-segment-12974838039736660070_4586_990_4606_990_with_camera_labels-140.png 24 776 54
big_dataset_depth/000000002671-segment-12974838039736660070_4586_990_4606_990_with_camera_labels-140.png 32 768 54
big_dataset_depth/000000002671-segment-12974838039736660070_4586_990_4606_990_with_camera_labels-140.png 40 776 55
big_dataset_depth/000000002671-segment-12974838039736660070_4586_990_4606_990_with_camera_labels-140.png 48 768 55
big_dataset_depth/000000002671-segment-12974838039736660070_4586_990_4606_990_with_camera_labels-140.png 56 776 55
big_dataset_depth/000000002671-segment-12974838039736660070_4586_990_4606_990_with_camera_labels-140.png 64 768 54
big_dataset_depth/000000002671-segment-12974838039736660070_4586_990_4606_990_with_camera_labels-140.png 72 776 56
big_dataset_depth/000000002671-segment-12974838039736660070_4586_990_4606_990_with_camera_labels-140.png 80 776 56
big_dataset_depth/000000002671-segment-12974838039736660070_4586_990_4606_990_with_camera_labels-140.png 88 768 57
big_dataset_depth/000000002671-segment-12974838039736660070_4586_990_4606_990_with_camera_labels-140.png 96 776 57
big_dataset_depth/000000002671-segment-12974838039736660070_4586_990_4606_990_with_camera_labels-140.png 104 752 58
big_dataset_depth/000000002671-segment-12974838039736660070_4586_990_4606_990_with_camera_labels-140.png 112 768 58
big_dataset_depth/000000002671-segment-12974838039736660070_4586_990_4606_990_with_camera_labels-140.png 120 768 57
big_dataset_depth/000000002671-segment-12974838039736660070_4586_990_4606_990_with_camera_labels-140.png 128 760 57
big_dataset_depth/000000002671-segment-12974838039736660070_4586_990_4606_990_with_camera_labels-140.png 136 768 57
big_dataset_depth/000000002671-segment-12974838039736660070_4586_990_4606_990_with_camera_labels-140.png 144 768 57
big_dataset_depth/000000002671-segment-12974838039736660070_4586_990_4606_990_with_camera_labels-140.png 152 776 57
big_dataset_depth/000000002671-segment-12974838039736660070_4586_990_4606_990_with_camera_labels-140.png 160 776 57
big_dataset_depth/000000002671-segment-12974838039736660070_4586_990_4606_990_with_camera_labels-140.png 168 768 59
big_dataset_depth/000000002671-segment-12974838039736660070_4586_990_4606_990_with_camera_labels-140.png 176 776 58
big_dataset_depth/000000002671-segment-12974838039736660070_4586_990_4606_990_with_camera_labels-140.png 184 768 60
big_dataset_depth/000000002671-segment-12974838039736660070_4586_990_4606_990_with_camera_labels-140.png 192 776 59
big_dataset_depth/000000002671-segment-12974838039736660070_4586_990_4606_990_with_camera_labels-140.png 200 776 59
big_dataset_depth/000000002671-segment-12974838039736660070_4586_990_4606_990_with_camera_labels-140.png 208 768 61
big_dataset_depth/000000002671-segment-12974838039736660070_4586_990_4606_990_with_camera_labels-140.png 216 776 60
big_dataset_depth/000000002671-segment-12974838039736660070_4586_990_4606_990_with_camera_labels-140.png 224 760 61
big_dataset_depth/000000002671-segment-12974838039736660070_4586_990_4606_990_with_camera_labels-140.png 232 768 61
big_dataset_depth/000000002671-segment-12974838039736660070_4586_990_4606_990_with_camera_labels-140.png 240 768 62
big_dataset_depth/000000002671-segment-12974838039736660070_4586_990_4606_990_with_camera_labels-140.png 248 768 62
big_dataset_depth/000000002671-segment-12974838039736660070_4586_990_4606_990_with_camera_labels-140.png 256 768 63
big_dataset_depth/000000002671-segment-12974838039736660070_4586_990_4606_990_with_camera_labels-140.png 264 728 63
big_dataset_depth/000000002671-segment-12974838039736660070_4586_990_4606_990_with_camera_labels-140.png 272 736 72
big_dataset_depth/000000002671-segment-12974838039736660070_4586_990_4606_990_with_camera_labels-140.png 280 744 68
big_dataset_depth/000000002671-segment-12974838039736660070_4586_990_4606_990_with_camera_labels-140.png 288 736 69
big_dataset_depth/000000002671-segment-12974838039736660070_4586_990_4606_990_with_camera_labels-140.png 296 744 68
big_dataset_depth/000000002671-segment-12974838039736660070_4586_990_4606_990_with_camera_labels-140.png 304 760 68
big_dataset_depth/000000002671-segment-12974838039736660070_4586_990_4606_990_with_camera_labels-140.png 312 728 69
big_dataset_depth/000000002671-segment-12974838039736660070_4586_990_4606_990_with_camera_labels-140.png 320 752 68
big_dataset_depth/000000002671-segment-12974838039736660070_4586_990_4606_990_with_camera_labels-140.png 328 736 68
big_dataset_depth/000000002671-segment-12974838039736660070_4586_990_4606_990_with_camera_labels-140.png 336 752 68
big_dataset_depth/000000002671-segment-12974838039736660070_4586_990_4606_990_with_camera_labels-140.png 344 736 70
big_dataset_depth/000000002671-segment-12974838039736660070_4586_990_4606_990_with_camera_labels-140.png 352 744 69
big_dataset_depth/000000002671-segment-12974838039736660070_4586_990_4606_990_with_camera_labels-140.png 360 744 70
big_dataset_depth/000000002671-segment-12974838039736660070_4586_990_4606_990_with_camera_labels-140.png 368 736 71
big_dataset_depth/000000002671-segment-12974838039736660070_4586_990_4606_990_with_camera_labels-140.png 376 752 69
big_dataset_depth/000000002671-segment-12974838039736660070_4586_990_4606_990_with_camera_labels-140.png 384 712 66
big_dataset_depth/000000002671-segment-12974838039736660070_4586_990_4606_990_with_camera_labels-140.png 392 768 66
big_dataset_depth/000000002671-segment-12974838039736660070_4586_990_4606_990_with_camera_labels-140.png 400 768 66
big_dataset_depth/000000002671-segment-12974838039736660070_4586_990_4606_990_with_camera_labels-140.png 408 752 71
big_dataset_depth/000000002671-segment-12974838039736660070_4586_990_4606_990_with_camera_labels-140.png 416 728 82
big_dataset_depth/000000002671-segment-12974838039736660070_4586_990_4606_990_with_camera_labels-140.png 424 744 73
big_dataset_depth/000000002671-segment-12974838039736660070_4586_990_4606_990_with_camera_labels-140.png 432 664 59
big_dataset_depth/000000002671-segment-12974838039736660070_4586_990_4606_990_with_camera_labels-140.png 440 752 69
big_dataset_depth/000000002671-segment-12974838039736660070_4586_990_4606_990_with_camera_labels-140.png 448 768 58
big_dataset_depth/000000002671-segment-12974838039736660070_4586_990_4606_990_with_camera_labels-140.png 456 752 58
big_dataset_depth/000000002671-segment-12974838039736660070_4586_990_4606_990_with_camera_labels-140.png 472 736 85
big_dataset_depth/000000002671-segment-12974838039736660070_4586_990_4606_990_with_camera_labels-140.png 480 712 98
big_dataset_depth/000000002671-segment-12974838039736660070_4586_990_4606_990_with_camera_labels-140.png 488 728 90
big_dataset_depth/000000002671-segment-12974838039736660070_4586_990_4606_990_with_camera_labels-140.png 496 744 82
big_dataset_depth/000000002671-segment-12974838039736660070_4586_990_4606_990_with_camera_labels-140.png 504 720 99
big_dataset_depth/000000002671-segment-12974838039736660070_4586_990_4606_990_with_camera_labels-140.png 512 744 82
big_dataset_depth/000000002671-segment-12974838039736660070_4586_990_4606_990_with_camera_labels-140.png 520 728 92
big_dataset_depth/000000002671-segment-12974838039736660070_4586_990_4606_990_with_camera_labels-140.png 528 744 77
big_dataset_depth/000000002671-segment-12974838039736660070_4586_990_4606_990_with_camera_labels-140.png 536 768 66
big_dataset_depth/000000002671-segment-12974838039736660070_4586_990_4606_990_with_camera_labels-140.png 544 704 65
big_dataset_depth/000000002671-segment-12974838039736660070_4586_990_4606_990_with_camera_labels-140.png 552 768 65
big_dataset_depth/000000002671-segment-12974838039736660070_4586_990_4606_990_with_camera_labels-140.png 560 672 57
big_dataset_depth/000000002671-segment-12974838039736660070_4586_990_4606_990_with_camera_labels-140.png 568 704 63
big_dataset_depth/000000002671-segment-12974838039736660070_4586_990_4606_990_with_camera_labels-140.png 584 736 83
big_dataset_depth/000000002671-segment-12974838039736660070_4586_990_4606_990_with_camera_labels-140.png 592 728 84
big_dataset_depth/000000002671-segment-12974838039736660070_4586_990_4606_990_with_camera_labels-140.png 600 728 77
big_dataset_depth/000000002671-segment-12974838039736660070_4586_990_4606_990_with_camera_labels-140.png 608 736 74
big_dataset_depth/000000002671-segment-12974838039736660070_4586_990_4606_990_with_camera_labels-140.png 616 720 74
big_dataset_depth/000000002671-segment-12974838039736660070_4586_990_4606_990_with_camera_labels-140.png 624 752 65
big_dataset_depth/000000002671-segment-12974838039736660070_4586_990_4606_990_with_camera_labels-140.png 632 752 65
big_dataset_depth/000000002671-segment-12974838039736660070_4586_990_4606_990_with_camera_labels-140.png 640 752 65
big_dataset_depth/000000002671-segment-12974838039736660070_4586_990_4606_990_with_camera_labels-140.png 648 768 65
big_dataset_depth/000000002671-segment-12974838039736660070_4586_990_4606_990_with_camera_labels-140.png 656 744 76
big_dataset_depth/000000002671-segment-12974838039736660070_4586_990_4606_990_with_camera_labels-140.png 664 736 85
big_dataset_depth/000000002671-segment-12974838039736660070_4586_990_4606_990_with_camera_labels-140.png 672 656 75
big_dataset_depth/000000002671-segment-12974838039736660070_4586_990_4606_990_with_camera_labels-140.png 680 656 74
big_dataset_depth/000000002671-segment-12974838039736660070_4586_990_4606_990_with_camera_labels-140.png 688 720 105
big_dataset_depth/000000002671-segment-12974838039736660070_4586_990_4606_990_with_camera_labels-140.png 696 720 105
big_dataset_depth/000000002671-segment-12974838039736660070_4586_990_4606_990_with_camera_labels-140.png 704 720 105
big_dataset_depth/000000002671-segment-12974838039736660070_4586_990_4606_990_with_camera_labels-140.png 712 720 105
big_dataset_depth/000000002671-segment-12974838039736660070_4586_990_4606_990_with_camera_labels-140.png 720 640 64
big_dataset_depth/000000002671-segment-12974838039736660070_4586_990_4606_990_with_camera_labels-140.png 728 648 67
big_dataset_depth/000000002671-segment-12974838039736660070_4586_990_4606_990_with_camera_labels-140.png 736 640 65
big_dataset_depth/000000002671-segment-12974838039736660070_4586_990_4606_990_with_camera_labels-140.png 744 664 67
big_dataset_depth/000000002671-segment-12974838039736660070_4586_990_4606_990_with_camera_labels-140.png 752 664 67
big_dataset_depth/000000002671-segment-12974838039736660070_4586_990_4606_990_with_camera_labels-140.png 760 672 67
big_dataset_depth/000000002671-segment-12974838039736660070_4586_990_4606_990_with_camera_labels-140.png 768 664 66
big_dataset_depth/000000002671-segment-12974838039736660070_4586_990_4606_990_with_camera_labels-140.png 776 664 66
big_dataset_depth/000000002671-segment-12974838039736660070_4586_990_4606_990_with_camera_labels-140.png 784 656 67
big_dataset_depth/000000002671-segment-12974838039736660070_4586_990_4606_990_with_camera_labels-140.png 792 656 68
big_dataset_depth/000000002671-segment-12974838039736660070_4586_990_4606_990_with_camera_labels-140.png 800 768 67
big_dataset_depth/000000002671-segment-12974838039736660070_4586_990_4606_990_with_camera_labels-140.png 808 656 68
big_dataset_depth/000000002671-segment-12974838039736660070_4586_990_4606_990_with_camera_labels-140.png 816 648 68
big_dataset_depth/000000002671-segment-12974838039736660070_4586_990_4606_990_with_camera_labels-140.png 824 664 68
big_dataset_depth/000000002671-segment-12974838039736660070_4586_990_4606_990_with_camera_labels-140.png 832 656 69
big_dataset_depth/000000002671-segment-12974838039736660070_4586_990_4606_990_with_camera_labels-140.png 840 648 69
big_dataset_depth/000000002671-segment-12974838039736660070_4586_990_4606_990_with_camera_labels-140.png 848 624 70
big_dataset_depth/000000002671-segment-12974838039736660070_4586_990_4606_990_with_camera_labels-140.png 856 632 70
big_dataset_depth/000000002671-segment-12974838039736660070_4586_990_4606_990_with_camera_labels-140.png 864 640 70
big_dataset_depth/000000002671-segment-12974838039736660070_4586_990_4606_990_with_camera_labels-140.png 872 648 70
big_dataset_depth/000000002671-segment-12974838039736660070_4586_990_4606_990_with_camera_labels-140.png 880 648 70
big_dataset_depth/000000002671-segment-12974838039736660070_4586_990_4606_990_with_camera_labels-140.png 888 648 70
big_dataset_depth/000000002671-segment-12974838039736660070_4586_990_4606_990_with_camera_labels-140.png 896 648 70
big_dataset_depth/000000002671-segment-12974838039736660070_4586_990_4606_990_with_camera_labels-140.png 1208 736 83
big_dataset_depth/000000002671-segment-12974838039736660070_4586_990_4606_990_with_camera_labels-140.png 1216 736 83
big_dataset_depth/000000002671-segment-12974838039736660070_4586_990_4606_990_with_camera_labels-140.png 1224 736 83
big_dataset_depth/000000002671-segment-12974838039736660070_4586_990_4606_990_with_camera_labels-140.png 1232 736 84
big_dataset_depth/000000002671-segment-12974838039736660070_4586_990_4606_990_with_camera_labels-140.png 1240 736 83
big_dataset_depth/000000002671-segment-12974838039736660070_4586_990_4606_990_with_camera_labels-140.png 1248 728 90
big_dataset_depth/000000002671-segment-12974838039736660070_4586_990_4606_990_with_camera_labels-140.png 1256 736 82
big_dataset_depth/000000002671-segment-12974838039736660070_4586_990_4606_990_with_camera_labels-140.png 1264 728 90
big_dataset_depth/000000002671-segment-12974838039736660070_4586_990_4606_990_with_camera_labels-140.png 1272 736 82
big_dataset_depth/000000002671-segment-12974838039736660070_4586_990_4606_990_with_camera_labels-140.png 1280 728 88
big_dataset_depth/000000002671-segment-12974838039736660070_4586_990_4606_990_with_camera_labels-140.png 1288 720 90
big_dataset_depth/000000002671-segment-12974838039736660070_4586_990_4606_990_with_camera_labels-140.png 1296 728 85
big_dataset_depth/000000002671-segment-12974838039736660070_4586_990_4606_990_with_camera_labels-140.png 1304 728 85
big_dataset_depth/000000002671-segment-12974838039736660070_4586_990_4606_990_with_camera_labels-140.png 1312 736 84
big_dataset_depth/000000002671-segment-12974838039736660070_4586_990_4606_990_with_camera_labels-140.png 1320 736 84
big_dataset_depth/000000002671-segment-12974838039736660070_4586_990_4606_990_with_camera_labels-140.png 1328 712 96
big_dataset_depth/000000002671-segment-12974838039736660070_4586_990_4606_990_with_camera_labels-140.png 1336 728 85
big_dataset_depth/000000002671-segment-12974838039736660070_4586_990_4606_990_with_camera_labels-140.png 1344 720 96
big_dataset_depth/000000002671-segment-12974838039736660070_4586_990_4606_990_with_camera_labels-140.png 1352 728 86
big_dataset_depth/000000002671-segment-12974838039736660070_4586_990_4606_990_with_camera_labels-140.png 1360 728 86
big_dataset_depth/000000002671-segment-12974838039736660070_4586_990_4606_990_with_camera_labels-140.png 1368 800 48
big_dataset_depth/000000002671-segment-12974838039736660070_4586_990_4606_990_with_camera_labels-140.png 1376 800 48
big_dataset_depth/000000002671-segment-12974838039736660070_4586_990_4606_990_with_camera_labels-140.png 1384 760 62
big_dataset_depth/000000002671-segment-12974838039736660070_4586_990_4606_990_with_camera_labels-140.png 1392 768 61
big_dataset_depth/000000002671-segment-12974838039736660070_4586_990_4606_990_with_camera_labels-140.png 1400 760 61
big_dataset_depth/000000002671-segment-12974838039736660070_4586_990_4606_990_with_camera_labels-140.png 1408 760 62
big_dataset_depth/000000002671-segment-12974838039736660070_4586_990_4606_990_with_camera_labels-140.png 1416 760 62
big_dataset_depth/000000002671-segment-12974838039736660070_4586_990_4606_990_with_camera_labels-140.png 1424 744 77
big_dataset_depth/000000002671-segment-12974838039736660070_4586_990_4606_990_with_camera_labels-140.png 1432 736 85
big_dataset_depth/000000002671-segment-12974838039736660070_4586_990_4606_990_with_camera_labels-140.png 1440 736 85
big_dataset_depth/000000002671-segment-12974838039736660070_4586_990_4606_990_with_camera_labels-140.png 1448 736 85
big_dataset_depth/000000002671-segment-12974838039736660070_4586_990_4606_990_with_camera_labels-140.png 1456 728 85
big_dataset_depth/000000002671-segment-12974838039736660070_4586_990_4606_990_with_camera_labels-140.png 1464 728 87
big_dataset_depth/000000002671-segment-12974838039736660070_4586_990_4606_990_with_camera_labels-140.png 1472 728 86
big_dataset_depth/000000002671-segment-12974838039736660070_4586_990_4606_990_with_camera_labels-140.png 1480 736 83
big_dataset_depth/000000002671-segment-12974838039736660070_4586_990_4606_990_with_camera_labels-140.png 1488 712 89
big_dataset_depth/000000002671-segment-12974838039736660070_4586_990_4606_990_with_camera_labels-140.png 1496 736 83
big_dataset_depth/000000002671-segment-12974838039736660070_4586_990_4606_990_with_camera_labels-140.png 1504 792 48
big_dataset_depth/000000002671-segment-12974838039736660070_4586_990_4606_990_with_camera_labels-140.png 1512 792 48
big_dataset_depth/000000002671-segment-12974838039736660070_4586_990_4606_990_with_camera_labels-140.png 1520 800 48
big_dataset_depth/000000002671-segment-12974838039736660070_4586_990_4606_990_with_camera_labels-140.png 1528 776 65
big_dataset_depth/000000002671-segment-12974838039736660070_4586_990_4606_990_with_camera_labels-140.png 1536 776 64
big_dataset_depth/000000002671-segment-12974838039736660070_4586_990_4606_990_with_camera_labels-140.png 1544 744 80
big_dataset_depth/000000002671-segment-12974838039736660070_4586_990_4606_990_with_camera_labels-140.png 1552 736 79
big_dataset_depth/000000002671-segment-12974838039736660070_4586_990_4606_990_with_camera_labels-140.png 1560 744 79
big_dataset_depth/000000002671-segment-12974838039736660070_4586_990_4606_990_with_camera_labels-140.png 1568 744 78
big_dataset_depth/000000002671-segment-12974838039736660070_4586_990_4606_990_with_camera_labels-140.png 1576 752 75
big_dataset_depth/000000002671-segment-12974838039736660070_4586_990_4606_990_with_camera_labels-140.png 1584 792 50
big_dataset_depth/000000002671-segment-12974838039736660070_4586_990_4606_990_with_camera_labels-140.png 1592 792 50
big_dataset_depth/000000002671-segment-12974838039736660070_4586_990_4606_990_with_camera_labels-140.png 1600 792 50
big_dataset_depth/000000002671-segment-12974838039736660070_4586_990_4606_990_with_camera_labels-140.png 1608 792 50
big_dataset_depth/000000002671-segment-12974838039736660070_4586_990_4606_990_with_camera_labels-140.png 1616 776 62
big_dataset_depth/000000002671-segment-12974838039736660070_4586_990_4606_990_with_camera_labels-140.png 1624 792 50
big_dataset_depth/000000002671-segment-12974838039736660070_4586_990_4606_990_with_camera_labels-140.png 1632 792 50
big_dataset_depth/000000002671-segment-12974838039736660070_4586_990_4606_990_with_camera_labels-140.png 1640 792 50
big_dataset_depth/000000002671-segment-12974838039736660070_4586_990_4606_990_with_camera_labels-140.png 1648 768 55
big_dataset_depth/000000002671-segment-12974838039736660070_4586_990_4606_990_with_camera_labels-140.png 1656 784 51
big_dataset_depth/000000002671-segment-12974838039736660070_4586_990_4606_990_with_camera_labels-140.png 1664 680 77
big_dataset_depth/000000002671-segment-12974838039736660070_4586_990_4606_990_with_camera_labels-140.png 1672 784 51
big_dataset_depth/000000002671-segment-12974838039736660070_4586_990_4606_990_with_camera_labels-140.png 1680 784 51
big_dataset_depth/000000002671-segment-12974838039736660070_4586_990_4606_990_with_camera_labels-140.png 1688 784 51
big_dataset_depth/000000002671-segment-12974838039736660070_4586_990_4606_990_with_camera_labels-140.png 1696 776 51
big_dataset_depth/000000002671-segment-12974838039736660070_4586_990_4606_990_with_camera_labels-140.png 1704 784 49
big_dataset_depth/000000002671-segment-12974838039736660070_4586_990_4606_990_with_camera_labels-140.png 1712 808 46
big_dataset_depth/000000002671-segment-12974838039736660070_4586_990_4606_990_with_camera_labels-140.png 1720 808 46
big_dataset_depth/000000002671-segment-12974838039736660070_4586_990_4606_990_with_camera_labels-140.png 1728 800 46
big_dataset_depth/000000002671-segment-12974838039736660070_4586_990_4606_990_with_camera_labels-140.png 1736 792 48
big_dataset_depth/000000002671-segment-12974838039736660070_4586_990_4606_990_with_camera_labels-140.png 1744 784 52
big_dataset_depth/000000002671-segment-12974838039736660070_4586_990_4606_990_with_camera_labels-140.png 1752 792 52
big_dataset_depth/000000002671-segment-12974838039736660070_4586_990_4606_990_with_camera_labels-140.png 1760 792 52
big_dataset_depth/000000002671-segment-12974838039736660070_4586_990_4606_990_with_camera_labels-140.png 1768 792 52
big_dataset_depth/000000002671-segment-12974838039736660070_4586_990_4606_990_with_camera_labels-140.png 1776 792 52
big_dataset_depth/000000002671-segment-12974838039736660070_4586_990_4606_990_with_camera_labels-140.png 1784 792 52
big_dataset_depth/000000002671-segment-12974838039736660070_4586_990_4606_990_with_camera_labels-140.png 1792 792 52
big_dataset_depth/000000002671-segment-12974838039736660070_4586_990_4606_990_with_camera_labels-140.png 1800 792 52
big_dataset_depth/000000002671-segment-12974838039736660070_4586_990_4606_990_with_camera_labels-140.png 1808 792 52
big_dataset_depth/000000002671-segment-12974838039736660070_4586_990_4606_990_with_camera_labels-140.png 1816 792 53
big_dataset_depth/000000002671-segment-12974838039736660070_4586_990_4606_990_with_camera_labels-140.png 1824 792 53
big_dataset_depth/000000002671-segment-12974838039736660070_4586_990_4606_990_with_camera_labels-140.png 1832 792 53
big_dataset_depth/000000002671-segment-12974838039736660070_4586_990_4606_990_with_camera_labels-140.png 1840 792 53
big_dataset_depth/000000002671-segment-12974838039736660070_4586_990_4606_990_with_camera_labels-140.png 1848 792 53
big_dataset_depth/000000002671-segment-12974838039736660070_4586_990_4606_990_with_camera_labels-140.png 1856 776 52
big_dataset_depth/000000002671-segment-12974838039736660070_4586_990_4606_990_with_camera_labels-140.png 1864 792 52
big_dataset_depth/000000002671-segment-12974838039736660070_4586_990_4606_990_with_camera_labels-140.png 1872 784 48
big_dataset_depth/000000002671-segment-12974838039736660070_4586_990_4606_990_with_camera_labels-140.png 1880 784 48
big_dataset_depth/000000002671-segment-12974838039736660070_4586_990_4606_990_with_camera_labels-140.png 1888 768 50
big_dataset_depth/000000002671-segment-12974838039736660070_4586_990_4606_990_with_camera_labels-140.png 1896 792 48
big_dataset_depth/000000002671-segment-12974838039736660070_4586_990_4606_990_with_camera_labels-140.png 1904 792 48
big_dataset_depth/000000002671-segment-12974838039736660070_4586_990_4606_990_with_camera_labels-140.png 1912 752 55
