big_dataset_depth/000000001671-segment-11718898130355901268_2300_000_2320_000_with_camera_labels-120.png 0 800 38
big_dataset_depth/000000001671-segment-11718898130355901268_2300_000_2320_000_with_camera_labels-120.png 8 752 39
big_dataset_depth/000000001671-segment-11718898130355901268_2300_000_2320_000_with_camera_labels-120.png 16 824 34
big_dataset_depth/000000001671-segment-11718898130355901268_2300_000_2320_000_with_camera_labels-120.png 24 840 34
big_dataset_depth/000000001671-segment-11718898130355901268_2300_000_2320_000_with_camera_labels-120.png 32 856 33
big_dataset_depth/000000001671-segment-11718898130355901268_2300_000_2320_000_with_camera_labels-120.png 40 824 34
big_dataset_depth/000000001671-segment-11718898130355901268_2300_000_2320_000_with_camera_labels-120.png 48 840 34
big_dataset_depth/000000001671-segment-11718898130355901268_2300_000_2320_000_with_camera_labels-120.png 56 824 34
big_dataset_depth/000000001671-segment-11718898130355901268_2300_000_2320_000_with_camera_labels-120.png 64 840 34
big_dataset_depth/000000001671-segment-11718898130355901268_2300_000_2320_000_with_camera_labels-120.png 72 848 33
big_dataset_depth/000000001671-segment-11718898130355901268_2300_000_2320_000_with_camera_labels-120.png 80 840 33
big_dataset_depth/000000001671-segment-11718898130355901268_2300_000_2320_000_with_camera_labels-120.png 88 832 34
big_dataset_depth/000000001671-segment-11718898130355901268_2300_000_2320_000_with_camera_labels-120.png 96 824 33
big_dataset_depth/000000001671-segment-11718898130355901268_2300_000_2320_000_with_camera_labels-120.png 104 840 34
big_dataset_depth/000000001671-segment-11718898130355901268_2300_000_2320_000_with_camera_labels-120.png 112 824 34
big_dataset_depth/000000001671-segment-11718898130355901268_2300_000_2320_000_with_camera_labels-120.png 120 824 34
big_dataset_depth/000000001671-segment-11718898130355901268_2300_000_2320_000_with_camera_labels-120.png 128 832 34
big_dataset_depth/000000001671-segment-11718898130355901268_2300_000_2320_000_with_camera_labels-120.png 136 832 34
big_dataset_depth/000000001671-segment-11718898130355901268_2300_000_2320_000_with_camera_labels-120.png 144 824 34
big_dataset_depth/000000001671-segment-11718898130355901268_2300_000_2320_000_with_camera_labels-120.png 152 832 34
big_dataset_depth/000000001671-segment-11718898130355901268_2300_000_2320_000_with_camera_labels-120.png 160 824 34
big_dataset_depth/000000001671-segment-11718898130355901268_2300_000_2320_000_with_camera_labels-120.png 168 792 35
big_dataset_depth/000000001671-segment-11718898130355901268_2300_000_2320_000_with_camera_labels-120.png 176 808 35
big_dataset_depth/000000001671-segment-11718898130355901268_2300_000_2320_000_with_camera_labels-120.png 184 808 36
big_dataset_depth/000000001671-segment-11718898130355901268_2300_000_2320_000_with_camera_labels-120.png 192 808 36
big_dataset_depth/000000001671-segment-11718898130355901268_2300_000_2320_000_with_camera_labels-120.png 200 792 36
big_dataset_depth/000000001671-segment-11718898130355901268_2300_000_2320_000_with_camera_labels-120.png 208 808 37
big_dataset_depth/000000001671-segment-11718898130355901268_2300_000_2320_000_with_camera_labels-120.png 216 784 37
big_dataset_depth/000000001671-segment-11718898130355901268_2300_000_2320_000_with_camera_labels-120.png 224 808 38
big_dataset_depth/000000001671-segment-11718898130355901268_2300_000_2320_000_with_camera_labels-120.png 232 792 38
big_dataset_depth/000000001671-segment-11718898130355901268_2300_000_2320_000_with_camera_labels-120.png 240 808 38
big_dataset_depth/000000001671-segment-11718898130355901268_2300_000_2320_000_with_camera_labels-120.png 248 800 38
big_dataset_depth/000000001671-segment-11718898130355901268_2300_000_2320_000_with_camera_labels-120.png 256 808 38
big_dataset_depth/000000001671-segment-11718898130355901268_2300_000_2320_000_with_camera_labels-120.png 264 784 39
big_dataset_depth/000000001671-segment-11718898130355901268_2300_000_2320_000_with_camera_labels-120.png 272 736 42
big_dataset_depth/000000001671-segment-11718898130355901268_2300_000_2320_000_with_camera_labels-120.png 280 768 43
big_dataset_depth/000000001671-segment-11718898130355901268_2300_000_2320_000_with_camera_labels-120.png 288 776 42
big_dataset_depth/000000001671-segment-11718898130355901268_2300_000_2320_000_with_camera_labels-120.png 296 752 42
big_dataset_depth/000000001671-segment-11718898130355901268_2300_000_2320_000_with_camera_labels-120.png 304 760 42
big_dataset_depth/000000001671-segment-11718898130355901268_2300_000_2320_000_with_camera_labels-120.png 312 784 42
big_dataset_depth/000000001671-segment-11718898130355901268_2300_000_2320_000_with_camera_labels-120.png 320 776 42
big_dataset_depth/000000001671-segment-11718898130355901268_2300_000_2320_000_with_camera_labels-120.png 328 776 43
big_dataset_depth/000000001671-segment-11718898130355901268_2300_000_2320_000_with_camera_labels-120.png 336 744 44
big_dataset_depth/000000001671-segment-11718898130355901268_2300_000_2320_000_with_camera_labels-120.png 344 760 44
big_dataset_depth/000000001671-segment-11718898130355901268_2300_000_2320_000_with_camera_labels-120.png 352 744 45
big_dataset_depth/000000001671-segment-11718898130355901268_2300_000_2320_000_with_camera_labels-120.png 360 744 46
big_dataset_depth/000000001671-segment-11718898130355901268_2300_000_2320_000_with_camera_labels-120.png 368 760 47
big_dataset_depth/000000001671-segment-11718898130355901268_2300_000_2320_000_with_camera_labels-120.png 376 768 47
big_dataset_depth/000000001671-segment-11718898130355901268_2300_000_2320_000_with_camera_labels-120.png 384 768 47
big_dataset_depth/000000001671-segment-11718898130355901268_2300_000_2320_000_with_camera_labels-120.png 392 752 50
big_dataset_depth/000000001671-segment-11718898130355901268_2300_000_2320_000_with_camera_labels-120.png 400 744 52
big_dataset_depth/000000001671-segment-11718898130355901268_2300_000_2320_000_with_camera_labels-120.png 408 728 51
big_dataset_depth/000000001671-segment-11718898130355901268_2300_000_2320_000_with_camera_labels-120.png 416 728 51
big_dataset_depth/000000001671-segment-11718898130355901268_2300_000_2320_000_with_camera_labels-120.png 424 744 53
big_dataset_depth/000000001671-segment-11718898130355901268_2300_000_2320_000_with_camera_labels-120.png 432 728 51
big_dataset_depth/000000001671-segment-11718898130355901268_2300_000_2320_000_with_camera_labels-120.png 440 736 51
big_dataset_depth/000000001671-segment-11718898130355901268_2300_000_2320_000_with_camera_labels-120.png 448 736 51
big_dataset_depth/000000001671-segment-11718898130355901268_2300_000_2320_000_with_camera_labels-120.png 456 736 51
big_dataset_depth/000000001671-segment-11718898130355901268_2300_000_2320_000_with_camera_labels-120.png 464 744 53
big_dataset_depth/000000001671-segment-11718898130355901268_2300_000_2320_000_with_camera_labels-120.png 472 728 51
big_dataset_depth/000000001671-segment-11718898130355901268_2300_000_2320_000_with_camera_labels-120.png 480 736 52
big_dataset_depth/000000001671-segment-11718898130355901268_2300_000_2320_000_with_camera_labels-120.png 488 744 52
big_dataset_depth/000000001671-segment-11718898130355901268_2300_000_2320_000_with_camera_labels-120.png 496 736 52
big_dataset_depth/000000001671-segment-11718898130355901268_2300_000_2320_000_with_camera_labels-120.png 504 744 53
big_dataset_depth/000000001671-segment-11718898130355901268_2300_000_2320_000_with_camera_labels-120.png 512 728 53
big_dataset_depth/000000001671-segment-11718898130355901268_2300_000_2320_000_with_camera_labels-120.png 520 720 55
big_dataset_depth/000000001671-segment-11718898130355901268_2300_000_2320_000_with_camera_labels-120.png 528 736 56
big_dataset_depth/000000001671-segment-11718898130355901268_2300_000_2320_000_with_camera_labels-120.png 536 720 66
big_dataset_depth/000000001671-segment-11718898130355901268_2300_000_2320_000_with_camera_labels-120.png 544 696 66
big_dataset_depth/000000001671-segment-11718898130355901268_2300_000_2320_000_with_camera_labels-120.png 552 704 65
big_dataset_depth/000000001671-segment-11718898130355901268_2300_000_2320_000_with_camera_labels-120.png 560 712 66
big_dataset_depth/000000001671-segment-11718898130355901268_2300_000_2320_000_with_camera_labels-120.png 568 720 66
big_dataset_depth/000000001671-segment-11718898130355901268_2300_000_2320_000_with_camera_labels-120.png 576 720 66
big_dataset_depth/000000001671-segment-11718898130355901268_2300_000_2320_000_with_camera_labels-120.png 584 688 68
big_dataset_depth/000000001671-segment-11718898130355901268_2300_000_2320_000_with_camera_labels-120.png 592 704 70
big_dataset_depth/000000001671-segment-11718898130355901268_2300_000_2320_000_with_camera_labels-120.png 600 696 70
big_dataset_depth/000000001671-segment-11718898130355901268_2300_000_2320_000_with_camera_labels-120.png 608 696 78
big_dataset_depth/000000001671-segment-11718898130355901268_2300_000_2320_000_with_camera_labels-120.png 616 696 78
big_dataset_depth/000000001671-segment-11718898130355901268_2300_000_2320_000_with_camera_labels-120.png 624 688 79
big_dataset_depth/000000001671-segment-11718898130355901268_2300_000_2320_000_with_camera_labels-120.png 632 696 78
big_dataset_depth/000000001671-segment-11718898130355901268_2300_000_2320_000_with_camera_labels-120.png 640 688 80
big_dataset_depth/000000001671-segment-11718898130355901268_2300_000_2320_000_with_camera_labels-120.png 656 688 83
big_dataset_depth/000000001671-segment-11718898130355901268_2300_000_2320_000_with_camera_labels-120.png 664 672 103
big_dataset_depth/000000001671-segment-11718898130355901268_2300_000_2320_000_with_camera_labels-120.png 672 672 103
big_dataset_depth/000000001671-segment-11718898130355901268_2300_000_2320_000_with_camera_labels-120.png 680 672 103
big_dataset_depth/000000001671-segment-11718898130355901268_2300_000_2320_000_with_camera_labels-120.png 688 672 103
big_dataset_depth/000000001671-segment-11718898130355901268_2300_000_2320_000_with_camera_labels-120.png 696 672 103
big_dataset_depth/000000001671-segment-11718898130355901268_2300_000_2320_000_with_camera_labels-120.png 704 672 103
big_dataset_depth/000000001671-segment-11718898130355901268_2300_000_2320_000_with_camera_labels-120.png 936 544 99
big_dataset_depth/000000001671-segment-11718898130355901268_2300_000_2320_000_with_camera_labels-120.png 944 552 99
big_dataset_depth/000000001671-segment-11718898130355901268_2300_000_2320_000_with_camera_labels-120.png 952 544 98
big_dataset_depth/000000001671-segment-11718898130355901268_2300_000_2320_000_with_camera_labels-120.png 960 544 97
big_dataset_depth/000000001671-segment-11718898130355901268_2300_000_2320_000_with_camera_labels-120.png 968 552 96
big_dataset_depth/000000001671-segment-11718898130355901268_2300_000_2320_000_with_camera_labels-120.png 976 552 95
big_dataset_depth/000000001671-segment-11718898130355901268_2300_000_2320_000_with_camera_labels-120.png 984 544 94
big_dataset_depth/000000001671-segment-11718898130355901268_2300_000_2320_000_with_camera_labels-120.png 992 560 99
big_dataset_depth/000000001671-segment-11718898130355901268_2300_000_2320_000_with_camera_labels-120.png 1000 576 102
big_dataset_depth/000000001671-segment-11718898130355901268_2300_000_2320_000_with_camera_labels-120.png 1008 576 102
big_dataset_depth/000000001671-segment-11718898130355901268_2300_000_2320_000_with_camera_labels-120.png 1016 552 94
big_dataset_depth/000000001671-segment-11718898130355901268_2300_000_2320_000_with_camera_labels-120.png 1024 552 94
big_dataset_depth/000000001671-segment-11718898130355901268_2300_000_2320_000_with_camera_labels-120.png 1032 568 97
big_dataset_depth/000000001671-segment-11718898130355901268_2300_000_2320_000_with_camera_labels-120.png 1040 560 98
big_dataset_depth/000000001671-segment-11718898130355901268_2300_000_2320_000_with_camera_labels-120.png 1048 672 91
big_dataset_depth/000000001671-segment-11718898130355901268_2300_000_2320_000_with_camera_labels-120.png 1056 680 73
big_dataset_depth/000000001671-segment-11718898130355901268_2300_000_2320_000_with_camera_labels-120.png 1064 704 69
big_dataset_depth/000000001671-segment-11718898130355901268_2300_000_2320_000_with_camera_labels-120.png 1072 704 64
big_dataset_depth/000000001671-segment-11718898130355901268_2300_000_2320_000_with_camera_labels-120.png 1080 696 73
big_dataset_depth/000000001671-segment-11718898130355901268_2300_000_2320_000_with_camera_labels-120.png 1088 728 55
big_dataset_depth/000000001671-segment-11718898130355901268_2300_000_2320_000_with_camera_labels-120.png 1096 728 55
big_dataset_depth/000000001671-segment-11718898130355901268_2300_000_2320_000_with_camera_labels-120.png 1104 728 55
big_dataset_depth/000000001671-segment-11718898130355901268_2300_000_2320_000_with_camera_labels-120.png 1112 704 47
big_dataset_depth/000000001671-segment-11718898130355901268_2300_000_2320_000_with_camera_labels-120.png 1120 744 47
big_dataset_depth/000000001671-segment-11718898130355901268_2300_000_2320_000_with_camera_labels-120.png 1128 768 42
big_dataset_depth/000000001671-segment-11718898130355901268_2300_000_2320_000_with_camera_labels-120.png 1136 768 42
big_dataset_depth/000000001671-segment-11718898130355901268_2300_000_2320_000_with_camera_labels-120.png 1144 768 42
big_dataset_depth/000000001671-segment-11718898130355901268_2300_000_2320_000_with_camera_labels-120.png 1152 744 49
big_dataset_depth/000000001671-segment-11718898130355901268_2300_000_2320_000_with_camera_labels-120.png 1160 752 47
big_dataset_depth/000000001671-segment-11718898130355901268_2300_000_2320_000_with_camera_labels-120.png 1168 736 47
big_dataset_depth/000000001671-segment-11718898130355901268_2300_000_2320_000_with_camera_labels-120.png 1176 816 33
big_dataset_depth/000000001671-segment-11718898130355901268_2300_000_2320_000_with_camera_labels-120.png 1184 808 33
big_dataset_depth/000000001671-segment-11718898130355901268_2300_000_2320_000_with_camera_labels-120.png 1192 816 33
big_dataset_depth/000000001671-segment-11718898130355901268_2300_000_2320_000_with_camera_labels-120.png 1200 768 40
big_dataset_depth/000000001671-segment-11718898130355901268_2300_000_2320_000_with_camera_labels-120.png 1208 832 29
big_dataset_depth/000000001671-segment-11718898130355901268_2300_000_2320_000_with_camera_labels-120.png 1216 848 29
big_dataset_depth/000000001671-segment-11718898130355901268_2300_000_2320_000_with_camera_labels-120.png 1224 848 29
big_dataset_depth/000000001671-segment-11718898130355901268_2300_000_2320_000_with_camera_labels-120.png 1232 848 29
big_dataset_depth/000000001671-segment-11718898130355901268_2300_000_2320_000_with_camera_labels-120.png 1240 848 29
big_dataset_depth/000000001671-segment-11718898130355901268_2300_000_2320_000_with_camera_labels-120.png 1248 784 37
big_dataset_depth/000000001671-segment-11718898130355901268_2300_000_2320_000_with_camera_labels-120.png 1256 760 35
big_dataset_depth/000000001671-segment-11718898130355901268_2300_000_2320_000_with_camera_labels-120.png 1264 808 35
big_dataset_depth/000000001671-segment-11718898130355901268_2300_000_2320_000_with_camera_labels-120.png 1272 792 34
big_dataset_depth/000000001671-segment-11718898130355901268_2300_000_2320_000_with_camera_labels-120.png 1280 816 33
big_dataset_depth/000000001671-segment-11718898130355901268_2300_000_2320_000_with_camera_labels-120.png 1288 824 32
big_dataset_depth/000000001671-segment-11718898130355901268_2300_000_2320_000_with_camera_labels-120.png 1296 816 32
big_dataset_depth/000000001671-segment-11718898130355901268_2300_000_2320_000_with_camera_labels-120.png 1312 824 31
big_dataset_depth/000000001671-segment-11718898130355901268_2300_000_2320_000_with_camera_labels-120.png 1320 848 29
big_dataset_depth/000000001671-segment-11718898130355901268_2300_000_2320_000_with_camera_labels-120.png 1328 848 30
big_dataset_depth/000000001671-segment-11718898130355901268_2300_000_2320_000_with_camera_labels-120.png 1336 832 28
big_dataset_depth/000000001671-segment-11718898130355901268_2300_000_2320_000_with_camera_labels-120.png 1344 848 28
big_dataset_depth/000000001671-segment-11718898130355901268_2300_000_2320_000_with_camera_labels-120.png 1360 816 25
big_dataset_depth/000000001671-segment-11718898130355901268_2300_000_2320_000_with_camera_labels-120.png 1368 896 25
big_dataset_depth/000000001671-segment-11718898130355901268_2300_000_2320_000_with_camera_labels-120.png 1376 904 25
big_dataset_depth/000000001671-segment-11718898130355901268_2300_000_2320_000_with_camera_labels-120.png 1384 888 25
big_dataset_depth/000000001671-segment-11718898130355901268_2300_000_2320_000_with_camera_labels-120.png 1392 896 25
big_dataset_depth/000000001671-segment-11718898130355901268_2300_000_2320_000_with_camera_labels-120.png 1400 856 30
big_dataset_depth/000000001671-segment-11718898130355901268_2300_000_2320_000_with_camera_labels-120.png 1408 840 31
big_dataset_depth/000000001671-segment-11718898130355901268_2300_000_2320_000_with_camera_labels-120.png 1416 848 29
big_dataset_depth/000000001671-segment-11718898130355901268_2300_000_2320_000_with_camera_labels-120.png 1424 800 31
big_dataset_depth/000000001671-segment-11718898130355901268_2300_000_2320_000_with_camera_labels-120.png 1432 688 49
big_dataset_depth/000000001671-segment-11718898130355901268_2300_000_2320_000_with_camera_labels-120.png 1440 864 28
big_dataset_depth/000000001671-segment-11718898130355901268_2300_000_2320_000_with_camera_labels-120.png 1448 880 28
big_dataset_depth/000000001671-segment-11718898130355901268_2300_000_2320_000_with_camera_labels-120.png 1456 744 49
big_dataset_depth/000000001671-segment-11718898130355901268_2300_000_2320_000_with_camera_labels-120.png 1464 816 35
big_dataset_depth/000000001671-segment-11718898130355901268_2300_000_2320_000_with_camera_labels-120.png 1472 808 40
big_dataset_depth/000000001671-segment-11718898130355901268_2300_000_2320_000_with_camera_labels-120.png 1480 864 29
big_dataset_depth/000000001671-segment-11718898130355901268_2300_000_2320_000_with_camera_labels-120.png 1488 728 50
big_dataset_depth/000000001671-segment-11718898130355901268_2300_000_2320_000_with_camera_labels-120.png 1496 744 47
big_dataset_depth/000000001671-segment-11718898130355901268_2300_000_2320_000_with_camera_labels-120.png 1504 832 35
big_dataset_depth/000000001671-segment-11718898130355901268_2300_000_2320_000_with_camera_labels-120.png 1520 744 47
big_dataset_depth/000000001671-segment-11718898130355901268_2300_000_2320_000_with_camera_labels-120.png 1528 744 47
big_dataset_depth/000000001671-segment-11718898130355901268_2300_000_2320_000_with_camera_labels-120.png 1536 800 39
big_dataset_depth/000000001671-segment-11718898130355901268_2300_000_2320_000_with_camera_labels-120.png 1544 896 26
big_dataset_depth/000000001671-segment-11718898130355901268_2300_000_2320_000_with_camera_labels-120.png 1560 736 45
big_dataset_depth/000000001671-segment-11718898130355901268_2300_000_2320_000_with_camera_labels-120.png 1576 912 25
big_dataset_depth/000000001671-segment-11718898130355901268_2300_000_2320_000_with_camera_labels-120.png 1584 912 25
big_dataset_depth/000000001671-segment-11718898130355901268_2300_000_2320_000_with_camera_labels-120.png 1600 928 24
big_dataset_depth/000000001671-segment-11718898130355901268_2300_000_2320_000_with_camera_labels-120.png 1608 928 24
big_dataset_depth/000000001671-segment-11718898130355901268_2300_000_2320_000_with_camera_labels-120.png 1616 896 26
big_dataset_depth/000000001671-segment-11718898130355901268_2300_000_2320_000_with_camera_labels-120.png 1624 928 24
big_dataset_depth/000000001671-segment-11718898130355901268_2300_000_2320_000_with_camera_labels-120.png 1640 944 23
big_dataset_depth/000000001671-segment-11718898130355901268_2300_000_2320_000_with_camera_labels-120.png 1648 872 29
big_dataset_depth/000000001671-segment-11718898130355901268_2300_000_2320_000_with_camera_labels-120.png 1656 944 23
big_dataset_depth/000000001671-segment-11718898130355901268_2300_000_2320_000_with_camera_labels-120.png 1664 944 23
big_dataset_depth/000000001671-segment-11718898130355901268_2300_000_2320_000_with_camera_labels-120.png 1672 776 39
big_dataset_depth/000000001671-segment-11718898130355901268_2300_000_2320_000_with_camera_labels-120.png 1688 776 38
big_dataset_depth/000000001671-segment-11718898130355901268_2300_000_2320_000_with_camera_labels-120.png 1696 968 22
big_dataset_depth/000000001671-segment-11718898130355901268_2300_000_2320_000_with_camera_labels-120.png 1704 968 22
big_dataset_depth/000000001671-segment-11718898130355901268_2300_000_2320_000_with_camera_labels-120.png 1712 984 21
big_dataset_depth/000000001671-segment-11718898130355901268_2300_000_2320_000_with_camera_labels-120.png 1720 984 21
big_dataset_depth/000000001671-segment-11718898130355901268_2300_000_2320_000_with_camera_labels-120.png 1728 984 21
big_dataset_depth/000000001671-segment-11718898130355901268_2300_000_2320_000_with_camera_labels-120.png 1736 984 21
big_dataset_depth/000000001671-segment-11718898130355901268_2300_000_2320_000_with_camera_labels-120.png 1744 984 21
big_dataset_depth/000000001671-segment-11718898130355901268_2300_000_2320_000_with_camera_labels-120.png 1760 1000 20
big_dataset_depth/000000001671-segment-11718898130355901268_2300_000_2320_000_with_camera_labels-120.png 1768 1008 20
big_dataset_depth/000000001671-segment-11718898130355901268_2300_000_2320_000_with_camera_labels-120.png 1776 1008 20
big_dataset_depth/000000001671-segment-11718898130355901268_2300_000_2320_000_with_camera_labels-120.png 1784 1008 20
big_dataset_depth/000000001671-segment-11718898130355901268_2300_000_2320_000_with_camera_labels-120.png 1792 1008 20
big_dataset_depth/000000001671-segment-11718898130355901268_2300_000_2320_000_with_camera_labels-120.png 1800 856 29
big_dataset_depth/000000001671-segment-11718898130355901268_2300_000_2320_000_with_camera_labels-120.png 1808 960 22
big_dataset_depth/000000001671-segment-11718898130355901268_2300_000_2320_000_with_camera_labels-120.png 1816 1024 19
big_dataset_depth/000000001671-segment-11718898130355901268_2300_000_2320_000_with_camera_labels-120.png 1824 1024 19
big_dataset_depth/000000001671-segment-11718898130355901268_2300_000_2320_000_with_camera_labels-120.png 1832 1024 19
big_dataset_depth/000000001671-segment-11718898130355901268_2300_000_2320_000_with_camera_labels-120.png 1848 1048 19
big_dataset_depth/000000001671-segment-11718898130355901268_2300_000_2320_000_with_camera_labels-120.png 1864 1048 19
big_dataset_depth/000000001671-segment-11718898130355901268_2300_000_2320_000_with_camera_labels-120.png 1872 1048 18
big_dataset_depth/000000001671-segment-11718898130355901268_2300_000_2320_000_with_camera_labels-120.png 1888 968 20
big_dataset_depth/000000001671-segment-11718898130355901268_2300_000_2320_000_with_camera_labels-120.png 1896 1072 18
big_dataset_depth/000000001671-segment-11718898130355901268_2300_000_2320_000_with_camera_labels-120.png 1904 976 21
big_dataset_depth/000000001671-segment-11718898130355901268_2300_000_2320_000_with_camera_labels-120.png 1912 1072 18
