big_dataset_depth/000000003881-segment-14183710428479823719_3140_000_3160_000_with_camera_labels-50.png 0 640 57
big_dataset_depth/000000003881-segment-14183710428479823719_3140_000_3160_000_with_camera_labels-50.png 8 656 55
big_dataset_depth/000000003881-segment-14183710428479823719_3140_000_3160_000_with_camera_labels-50.png 16 712 52
big_dataset_depth/000000003881-segment-14183710428479823719_3140_000_3160_000_with_camera_labels-50.png 24 712 52
big_dataset_depth/000000003881-segment-14183710428479823719_3140_000_3160_000_with_camera_labels-50.png 32 712 52
big_dataset_depth/000000003881-segment-14183710428479823719_3140_000_3160_000_with_camera_labels-50.png 40 712 53
big_dataset_depth/000000003881-segment-14183710428479823719_3140_000_3160_000_with_camera_labels-50.png 48 808 37
big_dataset_depth/000000003881-segment-14183710428479823719_3140_000_3160_000_with_camera_labels-50.png 56 712 54
big_dataset_depth/000000003881-segment-14183710428479823719_3140_000_3160_000_with_camera_labels-50.png 64 760 41
big_dataset_depth/000000003881-segment-14183710428479823719_3140_000_3160_000_with_camera_labels-50.png 72 808 37
big_dataset_depth/000000003881-segment-14183710428479823719_3140_000_3160_000_with_camera_labels-50.png 88 680 56
big_dataset_depth/000000003881-segment-14183710428479823719_3140_000_3160_000_with_camera_labels-50.png 96 744 47
big_dataset_depth/000000003881-segment-14183710428479823719_3140_000_3160_000_with_camera_labels-50.png 104 792 39
big_dataset_depth/000000003881-segment-14183710428479823719_3140_000_3160_000_with_camera_labels-50.png 112 792 39
big_dataset_depth/000000003881-segment-14183710428479823719_3140_000_3160_000_with_camera_labels-50.png 120 792 39
big_dataset_depth/000000003881-segment-14183710428479823719_3140_000_3160_000_with_camera_labels-50.png 136 648 68
big_dataset_depth/000000003881-segment-14183710428479823719_3140_000_3160_000_with_camera_labels-50.png 144 664 67
big_dataset_depth/000000003881-segment-14183710428479823719_3140_000_3160_000_with_camera_labels-50.png 152 704 56
big_dataset_depth/000000003881-segment-14183710428479823719_3140_000_3160_000_with_camera_labels-50.png 160 720 54
big_dataset_depth/000000003881-segment-14183710428479823719_3140_000_3160_000_with_camera_labels-50.png 176 744 44
big_dataset_depth/000000003881-segment-14183710428479823719_3140_000_3160_000_with_camera_labels-50.png 192 656 67
big_dataset_depth/000000003881-segment-14183710428479823719_3140_000_3160_000_with_camera_labels-50.png 200 728 51
big_dataset_depth/000000003881-segment-14183710428479823719_3140_000_3160_000_with_camera_labels-50.png 208 656 67
big_dataset_depth/000000003881-segment-14183710428479823719_3140_000_3160_000_with_camera_labels-50.png 216 744 43
big_dataset_depth/000000003881-segment-14183710428479823719_3140_000_3160_000_with_camera_labels-50.png 224 664 62
big_dataset_depth/000000003881-segment-14183710428479823719_3140_000_3160_000_with_camera_labels-50.png 232 744 43
big_dataset_depth/000000003881-segment-14183710428479823719_3140_000_3160_000_with_camera_labels-50.png 240 744 42
big_dataset_depth/000000003881-segment-14183710428479823719_3140_000_3160_000_with_camera_labels-50.png 248 744 42
big_dataset_depth/000000003881-segment-14183710428479823719_3140_000_3160_000_with_camera_labels-50.png 256 760 42
big_dataset_depth/000000003881-segment-14183710428479823719_3140_000_3160_000_with_camera_labels-50.png 264 744 42
big_dataset_depth/000000003881-segment-14183710428479823719_3140_000_3160_000_with_camera_labels-50.png 272 760 42
big_dataset_depth/000000003881-segment-14183710428479823719_3140_000_3160_000_with_camera_labels-50.png 280 736 42
big_dataset_depth/000000003881-segment-14183710428479823719_3140_000_3160_000_with_camera_labels-50.png 288 760 42
big_dataset_depth/000000003881-segment-14183710428479823719_3140_000_3160_000_with_camera_labels-50.png 296 736 42
big_dataset_depth/000000003881-segment-14183710428479823719_3140_000_3160_000_with_camera_labels-50.png 304 744 43
big_dataset_depth/000000003881-segment-14183710428479823719_3140_000_3160_000_with_camera_labels-50.png 312 736 42
big_dataset_depth/000000003881-segment-14183710428479823719_3140_000_3160_000_with_camera_labels-50.png 320 760 41
big_dataset_depth/000000003881-segment-14183710428479823719_3140_000_3160_000_with_camera_labels-50.png 328 736 42
big_dataset_depth/000000003881-segment-14183710428479823719_3140_000_3160_000_with_camera_labels-50.png 336 736 42
big_dataset_depth/000000003881-segment-14183710428479823719_3140_000_3160_000_with_camera_labels-50.png 344 752 42
big_dataset_depth/000000003881-segment-14183710428479823719_3140_000_3160_000_with_camera_labels-50.png 352 736 42
big_dataset_depth/000000003881-segment-14183710428479823719_3140_000_3160_000_with_camera_labels-50.png 360 728 43
big_dataset_depth/000000003881-segment-14183710428479823719_3140_000_3160_000_with_camera_labels-50.png 368 728 44
big_dataset_depth/000000003881-segment-14183710428479823719_3140_000_3160_000_with_camera_labels-50.png 376 712 44
big_dataset_depth/000000003881-segment-14183710428479823719_3140_000_3160_000_with_camera_labels-50.png 384 720 46
big_dataset_depth/000000003881-segment-14183710428479823719_3140_000_3160_000_with_camera_labels-50.png 392 616 59
big_dataset_depth/000000003881-segment-14183710428479823719_3140_000_3160_000_with_camera_labels-50.png 400 728 46
big_dataset_depth/000000003881-segment-14183710428479823719_3140_000_3160_000_with_camera_labels-50.png 408 696 47
big_dataset_depth/000000003881-segment-14183710428479823719_3140_000_3160_000_with_camera_labels-50.png 416 704 52
big_dataset_depth/000000003881-segment-14183710428479823719_3140_000_3160_000_with_camera_labels-50.png 424 704 51
big_dataset_depth/000000003881-segment-14183710428479823719_3140_000_3160_000_with_camera_labels-50.png 432 704 52
big_dataset_depth/000000003881-segment-14183710428479823719_3140_000_3160_000_with_camera_labels-50.png 440 704 52
big_dataset_depth/000000003881-segment-14183710428479823719_3140_000_3160_000_with_camera_labels-50.png 448 696 52
big_dataset_depth/000000003881-segment-14183710428479823719_3140_000_3160_000_with_camera_labels-50.png 456 696 52
big_dataset_depth/000000003881-segment-14183710428479823719_3140_000_3160_000_with_camera_labels-50.png 464 696 52
big_dataset_depth/000000003881-segment-14183710428479823719_3140_000_3160_000_with_camera_labels-50.png 472 696 52
big_dataset_depth/000000003881-segment-14183710428479823719_3140_000_3160_000_with_camera_labels-50.png 480 704 53
big_dataset_depth/000000003881-segment-14183710428479823719_3140_000_3160_000_with_camera_labels-50.png 488 704 53
big_dataset_depth/000000003881-segment-14183710428479823719_3140_000_3160_000_with_camera_labels-50.png 496 680 54
big_dataset_depth/000000003881-segment-14183710428479823719_3140_000_3160_000_with_camera_labels-50.png 504 696 56
big_dataset_depth/000000003881-segment-14183710428479823719_3140_000_3160_000_with_camera_labels-50.png 512 696 57
big_dataset_depth/000000003881-segment-14183710428479823719_3140_000_3160_000_with_camera_labels-50.png 520 688 57
big_dataset_depth/000000003881-segment-14183710428479823719_3140_000_3160_000_with_camera_labels-50.png 600 616 100
big_dataset_depth/000000003881-segment-14183710428479823719_3140_000_3160_000_with_camera_labels-50.png 608 616 100
big_dataset_depth/000000003881-segment-14183710428479823719_3140_000_3160_000_with_camera_labels-50.png 616 616 100
big_dataset_depth/000000003881-segment-14183710428479823719_3140_000_3160_000_with_camera_labels-50.png 624 616 101
big_dataset_depth/000000003881-segment-14183710428479823719_3140_000_3160_000_with_camera_labels-50.png 632 616 102
big_dataset_depth/000000003881-segment-14183710428479823719_3140_000_3160_000_with_camera_labels-50.png 648 608 96
big_dataset_depth/000000003881-segment-14183710428479823719_3140_000_3160_000_with_camera_labels-50.png 656 616 97
big_dataset_depth/000000003881-segment-14183710428479823719_3140_000_3160_000_with_camera_labels-50.png 664 616 97
big_dataset_depth/000000003881-segment-14183710428479823719_3140_000_3160_000_with_camera_labels-50.png 672 616 96
big_dataset_depth/000000003881-segment-14183710428479823719_3140_000_3160_000_with_camera_labels-50.png 680 608 96
big_dataset_depth/000000003881-segment-14183710428479823719_3140_000_3160_000_with_camera_labels-50.png 688 608 96
big_dataset_depth/000000003881-segment-14183710428479823719_3140_000_3160_000_with_camera_labels-50.png 696 624 97
big_dataset_depth/000000003881-segment-14183710428479823719_3140_000_3160_000_with_camera_labels-50.png 912 600 89
big_dataset_depth/000000003881-segment-14183710428479823719_3140_000_3160_000_with_camera_labels-50.png 920 608 87
big_dataset_depth/000000003881-segment-14183710428479823719_3140_000_3160_000_with_camera_labels-50.png 928 616 86
big_dataset_depth/000000003881-segment-14183710428479823719_3140_000_3160_000_with_camera_labels-50.png 936 616 86
big_dataset_depth/000000003881-segment-14183710428479823719_3140_000_3160_000_with_camera_labels-50.png 944 616 86
big_dataset_depth/000000003881-segment-14183710428479823719_3140_000_3160_000_with_camera_labels-50.png 952 616 86
big_dataset_depth/000000003881-segment-14183710428479823719_3140_000_3160_000_with_camera_labels-50.png 960 616 85
big_dataset_depth/000000003881-segment-14183710428479823719_3140_000_3160_000_with_camera_labels-50.png 968 616 85
big_dataset_depth/000000003881-segment-14183710428479823719_3140_000_3160_000_with_camera_labels-50.png 976 616 85
big_dataset_depth/000000003881-segment-14183710428479823719_3140_000_3160_000_with_camera_labels-50.png 984 616 85
big_dataset_depth/000000003881-segment-14183710428479823719_3140_000_3160_000_with_camera_labels-50.png 992 608 84
big_dataset_depth/000000003881-segment-14183710428479823719_3140_000_3160_000_with_camera_labels-50.png 1000 608 84
big_dataset_depth/000000003881-segment-14183710428479823719_3140_000_3160_000_with_camera_labels-50.png 1008 608 84
big_dataset_depth/000000003881-segment-14183710428479823719_3140_000_3160_000_with_camera_labels-50.png 1016 624 84
big_dataset_depth/000000003881-segment-14183710428479823719_3140_000_3160_000_with_camera_labels-50.png 1024 624 84
big_dataset_depth/000000003881-segment-14183710428479823719_3140_000_3160_000_with_camera_labels-50.png 1032 624 83
big_dataset_depth/000000003881-segment-14183710428479823719_3140_000_3160_000_with_camera_labels-50.png 1040 616 83
big_dataset_depth/000000003881-segment-14183710428479823719_3140_000_3160_000_with_camera_labels-50.png 1048 608 83
big_dataset_depth/000000003881-segment-14183710428479823719_3140_000_3160_000_with_camera_labels-50.png 1056 608 83
big_dataset_depth/000000003881-segment-14183710428479823719_3140_000_3160_000_with_camera_labels-50.png 1064 608 84
big_dataset_depth/000000003881-segment-14183710428479823719_3140_000_3160_000_with_camera_labels-50.png 1072 600 83
big_dataset_depth/000000003881-segment-14183710428479823719_3140_000_3160_000_with_camera_labels-50.png 1080 616 84
big_dataset_depth/000000003881-segment-14183710428479823719_3140_000_3160_000_with_camera_labels-50.png 1088 600 84
big_dataset_depth/000000003881-segment-14183710428479823719_3140_000_3160_000_with_camera_labels-50.png 1096 600 90
big_dataset_depth/000000003881-segment-14183710428479823719_3140_000_3160_000_with_camera_labels-50.png 1104 608 93
big_dataset_depth/000000003881-segment-14183710428479823719_3140_000_3160_000_with_camera_labels-50.png 1112 600 93
big_dataset_depth/000000003881-segment-14183710428479823719_3140_000_3160_000_with_camera_labels-50.png 1120 600 93
big_dataset_depth/000000003881-segment-14183710428479823719_3140_000_3160_000_with_camera_labels-50.png 1128 624 77
big_dataset_depth/000000003881-segment-14183710428479823719_3140_000_3160_000_with_camera_labels-50.png 1136 648 66
big_dataset_depth/000000003881-segment-14183710428479823719_3140_000_3160_000_with_camera_labels-50.png 1144 648 65
big_dataset_depth/000000003881-segment-14183710428479823719_3140_000_3160_000_with_camera_labels-50.png 1152 640 64
big_dataset_depth/000000003881-segment-14183710428479823719_3140_000_3160_000_with_camera_labels-50.png 1160 632 64
big_dataset_depth/000000003881-segment-14183710428479823719_3140_000_3160_000_with_camera_labels-50.png 1168 632 65
big_dataset_depth/000000003881-segment-14183710428479823719_3140_000_3160_000_with_camera_labels-50.png 1176 648 66
big_dataset_depth/000000003881-segment-14183710428479823719_3140_000_3160_000_with_camera_labels-50.png 1184 624 65
big_dataset_depth/000000003881-segment-14183710428479823719_3140_000_3160_000_with_camera_labels-50.png 1192 672 54
big_dataset_depth/000000003881-segment-14183710428479823719_3140_000_3160_000_with_camera_labels-50.png 1200 680 53
big_dataset_depth/000000003881-segment-14183710428479823719_3140_000_3160_000_with_camera_labels-50.png 1208 680 51
big_dataset_depth/000000003881-segment-14183710428479823719_3140_000_3160_000_with_camera_labels-50.png 1216 680 50
big_dataset_depth/000000003881-segment-14183710428479823719_3140_000_3160_000_with_camera_labels-50.png 1224 688 50
big_dataset_depth/000000003881-segment-14183710428479823719_3140_000_3160_000_with_camera_labels-50.png 1232 704 46
big_dataset_depth/000000003881-segment-14183710428479823719_3140_000_3160_000_with_camera_labels-50.png 1240 688 46
big_dataset_depth/000000003881-segment-14183710428479823719_3140_000_3160_000_with_camera_labels-50.png 1248 680 45
big_dataset_depth/000000003881-segment-14183710428479823719_3140_000_3160_000_with_camera_labels-50.png 1256 696 44
big_dataset_depth/000000003881-segment-14183710428479823719_3140_000_3160_000_with_camera_labels-50.png 1264 720 43
big_dataset_depth/000000003881-segment-14183710428479823719_3140_000_3160_000_with_camera_labels-50.png 1272 712 42
big_dataset_depth/000000003881-segment-14183710428479823719_3140_000_3160_000_with_camera_labels-50.png 1280 728 39
big_dataset_depth/000000003881-segment-14183710428479823719_3140_000_3160_000_with_camera_labels-50.png 1288 736 39
big_dataset_depth/000000003881-segment-14183710428479823719_3140_000_3160_000_with_camera_labels-50.png 1296 736 39
big_dataset_depth/000000003881-segment-14183710428479823719_3140_000_3160_000_with_camera_labels-50.png 1304 728 37
big_dataset_depth/000000003881-segment-14183710428479823719_3140_000_3160_000_with_camera_labels-50.png 1312 752 38
big_dataset_depth/000000003881-segment-14183710428479823719_3140_000_3160_000_with_camera_labels-50.png 1320 736 36
big_dataset_depth/000000003881-segment-14183710428479823719_3140_000_3160_000_with_camera_labels-50.png 1328 760 35
big_dataset_depth/000000003881-segment-14183710428479823719_3140_000_3160_000_with_camera_labels-50.png 1336 768 35
big_dataset_depth/000000003881-segment-14183710428479823719_3140_000_3160_000_with_camera_labels-50.png 1344 760 35
big_dataset_depth/000000003881-segment-14183710428479823719_3140_000_3160_000_with_camera_labels-50.png 1352 768 35
big_dataset_depth/000000003881-segment-14183710428479823719_3140_000_3160_000_with_camera_labels-50.png 1360 736 35
big_dataset_depth/000000003881-segment-14183710428479823719_3140_000_3160_000_with_camera_labels-50.png 1368 744 34
big_dataset_depth/000000003881-segment-14183710428479823719_3140_000_3160_000_with_camera_labels-50.png 1376 768 34
big_dataset_depth/000000003881-segment-14183710428479823719_3140_000_3160_000_with_camera_labels-50.png 1384 752 34
big_dataset_depth/000000003881-segment-14183710428479823719_3140_000_3160_000_with_camera_labels-50.png 1392 744 35
big_dataset_depth/000000003881-segment-14183710428479823719_3140_000_3160_000_with_camera_labels-50.png 1400 736 34
big_dataset_depth/000000003881-segment-14183710428479823719_3140_000_3160_000_with_camera_labels-50.png 1408 752 34
big_dataset_depth/000000003881-segment-14183710428479823719_3140_000_3160_000_with_camera_labels-50.png 1416 744 34
big_dataset_depth/000000003881-segment-14183710428479823719_3140_000_3160_000_with_camera_labels-50.png 1424 752 35
big_dataset_depth/000000003881-segment-14183710428479823719_3140_000_3160_000_with_camera_labels-50.png 1432 736 34
big_dataset_depth/000000003881-segment-14183710428479823719_3140_000_3160_000_with_camera_labels-50.png 1440 736 34
big_dataset_depth/000000003881-segment-14183710428479823719_3140_000_3160_000_with_camera_labels-50.png 1448 760 35
big_dataset_depth/000000003881-segment-14183710428479823719_3140_000_3160_000_with_camera_labels-50.png 1456 760 35
big_dataset_depth/000000003881-segment-14183710428479823719_3140_000_3160_000_with_camera_labels-50.png 1464 736 34
big_dataset_depth/000000003881-segment-14183710428479823719_3140_000_3160_000_with_camera_labels-50.png 1472 760 35
big_dataset_depth/000000003881-segment-14183710428479823719_3140_000_3160_000_with_camera_labels-50.png 1480 776 35
big_dataset_depth/000000003881-segment-14183710428479823719_3140_000_3160_000_with_camera_labels-50.png 1488 760 35
big_dataset_depth/000000003881-segment-14183710428479823719_3140_000_3160_000_with_camera_labels-50.png 1496 760 35
big_dataset_depth/000000003881-segment-14183710428479823719_3140_000_3160_000_with_camera_labels-50.png 1504 680 52
big_dataset_depth/000000003881-segment-14183710428479823719_3140_000_3160_000_with_camera_labels-50.png 1512 640 65
big_dataset_depth/000000003881-segment-14183710428479823719_3140_000_3160_000_with_camera_labels-50.png 1520 640 65
big_dataset_depth/000000003881-segment-14183710428479823719_3140_000_3160_000_with_camera_labels-50.png 1536 640 63
big_dataset_depth/000000003881-segment-14183710428479823719_3140_000_3160_000_with_camera_labels-50.png 1544 784 34
big_dataset_depth/000000003881-segment-14183710428479823719_3140_000_3160_000_with_camera_labels-50.png 1552 784 34
big_dataset_depth/000000003881-segment-14183710428479823719_3140_000_3160_000_with_camera_labels-50.png 1560 728 34
big_dataset_depth/000000003881-segment-14183710428479823719_3140_000_3160_000_with_camera_labels-50.png 1568 744 34
big_dataset_depth/000000003881-segment-14183710428479823719_3140_000_3160_000_with_camera_labels-50.png 1576 784 33
big_dataset_depth/000000003881-segment-14183710428479823719_3140_000_3160_000_with_camera_labels-50.png 1600 824 23
big_dataset_depth/000000003881-segment-14183710428479823719_3140_000_3160_000_with_camera_labels-50.png 1608 840 23
big_dataset_depth/000000003881-segment-14183710428479823719_3140_000_3160_000_with_camera_labels-50.png 1616 920 22
big_dataset_depth/000000003881-segment-14183710428479823719_3140_000_3160_000_with_camera_labels-50.png 1624 920 22
big_dataset_depth/000000003881-segment-14183710428479823719_3140_000_3160_000_with_camera_labels-50.png 1632 920 22
big_dataset_depth/000000003881-segment-14183710428479823719_3140_000_3160_000_with_camera_labels-50.png 1640 928 22
big_dataset_depth/000000003881-segment-14183710428479823719_3140_000_3160_000_with_camera_labels-50.png 1648 904 21
big_dataset_depth/000000003881-segment-14183710428479823719_3140_000_3160_000_with_camera_labels-50.png 1656 936 22
big_dataset_depth/000000003881-segment-14183710428479823719_3140_000_3160_000_with_camera_labels-50.png 1664 904 21
big_dataset_depth/000000003881-segment-14183710428479823719_3140_000_3160_000_with_camera_labels-50.png 1672 904 21
big_dataset_depth/000000003881-segment-14183710428479823719_3140_000_3160_000_with_camera_labels-50.png 1680 936 22
big_dataset_depth/000000003881-segment-14183710428479823719_3140_000_3160_000_with_camera_labels-50.png 1688 920 21
big_dataset_depth/000000003881-segment-14183710428479823719_3140_000_3160_000_with_camera_labels-50.png 1696 952 21
big_dataset_depth/000000003881-segment-14183710428479823719_3140_000_3160_000_with_camera_labels-50.png 1704 856 20
big_dataset_depth/000000003881-segment-14183710428479823719_3140_000_3160_000_with_camera_labels-50.png 1712 896 20
big_dataset_depth/000000003881-segment-14183710428479823719_3140_000_3160_000_with_camera_labels-50.png 1720 936 20
big_dataset_depth/000000003881-segment-14183710428479823719_3140_000_3160_000_with_camera_labels-50.png 1728 920 20
big_dataset_depth/000000003881-segment-14183710428479823719_3140_000_3160_000_with_camera_labels-50.png 1736 936 20
big_dataset_depth/000000003881-segment-14183710428479823719_3140_000_3160_000_with_camera_labels-50.png 1744 992 19
big_dataset_depth/000000003881-segment-14183710428479823719_3140_000_3160_000_with_camera_labels-50.png 1752 936 19
big_dataset_depth/000000003881-segment-14183710428479823719_3140_000_3160_000_with_camera_labels-50.png 1760 936 19
big_dataset_depth/000000003881-segment-14183710428479823719_3140_000_3160_000_with_camera_labels-50.png 1768 960 19
big_dataset_depth/000000003881-segment-14183710428479823719_3140_000_3160_000_with_camera_labels-50.png 1776 992 19
big_dataset_depth/000000003881-segment-14183710428479823719_3140_000_3160_000_with_camera_labels-50.png 1784 992 19
big_dataset_depth/000000003881-segment-14183710428479823719_3140_000_3160_000_with_camera_labels-50.png 1792 1016 18
big_dataset_depth/000000003881-segment-14183710428479823719_3140_000_3160_000_with_camera_labels-50.png 1800 1016 18
big_dataset_depth/000000003881-segment-14183710428479823719_3140_000_3160_000_with_camera_labels-50.png 1808 1016 18
big_dataset_depth/000000003881-segment-14183710428479823719_3140_000_3160_000_with_camera_labels-50.png 1816 1016 18
big_dataset_depth/000000003881-segment-14183710428479823719_3140_000_3160_000_with_camera_labels-50.png 1824 1008 18
big_dataset_depth/000000003881-segment-14183710428479823719_3140_000_3160_000_with_camera_labels-50.png 1832 1016 18
big_dataset_depth/000000003881-segment-14183710428479823719_3140_000_3160_000_with_camera_labels-50.png 1840 1008 18
big_dataset_depth/000000003881-segment-14183710428479823719_3140_000_3160_000_with_camera_labels-50.png 1848 1016 18
big_dataset_depth/000000003881-segment-14183710428479823719_3140_000_3160_000_with_camera_labels-50.png 1856 1016 18
big_dataset_depth/000000003881-segment-14183710428479823719_3140_000_3160_000_with_camera_labels-50.png 1864 712 41
big_dataset_depth/000000003881-segment-14183710428479823719_3140_000_3160_000_with_camera_labels-50.png 1872 984 18
big_dataset_depth/000000003881-segment-14183710428479823719_3140_000_3160_000_with_camera_labels-50.png 1880 976 18
big_dataset_depth/000000003881-segment-14183710428479823719_3140_000_3160_000_with_camera_labels-50.png 1888 800 33
big_dataset_depth/000000003881-segment-14183710428479823719_3140_000_3160_000_with_camera_labels-50.png 1896 984 18
big_dataset_depth/000000003881-segment-14183710428479823719_3140_000_3160_000_with_camera_labels-50.png 1904 1016 18
big_dataset_depth/000000003881-segment-14183710428479823719_3140_000_3160_000_with_camera_labels-50.png 1912 824 30
