big_dataset_depth/000000000326-segment-10231929575853664160_1160_000_1180_000_with_camera_labels-60.png 0 648 84
big_dataset_depth/000000000326-segment-10231929575853664160_1160_000_1180_000_with_camera_labels-60.png 8 712 74
big_dataset_depth/000000000326-segment-10231929575853664160_1160_000_1180_000_with_camera_labels-60.png 16 784 39
big_dataset_depth/000000000326-segment-10231929575853664160_1160_000_1180_000_with_camera_labels-60.png 24 744 65
big_dataset_depth/000000000326-segment-10231929575853664160_1160_000_1180_000_with_camera_labels-60.png 40 760 48
big_dataset_depth/000000000326-segment-10231929575853664160_1160_000_1180_000_with_camera_labels-60.png 48 784 49
big_dataset_depth/000000000326-segment-10231929575853664160_1160_000_1180_000_with_camera_labels-60.png 56 792 48
big_dataset_depth/000000000326-segment-10231929575853664160_1160_000_1180_000_with_camera_labels-60.png 64 784 48
big_dataset_depth/000000000326-segment-10231929575853664160_1160_000_1180_000_with_camera_labels-60.png 72 728 48
big_dataset_depth/000000000326-segment-10231929575853664160_1160_000_1180_000_with_camera_labels-60.png 80 816 45
big_dataset_depth/000000000326-segment-10231929575853664160_1160_000_1180_000_with_camera_labels-60.png 88 832 42
big_dataset_depth/000000000326-segment-10231929575853664160_1160_000_1180_000_with_camera_labels-60.png 96 832 42
big_dataset_depth/000000000326-segment-10231929575853664160_1160_000_1180_000_with_camera_labels-60.png 104 848 42
big_dataset_depth/000000000326-segment-10231929575853664160_1160_000_1180_000_with_camera_labels-60.png 128 720 81
big_dataset_depth/000000000326-segment-10231929575853664160_1160_000_1180_000_with_camera_labels-60.png 136 704 77
big_dataset_depth/000000000326-segment-10231929575853664160_1160_000_1180_000_with_camera_labels-60.png 144 752 64
big_dataset_depth/000000000326-segment-10231929575853664160_1160_000_1180_000_with_camera_labels-60.png 152 792 52
big_dataset_depth/000000000326-segment-10231929575853664160_1160_000_1180_000_with_camera_labels-60.png 160 792 52
big_dataset_depth/000000000326-segment-10231929575853664160_1160_000_1180_000_with_camera_labels-60.png 168 720 81
big_dataset_depth/000000000326-segment-10231929575853664160_1160_000_1180_000_with_camera_labels-60.png 176 752 65
big_dataset_depth/000000000326-segment-10231929575853664160_1160_000_1180_000_with_camera_labels-60.png 184 728 79
big_dataset_depth/000000000326-segment-10231929575853664160_1160_000_1180_000_with_camera_labels-60.png 192 776 42
big_dataset_depth/000000000326-segment-10231929575853664160_1160_000_1180_000_with_camera_labels-60.png 200 720 80
big_dataset_depth/000000000326-segment-10231929575853664160_1160_000_1180_000_with_camera_labels-60.png 208 784 53
big_dataset_depth/000000000326-segment-10231929575853664160_1160_000_1180_000_with_camera_labels-60.png 216 840 42
big_dataset_depth/000000000326-segment-10231929575853664160_1160_000_1180_000_with_camera_labels-60.png 224 824 42
big_dataset_depth/000000000326-segment-10231929575853664160_1160_000_1180_000_with_camera_labels-60.png 232 784 42
big_dataset_depth/000000000326-segment-10231929575853664160_1160_000_1180_000_with_camera_labels-60.png 240 776 42
big_dataset_depth/000000000326-segment-10231929575853664160_1160_000_1180_000_with_camera_labels-60.png 248 736 61
big_dataset_depth/000000000326-segment-10231929575853664160_1160_000_1180_000_with_camera_labels-60.png 264 712 79
big_dataset_depth/000000000326-segment-10231929575853664160_1160_000_1180_000_with_camera_labels-60.png 272 736 74
big_dataset_depth/000000000326-segment-10231929575853664160_1160_000_1180_000_with_camera_labels-60.png 280 776 58
big_dataset_depth/000000000326-segment-10231929575853664160_1160_000_1180_000_with_camera_labels-60.png 288 728 58
big_dataset_depth/000000000326-segment-10231929575853664160_1160_000_1180_000_with_camera_labels-60.png 296 720 79
big_dataset_depth/000000000326-segment-10231929575853664160_1160_000_1180_000_with_camera_labels-60.png 304 776 61
big_dataset_depth/000000000326-segment-10231929575853664160_1160_000_1180_000_with_camera_labels-60.png 312 792 55
big_dataset_depth/000000000326-segment-10231929575853664160_1160_000_1180_000_with_camera_labels-60.png 320 792 43
big_dataset_depth/000000000326-segment-10231929575853664160_1160_000_1180_000_with_camera_labels-60.png 328 824 44
big_dataset_depth/000000000326-segment-10231929575853664160_1160_000_1180_000_with_camera_labels-60.png 336 824 43
big_dataset_depth/000000000326-segment-10231929575853664160_1160_000_1180_000_with_camera_labels-60.png 352 712 78
big_dataset_depth/000000000326-segment-10231929575853664160_1160_000_1180_000_with_camera_labels-60.png 360 752 65
big_dataset_depth/000000000326-segment-10231929575853664160_1160_000_1180_000_with_camera_labels-60.png 368 752 69
big_dataset_depth/000000000326-segment-10231929575853664160_1160_000_1180_000_with_camera_labels-60.png 376 736 74
big_dataset_depth/000000000326-segment-10231929575853664160_1160_000_1180_000_with_camera_labels-60.png 384 744 71
big_dataset_depth/000000000326-segment-10231929575853664160_1160_000_1180_000_with_camera_labels-60.png 392 744 71
big_dataset_depth/000000000326-segment-10231929575853664160_1160_000_1180_000_with_camera_labels-60.png 400 752 72
big_dataset_depth/000000000326-segment-10231929575853664160_1160_000_1180_000_with_camera_labels-60.png 408 736 74
big_dataset_depth/000000000326-segment-10231929575853664160_1160_000_1180_000_with_camera_labels-60.png 416 752 73
big_dataset_depth/000000000326-segment-10231929575853664160_1160_000_1180_000_with_camera_labels-60.png 424 760 66
big_dataset_depth/000000000326-segment-10231929575853664160_1160_000_1180_000_with_camera_labels-60.png 432 816 45
big_dataset_depth/000000000326-segment-10231929575853664160_1160_000_1180_000_with_camera_labels-60.png 440 816 45
big_dataset_depth/000000000326-segment-10231929575853664160_1160_000_1180_000_with_camera_labels-60.png 448 816 45
big_dataset_depth/000000000326-segment-10231929575853664160_1160_000_1180_000_with_camera_labels-60.png 464 592 94
big_dataset_depth/000000000326-segment-10231929575853664160_1160_000_1180_000_with_camera_labels-60.png 472 736 78
big_dataset_depth/000000000326-segment-10231929575853664160_1160_000_1180_000_with_camera_labels-60.png 480 728 78
big_dataset_depth/000000000326-segment-10231929575853664160_1160_000_1180_000_with_camera_labels-60.png 488 736 81
big_dataset_depth/000000000326-segment-10231929575853664160_1160_000_1180_000_with_camera_labels-60.png 496 736 81
big_dataset_depth/000000000326-segment-10231929575853664160_1160_000_1180_000_with_camera_labels-60.png 504 736 81
big_dataset_depth/000000000326-segment-10231929575853664160_1160_000_1180_000_with_camera_labels-60.png 512 736 78
big_dataset_depth/000000000326-segment-10231929575853664160_1160_000_1180_000_with_camera_labels-60.png 520 736 83
big_dataset_depth/000000000326-segment-10231929575853664160_1160_000_1180_000_with_camera_labels-60.png 528 736 83
big_dataset_depth/000000000326-segment-10231929575853664160_1160_000_1180_000_with_camera_labels-60.png 536 728 93
big_dataset_depth/000000000326-segment-10231929575853664160_1160_000_1180_000_with_camera_labels-60.png 544 728 92
big_dataset_depth/000000000326-segment-10231929575853664160_1160_000_1180_000_with_camera_labels-60.png 552 728 92
big_dataset_depth/000000000326-segment-10231929575853664160_1160_000_1180_000_with_camera_labels-60.png 560 728 92
big_dataset_depth/000000000326-segment-10231929575853664160_1160_000_1180_000_with_camera_labels-60.png 568 720 89
big_dataset_depth/000000000326-segment-10231929575853664160_1160_000_1180_000_with_camera_labels-60.png 576 712 89
big_dataset_depth/000000000326-segment-10231929575853664160_1160_000_1180_000_with_camera_labels-60.png 584 736 86
big_dataset_depth/000000000326-segment-10231929575853664160_1160_000_1180_000_with_camera_labels-60.png 592 752 61
big_dataset_depth/000000000326-segment-10231929575853664160_1160_000_1180_000_with_camera_labels-60.png 600 816 45
big_dataset_depth/000000000326-segment-10231929575853664160_1160_000_1180_000_with_camera_labels-60.png 608 768 66
big_dataset_depth/000000000326-segment-10231929575853664160_1160_000_1180_000_with_camera_labels-60.png 616 736 66
big_dataset_depth/000000000326-segment-10231929575853664160_1160_000_1180_000_with_camera_labels-60.png 624 768 61
big_dataset_depth/000000000326-segment-10231929575853664160_1160_000_1180_000_with_camera_labels-60.png 640 728 85
big_dataset_depth/000000000326-segment-10231929575853664160_1160_000_1180_000_with_camera_labels-60.png 648 736 85
big_dataset_depth/000000000326-segment-10231929575853664160_1160_000_1180_000_with_camera_labels-60.png 656 736 85
big_dataset_depth/000000000326-segment-10231929575853664160_1160_000_1180_000_with_camera_labels-60.png 664 744 84
big_dataset_depth/000000000326-segment-10231929575853664160_1160_000_1180_000_with_camera_labels-60.png 672 752 72
big_dataset_depth/000000000326-segment-10231929575853664160_1160_000_1180_000_with_camera_labels-60.png 680 768 72
big_dataset_depth/000000000326-segment-10231929575853664160_1160_000_1180_000_with_camera_labels-60.png 688 744 71
big_dataset_depth/000000000326-segment-10231929575853664160_1160_000_1180_000_with_camera_labels-60.png 696 744 71
big_dataset_depth/000000000326-segment-10231929575853664160_1160_000_1180_000_with_camera_labels-60.png 704 768 71
big_dataset_depth/000000000326-segment-10231929575853664160_1160_000_1180_000_with_camera_labels-60.png 712 744 71
big_dataset_depth/000000000326-segment-10231929575853664160_1160_000_1180_000_with_camera_labels-60.png 720 768 71
big_dataset_depth/000000000326-segment-10231929575853664160_1160_000_1180_000_with_camera_labels-60.png 728 744 71
big_dataset_depth/000000000326-segment-10231929575853664160_1160_000_1180_000_with_camera_labels-60.png 736 752 71
big_dataset_depth/000000000326-segment-10231929575853664160_1160_000_1180_000_with_camera_labels-60.png 744 760 71
big_dataset_depth/000000000326-segment-10231929575853664160_1160_000_1180_000_with_camera_labels-60.png 752 768 57
big_dataset_depth/000000000326-segment-10231929575853664160_1160_000_1180_000_with_camera_labels-60.png 760 776 57
big_dataset_depth/000000000326-segment-10231929575853664160_1160_000_1180_000_with_camera_labels-60.png 768 768 57
big_dataset_depth/000000000326-segment-10231929575853664160_1160_000_1180_000_with_camera_labels-60.png 776 768 56
big_dataset_depth/000000000326-segment-10231929575853664160_1160_000_1180_000_with_camera_labels-60.png 784 768 56
big_dataset_depth/000000000326-segment-10231929575853664160_1160_000_1180_000_with_camera_labels-60.png 792 768 56
big_dataset_depth/000000000326-segment-10231929575853664160_1160_000_1180_000_with_camera_labels-60.png 800 768 56
big_dataset_depth/000000000326-segment-10231929575853664160_1160_000_1180_000_with_camera_labels-60.png 808 768 56
big_dataset_depth/000000000326-segment-10231929575853664160_1160_000_1180_000_with_camera_labels-60.png 816 768 56
big_dataset_depth/000000000326-segment-10231929575853664160_1160_000_1180_000_with_camera_labels-60.png 824 784 56
big_dataset_depth/000000000326-segment-10231929575853664160_1160_000_1180_000_with_camera_labels-60.png 832 776 57
big_dataset_depth/000000000326-segment-10231929575853664160_1160_000_1180_000_with_camera_labels-60.png 840 768 57
big_dataset_depth/000000000326-segment-10231929575853664160_1160_000_1180_000_with_camera_labels-60.png 848 544 108
big_dataset_depth/000000000326-segment-10231929575853664160_1160_000_1180_000_with_camera_labels-60.png 856 824 33
big_dataset_depth/000000000326-segment-10231929575853664160_1160_000_1180_000_with_camera_labels-60.png 864 848 33
big_dataset_depth/000000000326-segment-10231929575853664160_1160_000_1180_000_with_camera_labels-60.png 872 848 33
big_dataset_depth/000000000326-segment-10231929575853664160_1160_000_1180_000_with_camera_labels-60.png 880 824 32
big_dataset_depth/000000000326-segment-10231929575853664160_1160_000_1180_000_with_camera_labels-60.png 888 824 32
big_dataset_depth/000000000326-segment-10231929575853664160_1160_000_1180_000_with_camera_labels-60.png 896 832 33
big_dataset_depth/000000000326-segment-10231929575853664160_1160_000_1180_000_with_camera_labels-60.png 904 832 33
big_dataset_depth/000000000326-segment-10231929575853664160_1160_000_1180_000_with_camera_labels-60.png 912 848 34
big_dataset_depth/000000000326-segment-10231929575853664160_1160_000_1180_000_with_camera_labels-60.png 920 848 34
big_dataset_depth/000000000326-segment-10231929575853664160_1160_000_1180_000_with_camera_labels-60.png 928 824 32
big_dataset_depth/000000000326-segment-10231929575853664160_1160_000_1180_000_with_camera_labels-60.png 936 824 32
big_dataset_depth/000000000326-segment-10231929575853664160_1160_000_1180_000_with_camera_labels-60.png 944 824 32
big_dataset_depth/000000000326-segment-10231929575853664160_1160_000_1180_000_with_camera_labels-60.png 952 824 32
big_dataset_depth/000000000326-segment-10231929575853664160_1160_000_1180_000_with_camera_labels-60.png 960 848 34
big_dataset_depth/000000000326-segment-10231929575853664160_1160_000_1180_000_with_camera_labels-60.png 968 824 33
big_dataset_depth/000000000326-segment-10231929575853664160_1160_000_1180_000_with_camera_labels-60.png 976 832 33
big_dataset_depth/000000000326-segment-10231929575853664160_1160_000_1180_000_with_camera_labels-60.png 984 832 33
big_dataset_depth/000000000326-segment-10231929575853664160_1160_000_1180_000_with_camera_labels-60.png 992 824 32
big_dataset_depth/000000000326-segment-10231929575853664160_1160_000_1180_000_with_camera_labels-60.png 1000 848 33
big_dataset_depth/000000000326-segment-10231929575853664160_1160_000_1180_000_with_camera_labels-60.png 1008 848 33
big_dataset_depth/000000000326-segment-10231929575853664160_1160_000_1180_000_with_camera_labels-60.png 1016 848 33
big_dataset_depth/000000000326-segment-10231929575853664160_1160_000_1180_000_with_camera_labels-60.png 1024 760 36
big_dataset_depth/000000000326-segment-10231929575853664160_1160_000_1180_000_with_camera_labels-60.png 1088 568 78
big_dataset_depth/000000000326-segment-10231929575853664160_1160_000_1180_000_with_camera_labels-60.png 1096 720 105
big_dataset_depth/000000000326-segment-10231929575853664160_1160_000_1180_000_with_camera_labels-60.png 1104 744 90
big_dataset_depth/000000000326-segment-10231929575853664160_1160_000_1180_000_with_camera_labels-60.png 1112 720 106
big_dataset_depth/000000000326-segment-10231929575853664160_1160_000_1180_000_with_camera_labels-60.png 1120 752 82
big_dataset_depth/000000000326-segment-10231929575853664160_1160_000_1180_000_with_camera_labels-60.png 1128 744 90
big_dataset_depth/000000000326-segment-10231929575853664160_1160_000_1180_000_with_camera_labels-60.png 1136 704 82
big_dataset_depth/000000000326-segment-10231929575853664160_1160_000_1180_000_with_camera_labels-60.png 1144 752 81
big_dataset_depth/000000000326-segment-10231929575853664160_1160_000_1180_000_with_camera_labels-60.png 1152 760 72
big_dataset_depth/000000000326-segment-10231929575853664160_1160_000_1180_000_with_camera_labels-60.png 1160 760 72
big_dataset_depth/000000000326-segment-10231929575853664160_1160_000_1180_000_with_camera_labels-60.png 1168 776 67
big_dataset_depth/000000000326-segment-10231929575853664160_1160_000_1180_000_with_camera_labels-60.png 1176 776 64
big_dataset_depth/000000000326-segment-10231929575853664160_1160_000_1180_000_with_camera_labels-60.png 1184 784 61
big_dataset_depth/000000000326-segment-10231929575853664160_1160_000_1180_000_with_camera_labels-60.png 1192 744 66
big_dataset_depth/000000000326-segment-10231929575853664160_1160_000_1180_000_with_camera_labels-60.png 1200 760 66
big_dataset_depth/000000000326-segment-10231929575853664160_1160_000_1180_000_with_camera_labels-60.png 1208 760 66
big_dataset_depth/000000000326-segment-10231929575853664160_1160_000_1180_000_with_camera_labels-60.png 1216 760 66
big_dataset_depth/000000000326-segment-10231929575853664160_1160_000_1180_000_with_camera_labels-60.png 1224 760 66
big_dataset_depth/000000000326-segment-10231929575853664160_1160_000_1180_000_with_camera_labels-60.png 1232 760 66
big_dataset_depth/000000000326-segment-10231929575853664160_1160_000_1180_000_with_camera_labels-60.png 1248 752 18
big_dataset_depth/000000000326-segment-10231929575853664160_1160_000_1180_000_with_camera_labels-60.png 1264 1000 19
big_dataset_depth/000000000326-segment-10231929575853664160_1160_000_1180_000_with_camera_labels-60.png 1272 1024 18
big_dataset_depth/000000000326-segment-10231929575853664160_1160_000_1180_000_with_camera_labels-60.png 1280 1024 18
big_dataset_depth/000000000326-segment-10231929575853664160_1160_000_1180_000_with_camera_labels-60.png 1288 1024 18
big_dataset_depth/000000000326-segment-10231929575853664160_1160_000_1180_000_with_camera_labels-60.png 1296 1008 18
big_dataset_depth/000000000326-segment-10231929575853664160_1160_000_1180_000_with_camera_labels-60.png 1304 1024 18
big_dataset_depth/000000000326-segment-10231929575853664160_1160_000_1180_000_with_camera_labels-60.png 1320 992 17
big_dataset_depth/000000000326-segment-10231929575853664160_1160_000_1180_000_with_camera_labels-60.png 1328 984 16
big_dataset_depth/000000000326-segment-10231929575853664160_1160_000_1180_000_with_camera_labels-60.png 1336 1008 16
big_dataset_depth/000000000326-segment-10231929575853664160_1160_000_1180_000_with_camera_labels-60.png 1344 1008 16
big_dataset_depth/000000000326-segment-10231929575853664160_1160_000_1180_000_with_camera_labels-60.png 1352 1008 16
big_dataset_depth/000000000326-segment-10231929575853664160_1160_000_1180_000_with_camera_labels-60.png 1360 1024 15
big_dataset_depth/000000000326-segment-10231929575853664160_1160_000_1180_000_with_camera_labels-60.png 1376 1032 15
big_dataset_depth/000000000326-segment-10231929575853664160_1160_000_1180_000_with_camera_labels-60.png 1384 1032 15
big_dataset_depth/000000000326-segment-10231929575853664160_1160_000_1180_000_with_camera_labels-60.png 1392 1152 15
big_dataset_depth/000000000326-segment-10231929575853664160_1160_000_1180_000_with_camera_labels-60.png 1400 1088 14
big_dataset_depth/000000000326-segment-10231929575853664160_1160_000_1180_000_with_camera_labels-60.png 1408 1176 14
big_dataset_depth/000000000326-segment-10231929575853664160_1160_000_1180_000_with_camera_labels-60.png 1416 1176 14
big_dataset_depth/000000000326-segment-10231929575853664160_1160_000_1180_000_with_camera_labels-60.png 1424 1200 14
big_dataset_depth/000000000326-segment-10231929575853664160_1160_000_1180_000_with_camera_labels-60.png 1432 1184 14
big_dataset_depth/000000000326-segment-10231929575853664160_1160_000_1180_000_with_camera_labels-60.png 1440 1192 14
big_dataset_depth/000000000326-segment-10231929575853664160_1160_000_1180_000_with_camera_labels-60.png 1448 1176 14
big_dataset_depth/000000000326-segment-10231929575853664160_1160_000_1180_000_with_camera_labels-60.png 1456 1176 14
big_dataset_depth/000000000326-segment-10231929575853664160_1160_000_1180_000_with_camera_labels-60.png 1464 1192 14
big_dataset_depth/000000000326-segment-10231929575853664160_1160_000_1180_000_with_camera_labels-60.png 1472 1200 14
big_dataset_depth/000000000326-segment-10231929575853664160_1160_000_1180_000_with_camera_labels-60.png 1480 1184 14
big_dataset_depth/000000000326-segment-10231929575853664160_1160_000_1180_000_with_camera_labels-60.png 1488 1200 14
big_dataset_depth/000000000326-segment-10231929575853664160_1160_000_1180_000_with_camera_labels-60.png 1496 1096 13
big_dataset_depth/000000000326-segment-10231929575853664160_1160_000_1180_000_with_camera_labels-60.png 1504 1136 13
big_dataset_depth/000000000326-segment-10231929575853664160_1160_000_1180_000_with_camera_labels-60.png 1512 1112 13
big_dataset_depth/000000000326-segment-10231929575853664160_1160_000_1180_000_with_camera_labels-60.png 1520 1112 12
big_dataset_depth/000000000326-segment-10231929575853664160_1160_000_1180_000_with_camera_labels-60.png 1528 1136 13
big_dataset_depth/000000000326-segment-10231929575853664160_1160_000_1180_000_with_camera_labels-60.png 1536 1120 13
big_dataset_depth/000000000326-segment-10231929575853664160_1160_000_1180_000_with_camera_labels-60.png 1544 1136 13
big_dataset_depth/000000000326-segment-10231929575853664160_1160_000_1180_000_with_camera_labels-60.png 1552 1104 12
big_dataset_depth/000000000326-segment-10231929575853664160_1160_000_1180_000_with_camera_labels-60.png 1560 1128 13
big_dataset_depth/000000000326-segment-10231929575853664160_1160_000_1180_000_with_camera_labels-60.png 1568 1128 13
big_dataset_depth/000000000326-segment-10231929575853664160_1160_000_1180_000_with_camera_labels-60.png 1576 1208 14
big_dataset_depth/000000000326-segment-10231929575853664160_1160_000_1180_000_with_camera_labels-60.png 1584 1128 13
big_dataset_depth/000000000326-segment-10231929575853664160_1160_000_1180_000_with_camera_labels-60.png 1592 1144 13
big_dataset_depth/000000000326-segment-10231929575853664160_1160_000_1180_000_with_camera_labels-60.png 1600 1128 13
big_dataset_depth/000000000326-segment-10231929575853664160_1160_000_1180_000_with_camera_labels-60.png 1616 1136 13
big_dataset_depth/000000000326-segment-10231929575853664160_1160_000_1180_000_with_camera_labels-60.png 1624 1136 13
big_dataset_depth/000000000326-segment-10231929575853664160_1160_000_1180_000_with_camera_labels-60.png 1632 1120 13
big_dataset_depth/000000000326-segment-10231929575853664160_1160_000_1180_000_with_camera_labels-60.png 1640 1216 14
big_dataset_depth/000000000326-segment-10231929575853664160_1160_000_1180_000_with_camera_labels-60.png 1648 1136 13
big_dataset_depth/000000000326-segment-10231929575853664160_1160_000_1180_000_with_camera_labels-60.png 1656 1144 13
big_dataset_depth/000000000326-segment-10231929575853664160_1160_000_1180_000_with_camera_labels-60.png 1672 1160 13
big_dataset_depth/000000000326-segment-10231929575853664160_1160_000_1180_000_with_camera_labels-60.png 1680 1144 13
big_dataset_depth/000000000326-segment-10231929575853664160_1160_000_1180_000_with_camera_labels-60.png 1688 1136 13
big_dataset_depth/000000000326-segment-10231929575853664160_1160_000_1180_000_with_camera_labels-60.png 1704 1128 13
big_dataset_depth/000000000326-segment-10231929575853664160_1160_000_1180_000_with_camera_labels-60.png 1712 1152 13
big_dataset_depth/000000000326-segment-10231929575853664160_1160_000_1180_000_with_camera_labels-60.png 1720 1128 13
big_dataset_depth/000000000326-segment-10231929575853664160_1160_000_1180_000_with_camera_labels-60.png 1728 1128 13
big_dataset_depth/000000000326-segment-10231929575853664160_1160_000_1180_000_with_camera_labels-60.png 1744 1184 13
big_dataset_depth/000000000326-segment-10231929575853664160_1160_000_1180_000_with_camera_labels-60.png 1752 1128 13
big_dataset_depth/000000000326-segment-10231929575853664160_1160_000_1180_000_with_camera_labels-60.png 1760 1144 13
big_dataset_depth/000000000326-segment-10231929575853664160_1160_000_1180_000_with_camera_labels-60.png 1768 1136 13
big_dataset_depth/000000000326-segment-10231929575853664160_1160_000_1180_000_with_camera_labels-60.png 1776 1136 13
big_dataset_depth/000000000326-segment-10231929575853664160_1160_000_1180_000_with_camera_labels-60.png 1784 1144 13
big_dataset_depth/000000000326-segment-10231929575853664160_1160_000_1180_000_with_camera_labels-60.png 1792 1144 13
big_dataset_depth/000000000326-segment-10231929575853664160_1160_000_1180_000_with_camera_labels-60.png 1800 1136 13
big_dataset_depth/000000000326-segment-10231929575853664160_1160_000_1180_000_with_camera_labels-60.png 1808 968 23
big_dataset_depth/000000000326-segment-10231929575853664160_1160_000_1180_000_with_camera_labels-60.png 1816 888 28
big_dataset_depth/000000000326-segment-10231929575853664160_1160_000_1180_000_with_camera_labels-60.png 1824 1144 13
big_dataset_depth/000000000326-segment-10231929575853664160_1160_000_1180_000_with_camera_labels-60.png 1832 608 45
big_dataset_depth/000000000326-segment-10231929575853664160_1160_000_1180_000_with_camera_labels-60.png 1840 1168 14
big_dataset_depth/000000000326-segment-10231929575853664160_1160_000_1180_000_with_camera_labels-60.png 1848 1136 13
big_dataset_depth/000000000326-segment-10231929575853664160_1160_000_1180_000_with_camera_labels-60.png 1856 792 36
big_dataset_depth/000000000326-segment-10231929575853664160_1160_000_1180_000_with_camera_labels-60.png 1864 1160 14
big_dataset_depth/000000000326-segment-10231929575853664160_1160_000_1180_000_with_camera_labels-60.png 1872 944 27
big_dataset_depth/000000000326-segment-10231929575853664160_1160_000_1180_000_with_camera_labels-60.png 1880 1208 14
big_dataset_depth/000000000326-segment-10231929575853664160_1160_000_1180_000_with_camera_labels-60.png 1888 904 30
big_dataset_depth/000000000326-segment-10231929575853664160_1160_000_1180_000_with_camera_labels-60.png 1896 1192 14
big_dataset_depth/000000000326-segment-10231929575853664160_1160_000_1180_000_with_camera_labels-60.png 1904 1200 14
big_dataset_depth/000000000326-segment-10231929575853664160_1160_000_1180_000_with_camera_labels-60.png 1912 896 30
